1000 6923
1 27
1 40
1 41
1 109
1 211
1 215
1 300
1 369
1 535
1 540
1 619
1 650
1 701
1 764
1 795
1 805
1 827
1 852
1 867
1 896
1 931
2 129
2 162
2 182
2 244
2 313
2 409
2 419
2 501
2 748
2 774
2 854
2 858
2 892
2 971
2 984
3 83
3 214
3 342
3 488
3 526
3 529
3 559
3 565
3 669
3 725
3 734
3 773
3 785
3 802
3 827
3 850
3 885
4 17
4 47
4 132
4 299
4 322
4 369
4 371
4 410
4 431
4 433
4 476
4 498
4 517
4 621
4 655
4 933
5 8
5 26
5 82
5 86
5 125
5 162
5 165
5 187
5 325
5 402
5 564
5 572
5 577
5 706
5 783
5 796
5 840
5 847
5 881
5 909
6 55
6 130
6 241
6 317
6 423
6 455
6 575
6 595
6 636
6 766
6 908
6 958
7 162
7 247
7 297
7 368
7 378
7 612
7 634
7 684
7 746
7 754
7 812
7 841
7 879
7 967
8 99
8 100
8 166
8 375
8 382
8 611
8 774
8 848
8 866
8 892
8 946
8 958
9 101
9 238
9 239
9 319
9 335
9 372
9 373
9 647
9 748
9 833
9 901
9 915
9 959
10 43
10 205
10 287
10 293
10 393
10 423
10 620
10 666
10 687
10 975
10 998
11 30
11 180
11 236
11 276
11 337
11 414
11 416
11 469
11 511
11 580
11 595
11 652
11 750
11 767
11 792
11 901
11 928
11 944
12 68
12 116
12 166
12 176
12 364
12 385
12 399
12 415
12 574
12 692
12 693
12 706
12 920
13 56
13 186
13 232
13 275
13 278
13 331
13 342
13 354
13 368
13 372
13 490
13 642
13 671
13 681
13 789
13 942
13 1000
14 15
14 62
14 232
14 235
14 398
14 410
14 623
14 636
14 742
14 766
14 835
14 858
15 20
15 53
15 66
15 124
15 165
15 244
15 281
15 343
15 358
15 435
15 475
15 610
15 621
15 627
15 656
15 678
15 682
15 728
15 742
15 763
15 792
15 809
15 867
15 906
15 955
16 154
16 378
16 456
16 690
16 691
16 710
16 724
16 806
16 852
16 935
16 986
17 35
17 166
17 183
17 193
17 194
17 233
17 279
17 315
17 356
17 446
17 590
17 644
17 769
17 821
17 882
17 927
17 958
18 115
18 160
18 194
18 222
18 294
18 320
18 361
18 369
18 432
18 445
18 508
18 682
18 717
18 754
18 876
18 902
18 921
18 996
19 215
19 306
19 328
19 396
19 427
19 475
19 486
19 559
19 708
19 747
19 768
19 781
19 793
19 913
20 247
20 298
20 308
20 434
20 526
20 543
21 130
21 168
21 179
21 293
21 379
21 653
21 768
21 807
21 820
21 821
21 855
22 59
22 61
22 149
22 331
22 343
22 401
22 420
22 479
22 500
22 525
22 556
22 628
22 676
22 692
22 707
22 711
22 787
22 793
22 800
22 841
22 918
23 40
23 213
23 253
23 431
23 712
23 751
23 755
23 788
24 41
24 50
24 105
24 111
24 142
24 235
24 255
24 367
24 445
24 468
24 574
24 627
24 661
25 184
25 267
25 305
25 321
25 354
25 527
25 597
25 644
25 745
25 772
25 864
25 953
26 95
26 114
26 116
26 153
26 210
26 438
26 463
26 513
26 548
26 654
26 660
26 977
27 141
27 166
27 213
27 254
27 323
27 383
27 439
27 443
27 449
27 539
27 614
27 625
27 750
27 786
27 838
27 895
27 929
27 971
28 90
28 96
28 205
28 237
28 239
28 268
28 305
28 440
28 472
28 500
28 501
28 588
28 614
28 661
28 684
28 725
28 871
28 952
29 42
29 66
29 93
29 104
29 363
29 406
29 421
29 456
29 466
29 636
29 671
29 806
29 864
29 886
29 992
30 61
30 147
30 171
30 340
30 399
30 409
30 480
30 554
30 630
30 672
30 746
30 768
30 774
30 794
30 952
31 66
31 68
31 111
31 182
31 242
31 292
31 506
31 536
31 639
31 650
31 776
31 810
31 850
31 878
31 913
31 917
31 982
31 995
32 56
32 123
32 156
32 187
32 323
32 386
32 626
32 668
32 795
32 812
32 909
33 46
33 228
33 273
33 325
33 344
33 361
33 392
33 485
33 490
33 614
33 646
33 682
33 749
33 879
33 919
33 933
34 88
34 90
34 179
34 266
34 304
34 373
34 436
34 538
34 651
34 697
34 766
34 805
34 812
34 888
34 916
35 51
35 93
35 124
35 163
35 169
35 233
35 354
35 356
35 428
35 534
35 670
35 768
35 785
35 793
35 994
36 272
36 344
36 405
36 411
36 458
36 501
36 552
36 727
36 732
36 735
36 737
36 749
36 781
36 973
36 992
37 323
37 416
37 437
37 469
37 554
37 603
37 646
37 677
37 725
37 730
37 823
37 846
37 905
38 51
38 283
38 313
38 432
38 442
38 470
38 648
38 739
38 776
38 838
38 866
38 871
38 985
38 998
39 94
39 131
39 161
39 212
39 274
39 302
39 454
39 489
39 815
40 124
40 183
40 187
40 209
40 238
40 257
40 273
40 309
40 321
40 392
40 402
40 406
40 510
40 541
40 543
40 550
40 565
40 672
40 676
40 683
40 866
40 892
40 985
41 105
41 205
41 214
41 241
41 264
41 357
41 365
41 409
41 448
41 459
41 475
41 594
41 856
41 873
42 52
42 107
42 161
42 251
42 256
42 312
42 410
42 579
42 654
42 704
42 738
42 917
42 981
42 996
43 94
43 601
43 641
43 646
43 652
43 681
43 758
43 798
43 808
43 867
43 887
43 922
43 964
44 132
44 189
44 194
44 466
44 597
44 644
44 763
44 788
44 823
44 879
44 974
45 47
45 260
45 273
45 297
45 412
45 428
45 479
45 896
45 905
46 72
46 138
46 222
46 242
46 306
46 361
46 450
46 461
46 638
46 683
46 750
46 809
46 847
46 887
46 949
46 977
47 118
47 208
47 386
47 464
47 665
47 873
47 875
47 895
47 912
47 944
48 72
48 165
48 272
48 335
48 558
48 560
48 854
48 870
48 885
48 958
48 990
49 74
49 102
49 361
49 475
49 492
49 515
49 597
49 598
49 867
49 986
49 987
50 52
50 90
50 100
50 177
50 217
50 218
50 436
50 507
50 645
50 700
50 729
50 898
51 233
51 389
51 424
51 469
51 531
51 545
51 577
51 578
51 580
51 714
51 803
51 843
51 921
51 950
51 977
52 250
52 302
52 350
52 389
52 439
52 448
52 451
52 604
52 650
52 663
52 748
52 769
52 921
52 956
53 79
53 98
53 134
53 189
53 211
53 259
53 327
53 344
53 391
53 410
53 422
53 479
53 522
53 541
53 542
53 608
53 620
53 651
53 697
53 841
53 902
53 907
54 75
54 192
54 247
54 272
54 376
54 553
54 609
54 618
54 722
54 733
54 743
54 774
54 828
54 857
54 967
54 996
55 80
55 284
55 298
55 387
55 421
55 444
55 456
55 513
55 591
55 613
55 706
55 752
55 787
55 969
55 973
55 998
56 59
56 96
56 121
56 166
56 245
56 385
56 420
56 447
56 486
56 685
56 745
56 762
56 942
57 120
57 257
57 299
57 364
57 369
57 460
57 531
57 539
57 586
57 627
57 718
57 739
57 740
57 755
58 67
58 127
58 157
58 160
58 184
58 223
58 262
58 340
58 412
58 462
58 578
58 711
58 761
58 772
58 818
58 827
58 876
58 915
58 969
59 69
59 106
59 267
59 456
59 477
59 483
59 485
59 510
59 636
59 708
59 759
59 777
59 794
59 930
59 949
59 961
60 130
60 147
60 206
60 214
60 305
60 502
60 611
60 679
60 736
60 782
60 836
60 864
60 914
61 150
61 276
61 308
61 311
61 325
61 344
61 407
61 462
61 683
61 703
61 721
62 78
62 96
62 235
62 303
62 459
62 544
62 640
62 813
62 855
62 871
63 109
63 130
63 141
63 179
63 370
63 430
63 434
63 492
63 562
63 563
63 589
63 628
63 747
63 781
63 864
64 65
64 88
64 129
64 258
64 351
64 512
64 720
64 754
64 768
64 858
64 914
64 954
65 117
65 201
65 238
65 326
65 368
65 687
65 809
65 866
66 77
66 185
66 216
66 416
66 451
66 488
66 531
66 544
66 705
67 119
67 140
67 253
67 310
67 322
67 360
67 399
67 454
67 569
67 588
67 609
67 736
67 737
67 779
67 925
67 1000
68 84
68 178
68 190
68 311
68 326
68 369
68 556
68 559
68 615
68 621
68 673
68 719
68 730
68 761
68 813
68 844
68 993
69 278
69 296
69 404
69 452
69 490
69 729
69 870
69 898
69 990
70 79
70 595
70 596
70 662
70 781
70 782
70 836
70 888
71 130
71 332
71 465
71 608
71 613
71 684
72 81
72 247
72 321
72 334
72 343
72 426
72 438
72 521
72 574
72 633
72 642
72 712
72 750
72 783
72 860
72 908
72 958
73 123
73 205
73 299
73 372
73 418
73 552
73 625
73 662
73 785
73 793
73 900
74 81
74 127
74 177
74 203
74 398
74 447
74 470
74 594
74 710
74 785
74 819
74 968
75 100
75 193
75 198
75 354
75 511
75 603
75 637
75 670
75 705
75 761
75 816
75 955
75 999
76 162
76 173
76 177
76 190
76 318
76 320
76 345
76 393
76 477
76 505
76 665
76 685
76 706
76 742
76 771
76 852
77 115
77 146
77 325
77 391
77 414
77 577
77 635
77 673
77 698
77 824
77 878
78 158
78 173
78 301
78 448
78 453
78 493
78 548
78 591
78 659
78 963
79 143
79 161
79 177
79 201
79 217
79 232
79 413
79 429
79 482
79 511
79 540
79 585
79 708
79 765
79 865
79 951
80 346
80 405
80 412
80 431
80 486
80 488
80 517
80 538
80 669
80 701
80 786
80 891
81 142
81 163
81 300
81 307
81 354
81 370
81 469
81 475
81 486
81 560
81 611
81 732
81 800
81 991
82 135
82 157
82 201
82 215
82 239
82 280
82 392
82 410
82 518
82 678
82 801
82 804
82 809
82 880
82 950
83 98
83 107
83 158
83 242
83 286
83 330
83 372
83 441
83 492
83 515
83 544
83 615
83 620
83 659
83 677
83 702
83 717
83 754
83 767
83 768
83 843
83 877
84 220
84 352
84 378
84 380
84 385
84 401
84 457
84 607
84 624
84 888
84 993
85 121
85 136
85 320
85 393
85 464
85 503
85 512
85 513
85 566
85 816
85 874
85 945
85 979
85 995
86 106
86 165
86 182
86 209
86 227
86 412
86 416
86 661
86 675
86 703
86 739
86 742
86 822
87 89
87 148
87 186
87 237
87 264
87 283
87 451
87 455
87 462
87 514
87 676
87 678
87 759
87 824
87 840
87 969
88 143
88 219
88 266
88 419
88 471
88 559
88 571
88 677
88 692
88 767
88 854
88 936
88 977
89 225
89 374
89 412
89 420
89 486
89 488
89 710
89 855
90 243
90 248
90 356
90 408
90 552
90 597
90 730
90 766
90 775
90 792
90 909
90 987
90 998
91 230
91 236
91 461
91 532
91 613
91 642
91 717
91 724
91 727
92 123
92 126
92 243
92 271
92 272
92 306
92 329
92 384
92 388
92 403
92 427
92 532
92 637
92 642
92 731
92 760
92 822
92 885
92 938
92 986
93 134
93 144
93 227
93 284
93 351
93 419
93 461
93 487
93 638
93 717
93 794
93 844
93 858
93 877
93 902
93 953
94 219
94 238
94 278
94 324
94 434
94 474
94 679
94 688
94 851
94 930
94 969
95 178
95 180
95 360
95 416
95 425
95 517
95 735
95 795
95 863
95 898
95 917
95 993
96 221
96 335
96 394
96 449
96 471
96 561
96 587
96 703
96 736
96 929
96 956
97 372
97 380
97 425
97 579
97 712
97 744
97 768
97 773
97 934
98 100
98 130
98 310
98 416
98 556
98 657
98 714
98 943
99 235
99 271
99 273
99 341
99 351
99 421
99 453
99 533
99 560
99 855
99 936
100 125
100 186
100 314
100 323
100 523
100 526
100 540
100 596
100 616
100 626
100 951
100 991
101 174
101 222
101 250
101 285
101 434
101 456
101 521
101 541
101 672
101 695
101 768
101 828
101 895
101 943
101 953
101 954
102 119
102 191
102 220
102 256
102 257
102 259
102 263
102 367
102 526
102 667
102 714
102 753
102 905
103 122
103 127
103 158
103 221
103 319
103 321
103 352
103 486
103 533
103 594
103 633
103 921
103 927
103 982
104 315
104 382
104 452
104 479
104 709
104 710
104 747
104 865
104 897
105 109
105 136
105 156
105 182
105 375
105 541
105 551
105 561
105 734
105 781
105 954
105 965
106 256
106 385
106 387
106 440
106 460
106 491
106 594
106 739
106 961
107 172
107 317
107 355
107 433
107 481
107 582
107 627
107 917
107 924
108 153
108 256
108 333
108 469
108 508
108 517
108 610
108 704
108 726
108 880
108 939
109 118
109 142
109 198
109 246
109 265
109 273
109 596
109 643
109 649
109 717
109 813
109 833
109 919
110 343
110 344
110 410
110 526
110 590
110 605
110 683
110 710
110 725
110 759
110 956
111 198
111 252
111 293
111 438
111 498
111 538
111 541
111 669
111 781
111 824
111 859
111 868
111 910
111 925
112 124
112 417
112 438
112 464
112 486
112 585
112 846
112 896
112 979
113 134
113 143
113 187
113 204
113 297
113 300
113 344
113 382
113 498
113 528
113 563
113 719
113 769
113 774
113 776
113 820
113 821
113 847
113 852
113 991
114 122
114 165
114 196
114 272
114 340
114 421
114 508
114 652
114 692
114 787
114 926
114 936
114 944
115 192
115 209
115 269
115 367
115 396
115 476
115 657
115 667
115 711
115 739
115 825
115 904
115 939
116 157
116 166
116 448
116 486
116 561
116 692
116 815
117 171
117 216
117 219
117 260
117 329
117 365
117 507
117 551
117 624
117 819
117 858
117 878
117 924
117 993
118 218
118 243
118 556
118 618
118 626
118 676
118 679
118 800
118 952
119 155
119 291
119 393
119 441
119 455
119 700
119 748
119 777
119 825
119 891
119 989
120 148
120 489
120 495
120 532
120 600
120 602
120 604
120 683
120 692
120 743
120 798
120 884
120 911
120 960
120 961
121 300
121 477
121 601
121 625
121 697
121 869
121 896
121 906
122 140
122 166
122 221
122 289
122 306
122 315
122 548
122 550
122 782
122 784
122 862
122 948
122 961
123 165
123 183
123 273
123 323
123 344
123 371
123 432
123 454
123 639
123 641
123 791
123 975
124 144
124 230
124 540
124 592
124 679
124 873
125 235
125 339
125 375
125 444
125 500
125 583
125 632
125 774
125 827
125 988
126 190
126 220
126 223
126 225
126 275
126 280
126 292
126 487
126 527
126 597
126 714
126 874
126 989
127 149
127 307
127 408
127 426
127 428
127 754
127 785
127 856
127 876
127 921
127 944
127 959
128 391
128 412
128 427
128 556
128 699
129 708
129 801
129 869
130 230
130 276
130 313
130 387
130 438
130 479
130 560
130 584
130 773
130 872
130 926
130 930
131 276
131 333
131 348
131 428
131 510
131 652
131 673
131 733
131 797
131 826
131 873
131 923
132 201
132 236
132 282
132 340
132 502
132 511
132 543
132 592
132 615
132 630
132 710
132 755
132 795
132 821
132 842
132 922
133 174
133 181
133 318
133 382
133 407
133 500
133 508
133 559
133 570
133 729
133 877
133 883
133 920
134 149
134 156
134 166
134 288
134 316
134 680
134 731
134 824
134 836
134 866
135 167
135 211
135 234
135 285
135 296
135 453
135 513
135 650
135 716
135 786
135 998
136 144
136 323
136 366
136 479
136 529
136 615
136 668
136 692
136 695
136 797
136 924
136 988
137 145
137 464
137 498
137 507
137 531
137 609
137 661
137 757
137 763
138 142
138 162
138 249
138 395
138 418
138 499
138 516
138 616
138 661
138 667
138 821
138 869
138 894
138 952
138 989
138 1000
139 184
139 191
139 300
139 337
139 457
139 459
139 561
139 774
139 812
139 943
139 950
139 979
140 191
140 240
140 408
140 547
140 597
140 618
140 657
140 786
140 791
140 795
140 845
140 1000
141 159
141 205
141 237
141 275
141 458
141 517
141 549
141 595
141 660
141 843
142 152
142 367
142 369
142 518
142 528
142 529
142 559
142 604
142 616
142 640
142 753
142 759
142 785
142 830
142 884
142 938
143 283
143 312
143 346
143 385
143 392
143 467
143 518
143 564
144 279
144 401
144 440
144 500
144 519
144 600
144 695
144 707
144 860
144 969
145 492
145 584
145 601
145 653
145 664
145 719
145 777
145 862
145 977
145 979
145 988
146 194
146 409
146 462
146 522
146 532
146 653
146 757
146 767
146 801
146 914
146 991
147 163
147 439
147 871
147 907
147 915
147 971
148 261
148 327
148 360
148 393
148 520
148 614
148 638
148 652
148 658
148 820
148 942
149 192
149 345
149 352
149 376
149 415
149 708
149 811
149 975
150 362
150 437
150 625
150 688
150 735
150 969
151 463
151 595
151 600
151 617
151 787
151 940
151 965
151 976
152 418
152 617
152 623
152 624
152 692
152 824
152 839
152 953
152 978
153 158
153 165
153 264
153 312
153 394
153 545
153 555
153 587
153 589
153 622
153 780
153 798
153 806
153 985
154 163
154 183
154 203
154 446
154 564
154 639
154 679
154 755
154 799
154 949
154 951
155 302
155 319
155 335
155 361
155 397
155 408
155 543
155 787
155 815
155 830
155 877
155 935
155 1000
156 195
156 291
156 349
156 415
156 485
156 515
156 565
156 600
156 752
156 897
156 902
156 961
157 202
157 218
157 271
157 462
157 654
157 685
157 696
157 705
157 753
157 813
157 815
157 967
158 184
158 193
158 246
158 265
158 314
158 319
158 331
158 384
158 386
158 487
158 659
158 699
158 785
158 813
158 820
158 915
159 164
159 178
159 254
159 332
159 399
159 511
159 512
159 614
159 624
159 691
159 703
159 716
159 885
160 219
160 268
160 344
160 363
160 442
160 482
160 623
160 670
160 672
160 723
160 884
160 936
160 950
161 214
161 297
161 330
161 415
161 429
161 486
161 543
161 641
161 668
161 758
161 810
161 852
161 882
162 265
162 305
162 338
162 352
162 449
162 492
162 575
162 661
162 694
162 771
162 779
162 828
162 933
162 957
162 986
163 311
163 312
163 341
163 351
163 372
163 392
163 435
163 488
163 533
163 534
163 553
163 573
163 611
163 616
163 654
163 679
163 796
163 891
163 926
164 168
164 224
164 236
164 251
164 332
164 372
164 404
164 457
164 467
164 506
164 545
164 656
164 667
164 834
164 859
164 903
164 910
165 191
165 208
165 363
165 447
165 517
165 536
165 539
165 567
165 752
165 757
165 764
165 789
165 850
165 926
165 995
166 275
166 277
166 288
166 303
166 363
166 538
166 549
166 628
166 629
166 660
166 844
167 183
167 244
167 426
167 523
167 525
167 696
167 736
167 789
167 814
167 823
167 875
168 197
168 198
168 218
168 272
168 313
168 411
168 469
168 473
168 569
168 612
168 749
168 806
168 815
168 891
168 952
169 192
169 197
169 257
169 293
169 353
169 358
169 559
169 667
169 739
169 804
169 830
169 862
169 923
170 214
170 222
170 242
170 262
170 324
170 438
170 478
170 546
170 560
170 589
170 652
170 688
170 716
170 830
170 858
170 867
170 887
170 939
170 982
171 172
171 184
171 207
171 265
171 364
171 387
171 390
171 445
171 600
171 607
171 642
171 705
171 707
171 712
171 798
172 281
172 418
172 532
172 533
172 570
172 643
172 677
172 746
172 758
172 878
172 942
172 986
173 244
173 291
173 294
173 298
173 325
173 446
173 518
173 607
173 713
173 722
173 783
173 793
173 953
173 956
173 978
173 997
174 252
174 312
174 457
174 652
174 690
174 691
174 718
174 811
174 840
174 849
174 886
174 924
175 206
175 237
175 256
175 282
175 402
175 456
175 467
175 492
175 525
175 821
175 886
175 892
175 908
175 943
175 980
175 994
176 409
176 610
176 739
176 748
176 766
177 291
177 361
177 452
177 471
177 528
177 611
177 746
177 751
177 801
177 806
177 930
177 945
178 202
178 248
178 324
178 411
178 482
178 519
178 638
178 651
178 740
178 970
179 235
179 265
179 343
179 379
179 400
179 423
179 447
179 476
179 552
179 561
179 790
179 814
179 879
179 920
180 196
180 324
180 422
180 438
180 472
180 514
180 520
180 521
180 619
180 646
180 680
180 743
180 814
180 837
180 947
181 338
181 397
181 404
181 470
181 514
181 614
181 626
181 681
181 746
181 787
181 867
181 878
181 917
182 188
182 281
182 329
182 393
182 537
182 584
182 599
182 613
183 241
183 292
183 356
183 504
183 526
183 548
183 623
183 763
183 844
183 916
184 186
184 241
184 256
184 313
184 398
184 576
184 602
184 902
184 930
185 330
185 346
185 385
185 392
185 426
185 448
185 515
185 558
185 605
185 668
185 779
185 793
185 875
185 905
185 985
186 248
186 350
186 446
186 475
186 480
186 657
186 833
186 945
187 193
187 342
187 442
187 444
187 484
187 516
187 573
187 675
187 726
187 763
187 789
187 795
187 868
187 914
187 944
188 244
188 254
188 286
188 328
188 337
188 424
188 475
188 538
188 539
188 562
188 659
188 730
188 757
188 846
188 903
189 195
189 203
189 231
189 266
189 339
189 386
189 436
189 476
189 477
189 556
189 783
190 203
190 284
190 309
190 509
190 554
190 694
190 713
190 747
190 789
190 843
190 894
191 249
191 323
191 331
191 415
191 437
191 460
191 511
191 529
191 564
191 702
191 861
191 962
192 257
192 267
192 271
192 409
192 412
192 578
192 598
192 667
192 682
192 687
192 775
192 874
192 919
192 931
192 947
192 952
193 290
193 373
193 481
193 497
193 537
193 625
193 700
193 794
193 996
194 203
194 360
194 425
194 435
194 600
194 609
194 662
194 664
194 668
194 862
194 876
195 276
195 322
195 416
195 493
195 598
195 760
195 773
195 890
195 925
195 930
195 964
196 204
196 312
196 381
196 394
196 447
196 450
196 557
196 668
196 693
196 886
196 893
196 987
197 236
197 371
197 405
197 468
197 469
197 504
197 616
197 909
197 947
198 256
198 300
198 328
198 349
198 502
198 532
198 631
198 638
198 698
198 753
198 764
198 807
198 819
198 925
198 988
199 261
199 280
199 301
199 313
199 317
199 403
199 617
199 696
199 764
199 855
199 927
199 994
200 424
200 449
200 565
200 684
200 799
200 825
201 208
201 292
201 342
201 386
201 468
201 480
201 496
201 500
201 670
201 674
201 758
202 221
202 225
202 288
202 305
202 400
202 448
202 456
202 561
202 588
202 651
202 670
202 705
202 719
202 896
202 925
202 983
203 331
203 640
203 947
204 275
204 474
204 481
204 538
204 592
204 597
204 608
204 701
204 727
205 219
205 232
205 283
205 374
205 404
205 660
205 684
205 725
206 236
206 356
206 388
206 473
206 482
206 551
206 571
206 605
206 614
206 655
206 739
206 759
206 761
206 808
206 863
206 876
207 238
207 265
207 476
207 625
207 688
207 745
207 750
207 883
207 897
207 977
208 318
208 324
208 523
208 533
208 794
208 864
209 313
209 421
209 470
209 522
209 698
209 799
209 809
209 822
209 889
209 940
210 535
210 619
210 803
210 839
210 865
210 946
210 950
211 326
211 343
211 444
211 685
211 699
211 742
211 889
211 957
212 324
212 356
212 463
212 474
212 480
212 553
212 588
212 735
212 763
212 768
212 835
212 843
212 918
212 936
212 954
212 998
213 239
213 255
213 280
213 282
213 311
213 339
213 681
213 700
213 769
213 808
214 308
214 349
214 383
214 485
214 588
214 651
214 730
214 822
214 844
214 929
215 256
215 298
215 618
215 619
215 663
215 796
215 883
216 350
216 396
216 425
216 467
216 487
216 501
216 563
216 787
216 936
217 292
217 314
217 315
217 413
217 469
217 618
217 635
217 669
217 707
217 720
217 777
217 975
218 302
218 361
218 413
218 415
218 531
218 557
218 620
218 695
218 777
218 806
218 956
218 959
218 986
219 229
219 238
219 449
219 675
219 879
219 900
219 943
219 979
219 988
219 994
220 253
220 285
220 295
220 467
220 476
220 477
220 542
220 632
220 637
220 783
220 838
220 906
221 239
221 296
221 317
221 430
221 443
221 536
221 560
221 617
221 693
221 710
221 739
221 837
221 877
221 887
222 339
222 344
222 348
222 383
222 405
222 510
222 533
222 577
222 865
222 896
222 919
222 948
223 470
223 473
223 546
223 687
223 812
223 959
224 331
224 401
224 445
224 532
224 562
224 681
224 686
224 811
224 863
224 949
224 999
225 342
225 395
225 494
225 548
225 569
225 571
225 589
225 930
225 981
225 987
225 995
226 249
226 273
226 466
226 575
226 582
226 692
226 755
226 818
227 380
227 513
227 522
227 544
227 586
227 642
227 652
227 655
227 770
227 828
227 851
227 865
227 913
228 452
228 615
228 937
229 388
229 465
229 500
229 675
229 839
229 925
229 967
229 989
230 248
230 416
230 494
230 496
230 545
230 580
230 666
230 672
230 736
230 831
230 936
230 983
231 348
231 406
231 514
231 697
231 802
231 814
231 914
232 244
232 303
232 306
232 354
232 454
232 604
232 645
232 721
232 815
232 866
232 961
232 962
233 481
233 485
233 753
233 833
233 867
233 898
233 904
234 251
234 263
234 265
234 268
234 270
234 274
234 631
234 677
234 692
234 781
234 803
234 830
234 846
234 848
234 867
234 904
235 245
235 273
235 288
235 553
235 697
235 751
236 375
236 632
236 649
237 296
237 302
237 320
237 359
237 694
237 705
237 788
237 970
238 274
238 466
238 555
238 632
238 657
238 679
238 703
238 768
238 812
238 846
238 928
239 264
239 360
239 364
239 501
239 572
239 646
239 709
239 725
239 795
239 883
239 991
240 316
240 468
240 496
240 618
240 625
240 734
240 787
240 895
240 941
240 981
240 988
241 401
241 552
241 580
241 605
241 772
241 808
241 811
241 857
241 919
241 950
241 961
242 337
242 351
242 552
242 725
242 931
243 369
243 476
243 584
243 730
243 749
243 819
243 880
243 900
243 942
243 957
244 470
244 560
244 656
244 666
244 680
244 736
245 262
245 367
245 623
245 674
245 686
245 777
245 792
245 957
245 973
245 990
245 995
246 491
246 514
246 536
246 670
246 673
246 719
246 837
246 962
247 276
247 281
247 386
247 392
247 394
247 435
247 440
247 486
247 648
247 786
247 792
248 279
248 290
248 359
248 391
248 406
248 444
248 484
248 496
248 608
248 741
249 417
249 428
249 720
249 728
249 756
249 830
249 860
249 863
249 897
249 980
249 993
250 258
250 409
250 466
250 505
250 537
250 579
250 643
250 653
250 671
250 722
250 764
250 812
250 869
250 902
251 290
251 361
251 403
251 501
251 607
251 652
251 658
251 688
251 822
251 863
251 965
252 267
252 274
252 385
252 525
252 575
252 578
252 598
252 600
252 837
252 935
253 325
253 340
253 372
253 480
253 513
253 529
253 541
253 564
253 895
253 935
253 951
254 316
254 329
254 345
254 457
254 461
254 576
254 629
254 631
254 797
254 893
255 270
255 273
255 430
255 498
255 643
255 653
255 725
255 820
255 897
256 305
256 379
256 420
256 458
256 484
256 547
256 586
256 626
256 668
256 763
256 767
256 957
256 988
257 353
257 427
257 445
257 489
257 574
257 869
257 950
258 392
258 466
258 501
258 542
258 566
258 622
258 646
258 663
258 946
258 948
259 323
259 392
259 405
259 406
259 527
259 571
259 576
259 700
259 701
259 713
259 732
259 847
259 944
260 306
260 330
260 345
260 386
260 391
260 483
260 492
260 498
260 685
260 700
260 783
260 840
260 981
261 276
261 300
261 303
261 308
261 344
261 454
261 532
261 560
261 617
261 791
261 892
261 909
261 954
262 308
262 402
262 494
262 529
262 593
262 684
262 830
262 861
262 906
262 938
262 987
262 1000
263 303
263 465
263 489
263 527
263 574
263 735
263 781
263 800
263 869
264 330
264 397
264 449
264 472
264 536
264 630
264 659
264 725
264 964
264 973
265 499
265 617
265 772
265 785
265 845
265 889
265 926
266 388
266 397
266 485
266 495
266 555
266 615
266 740
266 772
267 315
267 350
267 369
267 372
267 431
267 486
267 494
267 528
267 682
267 740
268 308
268 319
268 468
268 502
268 539
268 556
268 749
268 815
268 825
268 842
268 861
268 884
268 889
268 915
268 933
268 984
269 322
269 330
269 454
269 587
269 718
269 757
269 887
269 936
269 937
270 366
270 457
270 498
270 539
270 590
270 598
270 670
270 758
270 776
270 823
270 878
270 902
270 918
270 982
270 999
271 360
271 607
271 875
271 888
272 326
272 342
272 458
272 602
272 741
272 754
273 300
273 313
273 350
273 403
273 591
273 697
273 722
273 773
273 779
273 852
273 886
273 971
273 979
274 381
274 394
274 440
274 513
274 524
274 684
274 738
274 802
274 861
274 981
275 294
275 345
275 461
275 516
275 550
275 585
275 662
275 713
275 729
275 737
275 783
275 839
276 308
276 390
276 511
276 532
276 544
276 613
276 693
276 743
276 756
276 846
276 967
277 479
277 496
277 522
277 597
277 680
277 685
277 825
277 833
277 929
277 973
278 355
278 447
278 457
278 485
278 640
278 964
279 402
279 432
279 524
279 570
279 580
279 700
279 702
279 769
279 837
279 936
279 944
279 984
280 335
280 355
280 382
280 412
280 536
280 789
280 865
280 875
281 288
281 487
281 524
281 584
281 687
281 838
281 936
281 959
281 962
282 343
282 360
282 466
282 479
282 534
282 651
282 768
282 770
282 873
283 304
283 497
283 614
283 680
283 725
283 753
283 828
283 915
283 961
283 978
284 398
284 400
284 713
284 786
284 829
284 836
284 876
284 955
284 976
285 385
285 402
285 463
285 671
285 686
285 697
285 708
285 744
285 833
285 882
285 910
286 310
286 337
286 499
286 555
286 579
286 586
286 674
286 682
286 838
286 845
286 933
287 389
287 527
287 577
287 610
287 637
287 644
287 648
287 712
287 959
287 967
288 350
288 421
288 501
288 533
288 534
288 586
288 603
288 689
288 691
288 882
288 890
288 957
289 349
289 469
289 493
289 529
289 537
289 706
289 719
289 729
289 784
289 873
289 932
290 409
290 418
290 594
290 632
290 697
290 733
290 765
290 784
291 292
291 415
291 421
291 483
291 498
291 525
291 527
291 540
291 775
291 967
292 296
292 413
292 435
292 445
292 543
292 544
292 561
292 567
292 569
292 581
292 583
292 768
292 773
292 818
292 856
292 993
293 383
293 419
293 443
293 477
293 820
293 998
294 396
294 450
294 490
294 553
294 902
294 942
295 330
295 444
295 609
295 622
295 688
295 712
295 745
295 850
295 871
296 361
296 373
296 376
296 444
296 466
296 495
296 558
296 602
296 613
296 962
296 963
296 980
297 508
297 705
297 838
297 882
298 350
298 372
298 385
298 404
298 465
298 530
298 633
298 651
298 867
298 942
299 438
299 558
299 560
299 648
299 779
299 842
299 856
299 882
299 936
299 999
300 308
300 315
300 352
300 548
300 628
300 649
300 650
300 673
300 696
300 840
300 865
300 970
300 991
301 306
301 397
301 419
301 515
301 543
301 571
301 603
301 627
301 745
301 829
301 835
301 923
301 953
301 955
302 453
302 475
302 492
302 551
302 558
302 666
302 668
302 678
302 679
302 755
302 760
302 996
303 327
303 394
303 461
303 468
303 511
303 599
303 712
303 724
303 877
303 916
303 961
304 323
304 569
304 652
304 898
304 914
304 934
304 951
305 344
305 380
305 516
305 630
305 635
305 670
305 738
305 806
305 895
305 903
306 455
306 482
306 495
306 538
306 581
306 615
306 875
306 886
306 977
306 978
306 995
307 364
307 394
307 420
307 580
307 697
307 705
307 728
307 767
307 787
307 801
307 806
307 946
307 980
308 503
308 571
308 584
308 631
308 737
308 858
308 895
309 426
309 430
309 444
309 488
309 667
309 687
309 763
309 833
309 934
309 947
309 953
310 338
310 436
310 492
310 569
310 579
310 654
310 818
310 959
310 994
311 710
311 804
312 343
312 348
312 353
312 566
312 672
312 859
312 872
312 924
312 956
313 388
313 420
313 445
313 495
313 526
313 619
313 685
313 903
313 920
314 442
314 446
314 458
314 598
314 758
314 777
314 801
314 866
315 402
315 420
315 421
315 504
315 526
315 574
315 704
315 709
315 941
315 989
316 319
316 527
316 550
316 626
316 661
316 675
316 759
316 773
316 990
317 352
317 373
317 424
317 456
317 507
317 523
317 689
317 768
317 879
318 410
318 629
318 643
318 687
318 701
318 720
318 787
318 891
319 322
319 409
319 451
319 529
319 554
319 608
319 626
319 637
319 648
319 771
319 801
319 812
319 848
319 896
320 475
320 494
320 564
320 640
320 747
320 870
321 382
321 388
321 521
321 537
321 576
321 636
321 877
321 886
321 975
322 432
322 498
322 611
322 644
322 650
322 810
322 835
322 838
322 924
322 973
322 982
323 382
323 463
323 491
323 517
323 552
323 585
323 707
323 803
324 350
324 353
324 368
324 547
324 599
324 627
324 879
324 918
324 980
325 347
325 437
325 502
325 607
325 673
325 764
325 794
325 891
326 337
326 338
326 340
326 376
326 475
326 490
326 526
326 546
326 614
326 680
326 692
326 700
326 720
326 737
327 371
327 415
327 419
327 427
327 450
327 476
327 546
327 578
327 632
327 759
327 816
327 926
327 953
328 425
328 439
328 470
328 490
328 663
328 703
328 842
328 966
329 339
329 358
329 441
329 507
329 548
329 594
329 772
329 842
329 859
329 955
329 967
330 350
330 423
330 511
330 594
330 713
330 733
330 758
330 773
330 802
330 873
330 920
331 417
331 558
331 743
331 905
331 943
331 973
332 426
332 488
332 509
332 566
332 641
332 743
332 833
332 896
333 346
333 405
333 417
333 470
333 610
333 618
333 640
333 656
333 733
333 749
333 832
333 885
333 919
333 927
334 424
334 451
334 481
334 555
334 570
334 831
334 832
334 927
334 931
335 380
335 413
335 435
335 440
335 632
335 850
335 861
335 871
336 388
336 558
336 700
336 727
336 874
336 879
336 999
337 387
337 398
337 461
337 462
337 520
337 525
337 534
337 597
337 599
337 686
337 734
337 756
337 776
337 805
338 638
338 698
338 722
338 742
338 846
338 919
338 923
339 591
339 594
339 958
339 988
340 401
340 431
340 435
340 528
340 589
340 598
340 610
340 708
340 838
340 877
341 630
341 661
341 723
341 795
341 883
341 901
341 931
342 381
342 390
342 421
342 502
342 619
342 693
342 755
342 829
342 969
343 353
343 379
343 437
343 696
343 698
343 702
343 745
343 850
343 877
343 928
343 998
344 369
344 377
344 464
344 471
344 503
344 509
344 543
344 782
344 823
344 858
344 887
344 973
344 982
345 393
345 472
345 641
345 664
345 745
345 858
346 398
346 468
346 580
346 592
346 796
347 446
347 471
347 555
347 711
347 756
347 857
347 875
347 880
347 907
347 927
348 390
348 443
348 472
348 596
348 673
348 848
348 906
348 961
349 351
349 447
349 462
349 630
349 631
349 663
349 667
349 703
349 759
349 827
349 850
349 859
349 905
350 378
350 407
350 468
350 573
350 574
350 628
350 693
350 844
350 868
350 942
350 967
351 442
351 552
351 565
351 579
351 736
351 742
351 806
351 902
352 518
352 672
352 686
352 696
352 722
352 745
352 785
352 889
352 918
353 378
353 390
353 549
354 397
354 474
354 525
354 734
354 736
354 925
354 936
355 606
355 648
355 729
355 758
355 860
355 983
356 814
356 873
356 995
357 358
357 409
357 688
357 759
357 841
357 902
357 921
357 924
358 426
358 504
358 536
358 555
358 667
358 727
358 887
358 991
358 992
359 401
359 409
359 561
359 615
359 644
359 774
359 784
359 878
359 891
359 957
360 531
360 559
360 613
360 859
360 956
361 462
361 557
361 609
361 610
361 729
361 743
361 852
362 390
362 475
362 507
362 628
362 685
362 759
362 767
362 796
362 803
362 809
362 864
362 897
362 929
362 933
362 979
363 381
363 436
363 473
363 483
363 607
363 749
363 756
363 788
363 854
363 877
363 920
363 994
364 437
364 575
364 580
364 595
364 747
365 446
365 504
365 526
365 585
365 645
365 730
365 751
365 786
365 855
365 970
366 506
366 611
366 632
366 717
366 719
366 773
366 829
366 910
366 934
366 960
366 968
366 988
367 530
367 582
367 592
367 593
367 605
367 658
368 462
368 468
368 476
368 498
368 622
368 763
368 781
368 831
368 938
369 390
369 530
369 566
369 583
369 798
370 404
370 757
370 819
370 889
371 425
371 538
371 721
371 752
372 382
372 392
372 448
372 476
372 638
372 670
372 674
372 725
372 753
372 759
372 847
372 854
372 865
372 967
372 992
373 401
373 441
373 482
373 669
373 924
373 928
373 936
373 974
374 376
374 385
374 390
374 680
374 820
374 832
374 865
375 510
375 518
375 613
375 668
375 767
375 836
375 981
376 493
376 614
376 790
376 866
376 876
376 915
376 920
376 929
376 970
377 400
377 453
377 456
377 598
377 612
377 909
377 971
378 482
378 505
378 711
378 795
378 810
378 826
378 951
378 980
379 382
379 467
379 479
379 564
379 600
379 645
379 753
379 777
379 811
379 842
379 904
379 925
379 969
379 997
380 441
380 444
380 462
380 544
380 547
380 632
380 697
380 733
380 770
380 799
380 820
380 847
380 901
381 410
381 463
381 486
381 598
381 686
381 696
381 700
381 817
381 865
381 876
381 963
382 406
382 564
382 584
382 653
382 673
382 711
382 722
382 791
382 843
382 865
382 878
383 475
383 566
383 618
383 724
383 747
383 761
383 782
383 854
383 906
383 921
384 459
384 478
384 553
384 585
384 625
384 665
384 990
384 999
385 436
385 700
385 711
385 736
385 912
385 984
386 457
386 536
386 556
386 652
386 675
386 714
386 957
387 438
387 500
387 552
387 650
387 792
387 874
387 949
387 981
388 546
388 573
388 714
388 721
388 768
388 798
388 817
388 975
388 999
389 440
389 457
389 489
389 558
389 657
389 675
389 789
390 446
390 553
390 593
390 620
390 690
390 809
390 934
391 475
391 535
391 626
391 712
391 721
391 729
391 748
391 778
391 841
391 904
391 979
392 478
392 743
392 766
392 803
392 819
392 899
393 436
393 487
393 534
393 650
393 670
393 705
393 708
393 725
393 751
393 865
394 396
394 533
394 637
394 648
394 722
394 760
394 805
394 830
394 852
394 869
395 424
395 495
395 515
395 626
395 648
395 712
395 836
395 866
395 872
395 897
395 918
395 957
396 404
396 444
396 461
396 464
396 467
396 814
396 832
396 915
396 944
397 439
397 486
397 589
397 591
397 598
397 861
397 922
397 950
397 974
397 985
397 991
398 567
398 777
398 816
398 927
398 944
398 1000
399 489
399 498
399 590
399 637
399 656
399 783
399 798
399 936
399 952
399 976
400 413
400 447
400 544
400 636
400 679
400 773
400 821
400 873
400 943
400 945
400 982
401 435
401 436
401 444
401 455
401 469
401 666
401 761
401 772
401 894
401 897
401 929
402 594
402 648
402 791
402 938
403 406
403 486
403 573
403 577
403 744
403 749
404 433
404 442
404 718
404 861
404 939
405 654
405 714
405 938
406 494
406 570
406 669
406 845
407 513
407 560
407 581
407 612
407 738
407 744
407 761
407 793
407 889
407 914
407 946
408 542
408 637
408 677
408 704
408 754
408 764
408 787
408 807
408 876
408 943
409 466
409 507
409 514
409 566
409 697
409 775
409 811
409 883
410 473
410 591
410 606
410 626
410 632
410 690
410 761
410 831
410 840
410 991
411 535
411 691
411 811
411 838
411 877
411 921
412 434
412 508
412 538
412 539
412 566
412 673
412 766
412 818
412 819
412 828
412 842
413 471
413 603
413 658
413 692
413 698
413 890
413 919
413 980
414 415
414 498
414 587
414 608
414 635
414 903
414 935
414 988
414 993
415 429
415 457
415 462
415 537
415 600
415 606
415 623
415 667
415 821
416 437
416 500
416 522
416 557
416 601
416 648
416 725
416 743
416 898
416 936
416 943
417 438
417 492
417 512
417 529
417 575
417 625
417 632
417 741
417 824
417 837
417 869
417 906
417 966
418 463
418 503
418 518
418 575
418 619
418 747
418 803
418 907
418 972
419 430
419 505
419 672
419 976
420 573
420 594
420 686
420 759
420 935
421 436
421 465
421 506
421 577
421 783
421 812
422 450
422 455
422 490
422 638
422 686
422 823
422 959
422 963
423 430
423 444
423 478
423 544
423 573
423 685
423 694
423 708
423 717
423 741
423 835
423 902
423 908
423 991
424 440
424 500
424 532
424 552
424 641
424 733
424 780
424 789
424 878
424 921
424 950
424 966
425 444
425 606
425 685
425 723
425 752
425 754
425 907
426 432
426 508
426 515
426 569
426 572
426 579
426 730
426 777
426 818
426 851
426 887
426 904
426 920
427 615
427 625
427 687
427 727
427 733
427 883
427 904
427 924
427 963
427 971
428 563
428 621
428 656
428 669
428 869
428 899
428 902
428 918
428 936
428 958
428 969
428 970
429 430
429 440
429 561
429 673
429 766
429 806
429 883
429 990
430 676
430 789
430 964
430 978
431 454
431 490
431 515
431 543
431 665
431 675
431 712
431 713
431 806
431 945
431 1000
432 502
432 650
432 806
432 827
432 855
432 909
433 607
433 723
433 745
433 791
433 811
433 819
433 861
433 865
433 912
434 445
434 458
434 493
434 494
434 550
434 574
434 580
434 653
434 704
434 724
434 725
434 729
434 826
435 461
435 531
435 586
435 655
435 770
435 837
435 974
436 480
436 488
436 707
436 762
436 988
437 458
437 482
437 563
437 643
437 803
437 839
437 910
437 940
437 960
438 501
438 504
438 528
438 616
438 643
438 652
438 750
438 761
438 771
438 774
438 835
438 901
439 512
439 546
439 560
439 577
439 583
439 648
439 658
439 733
439 803
439 811
439 817
439 830
439 925
439 986
440 473
440 563
440 586
440 863
440 875
440 987
441 545
441 611
441 653
441 677
441 744
441 754
441 895
441 963
442 547
442 616
442 678
442 695
442 725
442 806
442 882
443 523
443 580
443 587
443 739
443 744
443 836
443 981
444 457
444 474
444 536
444 601
444 617
444 688
444 691
444 885
444 951
445 496
445 558
445 669
445 676
445 678
445 694
445 714
445 750
445 757
445 761
445 762
446 464
446 526
446 559
446 704
446 712
446 747
446 797
446 818
446 826
446 840
446 921
446 981
446 994
447 528
447 632
447 753
447 836
447 841
447 873
448 461
448 487
448 535
448 558
448 797
448 882
448 998
449 513
449 604
449 640
449 659
449 790
449 870
449 881
449 886
449 936
450 476
450 492
450 501
450 531
450 532
450 657
450 736
450 835
450 921
451 483
451 511
451 529
451 616
451 634
451 651
451 696
451 747
451 753
451 774
451 784
451 810
451 836
451 838
452 485
452 559
452 633
452 800
452 812
452 978
453 552
453 588
453 702
453 722
453 839
453 886
453 889
453 948
454 630
454 669
454 736
454 783
454 806
455 467
455 653
455 680
455 687
455 765
455 958
455 979
456 586
456 649
456 654
456 798
456 803
456 804
456 842
456 921
456 975
457 546
457 633
457 793
457 880
457 950
457 961
458 469
458 618
458 634
458 687
458 769
458 901
459 667
459 676
459 781
459 863
459 975
460 510
460 511
460 541
460 573
460 665
460 694
460 695
460 744
460 852
460 896
460 954
461 503
461 728
461 939
461 947
461 991
462 503
462 521
462 522
462 524
462 618
462 653
462 675
462 800
462 831
462 907
462 927
462 950
462 993
463 672
463 734
463 834
463 909
463 923
464 483
464 499
464 555
464 574
464 698
464 711
464 765
464 908
465 572
465 587
465 879
465 894
465 910
466 547
466 554
466 564
466 570
466 650
466 676
466 680
466 724
466 727
466 808
466 842
466 870
466 909
467 494
467 515
467 538
467 611
467 682
467 705
467 872
467 926
468 510
468 554
468 573
468 596
468 796
468 882
468 931
468 985
469 698
469 704
469 739
469 798
469 823
469 849
469 862
469 869
469 987
470 502
470 525
470 649
470 796
470 815
471 542
471 578
471 630
471 639
471 724
471 832
471 889
471 890
471 947
471 995
472 493
472 1000
473 562
473 659
473 676
473 682
473 723
473 750
473 848
473 871
473 906
474 598
474 626
474 673
474 703
474 760
474 770
474 842
474 935
474 1000
475 489
475 554
475 588
475 612
475 652
475 852
475 906
475 971
475 985
476 528
476 592
476 619
476 632
476 649
476 694
476 827
476 847
476 856
476 864
477 586
477 606
477 631
477 777
477 814
477 872
477 951
478 533
478 577
478 591
478 749
478 835
478 908
478 948
479 485
479 595
479 826
479 963
480 705
480 757
480 764
480 819
480 882
480 954
481 577
481 704
481 755
481 758
481 885
481 912
482 557
482 607
482 629
482 648
482 825
482 906
482 985
483 512
483 717
483 723
483 758
483 868
483 890
483 900
483 903
483 930
484 486
484 510
484 626
484 674
484 841
484 864
484 973
485 561
485 620
485 672
485 775
485 856
485 859
485 885
486 506
486 715
486 749
486 773
486 827
486 892
486 904
487 501
487 534
487 601
487 664
487 688
487 769
487 790
487 827
487 841
487 990
488 573
488 590
488 628
488 663
488 867
488 879
488 888
488 958
488 986
489 643
489 644
489 788
490 562
490 834
491 585
491 929
491 930
491 950
492 506
492 531
492 554
492 671
492 701
492 722
492 782
492 917
493 788
493 794
493 824
493 897
493 991
494 525
494 592
494 670
494 686
494 784
494 789
495 643
495 724
495 734
495 863
496 523
496 591
496 593
496 663
496 779
496 784
497 580
497 589
497 704
497 742
497 825
497 957
498 622
498 779
498 920
498 953
499 515
499 547
499 560
499 612
499 669
499 684
499 686
499 717
499 730
499 777
499 938
499 958
499 968
499 986
500 740
500 789
500 844
500 893
500 924
500 929
500 950
500 985
500 998
501 637
501 642
501 654
501 680
501 847
501 897
501 909
502 546
502 614
502 623
502 712
502 920
503 550
503 618
503 772
503 795
503 823
503 853
503 974
504 616
504 649
504 672
504 977
505 535
505 626
505 679
505 792
505 829
505 929
506 560
506 622
506 644
506 762
506 820
506 859
507 518
507 534
507 576
507 584
507 587
507 649
507 839
507 842
508 655
508 721
508 771
508 855
508 987
509 637
509 643
509 656
509 672
509 736
509 803
509 813
509 843
509 937
509 968
510 537
510 553
510 570
510 587
510 696
510 762
510 785
510 872
510 920
510 955
510 962
511 590
511 631
511 750
511 800
511 823
512 610
512 683
512 695
512 747
512 819
512 939
512 986
513 547
513 622
513 657
513 664
513 729
513 746
513 776
513 799
513 959
513 965
513 967
514 656
514 803
514 850
514 927
514 952
515 519
515 629
515 709
515 712
515 774
515 793
515 844
515 967
515 981
516 628
516 786
516 823
516 828
516 925
516 991
517 559
517 679
517 849
517 870
517 903
517 995
518 535
518 655
518 789
518 893
519 576
519 581
519 612
519 648
519 656
519 726
519 762
519 886
520 601
520 625
520 672
520 673
520 689
520 850
520 862
520 964
521 537
521 565
521 581
521 599
521 606
521 702
521 728
521 789
521 852
521 853
521 938
521 942
522 530
522 561
522 953
522 976
522 978
523 689
523 719
523 982
523 986
524 565
524 743
524 758
524 799
524 888
525 597
525 607
525 657
525 661
525 690
525 693
525 829
525 860
525 869
525 894
526 682
526 814
526 830
526 861
526 863
526 874
526 910
526 978
527 547
527 594
527 721
527 839
527 851
527 917
528 558
528 674
528 743
528 782
528 918
528 963
529 592
529 746
529 816
529 834
529 951
529 980
529 981
530 610
530 682
530 738
530 771
530 849
530 880
531 583
531 590
531 771
531 864
531 900
531 946
532 675
532 695
532 711
532 724
532 729
532 759
532 928
533 550
533 583
533 601
533 645
533 872
533 879
534 639
534 751
534 842
534 896
534 963
535 562
535 703
535 733
535 736
535 915
535 948
535 970
536 761
536 805
536 817
537 608
537 727
537 738
537 824
537 875
537 932
537 939
538 554
538 886
538 895
539 559
539 596
539 648
539 665
539 1000
540 552
540 554
540 671
540 716
540 776
540 937
541 564
541 620
541 681
541 734
541 837
541 905
541 1000
542 543
542 595
542 623
542 647
542 685
542 744
542 763
542 774
542 904
542 942
543 564
543 607
543 674
543 690
543 912
543 933
543 964
543 995
544 549
544 572
544 621
544 694
544 761
544 812
544 866
545 654
545 844
545 892
545 913
545 962
546 556
546 699
546 750
546 862
546 958
547 600
547 669
547 711
547 793
547 842
547 917
547 980
547 983
547 997
548 631
548 692
548 771
548 908
548 960
548 985
549 689
549 732
549 744
549 786
549 969
550 641
550 669
551 581
551 684
551 704
551 738
551 801
551 957
552 576
552 592
552 779
552 833
552 904
553 573
553 584
553 594
553 709
553 733
553 740
553 753
553 840
553 847
553 848
553 904
553 998
554 594
554 632
554 740
554 783
554 870
554 891
554 892
554 905
554 920
554 943
554 965
555 611
555 635
555 651
555 758
555 860
556 619
556 688
556 780
556 867
556 950
556 962
556 989
557 563
557 596
557 731
557 783
557 789
557 791
557 803
557 882
557 929
558 578
558 676
558 708
558 898
559 564
559 575
559 625
559 666
559 913
559 928
560 651
560 773
560 804
560 840
560 907
560 974
561 565
561 603
561 664
561 667
561 750
561 852
561 912
561 968
562 601
562 716
562 721
562 738
562 784
562 934
562 954
563 596
563 692
563 714
563 895
563 970
564 572
564 633
564 639
564 717
564 899
564 946
564 947
564 985
565 665
565 773
565 789
565 804
565 807
566 597
566 609
566 628
566 659
566 711
566 718
566 869
566 887
566 893
566 969
567 593
567 615
567 651
567 665
567 666
567 731
567 762
567 942
567 964
567 995
567 998
568 575
568 759
568 768
568 780
568 802
568 833
568 856
568 863
568 971
568 996
569 755
569 764
569 775
569 873
569 955
570 633
570 649
570 795
570 883
570 953
571 576
571 758
571 772
571 774
571 812
571 822
571 838
571 908
571 968
572 589
572 592
572 621
573 621
573 673
573 771
573 837
573 874
573 960
574 610
574 919
574 941
575 579
575 618
575 673
575 703
575 747
576 590
576 625
576 690
576 715
576 779
576 955
577 591
577 843
577 844
577 845
577 857
577 927
578 602
578 624
578 685
578 811
578 941
579 591
579 751
579 828
579 843
579 858
579 911
579 945
579 948
580 611
580 761
580 850
580 976
581 717
581 740
581 814
581 849
581 868
581 989
582 627
582 716
582 751
582 888
583 710
583 869
583 986
584 638
584 749
584 983
585 592
585 660
585 814
585 822
586 589
586 707
586 758
586 816
587 597
588 733
588 773
588 802
588 806
588 870
588 977
589 815
589 843
589 880
589 959
589 978
590 742
590 772
590 893
591 622
591 687
591 689
591 764
591 815
591 845
591 947
591 990
591 998
592 606
592 625
592 635
592 712
592 738
592 758
592 779
592 827
592 861
592 949
593 598
593 712
593 766
593 904
594 723
594 742
595 696
595 723
595 842
596 610
596 676
596 685
596 870
596 882
596 912
596 946
597 608
597 616
597 659
597 832
597 837
597 868
598 655
598 700
598 731
598 739
598 743
598 768
598 799
598 864
598 900
599 665
599 749
599 753
599 754
599 910
599 937
600 605
600 765
600 825
600 889
600 927
600 1000
601 684
601 693
601 710
601 724
601 725
601 727
601 767
601 803
601 872
601 884
601 889
601 912
601 985
602 664
602 753
602 893
602 919
602 988
603 622
603 761
603 780
603 916
604 687
604 726
604 772
604 781
604 822
604 879
605 813
605 863
605 882
605 894
605 996
606 842
606 856
606 943
607 620
607 820
607 883
607 897
607 948
607 971
608 672
608 690
608 822
608 835
608 921
609 615
609 672
609 843
609 943
609 969
609 994
610 809
610 830
610 895
610 938
610 957
610 962
611 648
611 686
611 703
611 727
611 856
611 909
612 715
612 748
613 652
613 720
613 770
613 781
613 795
613 905
614 629
614 692
614 724
614 762
614 766
614 784
614 820
614 867
614 940
615 744
615 883
615 971
615 977
616 733
616 741
616 804
616 852
616 900
616 926
617 629
617 635
617 705
617 774
617 790
617 841
617 935
617 956
618 672
618 731
618 751
618 755
618 906
618 949
618 1000
619 747
619 814
619 871
619 926
620 638
620 685
620 693
620 770
620 797
620 880
620 943
621 694
621 716
622 807
622 922
623 629
623 844
623 906
623 931
623 963
624 652
624 716
624 856
624 920
624 977
624 995
625 722
625 815
625 875
625 884
625 965
626 787
626 951
626 958
626 974
627 657
627 745
627 756
627 840
627 851
627 892
627 944
627 955
627 967
627 992
628 713
628 790
628 822
628 948
628 950
629 702
629 757
629 825
629 886
629 931
630 643
630 673
630 870
630 891
630 977
630 1000
631 657
631 911
631 913
632 643
632 644
632 780
632 797
632 929
632 999
633 837
634 766
634 863
634 951
635 739
635 915
635 975
636 662
636 744
636 779
636 844
636 868
636 934
637 838
637 854
637 1000
638 652
638 684
638 691
638 735
638 946
639 734
639 868
639 888
640 740
640 858
640 926
640 937
641 652
641 739
641 884
642 722
642 761
642 780
642 970
643 678
643 792
643 931
644 728
644 729
645 651
645 727
645 901
646 650
646 692
646 790
647 694
647 734
647 788
647 813
647 973
648 713
648 728
648 865
649 714
649 757
649 776
649 872
649 957
649 984
650 787
650 854
650 930
651 717
651 863
651 962
651 979
652 697
653 676
653 792
654 693
654 740
654 806
654 838
654 862
655 774
655 794
655 799
655 802
655 853
656 935
656 967
656 990
657 686
657 693
657 890
658 693
658 927
659 728
659 730
660 725
660 770
660 829
660 933
660 990
661 801
661 973
661 976
662 855
662 876
662 895
662 910
662 961
662 992
663 794
663 796
663 944
664 675
664 812
664 817
664 857
664 925
664 943
665 675
666 711
666 720
666 880
666 921
666 997
667 817
667 956
667 981
668 710
668 857
668 858
668 915
669 678
669 689
669 725
669 784
669 891
669 926
670 705
670 786
670 818
670 893
670 914
671 713
671 743
671 756
671 770
671 813
671 827
671 840
671 933
672 724
672 861
672 873
672 904
672 907
672 972
672 988
673 728
673 740
673 947
674 789
674 917
674 926
675 755
675 839
675 922
675 943
675 974
676 787
676 829
676 862
677 789
677 804
677 896
677 908
677 947
677 979
678 740
678 815
678 826
678 978
679 820
679 842
680 749
680 932
681 688
681 694
681 735
681 916
682 730
682 957
682 979
682 988
683 768
683 810
683 908
683 933
684 717
684 727
684 924
685 845
685 895
686 704
686 776
686 901
687 711
687 716
687 719
687 949
687 973
688 772
688 837
688 843
689 753
689 843
689 913
689 925
689 928
689 933
689 945
690 717
690 807
690 965
691 692
691 721
691 771
691 834
691 993
692 699
692 718
692 920
692 981
693 742
693 772
694 756
694 868
695 791
695 845
695 935
695 993
696 809
696 840
696 877
696 991
696 996
697 769
697 823
697 849
697 881
697 902
698 725
698 737
699 775
699 804
699 847
699 891
700 738
700 777
700 792
700 843
700 865
700 877
700 903
701 715
701 750
701 807
701 864
701 894
701 967
701 974
701 983
702 898
702 959
703 722
703 832
703 869
703 986
704 786
704 792
704 804
704 840
704 893
704 907
704 922
704 924
705 731
705 845
705 855
705 928
705 970
705 979
705 998
706 723
706 837
706 980
707 730
707 766
707 773
707 850
707 855
707 864
707 870
707 972
708 782
708 856
708 947
708 982
709 783
709 841
709 867
709 871
709 886
709 976
709 988
710 796
710 910
710 977
710 983
711 726
711 740
711 749
711 759
711 799
711 829
711 833
711 869
711 982
712 772
712 859
712 902
712 960
713 714
713 717
713 788
713 911
713 913
714 733
714 756
714 815
714 837
714 889
714 964
714 978
715 826
715 849
715 897
715 928
716 723
716 735
716 784
716 874
716 987
716 995
717 756
717 773
717 801
718 816
719 780
719 892
719 916
720 733
720 798
720 989
721 727
721 778
721 863
721 887
722 787
722 915
722 930
722 971
722 985
723 794
723 831
723 838
723 854
723 909
723 930
723 936
723 963
724 742
724 805
724 861
724 914
725 751
725 752
725 774
725 818
725 920
725 942
726 858
726 863
726 903
726 906
726 951
727 734
727 815
727 941
728 738
728 739
728 864
729 825
729 841
729 861
729 891
729 914
729 966
729 974
730 761
730 772
730 848
730 878
730 962
731 774
731 795
731 892
732 905
732 929
732 956
733 875
733 961
734 739
734 740
734 766
734 768
734 791
734 827
734 846
734 868
734 935
734 946
734 972
735 742
735 746
735 759
735 796
735 816
735 834
735 844
735 917
736 744
736 864
736 935
737 780
737 782
737 821
737 833
737 884
737 977
738 748
738 920
738 945
738 947
739 811
739 852
739 859
739 888
739 901
739 949
740 892
740 939
741 820
741 841
741 907
742 756
742 764
742 800
742 952
743 772
743 856
743 918
743 939
743 967
743 968
743 990
744 795
744 890
746 902
747 823
747 925
748 795
749 756
749 809
749 842
749 845
749 859
749 871
749 986
749 991
750 764
750 780
750 893
750 992
751 780
751 803
751 816
751 927
751 975
752 920
752 966
753 782
753 810
753 878
754 832
755 929
755 962
756 793
756 850
757 769
757 997
758 835
758 898
758 933
760 948
760 971
761 766
761 784
761 878
761 883
761 890
762 765
762 814
762 895
762 896
762 980
763 767
763 863
763 913
763 936
764 782
764 850
764 952
764 995
765 922
766 810
766 885
766 904
767 783
767 789
767 835
767 883
767 888
767 896
767 988
768 780
768 850
768 859
768 968
769 888
769 912
769 959
770 780
770 787
770 822
770 907
770 935
770 949
771 820
771 892
772 800
772 802
772 851
772 881
772 946
773 800
773 809
773 935
774 842
774 853
774 862
774 900
774 904
774 957
774 968
775 851
775 900
775 936
776 788
776 845
776 936
777 871
777 899
777 911
777 987
777 991
778 810
778 907
778 926
778 988
778 999
779 850
779 869
780 803
780 818
780 820
780 831
780 846
780 927
781 797
782 939
783 801
783 926
784 917
784 960
785 807
785 808
785 918
786 856
786 893
786 911
786 918
786 977
787 816
788 802
788 922
789 843
789 890
790 809
790 893
790 898
790 937
791 876
791 927
791 935
792 848
792 889
792 892
792 930
792 942
792 945
792 961
793 796
793 836
794 982
795 812
795 966
796 868
796 980
797 854
797 908
798 849
798 904
798 905
798 927
798 993
799 840
799 872
799 895
800 819
800 920
801 921
801 970
802 859
803 851
803 891
804 907
804 954
805 815
805 881
805 938
805 988
806 978
807 839
807 842
807 974
808 816
808 923
808 984
810 829
810 964
812 819
813 870
813 888
813 892
813 966
813 970
814 841
814 866
814 872
814 954
814 958
814 970
815 825
815 879
815 911
816 899
816 938
816 992
817 928
818 839
818 930
819 896
820 921
820 928
820 944
820 961
821 898
821 901
821 946
822 857
822 976
823 860
823 893
824 894
825 840
825 855
825 862
825 894
825 903
826 896
826 945
827 923
827 954
828 924
829 919
829 935
829 946
829 956
830 927
830 973
830 1000
831 906
832 843
833 840
833 994
834 874
835 841
835 910
836 860
838 856
838 889
838 941
838 994
839 976
841 988
843 937
844 920
844 970
845 860
846 877
846 996
848 935
848 949
848 963
849 929
850 886
850 896
850 957
851 912
851 913
852 853
852 870
852 899
852 945
853 859
853 985
855 896
855 930
855 978
856 861
856 925
856 942
857 882
857 902
858 863
858 919
858 942
859 904
859 933
859 961
860 885
861 875
861 898
861 909
861 973
862 898
862 921
864 868
864 880
865 880
865 918
865 922
865 993
867 887
867 908
868 893
870 893
870 917
871 896
871 942
872 982
873 880
873 898
873 1000
874 911
874 919
876 950
877 973
880 948
881 943
882 907
883 894
883 924
883 968
883 988
884 984
885 890
885 963
886 933
886 990
887 892
887 904
888 899
888 980
889 916
890 896
890 991
890 1000
891 920
891 995
892 939
893 975
895 915
896 938
898 983
899 909
900 1000
901 923
902 906
903 935
903 939
905 937
905 944
906 915
906 939
906 957
907 939
907 978
908 967
908 993
909 936
909 987
909 990
910 944
912 919
912 935
912 966
912 978
913 943
915 953
917 949
918 937
918 958
918 961
918 974
919 938
919 976
919 985
920 991
921 969
923 976
924 933
924 969
924 973
924 980
925 932
925 962
925 977
926 953
928 985
931 944
932 944
933 971
936 952
940 961
943 986
943 990
945 952
945 992
946 957
946 983
946 984
950 960
950 998
952 986
954 993
955 996
960 973
967 992
974 1000
980 997
983 992
996 999
