1000 6999
1 9
1 141
1 184
1 247
1 332
1 359
1 602
1 659
1 682
1 741
1 851
1 870
1 914
1 929
1 997
2 294
2 336
2 364
2 533
2 590
2 684
2 730
2 754
2 782
2 879
2 882
2 896
2 903
2 938
3 36
3 80
3 120
3 142
3 170
3 172
3 221
3 321
3 412
3 469
3 548
3 616
3 671
3 870
3 968
4 72
4 81
4 134
4 331
4 352
4 405
4 438
4 450
4 523
4 535
4 569
4 610
4 614
4 737
4 760
4 792
4 892
4 988
4 994
5 213
5 375
5 407
5 429
5 466
5 507
5 509
5 520
5 540
5 646
5 647
5 855
5 980
5 996
6 64
6 82
6 130
6 211
6 407
6 494
6 504
6 511
6 594
6 859
6 902
6 904
7 51
7 121
7 133
7 339
7 368
7 423
7 437
7 483
7 497
7 549
7 629
7 737
7 779
7 882
7 912
8 10
8 40
8 178
8 301
8 317
8 392
8 501
8 631
8 654
8 679
8 770
8 848
8 864
8 898
8 946
9 100
9 183
9 358
9 359
9 396
9 517
9 560
9 656
9 753
9 775
9 781
9 979
10 27
10 51
10 55
10 94
10 226
10 317
10 325
10 396
10 421
10 448
10 452
10 477
10 535
10 710
10 747
10 792
10 797
10 960
11 72
11 119
11 123
11 298
11 409
11 424
11 481
11 509
11 564
11 693
11 713
11 793
11 918
11 943
11 945
11 974
12 93
12 213
12 215
12 241
12 352
12 397
12 474
12 595
12 637
12 677
12 680
12 869
12 873
12 961
13 16
13 26
13 44
13 62
13 338
13 363
13 396
13 402
13 492
13 606
13 675
13 820
13 923
13 969
14 63
14 95
14 97
14 101
14 296
14 351
14 358
14 506
14 532
14 553
14 605
14 679
14 717
14 725
14 761
14 859
14 885
14 905
14 908
14 940
14 981
15 20
15 53
15 152
15 176
15 193
15 319
15 326
15 384
15 545
15 584
15 701
15 783
15 853
16 20
16 197
16 202
16 303
16 541
16 617
16 954
16 997
17 75
17 90
17 127
17 143
17 144
17 191
17 212
17 229
17 250
17 255
17 299
17 331
17 379
17 448
17 488
17 506
17 534
17 556
17 614
17 628
17 936
18 69
18 112
18 121
18 138
18 146
18 338
18 363
18 369
18 375
18 476
18 625
18 697
18 796
18 990
19 66
19 94
19 121
19 205
19 309
19 350
19 578
19 619
19 675
19 884
19 892
19 950
19 986
19 1000
20 35
20 219
20 336
20 559
20 582
20 795
20 804
20 819
20 861
20 906
20 955
21 33
21 36
21 38
21 167
21 343
21 353
21 592
21 609
21 622
21 657
21 667
21 860
21 889
22 80
22 83
22 97
22 141
22 174
22 214
22 279
22 290
22 359
22 370
22 501
22 527
22 567
22 687
22 766
22 837
22 971
23 29
23 49
23 75
23 113
23 132
23 226
23 282
23 387
23 402
23 439
23 491
23 535
23 546
23 710
23 852
23 911
23 981
24 27
24 31
24 202
24 331
24 335
24 468
24 609
24 647
24 680
24 730
24 767
24 770
24 825
24 881
25 121
25 303
25 369
25 434
25 536
25 695
25 704
25 862
25 902
25 925
25 988
26 106
26 219
26 223
26 234
26 246
26 251
26 334
26 362
26 400
26 499
26 544
26 597
26 636
26 640
26 681
26 881
26 972
27 101
27 177
27 213
27 219
27 282
27 340
27 366
27 389
27 488
27 674
27 700
27 787
27 790
27 814
27 942
27 980
28 60
28 140
28 180
28 243
28 288
28 528
28 538
28 550
28 634
28 648
28 663
28 697
28 738
28 878
28 919
28 993
29 141
29 237
29 304
29 313
29 451
29 452
29 477
29 577
29 583
29 892
29 982
30 37
30 49
30 104
30 139
30 284
30 287
30 320
30 331
30 345
30 368
30 419
30 506
30 611
30 914
30 936
30 979
31 35
31 184
31 239
31 646
31 714
31 725
31 748
31 772
31 782
31 837
31 857
31 935
32 42
32 438
32 482
32 496
32 520
32 551
32 607
32 671
32 688
32 695
32 709
32 761
32 829
32 852
32 889
32 935
32 952
33 63
33 92
33 245
33 320
33 381
33 454
33 705
33 741
33 746
33 952
34 166
34 170
34 245
34 261
34 395
34 454
34 598
34 614
34 635
34 758
34 791
35 48
35 84
35 101
35 128
35 172
35 334
35 439
35 715
36 347
36 374
36 408
36 415
36 554
36 595
36 662
36 688
36 717
36 877
36 951
37 81
37 90
37 96
37 153
37 202
37 347
37 358
37 414
37 467
37 484
37 564
37 613
37 683
37 691
37 720
37 726
37 801
37 997
38 50
38 185
38 351
38 427
38 487
38 595
38 639
38 652
38 724
38 811
38 832
38 833
38 837
38 928
38 930
38 932
39 194
39 207
39 328
39 391
39 404
39 425
39 431
39 554
39 699
39 769
39 856
39 905
39 917
40 41
40 141
40 172
40 217
40 435
40 589
40 726
40 729
40 755
40 847
40 949
40 993
41 110
41 246
41 293
41 325
41 337
41 431
41 486
41 561
41 625
41 693
41 754
41 843
42 56
42 112
42 168
42 238
42 356
42 358
42 544
42 617
42 759
42 782
42 839
42 958
43 87
43 115
43 127
43 264
43 622
43 638
43 712
43 802
43 832
43 841
44 94
44 152
44 157
44 210
44 277
44 369
44 372
44 457
44 516
44 551
44 646
44 666
44 725
44 760
44 795
44 798
44 875
44 935
45 157
45 299
45 306
45 316
45 503
45 539
45 570
45 693
45 811
45 815
45 862
45 867
45 958
46 90
46 214
46 366
46 514
46 602
46 636
46 661
46 668
46 764
46 797
46 856
46 976
47 171
47 186
47 299
47 331
47 374
47 399
47 474
47 581
47 628
47 690
47 751
47 858
48 202
48 232
48 234
48 282
48 366
48 466
48 472
48 486
48 572
48 655
48 836
48 859
48 915
49 122
49 156
49 296
49 406
49 410
49 431
49 500
49 570
49 576
49 579
49 726
49 809
49 864
49 954
50 58
50 77
50 122
50 183
50 223
50 247
50 254
50 261
50 368
50 432
50 475
50 520
50 605
50 611
50 705
50 720
50 780
50 790
50 889
50 936
50 958
50 967
51 57
51 104
51 192
51 244
51 287
51 304
51 405
51 411
51 518
51 590
51 612
51 824
51 911
52 77
52 122
52 205
52 266
52 320
52 354
52 392
52 517
52 567
52 591
52 612
52 780
52 795
52 848
52 972
53 185
53 204
53 275
53 361
53 489
53 526
53 925
54 58
54 145
54 194
54 365
54 580
54 620
54 664
54 720
54 779
54 813
54 1000
55 81
55 88
55 93
55 150
55 178
55 184
55 195
55 241
55 308
55 346
55 434
55 497
55 598
55 634
55 646
55 684
55 739
55 786
55 804
55 819
55 851
55 877
56 92
56 104
56 237
56 256
56 289
56 343
56 349
56 353
56 355
56 374
56 399
56 673
56 748
56 902
56 928
57 129
57 167
57 175
57 184
57 239
57 256
57 259
57 300
57 363
57 587
57 610
57 630
57 771
57 788
57 792
57 815
57 944
58 122
58 209
58 310
58 321
58 332
58 367
58 450
58 524
58 533
58 560
58 612
58 637
58 671
58 715
58 746
58 794
58 806
58 844
58 877
58 891
58 969
59 207
59 425
59 653
59 730
59 764
59 780
59 862
59 933
59 993
60 199
60 210
60 234
60 422
60 441
60 562
60 712
60 914
61 273
61 406
61 565
61 741
61 752
61 768
62 120
62 240
62 274
62 452
62 503
62 562
62 671
62 803
62 811
62 843
62 879
62 935
62 936
62 945
63 174
63 230
63 232
63 234
63 239
63 270
63 697
63 795
64 183
64 244
64 279
64 386
64 390
64 410
64 505
64 541
64 560
64 619
64 655
64 727
64 767
64 816
65 91
65 106
65 318
65 404
65 433
65 486
65 533
65 548
65 616
65 622
65 690
65 812
65 892
65 941
66 83
66 168
66 210
66 225
66 277
66 307
66 327
66 402
66 427
66 436
66 449
66 555
66 577
66 705
66 739
66 780
66 881
66 961
67 74
67 144
67 202
67 225
67 242
67 245
67 257
67 267
67 370
67 430
67 505
67 563
67 568
67 662
67 705
67 749
67 795
67 954
67 961
68 77
68 169
68 175
68 287
68 296
68 391
68 445
68 497
68 565
68 659
68 718
68 763
68 771
68 880
68 954
69 134
69 322
69 364
69 495
69 510
69 601
69 693
69 726
69 791
69 892
69 951
69 989
69 991
70 219
70 491
70 499
70 605
70 637
70 638
70 758
70 792
70 805
70 899
70 905
70 952
71 173
71 175
71 183
71 336
71 357
71 380
71 415
71 422
71 477
71 539
71 575
71 626
71 684
71 699
71 727
71 798
71 799
71 851
71 867
71 924
72 75
72 148
72 196
72 312
72 440
72 445
72 487
72 501
72 690
72 828
73 206
73 264
73 317
73 318
73 397
73 402
73 500
73 520
73 529
73 660
73 705
73 715
73 781
73 891
73 901
73 938
74 78
74 79
74 99
74 182
74 555
74 605
74 719
74 793
74 878
74 929
74 936
75 112
75 172
75 196
75 302
75 322
75 359
75 379
75 382
75 408
75 504
75 513
75 636
75 757
75 832
75 935
75 943
76 128
76 313
76 323
76 392
76 420
76 421
76 508
76 513
76 520
76 555
76 607
76 646
76 730
76 806
76 853
76 927
77 311
77 433
77 662
77 695
77 720
77 766
77 866
77 894
78 153
78 350
78 396
78 424
78 537
78 538
78 661
78 673
78 683
78 745
78 809
78 830
78 879
79 315
79 396
79 429
79 649
79 831
79 846
79 852
79 856
79 945
79 974
80 227
80 293
80 461
80 542
80 930
80 965
80 983
81 85
81 203
81 358
81 477
81 564
81 802
82 106
82 141
82 180
82 227
82 272
82 508
82 621
82 712
82 750
82 778
82 814
82 961
83 120
83 138
83 220
83 320
83 594
83 779
83 826
84 105
84 202
84 270
84 295
84 316
84 318
84 616
84 637
84 808
84 887
84 950
84 960
84 1000
85 132
85 249
85 277
85 298
85 374
85 398
85 494
85 602
85 652
85 653
85 719
85 745
85 835
85 847
85 953
86 112
86 133
86 172
86 249
86 271
86 670
86 911
86 943
87 108
87 120
87 235
87 342
87 443
87 470
87 481
87 536
87 677
87 761
87 792
87 834
88 140
88 164
88 205
88 218
88 297
88 410
88 423
88 430
88 442
88 447
88 459
88 460
88 573
88 819
88 940
88 949
89 332
89 438
89 610
89 651
89 658
89 779
89 817
90 128
90 210
90 240
90 265
90 347
90 452
90 739
90 787
90 831
90 957
90 988
91 193
91 258
91 271
91 351
91 376
91 405
91 503
91 522
91 592
91 604
91 777
91 833
91 850
91 875
91 884
92 134
92 155
92 329
92 347
92 349
92 412
92 466
92 558
92 577
92 665
92 682
92 735
92 765
92 872
92 963
92 998
93 116
93 160
93 170
93 245
93 332
93 433
93 463
93 469
93 532
93 564
93 578
93 708
93 749
93 817
93 962
93 974
93 993
94 97
94 239
94 253
94 287
94 345
94 443
94 548
94 562
94 576
94 602
94 622
94 639
94 689
94 794
94 880
94 893
94 900
95 145
95 205
95 314
95 337
95 347
95 405
95 432
95 514
95 632
95 659
95 670
95 730
95 814
95 907
96 194
96 268
96 513
96 603
96 617
96 626
96 628
96 668
96 717
96 736
96 849
96 914
96 935
97 102
97 553
97 575
97 637
97 670
97 737
97 738
97 762
97 816
97 838
97 979
98 161
98 252
98 291
98 478
98 710
98 791
98 813
98 890
98 968
98 990
99 100
99 180
99 207
99 260
99 266
99 321
99 326
99 341
99 358
99 359
99 396
99 398
99 426
99 526
99 535
99 720
99 735
99 802
99 939
99 948
99 952
100 199
100 236
100 253
100 418
100 464
100 478
100 480
100 507
100 570
100 631
100 680
100 804
100 840
100 950
101 461
101 636
101 643
101 716
101 744
101 845
101 906
101 963
102 119
102 139
102 169
102 201
102 263
102 274
102 306
102 394
102 414
102 455
102 502
102 520
102 566
102 593
102 616
102 691
102 741
102 866
102 920
102 976
103 205
103 235
103 349
103 527
103 565
103 737
103 744
103 851
104 290
104 350
104 470
104 670
104 711
104 726
104 929
105 374
105 471
105 483
105 495
105 553
105 592
105 697
105 705
105 706
105 710
105 766
105 773
106 120
106 122
106 282
106 308
106 458
106 517
106 522
106 769
106 783
106 841
106 931
107 360
107 455
107 573
107 617
107 775
107 825
108 127
108 225
108 239
108 451
108 557
108 562
108 785
108 840
108 935
109 156
109 209
109 210
109 213
109 268
109 382
109 490
109 533
109 569
109 604
109 811
109 877
110 197
110 273
110 285
110 506
110 524
110 871
110 988
111 388
111 526
111 546
111 583
111 673
111 759
111 853
111 901
112 172
112 222
112 229
112 279
112 285
112 298
112 521
112 749
112 775
112 853
112 863
112 969
112 983
113 159
113 213
113 234
113 338
113 344
113 346
113 372
113 382
113 432
113 437
113 463
113 514
113 567
113 594
113 683
113 712
113 870
113 911
113 931
114 117
114 254
114 290
114 299
114 410
114 440
114 543
114 569
114 729
114 749
114 808
114 871
114 905
114 973
114 993
115 142
115 173
115 192
115 302
115 358
115 432
115 448
115 642
115 697
115 745
115 750
115 779
115 791
115 832
115 883
115 991
116 140
116 168
116 372
116 389
116 390
116 529
116 590
116 602
116 603
116 614
116 615
116 659
116 821
116 826
116 887
116 918
116 962
116 988
117 124
117 128
117 146
117 173
117 326
117 340
117 737
117 806
117 852
117 892
117 901
117 957
118 138
118 227
118 360
118 506
118 522
118 616
118 702
118 774
118 782
119 199
119 336
119 362
119 467
119 490
119 602
119 799
119 825
119 830
119 944
119 993
120 171
120 253
120 265
120 285
120 427
120 445
120 446
120 455
120 470
120 511
120 536
120 575
120 609
120 633
120 655
120 659
120 829
120 885
120 887
120 893
120 971
120 975
121 137
121 164
121 203
121 205
121 367
121 394
121 422
121 425
121 480
121 565
121 606
121 627
121 794
121 851
121 892
121 980
122 185
122 233
122 295
122 313
122 436
122 545
122 552
122 601
122 608
122 651
122 772
122 906
122 914
123 144
123 178
123 185
123 210
123 388
123 600
123 660
123 731
123 771
123 884
123 892
123 967
124 169
124 446
124 462
124 497
124 546
124 605
124 677
124 705
124 731
124 808
124 824
124 888
124 978
124 989
124 1000
125 195
125 241
125 289
125 406
125 514
125 529
125 632
125 680
125 717
125 786
125 884
125 900
125 929
125 961
126 168
126 213
126 234
126 259
126 332
126 362
126 442
126 515
126 627
126 670
126 758
126 766
126 780
126 858
126 866
126 867
126 889
126 967
127 149
127 292
127 304
127 328
127 617
127 692
127 936
128 146
128 152
128 180
128 187
128 269
128 281
128 290
128 299
128 306
128 397
128 427
128 428
128 546
128 603
128 631
128 721
128 743
128 765
128 981
129 131
129 181
129 275
129 340
129 685
129 773
129 938
130 251
130 366
130 478
130 528
130 571
130 758
130 779
130 787
130 866
130 920
130 979
131 165
131 286
131 303
131 347
131 383
131 399
131 491
131 533
131 640
131 692
131 776
132 286
132 288
132 422
132 460
132 578
132 596
132 600
132 631
132 708
132 937
133 236
133 341
133 366
133 669
133 733
133 751
133 790
134 194
134 271
134 302
134 311
134 342
134 553
134 562
134 619
134 799
134 850
134 871
134 907
135 145
135 308
135 461
135 509
135 536
135 749
135 799
135 864
135 926
135 968
135 981
136 160
136 205
136 320
136 323
136 466
136 579
136 691
136 694
136 736
136 977
136 978
136 998
136 1000
137 157
137 192
137 281
137 306
137 534
137 618
137 748
137 763
137 888
137 916
137 982
138 152
138 153
138 156
138 251
138 271
138 326
138 416
138 542
138 571
138 647
138 686
138 707
138 833
138 863
138 884
138 909
139 176
139 361
139 391
139 403
139 406
139 545
139 592
139 728
139 753
139 777
139 914
140 148
140 204
140 235
140 339
140 457
140 468
140 673
140 808
140 856
140 882
140 969
140 977
141 166
141 178
141 264
141 465
141 603
141 612
141 623
141 644
141 795
141 815
141 891
142 256
142 283
142 348
142 404
142 435
142 464
142 521
142 669
142 746
142 832
142 885
143 200
143 215
143 428
143 862
144 320
144 399
144 468
144 472
144 487
144 548
144 609
144 610
144 836
145 194
145 200
145 419
145 461
145 531
145 598
145 625
145 834
145 943
145 962
145 990
146 156
146 431
146 494
146 782
146 823
146 908
146 914
147 267
147 310
147 322
147 404
147 438
147 563
147 608
147 680
147 746
147 767
147 873
147 925
147 984
147 987
148 202
148 255
148 312
148 367
148 568
148 581
148 690
148 765
148 945
149 183
149 224
149 419
149 483
149 631
149 647
149 659
149 706
149 795
149 812
149 951
149 961
149 976
150 168
150 175
150 301
150 317
150 350
150 420
150 437
150 470
150 628
150 647
150 655
150 793
151 164
151 169
151 198
151 254
151 279
151 283
151 344
151 363
151 465
151 522
151 558
151 561
151 692
151 817
151 906
151 976
152 192
152 400
152 413
152 452
152 497
152 515
152 559
152 571
152 594
152 636
152 725
152 747
152 815
152 874
152 904
153 154
153 273
153 294
153 565
153 632
153 658
153 712
153 724
153 935
153 984
154 288
154 371
154 375
154 491
154 497
154 728
154 784
154 978
155 313
155 319
155 338
155 438
155 565
155 577
155 734
155 761
155 929
156 326
156 362
156 414
156 440
156 449
156 526
156 544
156 603
156 734
156 784
157 298
157 335
157 434
157 475
157 548
157 689
157 870
157 875
157 950
158 168
158 504
158 509
158 589
158 610
158 611
158 635
158 648
158 760
158 775
158 803
158 815
158 825
158 911
158 986
159 173
159 183
159 208
159 239
159 244
159 314
159 317
159 388
159 445
159 454
159 675
159 749
159 751
159 756
159 766
159 895
160 185
160 312
160 331
160 428
160 439
160 460
160 489
160 570
160 586
160 632
160 824
160 953
160 991
161 286
161 301
161 564
161 590
161 599
161 620
161 626
161 642
161 722
161 853
161 879
161 914
161 978
162 203
162 220
162 243
162 332
162 427
162 429
162 440
162 452
162 659
162 692
162 721
162 789
162 804
162 836
162 842
162 891
162 892
163 183
163 188
163 248
163 347
163 357
163 460
163 538
163 586
163 608
163 743
163 837
163 938
164 208
164 232
164 265
164 353
164 439
164 670
164 686
164 816
164 958
164 998
165 191
165 222
165 255
165 307
165 471
165 552
165 572
165 620
165 647
165 650
165 896
166 244
166 331
166 516
166 522
166 672
166 677
166 868
166 938
166 955
167 319
167 433
167 527
167 651
167 691
167 743
167 770
167 803
167 832
167 847
168 225
168 358
168 412
168 642
168 770
168 935
168 984
169 226
169 246
169 285
169 312
169 345
169 362
169 596
169 671
169 725
169 767
169 769
170 265
170 274
170 280
170 302
170 496
170 542
170 553
170 604
170 666
170 780
170 963
171 240
171 317
171 328
171 365
171 540
171 557
171 631
171 714
171 862
171 898
171 964
171 966
171 980
171 994
172 190
172 228
172 233
172 310
172 387
172 421
172 427
172 432
172 440
172 504
172 527
172 573
172 691
172 785
173 191
173 330
173 358
173 411
173 426
173 478
173 676
173 807
173 940
173 995
174 204
174 270
174 321
174 471
174 576
174 626
174 804
174 805
174 920
174 976
175 183
175 264
175 271
175 323
175 380
175 412
175 529
175 556
175 582
176 403
176 481
176 576
176 659
176 777
176 954
176 965
176 978
177 323
177 382
177 388
177 500
177 649
177 671
177 688
177 876
177 902
177 938
177 961
178 283
178 405
178 430
178 457
178 518
178 529
178 650
178 809
178 925
179 232
179 267
179 310
179 335
179 441
179 448
179 532
179 541
179 605
179 645
179 654
179 708
179 746
179 849
179 910
179 923
180 204
180 222
180 326
180 373
180 508
180 560
180 571
180 676
180 747
180 854
180 874
180 930
181 199
181 200
181 238
181 391
181 419
181 458
181 616
181 632
181 634
181 671
182 236
182 248
182 251
182 256
182 322
182 343
182 346
182 445
182 456
182 604
182 710
182 806
182 963
182 990
183 239
183 316
183 320
183 369
183 729
183 845
183 943
184 239
184 333
184 356
184 387
184 402
184 487
184 514
184 553
184 580
184 596
184 852
184 951
184 989
185 226
185 245
185 257
185 320
185 362
185 467
185 476
185 479
185 482
185 570
185 589
185 882
186 223
186 240
186 335
186 403
186 505
186 514
186 544
186 693
186 776
186 780
186 822
186 852
186 906
186 909
186 957
187 264
187 371
187 405
187 444
187 495
187 516
187 690
187 697
187 811
187 937
188 261
188 285
188 292
188 434
188 492
188 638
188 686
188 688
188 755
188 924
188 951
189 228
189 271
189 438
189 608
189 731
189 753
189 833
189 926
189 955
190 256
190 319
190 382
190 595
190 615
190 731
190 961
191 237
191 286
191 313
191 370
191 423
191 549
191 568
191 739
191 795
191 839
192 218
192 273
192 293
192 346
192 374
192 456
192 556
192 581
192 600
192 648
192 653
192 783
192 803
192 818
192 843
192 855
193 218
193 426
193 585
193 644
193 647
193 939
194 200
194 207
194 298
194 335
194 359
194 697
194 724
194 780
194 932
194 961
194 976
195 261
195 332
195 408
195 439
195 726
195 809
195 914
196 201
196 381
196 385
196 400
196 479
196 573
196 607
196 723
196 781
196 852
197 247
197 254
197 268
197 287
197 364
197 389
197 408
197 409
197 432
197 438
197 480
197 719
197 820
197 862
197 901
198 234
198 335
198 358
198 420
198 491
198 495
198 515
198 639
198 643
198 676
198 748
198 771
198 924
198 938
198 996
199 209
199 256
199 276
199 312
199 330
199 387
199 757
199 777
199 902
199 991
200 245
200 388
200 466
200 566
200 585
200 637
200 695
200 741
200 754
200 770
200 807
200 840
200 845
200 927
201 220
201 273
201 325
201 373
201 544
201 568
201 643
201 653
201 840
201 919
202 230
202 290
202 389
202 410
202 510
202 770
202 772
202 807
202 961
203 209
203 288
203 366
203 460
203 559
203 716
203 836
203 846
203 862
203 940
204 235
204 371
204 373
204 417
204 464
204 694
204 721
204 762
204 793
205 248
205 253
205 317
205 468
205 644
205 656
205 680
205 709
205 827
205 834
206 453
206 607
206 614
206 835
206 890
206 987
207 226
207 258
207 428
207 429
207 452
207 512
207 567
207 758
207 876
207 883
207 894
207 930
207 969
208 220
208 225
208 280
208 371
208 392
208 470
208 483
208 489
208 552
208 625
208 658
208 665
208 732
208 753
208 893
208 899
209 720
209 797
210 315
210 324
210 338
210 398
210 484
210 531
210 557
210 576
210 610
210 617
210 717
210 729
210 808
210 838
210 841
210 867
211 233
211 254
211 295
211 324
211 366
211 441
211 561
211 688
211 714
211 752
211 764
211 842
211 897
212 320
212 597
212 701
212 765
212 808
212 841
212 879
212 916
213 510
213 514
213 603
213 638
213 866
213 983
213 987
213 993
214 295
214 296
214 491
214 638
214 643
214 994
215 377
215 399
215 428
215 454
215 625
215 646
215 852
215 917
216 318
216 374
216 393
216 777
216 831
216 842
216 880
216 893
216 961
216 1000
217 249
217 501
217 606
217 626
217 640
217 670
217 711
217 727
217 744
217 952
218 223
218 228
218 372
218 458
218 487
218 520
218 614
218 654
218 758
218 903
218 995
219 287
219 297
219 335
219 341
219 388
219 417
219 453
219 543
219 575
219 582
219 662
219 677
219 685
219 686
219 730
219 782
219 867
219 906
219 910
219 980
220 241
220 296
220 521
220 593
220 636
220 663
220 797
220 846
220 933
221 229
221 255
221 291
221 374
221 524
221 535
221 554
221 586
221 772
221 967
222 317
222 373
222 445
222 504
222 529
222 652
222 670
222 714
222 749
222 877
223 297
223 485
223 614
223 918
223 929
223 999
224 257
224 331
224 405
224 416
224 622
224 639
224 732
224 885
224 925
224 970
225 355
225 366
225 471
225 578
225 639
225 707
225 806
225 837
226 404
226 442
226 524
226 565
226 636
226 794
226 809
226 822
226 834
226 844
226 966
227 332
227 444
227 459
227 465
227 477
227 579
227 592
227 667
227 692
227 748
227 800
227 848
227 907
227 963
228 234
228 334
228 350
228 508
228 535
228 591
228 700
228 765
228 772
228 798
228 840
228 844
228 938
228 943
229 396
229 482
229 581
229 762
229 773
229 885
230 363
230 370
230 430
230 473
230 488
230 512
230 594
230 650
230 731
230 743
230 865
230 977
231 238
231 347
231 429
231 448
231 511
231 630
231 636
231 699
231 773
231 862
231 879
231 891
231 915
231 960
232 288
232 323
232 347
232 446
232 474
232 485
232 493
232 530
232 631
232 682
232 836
232 875
232 922
232 930
232 957
232 992
233 279
233 452
233 475
233 492
233 537
233 726
233 834
233 880
233 883
233 959
233 996
234 260
234 285
234 295
234 300
234 453
234 489
234 530
234 531
234 616
234 630
234 723
234 734
235 383
235 385
235 393
235 468
235 490
235 498
235 745
235 781
235 986
236 244
236 299
236 326
236 424
236 451
236 512
236 549
236 592
236 859
236 909
236 916
237 313
237 342
237 380
237 427
237 572
237 653
237 666
237 783
237 788
237 889
237 938
238 292
238 296
238 557
238 573
238 586
238 609
238 678
238 713
238 748
238 931
238 951
239 312
239 446
239 514
239 554
239 586
239 648
239 706
239 774
239 786
239 978
240 271
240 341
240 353
240 394
240 399
240 423
240 504
240 535
240 582
240 584
240 632
240 658
240 677
240 815
240 849
240 909
240 996
241 334
241 479
241 847
241 929
242 342
242 782
242 830
242 849
243 516
243 636
243 650
243 723
243 740
243 787
243 820
243 826
243 842
243 872
244 257
244 297
244 330
244 434
244 482
244 574
244 587
244 592
244 604
244 697
244 780
244 819
244 883
244 889
244 982
245 400
245 488
245 518
245 749
245 750
245 864
245 906
245 979
246 264
246 285
246 313
246 435
246 436
246 554
246 613
246 615
246 620
246 694
246 755
246 777
246 812
246 858
246 867
246 927
247 317
247 436
247 510
247 533
247 599
247 767
247 781
247 859
247 916
247 988
247 993
248 349
248 375
248 380
248 393
248 439
248 447
248 629
248 659
248 721
248 728
248 922
249 323
249 451
249 520
249 556
249 675
249 697
249 702
249 709
249 739
249 773
249 909
249 927
249 984
250 270
250 296
250 298
250 389
250 412
250 457
250 477
250 577
250 644
250 655
250 667
250 775
250 808
250 889
250 915
250 935
251 335
251 415
251 450
251 487
251 550
251 706
251 729
251 769
251 809
251 817
251 952
252 261
252 267
252 274
252 312
252 443
252 472
252 511
252 674
252 681
252 730
252 747
252 768
252 871
252 926
253 321
253 397
253 417
253 489
253 598
253 749
253 871
253 878
253 909
253 930
253 985
253 1000
254 257
254 267
254 281
254 407
254 517
254 654
254 697
254 793
254 893
254 943
255 273
255 276
255 338
255 521
255 578
255 704
255 766
255 828
255 834
255 972
255 989
256 361
256 390
256 412
256 474
256 559
256 654
256 669
256 808
256 984
257 297
257 461
257 718
257 810
257 859
257 931
257 958
257 975
257 994
258 276
258 377
258 397
258 503
258 533
258 587
258 887
259 276
259 650
259 661
259 749
259 804
259 827
259 837
259 850
259 883
259 891
259 941
260 325
260 428
260 532
260 555
260 558
260 567
260 576
260 654
260 674
260 705
260 707
260 711
260 853
261 319
261 378
261 425
261 523
261 538
261 585
261 602
261 629
261 691
261 837
261 849
261 850
262 372
262 568
262 572
262 627
262 653
262 687
262 830
262 886
263 339
263 369
263 382
263 396
263 413
263 474
263 520
263 704
263 811
263 849
263 867
263 886
263 903
263 938
264 277
264 303
264 347
264 369
264 398
264 466
264 502
264 516
264 616
264 674
264 679
264 704
264 814
264 824
264 883
265 332
265 397
265 422
265 460
265 586
265 592
265 706
265 714
265 740
265 754
265 761
265 803
265 854
265 926
265 990
266 382
266 438
266 441
266 452
266 479
266 487
266 499
266 509
266 643
266 681
266 730
266 790
266 821
266 847
266 870
266 926
266 933
266 948
267 287
267 381
267 591
267 597
267 600
267 652
267 834
267 950
267 998
268 276
268 382
268 518
268 632
268 721
269 323
269 529
269 581
269 610
269 618
269 758
269 762
269 807
269 911
269 985
270 280
270 419
270 424
270 444
270 550
270 578
270 646
270 687
270 822
270 865
270 893
270 954
270 976
271 293
271 432
271 560
271 591
271 637
271 830
271 880
271 912
272 504
272 699
272 702
272 706
272 715
272 813
272 867
272 879
272 925
272 937
273 396
273 481
273 514
273 822
273 906
273 973
274 372
274 425
274 492
274 518
274 525
274 529
274 572
274 662
274 744
275 312
275 446
275 448
275 495
275 539
275 569
275 602
275 622
275 643
275 670
275 678
275 753
275 930
276 405
276 514
276 615
276 620
276 632
276 664
276 796
276 813
276 844
277 310
277 330
277 394
277 494
277 509
277 523
277 537
277 642
277 707
277 755
277 783
277 827
277 882
277 916
278 402
278 516
278 636
278 761
278 801
278 815
278 821
278 832
278 904
278 912
278 921
278 949
279 388
279 671
279 871
279 947
280 307
280 340
280 459
280 609
280 630
280 661
280 682
280 702
280 794
280 796
280 837
280 875
280 888
280 890
280 895
280 920
280 942
281 408
281 467
281 521
281 561
281 590
281 652
281 692
281 754
281 787
281 838
281 863
281 921
282 323
282 363
282 364
282 515
282 547
282 590
282 636
282 637
282 765
282 822
282 975
283 352
283 372
283 373
283 393
283 516
283 572
283 595
283 643
283 730
283 768
283 865
283 905
284 357
284 378
284 381
284 405
284 460
284 481
284 556
284 598
284 650
284 675
284 809
284 858
284 918
284 939
284 962
285 293
285 783
285 940
285 993
286 486
286 513
286 567
286 596
286 620
286 766
286 818
286 935
286 955
287 295
287 303
287 385
287 474
287 487
287 647
287 788
287 810
287 862
287 901
288 444
288 469
288 526
288 529
288 544
288 643
288 663
288 685
288 717
288 732
288 880
288 893
288 937
289 328
289 377
289 414
289 454
289 458
289 619
289 674
289 952
289 956
290 350
290 381
290 483
290 512
290 705
290 708
290 729
290 791
290 815
290 858
290 941
290 1000
291 419
291 423
291 744
291 817
291 820
292 308
292 314
292 371
292 627
292 739
292 856
292 892
292 917
293 294
293 464
293 561
293 562
293 580
293 939
293 973
294 538
294 687
294 751
294 772
294 785
294 817
294 825
294 904
294 916
295 318
295 380
295 404
295 419
295 513
295 599
295 631
295 858
295 889
295 959
296 443
296 550
296 633
296 642
296 644
296 688
296 728
296 969
296 982
296 997
297 301
297 403
297 407
297 414
297 455
297 505
297 590
297 596
297 790
297 820
297 848
297 908
297 969
297 974
298 306
298 312
298 315
298 402
298 692
298 747
298 770
298 801
299 338
299 411
299 441
299 454
299 533
299 540
299 632
299 650
299 709
299 800
299 803
299 806
299 892
299 895
299 917
299 998
300 357
300 581
300 617
300 756
300 773
300 932
300 974
301 498
301 721
301 890
302 303
302 411
302 536
302 573
302 623
302 667
302 701
302 767
302 829
302 831
302 932
303 329
303 365
303 422
303 461
303 662
303 776
304 615
304 648
304 695
304 743
305 378
305 525
305 529
305 567
305 645
305 653
305 708
305 713
305 738
305 744
305 764
305 866
305 959
305 996
306 541
306 691
306 713
306 751
306 762
306 861
307 329
307 430
307 466
307 505
307 524
307 586
307 619
307 622
307 759
307 910
308 391
308 412
308 423
308 428
308 434
308 508
308 747
308 774
308 805
308 925
309 401
309 451
309 469
309 536
309 545
309 651
309 715
309 834
309 865
309 870
309 893
309 985
309 987
310 350
310 363
310 386
310 388
310 485
310 591
310 750
310 751
310 850
311 431
311 611
311 755
311 805
311 827
311 862
311 892
311 979
312 435
312 438
312 455
312 525
312 661
312 686
312 746
312 759
312 762
312 775
312 883
312 948
312 966
313 322
313 351
313 435
313 458
313 531
313 537
313 575
313 594
313 601
313 652
313 745
313 762
313 844
314 413
314 800
314 807
314 866
314 899
314 902
314 948
314 959
314 974
315 320
315 378
315 381
315 443
315 450
315 482
315 503
315 591
315 724
315 788
315 952
315 998
316 392
316 506
316 635
316 707
316 729
316 838
316 931
316 960
317 350
317 379
317 387
317 420
317 522
317 673
317 687
317 725
317 732
317 775
317 794
317 835
317 856
317 892
318 403
318 485
318 536
318 687
318 796
318 860
318 945
319 340
319 376
319 458
319 508
319 563
319 872
319 985
320 330
320 337
320 484
320 587
320 602
320 689
320 860
320 933
321 372
321 408
321 649
321 692
321 773
321 836
321 905
322 343
322 381
322 437
322 441
322 513
322 656
322 671
322 835
322 900
322 957
322 999
323 361
323 477
323 532
323 574
323 579
323 589
323 616
323 627
323 705
323 748
323 758
323 838
323 868
323 884
323 944
323 974
324 345
324 349
324 399
324 496
324 601
324 670
325 596
325 654
325 742
325 771
325 787
325 846
325 877
325 928
325 991
326 346
326 423
326 566
326 581
326 591
326 595
326 692
326 760
326 812
326 848
326 854
326 857
326 874
326 877
326 950
327 432
327 499
327 545
327 579
327 587
327 642
327 679
327 695
327 745
327 824
327 928
328 376
328 524
328 551
328 635
328 641
328 657
328 756
328 770
328 773
328 792
328 941
329 480
329 615
329 668
329 690
329 706
329 712
329 769
329 792
329 814
329 926
329 928
330 699
330 731
330 764
330 827
330 965
331 379
331 408
331 423
331 540
331 690
331 943
331 992
332 380
332 472
332 508
332 530
332 544
332 565
332 620
332 710
332 714
332 769
332 894
332 908
332 953
333 407
333 467
333 598
333 631
333 652
333 746
333 747
333 841
333 915
333 919
333 922
333 947
333 977
334 427
334 461
334 512
334 570
334 577
334 636
334 654
334 814
334 933
335 359
335 363
335 470
335 504
335 608
335 650
335 652
335 686
335 731
335 809
335 880
335 901
335 909
335 1000
336 359
336 377
336 378
336 399
336 441
336 490
336 500
336 505
336 537
336 571
336 595
336 770
336 789
336 825
336 917
337 396
337 449
337 545
337 650
337 661
337 764
337 774
337 858
337 869
337 877
338 394
338 562
338 594
338 633
338 667
339 402
339 655
339 706
339 745
339 797
339 934
339 960
340 373
340 415
340 418
340 457
340 466
340 645
340 654
340 675
340 709
340 758
340 836
340 875
341 382
341 421
341 436
341 455
341 476
341 559
341 562
341 617
341 742
341 784
341 815
341 819
341 862
342 412
342 473
342 588
342 603
342 652
342 743
342 843
342 848
342 857
342 910
342 943
343 398
343 436
343 448
343 458
343 461
343 497
343 507
343 673
343 726
343 856
343 861
343 881
344 368
344 405
344 419
344 432
344 515
344 649
344 693
344 700
344 737
344 741
344 743
344 760
344 831
344 842
345 398
345 586
345 592
345 649
345 760
345 827
345 865
345 867
345 909
345 994
345 1000
346 368
346 394
346 545
346 582
346 602
346 619
346 671
346 759
346 789
346 884
346 897
346 900
346 944
346 954
347 388
347 470
347 511
347 566
347 595
347 762
347 777
347 799
347 818
347 822
347 850
347 892
347 986
348 444
348 455
348 536
348 798
348 807
348 888
348 929
348 962
348 980
349 421
349 472
349 510
349 542
349 568
349 575
349 607
349 714
349 753
349 806
349 831
349 867
350 462
350 656
350 852
350 963
351 380
351 428
351 432
351 469
351 511
351 685
351 725
351 793
351 821
351 945
351 954
352 501
352 534
352 637
352 685
352 889
352 894
352 916
352 963
353 367
353 649
353 754
353 805
353 819
353 826
353 836
353 977
354 488
354 511
354 541
354 610
354 643
354 709
354 755
354 789
354 973
355 580
355 581
355 621
355 624
355 644
355 807
355 830
356 541
356 657
356 682
356 683
356 719
356 757
356 835
356 878
356 923
357 536
357 595
357 657
357 692
357 930
357 959
358 412
358 429
358 619
358 669
358 817
358 873
359 411
359 421
359 504
359 544
359 628
359 669
359 690
359 852
359 858
359 862
359 876
359 911
359 945
360 433
360 444
360 495
360 496
360 558
360 562
360 713
360 718
360 729
360 739
360 766
360 931
360 957
361 435
361 443
361 669
361 671
361 737
361 780
361 936
361 943
361 999
362 377
362 492
362 511
362 646
363 373
363 463
363 507
363 569
363 591
363 727
363 794
363 984
364 373
364 388
364 532
364 543
364 580
364 694
364 753
364 935
364 938
364 962
365 370
365 472
365 473
365 512
365 583
365 642
365 670
365 698
365 746
365 748
365 795
365 807
365 825
365 852
365 920
365 941
365 961
365 997
366 416
366 435
366 495
366 526
366 533
366 667
366 745
366 811
366 813
366 861
366 895
366 975
367 477
367 702
367 848
367 897
367 913
367 940
368 540
368 641
368 668
368 904
368 992
369 390
369 592
369 707
369 788
369 792
369 812
369 942
370 533
370 656
370 714
370 771
371 392
371 443
371 507
371 722
371 753
371 799
371 821
371 883
371 914
372 484
372 495
372 614
372 747
372 773
372 969
373 384
373 527
373 557
373 588
373 592
373 636
373 650
373 741
373 794
373 814
373 844
373 889
373 940
373 950
374 393
374 397
374 420
374 540
374 717
374 848
375 380
375 450
375 458
375 511
375 596
375 736
375 742
375 822
375 832
375 860
375 918
376 438
376 467
376 687
376 776
376 806
376 829
376 899
377 456
377 469
377 484
377 546
377 651
377 725
377 888
378 651
378 661
378 846
378 880
378 887
378 922
378 967
378 969
379 457
379 674
379 682
379 684
379 943
380 511
380 512
380 547
380 645
380 712
380 732
380 773
380 817
380 832
380 889
380 914
380 998
381 401
381 421
381 603
381 618
381 672
381 683
381 812
381 903
381 938
381 958
382 406
382 549
382 714
382 730
382 743
382 754
382 890
382 996
383 420
383 425
383 450
383 501
383 652
383 683
383 715
383 723
383 959
384 627
384 667
384 668
384 843
384 880
384 893
384 921
385 537
385 711
385 721
385 839
385 912
385 929
385 970
386 436
386 460
386 465
386 648
386 731
386 879
386 883
386 923
386 930
387 396
387 673
387 812
387 815
387 864
387 879
388 390
388 438
388 487
388 543
388 647
388 648
388 673
388 704
388 714
388 792
388 807
388 820
388 953
389 443
389 459
389 462
389 476
389 629
389 647
389 694
389 727
389 839
389 874
390 486
390 540
390 568
390 636
390 669
390 687
390 731
390 761
390 796
390 859
391 653
391 702
391 827
391 894
391 904
391 912
391 977
391 987
391 993
392 437
392 487
392 606
392 705
392 715
392 728
392 791
392 982
393 411
393 427
393 811
393 841
394 532
394 575
394 576
394 595
394 713
394 722
394 726
394 867
395 401
395 412
395 448
395 568
395 646
395 775
395 781
396 467
396 584
396 700
396 741
396 751
396 792
396 808
396 931
396 953
397 412
397 427
397 522
397 659
397 676
397 767
397 789
398 531
398 732
398 784
398 854
398 856
398 887
398 959
398 995
399 454
399 474
399 638
399 641
399 674
399 680
399 748
399 780
399 890
399 976
400 542
400 560
400 649
400 755
400 947
401 480
401 572
401 578
401 609
401 648
401 662
401 810
401 908
402 519
402 554
402 562
402 636
402 902
402 903
402 982
403 559
403 585
403 633
403 752
403 810
403 818
403 887
403 940
403 946
403 953
403 994
403 995
404 411
404 423
404 440
404 586
404 614
404 623
404 661
404 800
404 806
404 812
404 862
404 866
404 942
404 971
405 460
405 513
405 785
405 848
405 933
406 426
406 468
406 575
406 656
406 741
406 775
406 841
407 484
407 628
407 645
407 704
407 760
407 857
407 951
407 997
408 455
408 501
408 553
408 565
408 599
408 611
408 683
408 701
408 704
408 760
408 836
408 837
408 905
409 459
409 507
409 714
409 720
409 928
409 938
410 453
410 497
410 526
410 606
410 610
410 893
411 416
411 496
411 594
411 692
411 726
411 812
411 968
411 971
412 760
412 879
412 902
412 943
413 668
413 715
413 894
413 959
414 468
414 539
414 547
414 590
414 617
414 876
414 881
414 919
414 933
414 963
415 429
415 815
415 975
416 534
416 540
416 567
416 579
416 584
416 677
416 686
416 736
416 750
416 977
417 467
417 506
417 566
417 569
417 659
417 670
417 691
417 750
417 785
417 788
417 791
417 795
417 817
417 841
417 893
417 944
417 976
418 609
418 616
418 699
418 991
419 660
419 687
419 698
419 810
419 885
419 949
419 987
420 585
420 634
420 642
420 645
420 657
420 741
420 804
421 472
421 515
421 542
421 547
421 587
421 763
421 838
421 920
421 926
421 958
422 474
422 477
422 643
422 707
422 765
422 770
422 779
422 835
422 851
422 994
422 996
423 573
423 617
423 980
423 982
423 983
424 487
424 504
424 754
424 796
424 914
425 429
425 519
425 606
425 648
425 649
425 743
425 901
425 932
426 785
426 805
426 826
426 843
426 845
426 933
426 941
426 944
427 469
427 827
427 905
427 977
427 988
428 542
428 656
428 775
428 805
428 862
428 922
428 964
429 447
429 448
429 460
429 545
429 550
429 568
429 632
429 702
429 711
429 748
429 830
429 832
429 838
429 879
429 929
430 449
430 515
430 684
430 707
430 778
430 800
430 851
430 862
430 884
430 911
431 511
431 512
431 609
431 792
431 824
431 925
431 973
431 983
431 990
432 437
432 624
432 697
432 811
432 995
433 485
433 611
433 752
433 754
433 775
433 890
433 996
434 512
434 628
434 646
434 680
434 708
435 456
435 501
435 519
435 545
435 594
435 601
435 612
435 740
435 801
435 836
435 844
435 853
435 906
435 914
436 631
436 636
436 743
436 752
436 762
436 927
436 948
437 513
437 564
437 709
437 735
437 914
437 944
438 444
438 489
438 580
438 582
438 600
438 800
438 831
438 840
438 856
438 858
438 938
439 646
439 876
439 996
440 504
440 546
440 583
440 638
440 735
440 750
440 797
440 801
440 851
440 861
440 932
441 454
441 458
441 536
441 599
441 633
441 698
441 828
441 837
441 929
441 937
442 512
442 557
442 595
442 670
442 672
442 703
442 711
442 742
442 798
442 815
442 819
442 859
442 918
442 964
442 993
443 472
443 484
443 691
443 702
443 743
443 858
443 967
444 528
444 584
444 669
444 920
444 939
445 475
445 500
445 517
445 571
445 585
445 653
445 873
445 890
445 929
445 982
446 477
446 604
446 648
446 686
446 751
446 973
447 524
447 583
447 584
448 526
448 678
448 733
449 474
449 492
449 499
449 535
449 583
449 714
449 777
449 826
449 879
449 980
450 465
450 553
450 561
450 562
450 587
450 692
450 705
450 749
450 777
450 791
450 964
451 533
451 793
451 848
451 899
451 951
452 538
452 701
452 736
452 854
452 886
452 918
453 498
453 594
453 599
454 533
454 605
454 613
454 622
454 995
455 544
455 648
455 794
455 906
455 929
455 950
455 960
456 600
456 605
456 621
456 634
456 637
456 641
456 693
456 783
456 805
456 911
457 509
457 550
457 704
457 746
457 755
457 776
457 813
457 880
457 906
457 941
457 986
458 463
458 536
458 628
458 727
458 731
458 858
458 877
458 911
458 931
459 579
459 628
459 659
459 863
459 977
460 512
460 586
460 719
460 726
460 792
460 857
460 915
460 926
461 462
461 531
461 650
461 786
461 897
461 908
461 927
462 499
462 571
462 601
462 603
462 660
462 683
462 971
463 466
463 481
463 664
463 667
463 820
463 963
463 969
464 470
464 529
464 605
464 667
464 714
464 801
464 970
465 603
465 673
465 754
465 757
465 783
465 791
465 879
465 911
465 971
466 600
466 681
466 720
466 741
466 886
466 921
466 944
466 985
467 525
467 603
467 609
467 800
467 860
467 879
468 503
468 541
468 579
468 591
468 624
468 747
468 779
468 835
469 589
469 615
469 761
469 821
469 942
469 958
469 963
470 482
470 484
470 572
470 690
470 693
470 758
470 778
470 836
470 932
471 609
471 760
471 801
471 851
471 870
471 886
471 954
471 967
472 491
472 521
472 631
472 645
472 672
472 741
472 777
472 940
473 518
473 606
473 651
473 679
473 701
473 871
473 960
473 964
474 493
474 646
474 653
474 668
474 746
474 840
474 885
474 890
474 929
474 998
475 505
475 586
475 654
475 826
475 852
475 906
475 971
475 979
476 493
476 551
476 552
476 559
476 685
477 633
477 724
477 728
477 775
477 841
477 925
477 959
477 964
478 492
478 793
478 863
478 865
479 612
479 666
479 744
479 755
479 756
479 831
479 999
480 533
480 602
480 636
480 704
480 936
480 973
481 560
481 663
481 788
481 826
482 652
482 687
482 743
482 825
482 832
482 890
483 495
483 605
483 660
483 711
483 760
483 844
483 861
483 960
484 622
484 634
484 660
484 745
484 778
484 813
484 919
485 563
485 924
486 529
486 600
486 615
486 657
486 667
486 845
486 901
486 979
487 524
487 598
487 600
487 639
487 649
487 788
487 997
488 574
488 598
488 767
488 783
488 840
488 900
489 689
489 725
489 802
489 843
490 531
490 544
490 590
490 607
490 770
490 873
491 541
491 643
491 678
491 784
491 789
491 801
491 846
491 864
492 497
492 498
492 951
492 998
493 531
493 671
493 748
493 784
493 828
494 513
494 532
494 533
494 632
494 635
494 667
494 679
494 695
494 700
494 764
494 819
494 846
494 899
494 989
495 514
495 651
495 663
495 858
495 876
495 987
496 581
496 633
496 775
496 781
496 783
496 794
496 959
497 553
497 580
497 647
497 708
497 712
497 737
497 892
497 938
498 532
498 788
498 867
498 919
498 947
498 965
499 587
499 702
499 762
499 804
499 819
499 963
500 505
500 645
500 698
500 854
500 965
500 985
501 683
501 721
501 723
501 743
501 950
501 992
502 648
502 827
502 945
503 624
503 637
503 899
503 961
503 962
503 986
504 649
504 694
504 751
504 855
504 871
504 917
504 965
505 515
505 558
505 598
505 609
505 739
505 740
505 764
505 984
506 596
506 649
506 729
506 798
506 800
506 893
506 915
506 927
507 563
507 645
507 705
507 808
507 837
507 872
507 944
507 948
508 534
508 636
508 700
508 738
508 995
509 557
509 563
509 601
509 628
509 695
509 705
509 759
509 804
509 844
509 932
510 533
510 573
510 606
510 639
510 834
510 882
510 988
511 530
511 585
511 705
511 886
511 985
512 526
512 593
512 677
512 715
512 801
512 831
512 833
512 843
512 913
512 957
513 514
513 579
513 587
513 732
513 820
513 846
513 864
513 971
514 551
514 588
514 668
514 689
514 712
514 724
514 729
514 786
514 912
515 602
515 612
515 674
515 688
515 771
515 923
515 930
515 955
516 592
516 678
516 693
516 765
516 799
516 824
516 922
516 943
517 821
517 830
517 859
517 862
517 889
517 921
517 949
517 975
518 815
518 865
519 559
519 566
519 661
519 750
519 804
519 806
519 901
519 919
519 956
520 692
520 722
520 744
520 814
520 890
520 896
521 542
521 563
522 552
522 586
522 620
522 653
522 715
522 722
522 728
522 772
522 873
523 637
523 661
523 685
523 699
523 728
523 806
523 808
523 809
523 854
523 870
523 874
523 910
523 938
523 960
524 533
524 584
524 615
524 688
524 865
525 527
525 579
525 620
525 676
525 843
525 887
525 959
525 987
526 585
526 591
526 623
526 646
526 736
526 811
526 878
526 991
527 561
527 653
527 743
527 781
527 791
527 841
527 931
527 973
527 990
528 632
528 700
528 707
528 740
528 796
528 813
528 947
529 594
529 633
529 660
529 692
529 721
529 753
529 787
529 891
530 541
530 555
530 584
530 602
530 642
530 703
530 744
530 776
530 886
530 912
530 916
531 602
531 672
531 689
531 755
531 774
531 789
531 814
532 603
532 637
532 700
532 793
532 884
532 919
532 960
532 967
533 640
533 706
533 918
533 921
534 680
534 774
534 887
534 895
534 984
535 651
535 700
535 732
535 797
536 542
536 613
537 696
537 866
537 950
538 539
538 772
538 794
538 816
538 893
538 958
539 547
539 582
539 680
539 684
539 727
539 736
539 844
539 860
539 937
540 697
540 768
540 867
540 943
540 980
541 553
541 675
541 871
541 883
541 892
541 899
542 618
542 637
542 641
542 678
542 686
542 881
543 553
543 564
543 677
543 751
543 783
543 876
543 924
544 553
544 717
544 745
544 764
544 843
544 904
544 957
544 965
545 568
545 707
545 769
545 843
545 902
545 946
546 852
546 916
546 966
547 555
547 667
547 700
547 781
547 795
547 877
547 927
547 934
547 946
547 995
548 606
548 780
548 788
548 896
548 925
548 949
549 678
549 738
549 829
549 885
549 935
550 636
550 637
550 699
550 925
550 940
551 617
551 755
551 782
551 829
551 949
552 559
552 583
552 892
552 904
552 930
552 960
553 626
553 627
553 630
553 663
553 687
553 736
553 905
553 911
553 983
554 597
554 755
554 978
555 617
555 754
555 781
555 800
555 835
555 920
555 926
555 974
556 584
556 596
556 677
556 857
556 888
556 899
556 934
557 622
557 649
557 711
557 755
557 786
557 889
557 912
557 976
557 980
558 593
558 805
558 864
558 898
558 949
559 711
559 881
559 963
559 990
559 997
560 616
560 654
560 763
560 950
561 576
561 585
561 586
561 723
561 729
561 781
561 799
561 943
562 631
562 667
562 702
562 709
562 859
562 925
562 995
563 627
563 735
564 567
565 690
565 802
565 873
565 901
566 677
566 694
566 764
566 803
566 851
566 931
566 951
567 640
567 720
567 734
567 886
567 900
568 667
568 671
568 698
568 811
568 851
568 992
569 578
569 687
569 690
569 818
569 983
570 620
570 702
570 779
570 786
570 921
571 608
571 623
571 855
571 976
572 643
572 666
572 669
572 674
572 786
572 800
573 586
573 603
573 640
573 912
573 971
573 994
574 580
574 690
574 711
574 780
574 834
574 901
574 907
574 951
575 598
575 687
576 591
576 672
576 809
576 821
576 826
576 827
576 838
576 920
576 968
577 671
577 707
577 731
577 814
577 897
577 925
578 612
578 644
578 770
578 772
578 840
578 843
578 861
578 947
578 969
579 637
579 740
579 825
579 878
579 932
579 934
579 956
580 624
580 773
580 942
580 979
581 620
581 692
581 739
581 885
581 940
581 955
581 984
581 990
581 996
582 704
582 784
583 666
583 713
583 720
583 781
583 782
583 909
583 929
583 930
583 940
584 787
584 803
584 851
584 932
585 898
585 950
586 639
586 646
586 660
586 736
586 760
586 814
586 833
586 860
587 663
587 700
587 726
587 748
587 824
588 618
588 641
588 669
588 721
588 736
588 766
588 802
588 920
588 929
588 931
588 965
589 604
589 615
589 753
589 877
589 915
589 994
590 660
590 686
590 689
590 729
590 740
590 853
590 870
591 641
591 710
591 784
591 896
591 902
591 919
591 942
592 623
592 628
592 631
592 759
592 807
592 828
592 915
592 994
593 609
593 924
593 942
593 983
593 990
593 998
594 616
594 733
594 785
594 794
594 988
595 610
595 703
595 713
595 748
595 880
595 911
596 666
596 702
596 826
596 835
596 886
596 926
597 993
598 758
598 808
598 880
598 929
598 961
598 975
598 980
599 632
599 732
599 745
599 850
600 668
600 671
600 784
600 841
600 886
601 608
601 685
601 695
601 785
601 822
601 868
602 607
602 666
602 733
602 745
602 797
602 927
603 635
603 643
603 655
603 688
603 735
603 876
604 761
604 773
604 824
604 957
605 610
605 614
605 632
605 744
605 851
605 881
605 961
605 978
606 635
606 637
606 708
606 739
606 754
606 799
606 809
606 826
606 848
606 915
607 612
607 684
607 913
607 992
608 634
608 681
608 731
608 762
608 837
609 656
609 676
609 725
609 915
609 960
610 627
610 704
610 708
610 719
610 745
610 867
610 892
610 976
611 646
611 676
611 704
611 751
611 761
611 983
612 672
612 752
612 762
612 775
612 813
612 844
612 886
612 978
613 648
613 785
614 634
614 639
614 645
614 680
614 718
614 851
614 876
614 884
614 996
615 631
615 660
615 747
615 940
616 634
616 753
616 796
616 818
616 976
617 646
617 705
617 708
617 719
617 734
617 793
618 658
618 679
618 924
619 708
619 900
619 965
620 696
620 700
620 730
620 779
620 822
620 832
620 840
620 894
620 911
620 985
621 731
621 771
621 960
622 623
622 641
622 836
622 893
622 954
623 706
623 781
623 830
623 864
623 912
624 649
624 872
624 913
625 655
625 688
625 825
625 987
626 638
626 693
626 757
626 801
626 849
626 906
626 939
626 981
626 990
627 634
627 695
627 767
628 711
629 644
629 646
629 716
629 730
629 743
629 746
629 869
629 951
630 674
630 737
630 805
630 835
630 888
631 637
631 663
631 784
631 886
632 655
632 669
633 643
633 645
633 669
633 684
633 736
633 754
633 789
633 862
633 992
633 994
634 671
634 799
634 870
635 689
635 751
635 755
635 815
635 883
635 917
635 928
635 970
636 639
636 656
636 662
636 680
636 703
636 884
636 952
637 695
637 716
638 651
638 692
638 695
638 743
638 835
638 845
638 983
638 1000
639 668
640 795
640 798
640 889
640 904
641 825
641 923
641 981
642 698
642 832
642 844
642 880
643 666
644 649
644 659
644 863
644 930
644 933
645 653
645 707
645 768
645 961
646 660
646 705
646 788
646 912
646 926
646 960
647 702
647 737
647 783
647 792
647 802
647 861
647 888
647 957
648 691
648 708
648 714
648 830
648 838
649 704
649 727
649 888
649 931
650 809
650 905
651 745
651 798
651 841
651 896
651 979
652 676
652 721
652 762
652 815
652 867
652 943
653 758
653 920
653 963
653 996
654 816
654 828
654 859
654 868
654 883
654 920
654 985
655 701
655 712
655 783
655 949
655 993
656 713
656 850
656 868
656 928
657 715
657 749
657 776
657 924
657 971
657 992
658 714
658 761
658 835
658 962
659 798
659 833
659 928
659 947
659 970
660 667
660 715
660 718
660 853
660 917
660 930
660 983
661 662
661 771
661 845
661 915
661 955
662 705
662 747
662 750
662 815
662 855
662 887
662 966
663 688
663 698
663 822
663 841
663 845
663 969
663 985
664 734
664 754
664 778
664 817
664 867
664 919
664 925
664 947
665 677
665 693
665 726
665 733
665 771
666 823
667 690
667 726
667 776
667 808
667 885
667 957
668 711
668 901
668 924
669 697
670 680
670 774
670 887
670 889
670 923
670 963
671 679
671 732
671 745
671 795
671 798
671 834
671 839
671 980
672 684
672 708
672 745
672 779
672 866
672 939
673 793
673 938
673 952
673 974
673 984
674 819
674 885
675 837
675 932
675 979
676 734
676 757
676 797
676 811
676 915
676 953
676 963
677 700
677 860
677 909
677 921
678 777
678 795
678 832
678 857
678 960
679 738
679 745
679 867
679 972
679 993
680 724
680 765
680 798
680 921
680 941
681 771
681 869
682 736
682 785
682 787
682 857
682 903
682 931
682 932
682 964
683 816
683 835
683 892
684 723
684 759
684 783
684 913
685 753
685 916
686 688
686 704
686 741
686 939
687 702
687 737
687 896
687 974
688 699
688 775
688 787
688 808
689 713
689 721
689 735
689 800
689 851
689 958
690 706
690 731
690 793
690 921
690 945
691 781
691 846
691 854
691 915
691 936
692 768
692 818
692 970
692 996
693 730
693 838
693 954
694 697
694 724
694 732
695 771
695 998
696 702
696 710
696 753
696 764
696 802
696 978
697 859
698 788
698 841
698 881
698 888
698 898
698 953
698 989
699 922
699 934
699 939
700 764
701 918
701 943
701 992
702 736
702 991
703 734
703 756
703 780
703 859
703 884
703 930
704 761
704 958
705 709
705 791
705 948
705 952
706 720
706 728
706 773
706 954
707 721
707 724
707 825
707 856
707 971
708 720
708 741
708 903
708 913
708 956
709 710
709 717
709 750
709 905
709 997
710 816
710 913
710 964
710 987
710 992
711 829
711 902
711 933
711 973
712 833
712 859
712 891
712 922
713 724
713 747
713 759
713 769
713 937
713 952
714 815
714 838
714 924
714 946
714 964
714 977
714 994
715 755
715 757
715 777
715 787
715 863
715 976
716 729
716 819
716 830
716 855
716 872
716 990
716 999
717 746
717 774
717 850
718 906
718 950
719 769
719 792
719 799
719 920
719 931
719 981
719 990
720 757
720 829
720 870
720 911
721 761
721 774
721 802
721 889
721 911
721 922
721 925
722 748
722 909
722 936
722 937
722 948
723 739
723 803
723 930
723 962
723 988
724 896
724 906
724 969
724 988
725 801
725 813
725 831
725 872
725 908
726 736
726 747
726 785
726 832
726 856
726 887
726 894
726 895
727 771
727 781
727 925
727 939
727 973
728 746
728 881
729 753
729 815
729 831
729 890
729 943
729 978
730 755
730 786
730 803
730 856
730 891
730 898
730 932
730 944
730 950
730 984
731 943
732 741
732 908
732 945
732 968
733 866
733 900
733 925
734 797
734 887
734 996
735 754
735 776
735 884
735 930
735 998
736 875
736 925
736 989
737 762
737 785
738 828
738 930
738 997
739 756
739 828
739 940
739 973
740 800
741 830
741 844
741 851
741 906
742 757
742 854
742 889
742 957
743 814
743 925
744 768
744 773
744 847
744 870
744 890
744 910
744 952
745 822
745 850
745 866
745 877
745 993
746 777
746 865
747 749
747 866
748 807
748 882
749 755
749 855
749 989
750 925
751 785
751 815
751 852
751 948
752 774
752 948
754 897
754 975
754 982
755 806
755 842
756 775
756 779
756 846
756 890
756 895
756 989
757 794
757 842
757 891
757 980
758 918
758 926
758 996
759 764
759 834
759 947
760 762
760 804
760 910
760 972
761 856
761 860
761 942
762 873
762 918
762 939
763 816
763 818
763 832
763 855
763 963
764 793
764 842
764 892
764 897
764 915
765 786
765 913
765 990
766 778
766 783
766 903
766 909
766 956
767 823
767 913
767 985
768 777
768 814
768 876
768 956
769 799
769 824
769 875
769 992
770 782
771 854
771 885
771 943
772 788
772 795
772 824
772 898
773 792
773 849
773 860
773 919
774 849
774 856
774 949
774 973
775 912
775 990
776 824
776 889
777 882
777 919
777 1000
778 786
778 969
779 807
779 971
780 804
780 850
780 954
781 910
782 845
782 862
782 987
783 811
783 816
783 835
783 847
783 874
783 945
785 935
785 980
786 791
786 858
786 882
786 963
787 799
787 819
787 862
787 875
787 885
787 904
787 923
787 976
788 800
788 870
788 928
789 806
789 869
789 990
789 997
790 801
790 840
790 953
790 961
791 856
791 887
791 923
791 946
792 867
792 926
792 993
793 798
793 910
794 833
794 873
795 878
796 855
796 865
796 907
796 967
797 808
797 842
798 904
798 925
798 955
798 984
799 847
800 853
800 889
800 893
801 804
801 838
802 880
803 808
803 848
803 919
803 954
804 859
804 860
804 941
804 995
804 1000
805 846
805 880
805 933
805 938
805 979
806 834
806 961
807 866
807 940
807 986
808 826
808 954
809 872
809 895
809 980
810 864
810 990
811 984
812 879
812 902
812 904
812 913
812 955
812 991
813 839
813 860
813 906
813 999
814 857
814 873
814 880
814 907
814 911
815 823
815 876
815 946
816 841
816 935
816 951
817 822
817 839
817 937
817 999
818 846
819 976
819 983
820 843
820 999
823 887
823 946
823 970
824 897
824 972
824 990
825 961
825 966
825 989
826 845
826 882
826 908
827 828
827 887
827 982
828 899
828 935
828 970
829 953
830 913
830 959
830 963
830 987
831 837
831 844
831 845
831 847
832 868
833 856
833 901
834 931
835 874
836 914
836 954
836 977
837 890
837 893
837 967
838 865
838 869
838 874
838 994
839 944
840 892
840 907
840 994
841 902
841 905
841 929
841 933
841 969
841 985
842 848
842 1000
843 898
843 927
845 907
845 921
846 889
848 859
848 892
849 919
850 851
850 930
850 933
851 990
852 869
852 927
853 878
853 937
854 875
854 876
854 884
854 899
855 877
856 866
856 868
856 987
858 989
859 865
859 882
859 984
860 967
860 975
860 994
861 863
862 916
862 949
864 895
866 898
867 961
868 871
868 938
868 956
869 904
869 906
869 911
869 918
869 928
869 951
869 981
870 964
871 873
871 887
871 987
873 880
874 921
874 941
874 952
875 898
875 974
876 887
876 899
878 885
879 966
880 885
880 941
881 909
881 941
882 911
882 987
883 904
883 940
885 994
886 943
886 969
886 977
888 946
889 955
890 999
891 937
892 911
893 966
893 983
894 895
894 979
897 898
897 968
899 912
899 959
899 973
900 969
901 924
902 921
903 976
904 975
907 948
907 963
908 909
908 970
908 978
908 992
909 912
909 944
909 947
909 985
913 991
914 941
916 999
917 926
917 999
919 944
919 976
920 959
920 990
921 935
922 924
922 954
923 997
924 947
926 987
926 996
927 977
927 978
927 989
928 977
928 986
935 972
936 974
938 967
941 983
942 968
943 980
944 999
947 976
947 996
951 979
952 960
955 985
956 983
956 991
959 970
959 983
960 975
963 982
966 979
967 987
969 983
969 989
973 999
976 978
977 979
978 987
980 991
981 989
989 993
