1000 7024
1 36
1 47
1 90
1 239
1 254
1 258
1 264
1 270
1 309
1 469
1 474
1 561
1 589
1 610
1 613
1 685
1 727
1 787
1 822
1 854
1 950
2 11
2 100
2 276
2 294
2 464
2 502
2 508
2 572
2 692
2 922
2 946
3 20
3 124
3 166
3 180
3 327
3 527
3 538
3 623
3 800
3 841
3 950
3 956
3 978
4 63
4 68
4 70
4 122
4 125
4 253
4 426
4 516
4 765
4 930
5 47
5 55
5 84
5 113
5 207
5 215
5 395
5 469
5 563
5 593
5 736
5 752
5 778
5 796
5 812
5 819
5 837
5 943
5 994
6 62
6 127
6 129
6 130
6 145
6 252
6 270
6 509
6 825
6 951
6 959
7 84
7 112
7 197
7 253
7 271
7 317
7 747
7 820
7 911
7 982
8 10
8 75
8 182
8 188
8 509
8 539
8 697
8 791
8 817
8 878
8 917
9 165
9 255
9 278
9 346
9 389
9 565
9 700
9 805
9 954
10 23
10 45
10 106
10 132
10 270
10 365
10 492
10 655
10 769
10 797
10 845
11 94
11 98
11 173
11 177
11 191
11 399
11 561
11 643
11 691
11 741
11 764
11 820
11 841
11 842
11 846
11 923
11 980
12 16
12 20
12 138
12 297
12 300
12 449
12 456
12 457
12 475
12 538
12 617
12 724
12 782
12 828
12 891
12 949
13 75
13 80
13 111
13 195
13 214
13 230
13 263
13 448
13 474
13 485
13 607
13 776
13 825
13 873
13 876
13 948
14 18
14 238
14 289
14 314
14 349
14 354
14 431
14 456
14 564
14 686
14 741
14 773
14 904
14 934
14 994
15 161
15 210
15 452
15 467
15 486
15 487
15 552
15 622
15 665
15 785
15 797
15 806
15 826
15 827
15 855
15 945
16 38
16 207
16 222
16 339
16 474
16 512
16 559
16 650
16 687
16 702
16 999
17 116
17 158
17 330
17 352
17 433
17 487
17 584
17 682
17 996
18 96
18 120
18 135
18 207
18 334
18 442
18 512
18 518
18 709
18 793
18 824
18 877
18 887
18 917
18 931
18 933
18 975
19 37
19 40
19 95
19 133
19 162
19 201
19 244
19 260
19 268
19 411
19 450
19 515
19 523
19 656
19 708
19 797
19 927
19 947
20 33
20 52
20 200
20 306
20 426
20 457
20 535
20 536
20 563
20 659
20 663
20 705
20 804
20 900
21 211
21 235
21 247
21 442
21 557
21 600
21 695
21 765
21 828
21 933
21 950
22 274
22 546
22 575
22 603
22 725
22 861
22 947
22 950
23 120
23 176
23 198
23 278
23 332
23 354
23 443
23 473
23 479
23 579
23 588
23 610
23 686
23 728
23 913
24 144
24 149
24 288
24 347
24 427
24 432
24 532
24 566
24 609
24 729
24 737
24 766
24 807
24 886
24 905
24 924
24 937
25 88
25 181
25 214
25 241
25 270
25 430
25 681
25 700
25 709
25 720
25 730
25 987
26 402
26 543
26 794
26 853
26 871
26 924
26 978
27 73
27 141
27 157
27 207
27 257
27 329
27 412
27 443
27 489
27 561
27 568
27 575
27 580
27 635
27 933
27 994
28 156
28 371
28 377
28 413
28 460
28 496
28 539
28 592
28 687
28 778
28 805
28 854
28 926
29 45
29 57
29 74
29 89
29 104
29 154
29 163
29 193
29 214
29 295
29 308
29 321
29 337
29 425
29 482
29 506
29 508
29 596
29 708
29 715
29 717
29 741
29 756
29 765
29 797
29 808
29 886
29 936
30 34
30 126
30 133
30 252
30 575
30 610
30 686
30 979
31 126
31 137
31 213
31 264
31 323
31 360
31 411
31 483
31 598
31 674
31 801
31 804
31 805
31 893
31 895
31 976
32 56
32 129
32 150
32 178
32 254
32 433
32 470
32 479
32 707
32 914
32 946
33 98
33 168
33 388
33 457
33 668
33 817
33 917
34 80
34 108
34 109
34 163
34 289
34 301
34 312
34 549
34 709
34 784
34 863
34 911
34 982
34 995
35 42
35 53
35 69
35 81
35 383
35 393
35 417
35 533
35 684
35 691
35 768
35 771
35 795
35 935
36 270
36 402
36 415
36 482
36 605
36 623
36 639
36 662
36 694
36 889
36 922
36 976
37 138
37 161
37 169
37 172
37 315
37 407
37 413
37 473
37 794
37 838
37 869
37 874
37 999
38 44
38 163
38 385
38 439
38 570
38 608
38 675
38 732
38 748
38 781
38 792
38 820
38 879
38 957
38 976
38 997
39 56
39 83
39 149
39 186
39 250
39 619
39 777
39 799
39 875
39 973
40 72
40 325
40 377
40 411
40 474
40 559
40 720
40 731
40 751
40 902
40 953
40 996
41 160
41 205
41 268
41 375
41 514
41 573
41 594
41 653
41 753
41 766
41 778
41 824
41 945
41 991
42 52
42 111
42 316
42 324
42 325
42 500
42 693
42 781
42 795
42 842
42 933
42 951
43 174
43 329
43 377
43 409
43 413
43 418
43 451
43 622
43 640
43 873
43 897
44 225
44 240
44 277
44 350
44 363
44 503
44 511
44 523
44 641
44 854
44 882
45 92
45 129
45 422
45 513
45 586
45 598
45 599
45 620
45 671
45 769
45 797
45 913
46 111
46 180
46 190
46 326
46 375
46 457
46 513
46 515
46 577
46 675
46 773
46 821
46 885
46 896
46 996
47 182
47 227
47 315
47 331
47 612
47 636
47 648
47 838
47 847
47 857
47 871
47 931
48 128
48 194
48 310
48 321
48 326
48 370
48 382
48 442
48 456
48 474
48 535
48 590
49 97
49 280
49 403
49 537
49 602
49 672
49 690
49 746
50 69
50 114
50 116
50 121
50 265
50 356
50 388
50 562
50 571
50 620
50 659
50 661
50 830
50 922
50 997
51 155
51 280
51 390
51 392
51 446
51 570
51 692
51 983
52 160
52 252
52 279
52 290
52 321
52 334
52 401
52 404
52 453
52 461
52 463
52 543
52 659
52 660
52 893
52 917
53 113
53 204
53 246
53 249
53 293
53 318
53 345
53 498
53 793
53 822
53 841
53 842
53 880
53 888
53 1000
54 152
54 288
54 331
54 350
54 553
54 689
54 720
54 730
54 740
54 865
54 935
54 949
54 992
55 66
55 121
55 129
55 184
55 197
55 257
55 311
55 383
55 401
55 475
55 574
55 653
55 658
55 711
55 972
56 63
56 176
56 211
56 237
56 293
56 448
56 469
56 480
56 630
56 790
56 828
56 837
56 983
56 998
57 71
57 103
57 273
57 402
57 605
57 815
57 976
58 189
58 224
58 305
58 369
58 409
58 413
58 445
58 490
58 550
58 648
58 669
58 688
58 707
58 741
58 746
58 795
58 986
59 156
59 170
59 211
59 212
59 311
59 392
59 454
59 539
59 684
59 816
59 881
60 63
60 114
60 119
60 176
60 207
60 251
60 472
60 489
60 500
60 555
60 580
60 586
60 626
60 757
60 772
60 796
60 955
60 996
61 85
61 140
61 160
61 230
61 342
61 379
61 486
61 578
61 910
61 918
62 125
62 158
62 166
62 174
62 207
62 222
62 271
62 274
62 337
62 377
62 466
62 569
62 572
62 620
62 743
62 767
62 774
62 822
63 94
63 108
63 287
63 288
63 325
63 342
63 467
63 499
63 555
63 571
63 581
63 602
63 846
64 154
64 243
64 480
64 523
64 565
64 806
64 925
64 948
65 129
65 283
65 432
65 437
65 649
65 660
65 926
65 929
65 996
65 1000
66 68
66 197
66 333
66 374
66 380
66 409
66 547
66 590
66 711
66 714
66 749
66 865
66 881
66 925
66 976
67 72
67 99
67 181
67 187
67 207
67 407
67 477
67 536
67 540
67 585
67 606
67 713
67 757
67 771
67 843
67 871
67 891
67 955
68 113
68 195
68 273
68 377
68 380
68 394
68 571
68 587
68 715
68 756
68 914
68 970
68 993
69 224
69 284
69 334
69 428
69 554
69 650
69 673
69 743
69 796
69 984
70 135
70 279
70 289
70 377
70 411
70 552
70 576
70 697
70 698
70 708
70 756
70 763
70 803
70 828
70 852
70 885
70 894
70 921
70 963
71 167
71 239
71 309
71 400
71 409
71 502
71 540
71 657
71 661
71 705
71 780
71 853
71 945
71 991
72 188
72 284
72 338
72 362
72 367
72 423
72 495
72 500
72 555
72 609
72 697
72 715
72 718
72 724
72 748
72 760
72 766
72 878
72 916
72 975
73 82
73 212
73 290
73 387
73 447
73 464
73 488
73 492
73 564
73 606
73 617
73 794
73 884
73 984
74 89
74 270
74 567
74 721
74 730
74 743
74 857
74 922
74 954
75 124
75 178
75 327
75 415
75 454
75 455
75 511
75 753
75 762
75 779
75 876
75 883
75 919
75 981
76 128
76 136
76 175
76 197
76 229
76 235
76 274
76 292
76 466
76 605
76 632
76 650
76 720
76 727
76 829
76 851
76 859
76 908
77 221
77 271
77 272
77 328
77 413
77 496
77 606
77 627
77 660
77 708
77 735
77 813
77 936
77 966
77 975
78 176
78 304
78 313
78 357
78 372
78 390
78 426
78 509
78 603
78 678
78 745
78 838
78 875
78 935
78 950
78 990
79 95
79 205
79 215
79 566
79 659
79 705
79 723
79 831
79 879
79 900
79 949
79 993
80 100
80 197
80 216
80 245
80 247
80 286
80 332
80 376
80 411
80 458
80 524
80 584
80 654
80 661
80 690
80 844
80 988
81 126
81 144
81 158
81 254
81 266
81 330
81 478
81 482
81 488
81 492
81 513
81 533
81 617
81 689
81 750
81 769
81 789
81 852
81 864
81 875
81 901
81 931
81 938
81 979
82 114
82 116
82 205
82 210
82 250
82 282
82 300
82 352
82 526
82 543
82 620
82 760
82 813
82 861
82 862
82 866
82 928
82 931
82 962
83 157
83 218
83 270
83 357
83 358
83 391
83 678
83 757
83 785
83 881
83 887
83 888
83 895
83 898
83 947
83 961
84 101
84 107
84 365
84 368
84 596
84 610
84 699
84 706
84 977
85 107
85 111
85 201
85 326
85 327
85 400
85 473
85 562
85 937
85 940
86 319
86 336
86 348
86 510
86 534
86 573
86 689
86 708
86 710
86 747
86 807
86 819
86 848
86 958
87 121
87 167
87 255
87 314
87 340
87 429
87 556
87 584
87 726
87 736
87 762
87 828
87 975
87 982
88 121
88 170
88 208
88 273
88 319
88 472
88 506
88 626
88 650
88 841
88 956
88 974
89 93
89 104
89 212
89 215
89 237
89 351
89 360
89 408
89 429
89 454
89 491
89 546
89 573
89 585
89 676
89 824
89 831
89 865
90 112
90 127
90 244
90 269
90 299
90 359
90 385
90 395
90 432
90 453
90 643
90 751
90 787
90 978
90 982
90 988
91 168
91 221
91 279
91 376
91 380
91 398
91 545
91 721
91 745
91 840
91 887
91 908
91 922
91 923
91 997
92 128
92 249
92 438
92 658
92 706
92 765
92 827
92 834
92 884
92 969
93 340
93 418
93 538
93 541
93 560
93 578
93 670
93 737
93 740
93 750
93 878
93 898
93 947
94 232
94 337
94 352
94 372
94 444
94 473
94 482
94 498
94 553
94 652
94 699
94 742
94 879
95 283
95 767
95 814
95 865
96 228
96 288
96 347
96 405
96 569
96 732
96 790
96 836
96 894
97 115
97 158
97 195
97 203
97 236
97 252
97 286
97 300
97 339
97 392
97 410
97 412
97 534
97 588
97 637
97 711
97 729
97 840
97 881
97 972
97 989
98 105
98 169
98 183
98 216
98 301
98 347
98 422
98 534
98 613
98 614
98 617
98 634
98 706
98 717
98 821
98 949
98 959
99 122
99 207
99 262
99 265
99 288
99 533
99 604
99 716
99 791
99 852
99 896
100 175
100 186
100 229
100 303
100 399
100 404
100 534
100 541
100 587
100 668
100 697
100 708
100 738
100 777
100 923
101 174
101 221
101 480
101 486
101 612
101 710
101 885
101 940
101 951
102 230
102 320
102 363
102 475
102 488
102 518
102 540
102 579
102 705
102 774
102 821
102 884
102 922
103 137
103 164
103 200
103 232
103 303
103 330
103 538
103 546
103 634
103 642
103 653
103 660
103 751
103 754
103 871
103 974
104 139
104 158
104 234
104 300
104 360
104 395
104 465
104 533
104 599
104 656
104 732
104 887
105 128
105 134
105 269
105 427
105 490
105 547
105 645
105 734
105 766
105 819
105 889
105 906
106 164
106 214
106 407
106 412
106 434
106 483
106 489
106 790
106 905
106 930
107 194
107 234
107 281
107 326
107 332
107 364
107 493
107 523
107 583
107 613
107 683
107 716
107 861
107 908
107 921
108 132
108 148
108 196
108 233
108 271
108 307
108 310
108 314
108 329
108 342
108 378
108 432
108 625
108 647
108 786
108 841
108 880
108 891
108 963
109 136
109 141
109 197
109 239
109 250
109 278
109 308
109 414
109 471
109 509
109 584
109 590
109 603
109 680
109 690
110 230
110 292
110 312
110 315
110 319
110 552
110 561
110 570
110 599
110 687
110 788
110 790
110 917
110 994
111 121
111 151
111 204
111 347
111 356
111 442
111 464
111 589
111 697
111 784
111 811
111 826
111 862
111 942
111 997
112 212
112 274
112 290
112 343
112 406
112 479
112 494
112 617
112 693
112 821
112 914
112 996
113 270
113 349
113 481
113 535
113 549
113 583
113 771
113 851
113 912
113 938
114 181
114 225
114 305
114 404
114 571
114 615
114 655
114 729
114 764
114 869
114 876
114 882
115 142
115 312
115 359
115 418
115 470
115 544
115 555
115 595
115 647
115 761
115 771
115 859
115 874
115 946
115 960
115 972
116 395
116 416
116 427
116 533
116 552
116 627
116 667
116 712
116 742
116 753
116 798
116 864
116 873
116 934
116 945
116 954
116 982
117 142
117 219
117 234
117 315
117 345
117 368
117 378
117 616
117 831
117 841
117 936
117 991
118 138
118 173
118 278
118 593
118 595
118 608
118 612
118 637
118 718
118 748
118 756
118 828
118 865
119 328
119 357
119 362
119 468
119 499
119 525
119 581
119 664
119 737
119 839
119 850
119 998
120 354
120 358
120 378
120 556
120 604
120 671
120 698
120 704
120 862
120 908
120 957
121 170
121 238
121 461
121 593
121 620
121 746
121 755
121 768
121 807
121 890
121 971
121 979
122 365
122 625
122 645
122 682
122 702
122 754
122 919
123 134
123 236
123 302
123 312
123 384
123 435
123 526
123 531
123 573
123 757
123 759
123 801
123 820
123 878
123 927
124 223
124 225
124 351
124 405
124 435
124 497
124 599
124 732
124 916
124 947
125 194
125 200
125 212
125 231
125 289
125 422
125 498
125 517
125 574
125 681
125 716
125 749
125 762
125 774
125 832
125 846
125 929
125 1000
126 215
126 265
126 414
126 560
126 568
126 602
126 610
126 652
126 721
126 959
127 132
127 145
127 208
127 229
127 271
127 607
127 641
127 651
127 778
127 809
127 837
127 841
127 881
127 882
127 885
127 902
127 949
128 162
128 436
128 536
128 549
128 749
128 876
128 972
128 984
129 196
129 240
129 250
129 417
129 448
129 538
129 564
129 718
129 989
130 206
130 234
130 249
130 265
130 275
130 285
130 321
130 405
130 424
130 452
130 506
130 581
130 588
130 630
130 900
131 144
131 279
131 519
131 530
131 562
131 635
131 693
131 921
131 942
131 955
131 992
132 140
132 147
132 235
132 289
132 402
132 470
132 538
132 550
132 584
132 665
132 768
132 900
132 929
132 967
132 997
133 158
133 190
133 429
133 430
133 446
133 562
133 622
133 631
133 639
133 652
133 803
133 848
133 850
133 864
133 893
133 983
133 992
134 188
134 197
134 211
134 237
134 333
134 441
134 456
134 583
134 616
134 620
134 625
134 873
134 892
134 912
134 958
135 225
135 227
135 301
135 307
135 326
135 379
135 446
135 460
135 564
135 635
135 644
135 752
135 970
136 176
136 300
136 342
136 468
136 543
136 639
136 974
137 454
137 538
137 618
137 638
137 679
137 775
137 807
137 839
137 863
137 903
138 334
138 462
138 523
138 557
138 653
138 728
138 729
139 169
139 197
139 304
139 404
139 452
139 487
139 545
139 556
139 795
139 797
139 853
139 997
140 156
140 196
140 218
140 301
140 525
140 554
140 571
140 622
140 632
140 744
140 768
140 769
140 789
140 861
140 924
140 934
141 168
141 202
141 226
141 253
141 528
141 543
141 570
141 589
141 708
141 728
141 818
142 167
142 185
142 239
142 269
142 330
142 386
142 476
142 557
142 584
142 693
142 696
142 814
142 819
143 175
143 210
143 223
143 306
143 321
143 398
143 442
143 489
143 536
143 613
143 736
143 753
143 996
144 146
144 174
144 305
144 313
144 340
144 411
144 437
144 470
144 476
144 553
144 755
144 899
145 267
145 408
145 445
145 447
145 469
145 739
145 745
145 838
146 253
146 279
146 426
146 497
146 641
146 662
146 663
146 670
146 676
146 723
146 881
146 942
147 162
147 278
147 313
147 320
147 344
147 365
147 489
147 506
147 566
147 592
147 685
147 788
147 862
147 993
148 191
148 230
148 238
148 252
148 256
148 541
148 549
148 551
148 618
148 692
148 710
148 740
148 758
148 760
148 930
148 947
149 219
149 370
149 526
149 588
149 590
149 639
149 671
149 738
149 895
149 902
149 940
150 155
150 169
150 174
150 178
150 227
150 436
150 488
150 597
150 948
150 985
151 210
151 236
151 370
151 410
151 722
151 723
151 807
151 916
151 938
152 189
152 224
152 265
152 533
152 638
152 661
152 698
152 796
153 164
153 212
153 306
153 321
153 374
153 480
153 489
153 497
153 585
153 601
153 628
153 666
153 681
153 731
153 733
153 751
153 761
153 792
153 802
153 975
154 254
154 301
154 317
154 322
154 403
154 438
154 511
154 590
154 607
154 730
154 733
154 751
154 760
154 788
154 828
154 871
154 882
154 896
154 967
154 974
155 173
155 231
155 281
155 490
155 494
155 748
155 782
155 883
156 195
156 329
156 340
156 517
156 529
156 548
156 578
156 653
156 690
156 731
156 829
156 874
156 974
156 991
157 204
157 364
157 399
157 459
157 625
157 751
157 819
157 830
157 835
157 848
157 881
157 893
157 904
158 260
158 349
158 369
158 405
158 414
158 482
158 544
158 606
158 685
158 701
158 708
158 798
158 827
158 935
159 174
159 229
159 299
159 342
159 348
159 393
159 440
159 455
159 537
159 541
159 561
159 612
159 618
159 698
159 817
159 865
159 872
159 899
160 189
160 236
160 285
160 447
160 605
160 688
160 747
160 774
160 831
160 935
160 984
161 206
161 299
161 308
161 387
161 389
161 436
161 476
161 706
161 746
161 825
161 854
161 879
162 232
162 339
162 343
162 415
162 428
162 496
162 515
162 619
162 641
162 684
162 766
162 980
163 202
163 205
163 228
163 239
163 315
163 444
163 530
163 575
163 653
163 668
163 726
163 743
163 991
163 994
164 262
164 367
164 431
164 542
164 557
164 682
164 751
164 777
164 829
164 844
164 906
165 227
165 274
165 536
165 640
165 726
165 794
165 805
165 864
165 913
166 213
166 215
166 301
166 379
166 469
166 608
166 611
166 653
166 662
166 768
166 786
166 788
166 942
166 975
167 175
167 314
167 315
167 366
167 442
167 540
167 624
167 730
167 743
167 809
167 815
167 952
167 995
168 201
168 280
168 293
168 353
168 406
168 434
168 465
168 472
168 487
168 488
168 516
168 557
168 574
168 719
168 731
168 734
168 781
168 813
168 828
169 177
169 283
169 326
169 334
169 439
169 587
169 767
169 965
169 995
170 236
170 402
170 463
170 606
170 642
170 661
170 754
170 822
170 940
170 966
170 982
171 271
171 416
171 463
171 545
171 553
171 685
171 686
171 692
171 808
171 916
171 918
172 213
172 219
172 319
172 421
172 519
172 557
172 610
172 632
172 871
172 972
173 279
173 425
173 536
173 542
173 557
173 571
173 598
173 630
173 812
173 928
174 427
174 487
174 516
174 592
174 617
174 712
174 792
174 804
174 927
175 280
175 572
175 809
175 825
175 851
175 961
176 217
176 261
176 378
176 412
176 543
176 573
176 575
176 756
176 770
177 179
177 203
177 250
177 252
177 359
177 421
177 551
177 561
177 611
177 646
177 648
177 659
177 671
177 716
177 763
177 894
177 906
178 268
178 345
178 396
178 450
178 457
178 534
178 580
178 687
178 963
179 198
179 245
179 310
179 441
179 477
179 582
179 698
179 713
179 825
179 841
179 884
179 894
179 993
180 257
180 349
180 351
180 446
180 534
180 594
180 775
180 925
180 930
181 353
181 361
181 363
181 549
181 562
181 688
181 756
181 791
181 897
181 972
182 187
182 198
182 286
182 307
182 405
182 439
182 506
182 518
182 564
182 591
182 594
182 659
182 664
182 686
182 827
183 229
183 253
183 324
183 430
183 473
183 569
183 603
183 633
183 646
183 818
184 276
184 349
184 439
184 451
184 594
184 637
184 916
184 959
185 199
185 323
185 326
185 349
185 430
185 549
185 613
185 661
185 867
185 914
185 961
185 975
185 991
185 998
186 189
186 276
186 310
186 323
186 449
186 450
186 489
186 701
186 708
186 909
186 941
186 994
187 423
187 458
187 477
187 574
187 626
187 693
187 819
187 821
187 934
187 994
188 253
188 306
188 378
188 393
188 586
188 748
188 824
188 910
188 985
188 989
189 231
189 258
189 392
189 406
189 484
189 571
189 592
189 603
189 660
189 679
189 741
189 833
189 901
189 931
189 985
189 987
190 275
190 316
190 394
190 639
190 689
190 702
190 847
190 878
190 913
190 958
191 281
191 304
191 367
191 458
191 563
191 869
191 979
192 289
192 402
192 664
192 680
192 684
192 815
192 841
192 910
192 992
193 358
193 591
193 608
193 770
193 954
194 222
194 365
194 403
194 436
194 530
194 549
194 568
194 814
194 974
194 993
195 211
195 267
195 342
195 457
195 529
195 533
195 588
195 614
195 632
195 665
195 719
195 774
195 835
195 844
195 897
195 908
195 930
195 947
196 214
196 295
196 322
196 370
196 378
196 451
196 460
196 652
196 695
196 807
197 253
197 341
197 375
197 383
197 461
197 549
197 672
197 746
197 825
197 894
198 222
198 231
198 263
198 312
198 320
198 345
198 430
198 434
198 459
198 520
198 675
198 938
198 985
199 299
199 354
199 376
199 553
199 560
199 648
199 695
199 773
199 783
199 807
199 867
199 953
199 961
199 986
200 373
200 407
200 482
200 582
200 666
200 690
200 757
200 760
200 875
200 972
201 206
201 258
201 323
201 359
201 397
201 447
201 504
201 509
201 591
201 621
201 637
201 639
201 661
201 688
201 781
201 910
201 938
202 243
202 292
202 369
202 530
202 576
202 767
202 785
202 810
202 884
202 998
203 227
203 266
203 270
203 408
203 464
203 641
203 848
203 849
203 953
204 267
204 387
204 446
204 475
204 568
204 584
204 604
204 721
204 802
204 858
204 872
205 254
205 375
205 382
205 423
205 547
205 636
205 801
205 809
205 858
206 232
206 273
206 297
206 351
206 500
206 543
206 565
206 621
206 745
206 824
206 867
206 932
206 949
206 998
207 209
207 293
207 296
207 304
207 473
207 534
207 538
207 577
207 586
207 598
207 804
207 848
207 921
207 993
208 211
208 215
208 295
208 350
208 416
208 422
208 519
208 552
208 571
208 591
208 600
208 669
208 714
208 769
208 784
208 792
208 842
209 224
209 233
209 262
209 577
209 726
209 827
209 847
209 899
210 241
210 328
210 427
210 478
210 481
210 499
210 546
210 566
210 672
210 709
210 725
210 798
210 951
210 983
210 991
211 259
211 280
211 517
211 845
212 374
212 432
212 709
212 799
212 897
213 297
213 302
213 336
213 408
213 508
213 651
213 734
213 773
213 852
214 254
214 306
214 316
214 324
214 344
214 355
214 405
214 470
214 480
214 591
214 618
214 651
214 658
214 664
214 665
214 742
214 795
214 823
214 872
214 875
214 896
214 907
214 949
215 236
215 274
215 365
215 487
215 489
215 510
215 538
215 572
215 620
215 629
215 749
215 752
215 839
215 911
215 930
216 338
216 361
216 378
216 480
216 499
216 600
216 659
216 709
216 821
217 273
217 489
217 502
217 540
217 544
217 823
217 868
217 872
217 891
217 946
218 371
218 465
218 581
218 644
218 722
218 725
218 800
218 957
219 327
219 414
219 415
219 467
219 565
219 592
219 702
219 920
220 293
220 336
220 436
220 483
220 507
220 565
220 579
220 583
220 701
220 702
220 710
220 773
220 846
220 911
220 913
220 935
220 943
220 960
220 969
221 275
221 285
221 318
221 361
221 408
221 508
221 561
221 601
221 664
221 668
221 708
221 768
221 808
221 812
221 837
221 968
222 270
222 324
222 414
222 516
222 558
222 604
222 710
222 737
222 845
222 860
222 876
223 254
223 268
223 273
223 335
223 481
223 632
223 784
223 794
223 893
224 419
224 424
224 810
224 999
225 472
225 567
225 584
225 737
225 782
225 843
225 847
225 992
226 284
226 363
226 381
226 467
226 483
226 590
226 699
226 700
226 707
226 729
226 807
226 897
226 973
227 315
227 331
227 341
227 400
227 515
227 546
227 651
227 660
227 705
227 999
228 244
228 286
228 345
228 363
228 470
228 700
228 779
228 782
228 830
228 849
229 234
229 252
229 290
229 331
229 437
229 467
229 495
229 526
229 550
229 552
229 558
229 569
229 595
229 754
229 792
229 799
229 840
229 937
229 955
229 962
229 977
229 990
230 234
230 305
230 357
230 426
230 644
230 680
230 818
231 312
231 343
231 453
231 473
231 488
231 525
231 552
231 739
231 767
231 776
231 823
232 315
232 479
232 532
232 627
232 819
232 957
233 277
233 296
233 551
233 575
233 587
233 589
233 609
233 677
233 712
233 802
233 889
233 943
233 984
234 304
234 362
234 375
234 412
234 435
234 452
234 471
234 548
234 577
234 637
234 756
234 814
234 844
234 974
235 275
235 283
235 300
235 343
235 356
235 516
235 678
235 770
235 782
235 849
235 885
235 928
235 935
235 966
235 1000
236 278
236 285
236 357
236 411
236 559
236 591
236 596
236 665
236 700
236 909
236 934
236 962
237 418
237 422
237 487
237 568
237 605
237 651
237 725
237 884
237 896
238 243
238 328
238 488
238 720
238 724
238 771
238 827
238 853
238 926
238 941
238 959
239 264
239 313
239 416
239 463
239 492
239 540
239 594
239 612
239 636
239 643
239 678
239 703
239 767
239 786
239 854
239 995
240 277
240 318
240 565
240 613
240 786
240 822
240 920
241 256
241 435
241 467
241 523
241 524
241 608
241 627
241 741
241 745
241 785
241 790
241 796
241 860
241 966
241 982
241 992
242 358
242 421
242 440
242 509
242 626
242 839
242 959
242 960
243 259
243 272
243 471
243 588
243 638
243 645
243 677
243 736
243 868
244 298
244 310
244 408
244 560
244 707
244 726
244 906
245 305
245 597
245 606
245 661
245 749
245 758
246 295
246 429
246 476
246 479
246 516
246 553
246 682
246 735
246 787
246 949
247 260
247 368
247 374
247 704
247 893
247 973
248 260
248 360
248 418
248 427
248 470
248 580
248 592
248 747
248 773
248 921
248 956
248 970
249 269
249 400
249 467
249 471
249 519
249 548
249 564
249 575
249 676
249 772
249 880
249 922
250 270
250 325
250 404
250 586
250 641
250 733
250 970
250 975
250 978
250 997
251 364
251 366
251 462
251 488
251 622
251 663
251 751
251 955
252 308
252 321
252 395
252 517
252 584
252 639
252 659
252 731
252 790
252 808
252 863
252 999
253 329
253 360
253 668
253 869
253 884
253 945
254 334
254 380
254 574
254 579
254 632
254 718
254 744
254 815
254 834
254 907
254 1000
255 258
255 295
255 311
255 387
255 416
255 518
255 646
255 739
255 760
255 819
255 877
255 930
255 956
255 975
256 300
256 329
256 363
256 367
256 447
256 508
256 509
256 527
256 528
256 743
256 901
256 918
256 921
256 928
256 964
256 968
257 286
257 598
257 608
257 706
257 773
258 311
258 544
258 568
258 613
258 669
258 736
258 740
258 947
258 957
258 971
259 366
259 435
259 452
259 516
259 603
259 676
259 781
259 789
259 803
259 808
259 894
260 408
260 455
260 503
260 625
260 992
261 291
261 337
261 343
261 353
261 357
261 372
261 530
261 571
261 607
261 702
261 714
261 725
261 734
262 296
262 298
262 316
262 447
262 454
262 511
262 522
262 589
262 641
262 743
262 763
262 776
262 819
262 933
262 984
262 991
263 287
263 402
263 445
263 504
263 558
263 640
263 701
263 783
263 784
263 802
263 812
263 825
264 297
264 353
264 385
264 630
264 704
264 857
264 878
265 287
265 357
265 416
265 489
265 580
265 630
265 656
265 671
265 929
266 375
266 469
266 471
266 472
266 504
266 516
266 542
266 566
266 699
266 770
266 804
266 856
267 275
267 376
267 391
267 596
267 601
267 644
267 653
267 702
267 715
267 749
267 884
267 888
267 935
267 939
268 293
268 363
268 374
268 382
268 395
268 458
268 524
268 706
268 727
268 730
268 825
268 850
268 984
269 437
269 438
269 609
269 692
269 699
269 746
270 285
270 286
270 351
270 695
270 714
270 741
270 794
270 801
270 920
270 943
270 952
271 299
271 340
271 374
271 386
271 412
271 525
271 676
271 983
271 987
271 988
271 996
271 997
272 282
272 314
272 464
272 465
272 818
272 850
272 855
272 972
272 996
273 292
273 375
273 376
273 385
273 418
273 421
273 515
273 580
273 601
273 621
273 673
273 782
273 784
273 851
273 930
274 283
274 297
274 370
274 371
274 456
274 463
274 478
274 841
274 883
274 949
274 978
275 430
275 465
275 488
275 521
275 592
275 720
275 903
275 912
275 960
276 374
276 541
276 552
276 725
276 741
276 780
276 809
276 814
276 892
276 901
276 932
276 958
276 972
277 330
277 416
277 613
277 690
277 715
277 797
277 927
277 946
278 347
278 354
278 503
278 527
278 788
278 808
278 812
278 882
278 904
278 940
279 361
279 383
279 415
279 425
279 432
279 496
279 570
279 582
279 613
279 649
279 687
279 788
279 897
279 945
280 326
280 494
280 518
280 595
280 733
280 752
280 801
280 833
280 843
280 887
280 897
280 951
281 461
281 486
281 510
281 525
281 566
281 607
281 678
281 810
281 826
281 879
281 956
281 970
281 980
281 993
282 362
282 490
282 574
282 579
282 631
282 683
282 945
282 946
282 961
282 992
283 308
283 323
283 438
283 519
283 589
283 643
283 742
283 823
283 913
283 951
283 966
283 999
284 402
284 410
284 452
284 463
284 485
284 503
284 520
284 523
284 548
284 694
284 730
284 866
284 891
284 973
285 421
285 443
285 649
285 705
285 750
285 815
285 906
285 1000
286 386
286 428
286 436
286 501
286 635
286 636
286 642
286 645
286 711
286 826
286 911
286 933
286 970
287 340
287 399
287 423
287 531
287 540
287 571
287 679
287 776
287 789
287 854
287 863
288 541
288 548
288 578
288 582
288 804
288 852
288 886
288 926
289 387
289 487
289 563
289 698
289 725
289 787
289 797
289 959
289 969
289 970
290 323
290 351
290 375
290 384
290 394
290 406
290 443
290 467
290 488
290 536
290 539
290 562
290 618
290 704
290 788
290 869
290 925
290 975
291 323
291 342
291 356
291 479
291 537
291 650
291 681
291 715
291 953
291 957
292 343
292 481
292 698
292 715
292 753
292 796
292 812
292 822
293 376
293 386
293 439
293 461
293 510
293 528
293 539
293 563
293 657
293 673
293 821
293 829
293 938
293 966
294 435
294 641
294 647
294 697
294 795
294 805
294 809
294 847
294 897
294 957
294 959
295 342
295 349
295 368
295 544
295 574
295 612
295 769
295 880
295 895
295 943
295 955
296 354
296 360
296 364
296 616
296 680
296 683
296 869
296 917
296 932
296 934
296 950
297 315
297 334
297 348
297 436
297 455
297 593
297 704
297 761
297 868
297 890
297 909
297 954
298 378
298 388
298 522
298 758
298 835
299 308
299 345
299 394
299 512
299 517
299 737
299 775
299 943
300 393
300 408
300 415
300 445
300 624
300 648
300 716
300 773
301 439
301 506
301 550
301 558
301 573
301 656
301 716
301 924
302 466
302 693
302 746
302 828
302 962
302 979
302 1000
303 419
303 443
303 639
303 788
303 826
303 865
303 867
303 870
304 401
304 408
304 533
304 696
304 748
304 757
304 776
304 843
304 935
304 997
305 465
305 816
305 973
306 343
306 415
306 423
306 505
306 605
306 612
306 692
306 715
306 745
306 896
306 946
306 965
307 314
307 338
307 474
307 479
307 547
307 614
307 620
307 751
307 773
307 848
307 881
308 345
308 498
308 567
308 573
308 608
308 629
308 631
308 927
308 958
309 316
309 367
309 443
309 509
309 612
309 695
309 723
309 824
309 890
310 350
310 370
310 408
310 542
310 581
310 624
310 659
310 705
310 844
310 870
310 940
311 358
311 458
311 460
311 462
311 619
311 684
311 694
311 733
311 770
311 790
311 942
311 945
311 991
312 414
312 476
312 544
312 546
312 704
312 815
312 832
312 976
313 446
313 464
313 475
313 526
313 555
313 565
313 632
313 633
313 719
313 908
314 378
314 526
314 541
314 603
314 639
314 807
315 406
315 423
315 513
315 520
315 545
315 663
315 673
315 698
315 735
315 880
315 921
316 325
316 364
316 377
316 559
316 593
316 627
316 756
316 793
316 933
317 342
317 434
317 466
317 486
317 601
317 698
317 744
317 795
317 895
317 945
318 482
318 545
318 593
318 665
318 670
318 750
318 759
318 783
318 1000
319 424
319 491
319 528
319 586
319 613
319 645
319 663
319 687
319 949
319 994
320 344
320 513
320 616
320 720
320 724
320 737
320 804
320 815
320 905
320 935
320 974
321 350
321 363
321 417
321 448
321 511
321 533
321 556
321 584
321 612
321 625
321 642
321 745
321 790
321 982
322 429
322 501
322 545
322 627
322 865
323 342
323 743
323 846
323 875
323 876
323 879
323 995
324 597
324 853
324 902
324 979
325 382
325 515
325 523
325 567
325 631
325 853
325 992
326 442
326 478
326 530
326 614
326 832
326 950
327 329
327 341
327 434
327 449
327 475
327 533
327 601
327 774
327 803
327 831
327 875
328 341
328 362
328 581
328 676
328 690
328 710
328 717
328 738
328 742
328 753
328 762
328 832
328 887
328 959
329 336
329 395
329 451
329 487
329 587
329 773
329 795
329 871
329 952
329 968
330 369
330 386
330 405
330 524
330 674
330 880
330 936
331 354
331 383
331 385
331 404
331 527
331 589
331 698
331 715
331 934
331 938
331 960
332 371
332 469
332 654
332 764
332 776
332 902
333 568
333 609
333 653
333 668
333 685
333 686
333 727
333 826
333 839
333 871
333 886
333 890
334 395
334 496
334 524
334 534
334 548
334 557
334 722
334 864
334 902
334 904
335 389
335 409
335 482
335 547
335 556
335 638
335 772
335 801
335 839
335 863
335 918
335 963
335 984
336 359
336 463
336 535
336 616
336 717
336 754
336 820
336 869
336 872
337 348
337 378
337 419
337 458
337 493
337 554
337 570
337 581
337 592
337 684
337 715
337 758
337 891
337 970
338 556
338 609
338 620
338 687
338 767
338 785
338 844
338 913
338 936
338 994
338 997
339 467
339 475
339 484
339 564
339 674
339 687
339 820
339 844
339 918
340 387
340 440
340 522
340 636
340 640
340 672
340 749
340 849
340 898
341 597
341 610
341 646
341 793
341 931
341 938
341 963
341 984
342 535
342 553
342 616
342 712
342 903
343 418
343 449
343 790
343 847
343 892
343 921
344 347
344 359
344 439
344 474
344 699
344 740
344 837
344 858
344 931
344 974
345 458
345 522
345 649
345 726
345 751
345 758
345 787
345 804
345 871
346 372
346 390
346 393
346 468
346 472
346 542
346 659
346 735
346 738
346 793
346 922
347 393
347 476
347 498
347 518
347 564
347 601
347 698
347 736
347 758
347 773
347 822
347 872
347 928
347 986
348 521
348 602
348 735
348 767
348 808
348 819
348 910
348 924
349 410
349 414
349 433
349 446
349 578
349 583
349 642
349 705
349 863
349 981
349 994
349 995
350 407
350 472
350 603
350 802
350 816
350 837
350 942
350 958
351 460
351 638
351 660
351 781
351 826
351 865
352 729
352 883
352 932
353 595
353 600
353 666
353 716
353 883
353 952
354 391
354 392
354 536
354 583
354 590
354 625
354 758
354 863
354 909
355 368
355 515
355 607
355 637
355 663
355 706
355 741
355 835
355 843
355 963
355 979
356 435
356 502
356 524
356 592
356 702
356 835
357 414
357 517
357 625
357 679
357 761
358 487
358 506
358 545
358 547
358 571
358 611
358 638
358 653
358 665
358 723
358 851
358 913
359 515
359 595
359 632
359 706
359 733
359 808
359 864
359 867
359 879
359 934
359 947
360 382
360 395
360 457
360 502
360 618
360 677
360 798
360 887
360 963
360 965
361 405
361 641
361 645
361 676
361 687
361 875
361 911
361 920
361 963
361 997
361 999
362 370
362 391
362 406
362 439
362 576
362 600
362 642
362 684
362 803
362 905
362 919
362 989
363 408
363 441
363 448
363 496
363 561
363 606
363 627
363 633
363 814
363 941
363 997
364 605
364 705
364 749
364 829
364 941
364 969
365 404
365 409
365 609
365 634
365 659
365 752
365 768
365 963
366 406
366 410
366 422
366 426
366 456
366 471
366 479
366 484
366 494
366 506
366 647
366 737
366 867
366 935
366 995
367 372
367 589
367 593
367 681
367 685
367 707
367 841
367 987
368 373
368 384
368 482
368 582
368 613
368 683
368 782
368 791
368 857
368 876
368 964
368 968
369 381
369 433
369 441
369 575
369 600
369 601
370 510
370 527
370 646
370 805
370 818
371 452
371 711
371 749
371 787
371 819
371 829
371 980
372 373
372 583
372 610
372 685
372 695
372 779
372 855
372 914
373 418
373 442
373 462
373 532
373 637
373 732
373 786
373 916
373 934
373 988
374 396
374 465
374 498
374 559
374 629
374 632
374 656
374 657
374 679
374 692
374 727
374 881
374 986
374 987
375 406
375 480
375 482
375 505
375 558
375 574
375 666
375 846
375 851
375 894
375 913
375 988
376 453
376 514
376 564
376 630
376 724
376 784
376 872
376 981
377 381
377 501
377 549
377 763
377 841
377 862
377 873
377 975
377 976
378 474
378 702
378 753
378 827
378 928
378 976
379 434
379 465
379 600
379 674
379 694
379 781
379 803
379 857
379 926
380 417
380 469
380 477
380 515
380 524
380 727
380 747
380 772
380 803
380 804
380 805
380 899
380 956
380 989
381 424
381 453
381 556
381 572
381 724
381 781
381 850
381 902
381 941
381 944
382 434
382 472
382 544
382 597
382 602
382 802
382 824
382 841
382 981
383 395
383 437
383 563
383 645
383 686
383 720
383 758
383 835
383 995
384 448
384 612
384 847
384 910
385 473
385 611
385 646
385 707
385 868
385 877
385 897
385 935
386 396
386 422
386 428
386 432
386 523
386 539
386 675
386 683
386 798
387 462
387 484
387 487
387 901
388 438
388 497
388 535
388 542
388 574
388 613
388 832
388 840
388 907
389 419
389 673
389 694
389 727
389 740
389 874
390 408
390 409
390 456
390 482
390 593
390 805
390 838
390 841
390 900
390 935
391 408
391 558
391 622
391 629
391 693
391 705
391 713
391 729
391 846
391 877
391 901
391 992
392 550
392 557
392 610
392 705
392 727
392 734
392 865
392 901
392 954
392 959
393 405
393 406
393 597
393 631
393 671
393 741
393 773
393 857
393 889
393 986
393 987
394 405
394 466
394 548
394 565
394 596
394 606
394 615
394 641
394 687
394 718
395 440
395 444
395 615
395 636
395 720
395 725
395 797
395 836
395 849
395 855
395 881
395 897
395 899
396 406
396 436
396 597
396 882
396 915
397 513
397 518
397 527
397 577
397 605
397 609
397 825
397 857
397 871
398 453
398 511
398 565
398 655
399 406
399 454
399 528
399 608
399 831
399 844
399 892
399 899
399 943
399 945
400 580
400 612
400 662
400 763
400 902
401 418
401 447
401 482
401 699
401 760
401 764
401 775
401 816
401 831
401 879
401 897
401 901
401 983
401 993
402 481
402 519
402 569
402 682
402 686
402 697
402 779
402 813
402 828
402 843
402 857
403 425
403 515
403 540
403 624
403 637
403 649
403 716
403 723
403 754
403 781
403 812
403 824
403 937
404 511
404 575
404 635
404 720
404 890
404 962
405 451
405 519
405 563
405 641
405 690
405 707
405 726
405 849
406 407
406 670
406 737
406 753
406 876
406 892
406 927
406 946
407 461
407 490
407 513
407 543
407 687
407 727
407 736
407 798
407 832
407 974
407 994
408 483
408 538
408 634
408 645
408 682
408 697
408 827
408 837
408 838
408 922
408 930
408 943
408 988
409 449
409 504
409 782
409 811
409 905
409 984
410 521
410 656
410 657
410 943
411 444
411 449
411 454
411 485
411 546
411 658
411 735
411 783
411 851
411 912
411 933
411 944
412 413
412 432
412 502
412 691
412 898
412 919
412 937
413 487
413 530
413 556
413 593
413 766
413 824
413 846
413 860
413 887
413 990
414 446
414 450
414 646
414 723
414 781
415 422
415 596
415 598
415 722
415 776
415 811
415 813
415 852
415 876
415 927
415 936
415 954
416 447
416 517
416 522
416 620
416 650
416 716
416 749
416 816
416 850
416 918
416 978
417 458
417 460
417 541
417 543
417 662
417 686
417 742
417 780
417 787
417 807
417 888
417 920
417 935
418 434
418 470
418 558
418 648
418 652
418 736
418 759
419 429
419 432
419 471
419 513
419 539
419 546
419 586
419 663
419 713
419 734
419 770
419 778
419 990
420 537
420 668
420 748
420 812
420 900
420 906
420 984
421 479
421 541
421 568
421 587
421 608
421 614
421 649
421 951
421 983
422 443
422 491
422 595
422 754
422 783
422 791
422 999
423 817
423 826
423 869
423 883
424 593
424 629
424 695
424 696
424 734
424 743
424 765
424 925
424 969
424 973
425 525
425 531
425 615
425 694
425 711
425 917
425 975
426 546
426 565
426 578
426 643
426 707
426 736
426 741
426 744
426 918
427 437
427 530
427 628
427 638
427 687
427 701
427 716
427 830
427 947
428 449
428 514
428 747
428 849
428 948
429 461
429 487
429 500
429 582
429 770
429 831
429 871
430 432
430 575
430 669
430 678
430 714
430 737
430 752
430 818
430 848
430 947
430 995
431 457
431 520
431 622
431 845
432 524
432 612
432 650
432 705
432 708
432 865
432 896
432 969
433 452
433 467
433 548
433 570
433 613
433 616
433 690
433 762
433 811
433 834
433 924
433 978
434 531
434 592
434 649
434 916
434 919
435 532
435 534
435 543
435 599
435 612
435 682
435 855
435 907
436 484
436 563
436 575
436 647
436 691
436 754
436 758
436 763
436 822
436 825
437 531
437 745
437 790
437 812
437 829
437 957
438 456
438 589
438 593
438 653
438 654
438 665
438 801
438 845
438 898
439 458
439 839
439 869
439 903
439 940
439 945
439 980
439 991
440 459
440 494
440 564
440 657
440 745
440 755
440 881
440 954
441 550
441 578
441 617
441 668
441 716
441 988
442 517
442 543
442 587
442 595
442 613
442 654
442 655
442 778
442 804
442 825
442 937
442 993
443 538
443 751
443 774
443 789
443 930
443 974
444 449
444 535
444 717
444 805
445 536
445 578
445 597
445 617
445 726
445 758
445 903
445 916
445 974
446 449
446 510
446 601
446 647
446 675
446 718
446 740
446 817
446 950
447 474
447 573
447 606
447 646
447 688
447 726
447 920
447 953
447 969
448 465
448 560
448 623
448 647
448 712
448 725
448 744
448 747
448 902
449 515
449 590
449 676
449 889
449 1000
450 476
450 592
450 604
450 637
450 638
450 678
450 758
450 780
450 782
450 948
450 999
451 520
451 712
451 780
451 861
451 913
451 940
452 711
452 990
453 528
453 535
453 559
453 761
453 763
453 813
453 820
454 626
454 628
454 881
454 977
455 569
455 617
455 708
455 738
455 770
455 793
455 922
455 971
455 978
456 462
456 695
456 788
456 849
456 920
457 462
457 488
457 564
457 772
457 904
457 956
457 997
458 528
458 545
458 746
458 767
458 777
458 838
458 869
458 870
458 886
458 887
458 890
458 990
459 501
459 562
459 592
459 606
459 609
459 624
459 691
459 720
459 725
459 731
459 752
459 859
459 900
459 992
460 549
460 566
460 597
460 722
460 833
460 845
460 958
461 573
461 589
461 662
461 704
461 759
461 786
461 871
462 550
462 572
462 711
462 768
462 877
462 966
463 512
463 539
463 572
463 575
463 678
463 711
463 740
463 873
463 961
464 528
464 563
464 716
464 772
464 958
465 502
465 581
465 590
465 667
465 733
465 809
465 859
465 995
466 490
466 599
466 663
466 763
466 785
466 857
467 499
467 619
467 684
467 801
467 842
467 860
467 878
467 905
467 944
467 956
467 959
468 512
468 616
468 671
468 679
468 753
468 771
468 860
468 866
468 905
468 949
468 962
469 504
469 509
469 640
469 733
469 790
469 799
469 807
469 941
469 972
470 479
470 499
470 510
470 578
470 716
470 764
470 810
470 856
470 868
470 900
471 509
471 633
471 768
471 794
471 879
471 909
471 987
472 492
472 716
472 777
472 932
473 511
473 521
473 567
473 571
473 575
473 595
473 638
473 647
473 779
473 796
473 799
473 891
473 922
473 966
474 499
474 529
474 541
474 670
474 728
474 730
474 851
474 944
475 634
475 727
475 820
475 830
475 883
475 934
475 979
476 511
476 549
476 588
476 657
476 799
476 815
476 888
476 927
477 520
477 707
477 801
477 807
477 824
477 855
478 489
478 508
478 628
478 669
478 725
478 956
478 994
479 496
479 508
479 516
479 703
479 724
479 764
479 850
479 888
479 943
480 488
480 615
480 635
480 702
480 950
481 644
481 734
481 751
481 798
481 816
481 879
481 918
482 660
482 672
482 681
482 682
482 686
482 751
482 828
482 874
482 941
483 501
483 617
483 631
483 633
483 660
483 668
483 708
483 752
483 754
483 787
483 789
483 809
483 861
483 904
484 660
484 664
484 970
484 993
485 488
485 590
485 598
485 702
485 796
485 853
485 866
485 889
485 934
485 970
486 509
486 565
486 719
486 741
486 749
486 805
486 845
486 894
486 976
487 549
487 570
487 598
487 807
488 572
488 583
488 740
488 843
488 971
489 496
489 549
489 627
489 643
489 673
489 814
489 892
490 590
490 890
491 731
491 758
491 818
491 829
491 889
491 920
491 977
492 635
492 642
492 652
492 714
492 749
492 750
492 770
492 866
492 882
492 917
492 924
492 944
492 980
493 537
493 539
493 563
493 651
493 768
493 816
493 834
493 881
493 903
494 638
494 782
494 971
494 999
495 745
495 779
495 794
495 823
495 873
496 546
496 590
496 620
496 663
496 664
496 746
496 794
496 863
496 881
496 888
496 944
497 543
497 621
497 643
497 726
497 835
497 843
497 888
497 894
497 916
497 958
498 547
498 575
498 603
498 652
498 693
498 697
498 800
498 878
499 519
499 707
499 746
499 799
499 844
500 572
500 921
500 974
501 561
501 605
501 720
501 792
501 835
501 840
501 855
501 984
502 584
502 813
502 911
502 934
503 511
503 826
503 857
503 891
503 948
503 968
504 607
504 813
504 853
504 912
505 518
505 604
505 669
505 769
505 809
505 983
506 580
506 924
506 940
506 986
507 613
507 664
507 689
507 727
507 804
507 833
507 855
508 559
508 613
508 638
508 664
508 720
508 844
508 967
508 974
509 510
509 531
509 613
509 703
509 737
509 771
509 924
509 954
510 547
510 665
510 757
510 765
510 820
510 923
510 938
511 536
511 562
511 570
511 609
511 642
511 655
511 738
511 781
511 791
511 877
511 918
511 950
512 626
512 771
512 806
512 810
512 885
512 931
512 1000
513 552
513 577
513 725
513 729
513 820
514 536
514 827
514 884
514 942
515 533
515 560
515 694
515 764
515 791
515 816
515 909
515 991
516 530
516 573
516 585
516 607
516 653
516 763
516 820
516 988
517 633
517 790
517 883
517 903
517 911
517 953
517 992
518 624
518 698
518 718
518 723
518 756
518 830
519 560
519 646
519 676
519 786
519 860
519 986
520 582
520 817
520 829
520 933
521 540
521 661
521 742
521 873
521 944
522 725
522 769
522 896
522 918
522 930
523 550
523 630
523 717
524 630
524 777
524 825
524 842
524 849
524 851
524 898
524 909
524 910
524 921
524 965
525 564
525 619
525 625
525 630
525 742
525 755
525 776
525 784
526 641
526 726
526 729
526 754
527 639
527 809
527 836
527 892
527 985
528 575
528 699
528 803
528 925
528 937
528 980
529 682
529 727
529 747
529 905
530 598
530 608
530 674
530 730
530 744
530 938
530 968
530 994
531 851
531 872
532 598
532 698
532 785
532 848
532 874
532 879
532 987
533 659
533 869
534 688
534 706
534 712
534 861
535 603
535 688
535 716
535 812
535 940
535 991
536 617
536 677
536 725
536 823
536 824
536 845
537 588
537 594
537 755
537 764
537 868
537 1000
538 620
538 715
538 843
538 857
538 867
538 884
538 904
538 995
539 617
539 623
539 671
539 713
539 795
539 919
540 600
540 836
540 906
540 913
540 971
541 547
541 571
541 581
541 663
541 780
541 788
541 797
541 940
542 588
542 803
542 867
542 917
542 924
542 943
543 619
543 645
543 734
543 745
543 929
543 954
544 562
544 568
544 689
544 742
544 950
544 989
545 611
545 626
545 633
545 636
545 646
545 731
545 772
545 804
545 818
546 555
546 579
546 637
546 726
546 811
546 842
547 581
547 599
547 631
547 752
547 755
547 791
547 909
547 988
548 667
548 700
548 706
548 804
548 860
548 969
549 586
549 687
549 774
549 881
549 898
549 922
550 680
550 729
550 826
550 864
550 972
550 999
551 571
551 808
551 831
551 839
552 565
552 853
552 876
552 878
552 946
552 951
553 753
553 881
553 902
553 904
554 598
554 773
554 840
554 902
554 906
555 626
555 712
555 721
555 736
555 769
555 865
555 934
555 949
555 988
556 676
556 726
556 783
556 787
556 834
556 916
557 559
557 679
557 793
557 819
557 842
557 903
557 993
557 998
558 673
558 730
558 756
558 760
559 568
559 682
559 687
559 754
559 813
559 833
559 836
559 924
559 929
559 954
559 966
560 626
560 643
560 712
560 723
560 921
560 948
561 601
561 637
561 732
561 777
561 799
562 645
562 774
562 860
562 937
562 939
563 800
563 807
563 868
563 875
564 589
564 654
564 668
565 652
565 687
565 694
565 814
565 833
566 576
566 624
566 638
566 654
566 678
566 728
566 768
566 793
566 830
566 934
567 592
567 614
567 674
567 730
567 737
567 753
567 805
567 982
568 611
568 822
568 909
568 932
569 612
569 632
569 728
569 777
569 925
569 930
570 608
570 698
570 706
570 808
570 820
571 626
571 695
571 847
571 924
572 681
572 782
572 793
572 968
573 583
573 591
573 665
573 719
573 791
573 816
573 857
574 634
574 643
574 725
574 873
574 940
574 984
575 611
575 772
575 804
575 922
576 600
576 633
576 707
576 716
576 762
576 840
576 951
577 633
577 640
577 701
577 829
577 852
577 899
577 904
577 980
577 996
578 622
578 964
578 967
579 649
579 684
579 844
579 968
579 973
580 623
580 624
580 639
580 689
580 704
580 712
580 791
580 815
580 818
580 918
581 593
581 681
581 685
581 771
581 951
581 981
582 585
582 596
582 613
582 628
582 629
582 696
582 797
582 832
582 836
582 840
582 917
582 918
582 925
582 930
582 969
582 987
583 736
583 851
583 865
583 921
583 929
583 954
583 979
584 685
584 741
584 789
584 856
585 596
585 786
585 794
585 974
586 724
586 785
586 878
586 934
587 608
587 685
587 687
587 831
587 884
588 641
588 741
588 761
588 792
588 831
588 888
589 590
589 682
589 788
589 813
589 835
589 854
590 601
590 721
590 781
590 830
590 875
590 937
590 951
590 961
590 976
590 988
591 714
591 727
591 787
591 830
591 888
591 932
591 969
591 982
592 677
592 716
592 821
592 837
592 932
593 725
593 785
593 839
593 984
594 641
594 790
594 965
595 656
595 679
595 731
595 744
595 809
595 965
596 645
596 674
596 724
596 795
596 801
596 901
596 922
596 990
597 737
597 809
597 876
597 877
597 954
597 995
598 615
598 625
598 727
598 875
598 881
599 683
600 615
600 724
600 763
600 804
600 833
600 845
600 878
600 905
600 935
601 606
601 688
601 729
601 764
601 779
601 891
601 944
601 991
602 614
602 620
602 683
602 805
602 816
602 901
602 929
603 717
603 785
603 792
603 810
603 816
603 820
603 924
603 991
604 726
604 758
604 776
604 875
604 877
604 979
605 615
605 716
605 887
605 909
606 698
606 744
606 788
606 805
606 981
607 668
607 807
607 817
607 940
607 986
608 681
608 737
608 739
608 847
608 857
608 982
609 651
609 887
609 976
610 715
610 1000
611 646
611 811
611 982
612 616
612 716
612 803
612 818
613 617
613 672
613 760
613 766
613 799
613 964
614 711
614 721
614 788
614 868
614 961
614 970
614 989
615 659
615 706
615 723
615 966
616 666
616 678
616 739
616 748
616 802
616 866
616 976
617 621
617 798
617 812
617 978
617 996
618 634
618 689
618 703
618 787
618 866
619 662
619 678
619 915
620 675
620 690
620 835
620 840
620 888
620 917
620 926
621 666
621 684
621 835
621 937
622 732
622 813
622 867
623 628
623 654
623 694
623 697
623 698
623 737
623 866
623 917
623 918
623 923
624 684
624 687
624 724
624 794
624 978
624 1000
625 634
625 765
625 802
625 890
625 913
625 968
625 990
626 655
626 830
626 864
626 948
627 725
627 749
627 816
627 843
627 913
627 919
628 707
628 764
628 846
628 853
628 903
628 910
629 937
629 958
629 983
630 657
630 705
630 736
630 803
630 812
630 824
630 954
631 661
631 724
631 836
631 862
631 869
632 726
632 780
632 844
632 866
632 868
632 890
632 969
633 670
633 757
633 783
633 804
633 828
633 856
633 878
633 888
634 688
634 798
634 918
634 974
634 1000
635 660
635 714
635 744
635 782
635 923
635 961
635 987
636 672
636 691
636 743
636 970
637 656
637 721
637 896
638 658
638 659
638 697
638 821
638 875
638 974
639 842
640 670
640 674
640 797
640 906
640 908
640 918
641 727
641 768
641 897
641 936
641 960
641 968
641 997
642 851
642 871
642 947
643 653
643 751
643 813
643 936
644 661
644 721
644 800
644 857
644 917
645 648
645 655
645 691
645 712
645 734
645 779
645 801
645 871
645 916
646 732
646 789
646 797
646 820
646 829
646 878
646 955
646 992
646 995
647 667
647 738
647 980
648 685
648 763
648 879
648 977
648 983
649 766
649 965
649 967
650 662
650 726
650 864
651 883
651 958
652 914
653 806
653 820
653 885
653 983
654 659
654 755
654 786
654 803
654 864
654 896
654 986
655 672
655 816
655 877
655 892
655 922
656 673
656 879
656 903
656 951
657 839
657 906
657 920
657 964
658 782
658 788
658 819
658 861
659 715
659 851
659 907
659 967
660 805
660 933
660 989
661 735
661 809
661 946
662 693
662 695
662 707
662 722
662 781
662 813
662 823
662 872
663 779
663 866
663 879
663 968
664 739
664 796
664 921
664 967
664 973
664 974
665 702
665 761
665 789
665 894
665 907
665 941
666 716
666 721
666 901
667 794
667 959
667 965
668 694
668 840
668 850
668 872
668 986
669 770
669 811
670 690
670 694
670 716
670 736
670 767
670 852
670 992
671 758
671 786
671 860
671 952
672 885
672 936
672 984
673 702
673 718
673 751
673 761
673 796
673 814
673 882
674 711
674 718
674 809
674 915
675 683
675 924
675 935
675 938
675 980
675 984
676 728
676 833
676 838
676 908
676 924
677 747
677 781
677 812
677 863
677 965
678 695
678 855
679 717
679 791
679 917
680 704
680 798
680 809
680 863
680 992
681 775
681 818
681 850
681 890
681 977
681 997
682 686
682 688
682 721
683 744
684 707
684 794
684 953
685 706
685 727
685 771
685 831
685 878
685 914
685 989
686 694
686 698
686 882
686 980
687 701
687 930
688 707
688 715
688 819
688 940
689 776
689 793
689 830
690 709
690 811
690 870
690 884
690 918
690 941
690 1000
691 728
691 799
691 840
691 890
691 891
691 916
691 947
692 724
692 854
693 775
693 845
693 862
693 890
693 934
694 749
694 771
694 793
694 831
695 828
695 925
696 730
696 786
696 886
697 885
697 910
697 942
698 744
698 802
699 901
699 934
700 766
700 840
700 848
700 928
701 831
701 839
701 847
701 902
701 938
701 947
701 960
702 794
702 910
702 926
703 859
703 898
703 985
703 998
704 732
704 772
704 853
704 860
704 950
705 738
705 765
705 810
705 857
705 878
705 985
706 840
707 808
707 814
707 830
707 839
707 926
707 937
708 829
708 966
709 719
709 758
709 778
709 801
709 818
709 820
709 868
709 897
709 927
709 967
710 888
710 965
711 763
711 768
712 792
712 793
712 890
712 976
712 986
713 880
713 904
713 929
713 950
713 988
714 831
714 914
715 928
716 850
716 897
717 804
717 844
718 783
718 990
719 798
719 915
720 785
720 856
720 997
721 772
721 816
721 920
722 780
722 817
722 875
722 893
722 975
723 728
723 806
723 816
723 889
723 896
723 989
723 993
724 957
724 997
725 786
725 844
725 931
725 950
725 993
726 829
726 937
726 945
726 957
727 758
727 775
727 847
727 972
728 791
728 811
728 827
728 897
729 733
729 890
730 791
730 832
730 995
731 836
731 918
731 919
731 921
732 743
732 784
732 798
732 845
732 861
732 985
733 765
733 866
734 836
734 968
734 1000
735 737
735 846
735 866
736 936
737 958
738 856
738 885
738 896
738 943
739 959
739 993
740 889
740 891
740 914
740 939
740 991
741 764
741 867
741 933
741 937
741 952
742 784
742 789
742 839
742 884
743 752
743 817
743 863
743 868
743 936
743 987
744 924
744 991
745 768
745 845
745 949
746 811
746 871
746 884
746 972
746 978
747 789
747 826
747 840
747 857
747 905
747 962
748 766
748 788
748 851
748 878
748 886
748 901
748 962
748 998
749 812
749 852
749 977
750 796
750 811
750 941
751 768
751 848
751 999
752 830
752 856
752 859
752 899
752 956
753 818
753 876
753 891
753 924
753 971
753 973
754 775
754 801
754 868
754 995
755 871
755 907
755 981
756 792
756 834
756 838
756 861
757 825
757 885
757 898
757 953
757 961
757 987
758 760
759 826
759 834
759 900
759 931
759 983
760 973
760 987
761 787
761 831
761 873
761 905
762 831
762 891
763 778
763 822
764 809
764 901
764 909
764 921
765 894
765 963
766 856
766 869
766 928
766 979
767 789
767 864
767 876
768 818
768 943
769 792
769 847
769 889
769 898
769 952
770 817
770 911
770 913
770 935
770 991
771 914
771 948
772 797
773 779
773 946
773 958
774 809
774 830
774 934
774 960
774 977
775 801
775 928
775 934
775 951
775 954
776 811
776 867
776 902
776 917
776 939
776 970
776 973
776 980
777 915
777 966
778 901
778 978
779 808
779 909
779 927
780 798
780 919
780 959
780 974
781 787
781 878
782 843
782 850
782 904
782 909
782 919
782 927
782 932
783 879
783 904
783 991
784 970
785 886
785 913
786 920
787 854
787 935
787 955
788 937
789 849
789 855
789 885
789 932
789 989
790 967
791 813
791 893
791 895
791 919
791 921
792 872
792 949
793 987
794 815
794 824
794 825
794 960
795 981
796 870
796 938
796 948
797 865
797 872
797 893
798 833
798 850
798 951
798 958
799 834
799 887
799 930
800 854
801 945
802 886
802 992
803 947
803 965
804 855
804 988
805 830
805 834
807 916
808 833
808 856
808 861
808 905
808 952
808 987
809 852
809 990
810 866
810 884
810 905
811 825
812 854
812 954
813 821
813 875
813 906
814 839
814 845
814 910
814 932
814 994
816 892
816 963
817 826
817 848
817 918
817 934
817 942
818 970
819 910
819 966
820 880
820 881
820 931
820 959
820 991
821 883
821 974
822 826
822 948
823 951
824 859
824 977
826 839
826 850
826 898
826 904
826 956
827 872
827 966
828 848
828 888
828 936
828 939
828 982
829 940
830 895
830 938
831 835
831 998
832 860
832 923
832 960
833 834
833 903
833 971
835 857
836 839
836 874
836 884
836 915
836 917
837 852
837 982
838 846
838 987
839 924
840 929
841 937
842 855
843 954
844 890
844 972
845 882
845 932
845 949
846 847
846 993
847 919
847 942
847 952
848 858
848 874
848 918
850 853
851 898
851 956
853 861
853 979
854 865
855 935
855 962
855 987
858 901
858 942
858 988
860 884
860 904
860 971
861 971
862 975
862 980
863 970
865 912
865 948
866 907
866 946
867 948
867 992
868 937
868 994
869 895
869 947
869 959
871 928
872 984
873 954
873 999
876 971
876 996
878 884
878 997
879 939
880 890
881 897
882 923
882 930
882 932
882 942
883 899
883 907
884 946
884 976
886 958
886 985
888 907
889 914
890 938
893 916
895 989
896 943
896 970
897 976
900 946
900 974
901 919
903 906
904 955
904 958
905 912
905 956
905 966
907 961
908 953
909 918
909 984
909 1000
910 997
914 927
914 992
915 979
915 989
916 927
916 964
916 993
917 976
917 995
918 999
919 970
920 970
921 931
921 943
921 959
922 957
922 998
923 963
923 973
924 926
926 989
928 961
929 933
930 965
931 936
931 976
933 986
934 949
934 989
934 994
938 973
939 956
939 998
940 946
940 952
945 962
946 955
948 949
948 989
949 953
949 965
949 978
951 996
959 1000
962 978
963 973
963 977
965 967
965 984
966 976
974 999
975 986
975 988
978 989
980 987
984 995
986 996
987 988
987 1000
