1000 7002
1 105
1 131
1 150
1 188
1 286
1 409
1 428
1 500
1 551
1 575
1 634
1 728
1 780
1 817
1 908
1 938
1 981
1 998
2 41
2 73
2 215
2 243
2 384
2 424
2 488
2 573
2 647
2 704
2 718
2 805
2 837
2 919
2 938
2 949
3 28
3 97
3 143
3 224
3 291
3 336
3 373
3 410
3 441
3 604
3 647
3 662
3 802
3 819
3 820
3 843
3 857
3 861
3 877
3 940
4 34
4 95
4 114
4 123
4 165
4 211
4 259
4 314
4 343
4 389
4 450
4 474
4 514
4 540
4 553
4 574
4 587
5 27
5 47
5 60
5 105
5 129
5 143
5 427
5 448
5 779
5 810
5 864
5 927
5 932
5 997
6 50
6 295
6 304
6 433
6 471
6 472
6 528
6 620
6 632
6 719
6 773
6 952
7 42
7 125
7 164
7 193
7 195
7 249
7 266
7 534
7 543
7 590
7 726
7 784
7 877
7 969
7 982
8 16
8 39
8 174
8 383
8 385
8 432
8 449
8 450
8 497
8 510
8 552
8 650
8 697
8 843
8 962
9 245
9 268
9 296
9 298
9 436
9 503
9 506
9 602
9 661
9 748
9 800
9 891
9 965
10 48
10 51
10 169
10 173
10 191
10 317
10 551
10 625
10 667
10 747
10 754
10 806
10 897
10 921
10 987
11 104
11 281
11 593
11 688
11 784
11 787
11 844
11 945
11 949
11 978
12 170
12 189
12 278
12 415
12 443
12 648
12 728
12 805
12 830
12 921
12 939
13 57
13 63
13 96
13 108
13 114
13 119
13 345
13 460
13 519
13 576
13 752
13 830
13 883
13 914
14 69
14 139
14 163
14 229
14 384
14 406
14 665
14 718
14 815
14 851
14 890
14 1000
15 107
15 171
15 460
15 482
15 589
15 734
15 836
15 858
15 916
15 959
15 1000
16 28
16 38
16 53
16 177
16 286
16 515
16 607
16 700
16 705
16 794
16 878
16 883
16 941
17 145
17 210
17 214
17 243
17 275
17 284
17 313
17 507
17 644
17 753
17 868
17 903
17 953
18 49
18 85
18 177
18 244
18 295
18 368
18 521
18 656
18 693
18 696
18 845
18 873
18 894
18 935
18 991
19 21
19 34
19 59
19 92
19 210
19 278
19 298
19 560
19 596
19 642
19 672
19 682
19 845
19 882
19 909
19 950
20 111
20 132
20 187
20 222
20 233
20 268
20 313
20 337
20 360
20 427
20 430
20 434
20 447
20 655
20 680
20 683
20 879
20 945
20 996
21 244
21 285
21 373
21 386
21 397
21 448
21 576
21 603
21 673
21 681
21 730
21 755
21 880
22 39
22 83
22 124
22 146
22 333
22 408
22 433
22 438
22 451
22 489
22 512
22 600
23 29
23 53
23 58
23 63
23 79
23 167
23 188
23 219
23 287
23 342
23 647
23 822
23 890
23 892
23 912
23 927
23 936
23 954
23 964
23 972
23 992
24 75
24 87
24 96
24 191
24 192
24 229
24 350
24 549
24 586
24 605
24 629
24 738
24 752
24 758
24 802
24 818
25 35
25 55
25 122
25 135
25 331
25 418
25 428
25 557
25 574
25 588
25 746
25 747
25 871
25 917
25 992
26 29
26 83
26 148
26 319
26 371
26 448
26 450
26 561
26 663
26 832
26 924
27 123
27 153
27 221
27 263
27 400
27 519
27 520
27 784
28 73
28 104
28 140
28 161
28 166
28 325
28 537
28 542
28 645
28 667
28 711
28 795
28 835
28 939
28 977
29 121
29 209
29 245
29 333
29 340
29 601
29 845
29 865
30 321
30 379
30 406
30 513
30 841
30 902
31 278
31 285
31 339
31 401
31 443
31 470
31 484
31 656
31 714
31 765
31 844
31 902
31 910
31 996
32 130
32 267
32 278
32 295
32 366
32 398
32 451
32 645
32 651
32 864
32 895
32 923
33 223
33 247
33 265
33 464
33 607
33 711
33 997
34 35
34 154
34 155
34 198
34 259
34 269
34 311
34 336
34 408
34 416
34 541
34 562
34 640
34 705
34 781
34 853
34 946
35 74
35 205
35 240
35 327
35 391
35 556
35 617
35 626
35 719
35 732
35 772
35 815
35 833
35 916
36 120
36 142
36 144
36 154
36 233
36 312
36 370
36 439
36 546
36 556
36 611
36 666
36 713
36 850
36 902
36 928
36 943
37 134
37 162
37 239
37 284
37 460
37 469
37 547
37 628
37 736
37 755
37 827
37 842
37 864
37 943
38 129
38 244
38 317
38 491
38 613
38 822
39 71
39 199
39 230
39 559
39 595
39 857
39 929
40 52
40 171
40 220
40 231
40 248
40 381
40 441
40 537
40 596
40 637
40 812
40 822
40 856
41 135
41 246
41 252
41 320
41 376
41 454
41 510
41 578
41 580
41 615
41 653
41 677
41 694
41 966
41 985
42 65
42 66
42 113
42 156
42 252
42 394
42 396
42 470
42 630
42 735
42 787
42 834
42 930
42 983
42 985
42 995
43 192
43 208
43 221
43 301
43 322
43 344
43 368
43 477
43 572
43 574
43 575
43 579
43 638
43 696
43 709
43 739
43 818
43 831
44 86
44 145
44 146
44 229
44 357
44 365
44 483
44 707
44 802
44 907
44 914
44 980
45 66
45 107
45 199
45 355
45 443
45 513
45 666
45 743
45 796
45 802
45 846
46 60
46 90
46 91
46 176
46 237
46 259
46 370
46 379
46 486
46 567
46 630
46 696
46 881
46 956
47 113
47 121
47 180
47 242
47 265
47 594
47 619
47 654
47 672
47 693
47 741
47 829
47 850
47 863
47 903
47 911
48 118
48 161
48 226
48 289
48 404
48 484
48 596
48 715
48 728
48 837
48 891
48 905
49 68
49 238
49 258
49 275
49 286
49 340
49 361
49 423
49 619
49 644
49 700
49 745
49 776
49 833
49 844
49 887
49 950
49 964
50 77
50 221
50 260
50 286
50 311
50 480
50 698
50 852
50 932
50 954
50 996
51 165
51 227
51 231
51 330
51 363
51 399
51 459
51 548
51 553
51 633
51 809
51 818
51 856
52 71
52 166
52 218
52 251
52 261
52 287
52 321
52 344
52 345
52 389
52 416
52 432
52 488
52 504
52 697
52 761
52 822
52 889
52 897
52 944
53 62
53 85
53 152
53 177
53 196
53 292
53 309
53 336
53 384
53 393
53 454
53 527
53 549
53 607
53 706
53 842
53 877
53 946
53 974
54 59
54 98
54 231
54 246
54 248
54 438
54 458
54 462
54 475
54 653
54 761
54 839
54 863
54 876
55 132
55 151
55 224
55 277
55 344
55 353
55 372
55 426
55 485
55 564
55 589
55 644
55 749
55 768
55 862
56 79
56 143
56 169
56 180
56 187
56 387
56 847
57 113
57 329
57 522
57 818
57 953
57 973
58 269
58 393
58 488
58 507
58 575
58 611
58 619
58 623
58 737
58 799
58 824
58 849
58 900
59 86
59 104
59 125
59 149
59 429
59 524
59 569
59 611
59 613
59 677
59 754
59 777
59 807
59 849
59 974
59 980
59 984
59 997
60 309
60 416
60 508
60 536
60 591
60 1000
61 99
61 276
61 287
61 337
61 436
61 482
61 532
61 611
61 639
61 729
61 742
62 82
62 114
62 177
62 201
62 386
62 391
62 411
62 432
62 652
62 702
62 783
62 906
62 915
62 939
63 199
63 352
63 383
63 443
63 468
63 503
63 588
63 734
63 760
63 865
64 68
64 83
64 95
64 135
64 208
64 293
64 368
64 417
64 455
64 503
64 529
64 569
64 603
64 673
64 695
64 761
64 793
64 839
64 924
64 931
64 970
65 89
65 168
65 305
65 454
65 525
65 654
65 997
66 80
66 178
66 253
66 341
66 378
66 405
66 462
66 468
66 498
66 890
66 989
67 345
67 465
67 529
67 545
67 554
67 584
67 742
67 785
67 822
67 899
67 920
68 148
68 221
68 226
68 318
68 484
68 493
68 518
68 521
68 525
68 547
68 611
68 708
68 786
68 926
68 956
69 268
69 346
69 365
69 473
69 588
69 656
69 790
69 817
69 849
69 867
69 871
69 922
69 967
69 970
70 131
70 370
70 524
70 604
70 619
70 656
70 661
70 669
70 674
70 681
70 718
70 792
71 121
71 239
71 345
71 478
71 503
71 534
71 544
71 571
71 597
71 786
71 811
71 900
71 998
72 94
72 196
72 290
72 295
72 304
72 333
72 408
72 451
72 590
72 597
72 703
72 722
72 832
72 833
72 836
72 851
72 886
72 916
72 927
72 945
73 119
73 178
73 192
73 198
73 235
73 251
73 253
73 256
73 258
73 262
73 457
73 596
73 606
73 632
73 707
73 841
73 859
73 865
73 910
73 946
74 125
74 279
74 376
74 425
74 508
74 608
74 714
74 715
74 726
74 761
74 768
74 855
74 859
74 963
74 976
75 112
75 247
75 299
75 458
75 488
75 586
75 631
75 686
75 704
75 798
75 961
76 223
76 227
76 269
76 413
76 469
76 584
76 733
76 859
76 873
76 942
76 952
77 125
77 286
77 303
77 306
77 318
77 335
77 373
77 514
77 526
77 558
77 652
77 656
77 696
77 710
77 728
77 812
77 946
78 243
78 377
78 417
78 430
78 477
78 544
78 627
78 634
78 825
78 831
78 905
78 939
78 989
78 992
79 114
79 275
79 298
79 385
79 430
79 467
79 524
79 641
79 643
79 823
79 837
79 874
79 880
80 213
80 236
80 322
80 340
80 421
80 591
80 660
80 746
80 781
80 911
80 964
81 142
81 263
81 286
81 368
81 453
81 476
81 499
81 506
81 540
81 546
81 557
81 741
81 832
82 100
82 193
82 202
82 345
82 377
82 450
82 635
82 713
82 791
82 863
82 958
83 91
83 139
83 191
83 347
83 513
83 559
83 692
83 759
83 815
83 860
83 881
83 920
83 933
83 950
84 96
84 257
84 553
84 595
84 611
84 696
84 737
84 853
84 873
85 96
85 126
85 172
85 226
85 333
85 398
85 462
85 490
85 727
85 818
85 823
85 869
85 925
86 107
86 118
86 228
86 230
86 272
86 299
86 302
86 518
86 693
86 718
86 740
86 885
86 934
86 941
86 993
87 252
87 430
87 442
87 502
87 515
87 524
87 547
87 781
87 825
87 845
87 854
87 883
87 989
88 113
88 150
88 284
88 350
88 365
88 406
88 511
88 529
88 627
88 671
88 775
88 859
89 113
89 174
89 214
89 286
89 372
89 503
89 584
89 702
89 703
89 705
89 777
89 859
89 898
89 937
89 979
90 115
90 173
90 180
90 202
90 280
90 461
90 608
90 633
90 653
90 691
90 770
90 814
90 824
90 894
90 992
91 244
91 362
91 634
91 712
91 870
91 911
91 923
91 936
91 965
91 983
92 300
92 317
92 523
92 533
92 543
92 573
92 594
92 607
92 625
92 734
92 940
93 113
93 200
93 277
93 319
93 432
93 450
93 714
93 800
93 911
94 142
94 268
94 382
94 632
94 638
94 680
94 826
94 945
94 955
94 975
94 978
94 984
95 113
95 173
95 211
95 274
95 702
95 707
95 899
95 910
95 916
96 112
96 314
96 338
96 427
96 453
96 457
96 515
96 617
96 752
96 773
96 779
96 868
96 880
96 908
96 937
97 129
97 143
97 225
97 234
97 240
97 300
97 422
97 480
97 540
97 583
97 657
97 752
97 820
97 826
98 175
98 192
98 206
98 253
98 359
98 400
98 433
98 502
98 527
98 549
98 569
98 915
98 966
99 141
99 205
99 330
99 430
99 499
99 532
99 540
99 585
99 697
99 866
99 924
100 137
100 277
100 289
100 370
100 435
100 445
100 447
100 568
100 606
100 630
100 700
100 707
100 717
100 769
100 806
101 172
101 234
101 276
101 306
101 332
101 381
101 387
101 392
101 415
101 456
101 507
101 510
101 565
101 675
101 696
101 953
102 147
102 149
102 179
102 254
102 348
102 474
102 476
102 602
102 615
102 651
102 782
102 929
102 988
103 167
103 180
103 188
103 215
103 267
103 493
103 597
103 632
103 693
103 727
103 731
103 752
103 812
103 864
103 949
104 218
104 324
104 325
104 346
104 498
104 526
104 536
104 541
104 601
104 681
104 806
104 829
104 869
104 927
104 988
105 163
105 181
105 190
105 242
105 399
105 442
105 466
105 541
105 566
105 630
105 638
105 665
105 694
105 698
105 705
105 748
105 769
106 127
106 182
106 331
106 385
106 430
106 446
106 507
106 512
106 597
106 660
106 873
106 902
106 967
107 195
107 255
107 277
107 303
107 428
107 586
107 837
107 857
107 864
107 988
108 110
108 124
108 138
108 348
108 356
108 389
108 434
108 530
108 537
108 622
108 641
108 645
108 728
108 824
108 828
108 836
108 900
108 905
108 934
108 993
109 130
109 343
109 459
109 488
109 590
109 614
109 634
109 680
109 683
109 687
109 891
109 963
110 149
110 322
110 383
110 472
110 520
110 693
110 708
110 744
110 836
110 878
110 890
110 992
111 118
111 135
111 168
111 324
111 407
111 437
111 470
111 578
111 593
111 656
111 715
111 731
111 732
111 738
111 752
111 816
111 837
111 974
112 122
112 356
112 428
112 461
112 632
112 651
112 706
112 726
112 841
112 922
112 928
113 116
113 120
113 227
113 365
113 396
113 420
113 423
113 472
113 618
113 667
113 719
113 747
113 852
113 854
113 942
114 120
114 148
114 185
114 207
114 240
114 242
114 356
114 409
114 470
114 853
114 867
115 130
115 268
115 338
115 381
115 461
115 477
115 484
115 561
115 567
115 619
115 714
115 768
115 871
115 986
116 179
116 185
116 281
116 317
116 349
116 379
116 408
116 518
116 600
116 652
116 746
116 787
116 828
116 854
116 904
116 912
117 453
117 483
117 546
117 581
117 646
117 738
117 858
117 861
117 956
117 962
117 964
118 544
118 554
118 626
118 638
118 924
118 993
119 146
119 260
119 437
119 487
119 501
119 573
119 629
119 642
119 659
119 687
119 747
119 784
119 843
119 889
119 952
120 144
120 330
120 376
120 542
120 546
120 602
120 662
120 687
120 719
120 729
120 781
120 863
120 933
121 317
121 490
121 502
121 523
121 579
121 649
121 685
121 696
121 700
121 704
121 787
121 804
121 860
121 905
121 985
122 125
122 348
122 448
122 496
122 529
122 594
122 662
122 690
122 748
122 999
123 146
123 180
123 264
123 321
123 372
123 390
123 532
123 765
123 795
123 939
123 952
123 967
123 989
124 174
124 196
124 265
124 267
124 338
124 342
124 402
124 518
124 535
124 544
124 585
124 629
124 669
124 718
124 756
124 829
124 966
125 151
125 393
125 431
125 458
125 610
125 798
126 246
126 297
126 314
126 450
126 518
126 709
126 787
126 845
126 859
126 900
126 903
127 172
127 223
127 299
127 472
127 479
127 543
127 630
127 696
127 818
127 834
127 844
127 968
127 975
128 392
128 445
128 568
128 635
128 697
128 698
128 719
128 830
128 842
128 865
128 934
128 956
129 143
129 224
129 326
129 331
129 405
129 540
129 563
129 583
129 642
129 762
129 922
129 940
129 950
130 197
130 342
130 381
130 382
130 510
130 559
130 567
130 643
130 761
130 825
130 907
131 138
131 245
131 340
131 441
131 493
131 585
131 680
131 706
131 837
131 839
131 902
131 998
132 158
132 247
132 288
132 331
132 333
132 372
132 488
132 562
132 640
132 682
132 695
132 709
132 725
132 731
132 794
132 806
132 951
133 409
133 525
133 685
133 776
133 795
133 831
133 854
133 938
133 966
134 265
134 345
134 475
134 504
134 534
134 667
134 694
134 810
134 841
134 865
134 870
134 940
134 943
134 954
134 961
135 223
135 246
135 337
135 353
135 360
135 553
135 637
135 650
135 714
135 738
135 748
135 766
135 776
135 982
136 218
136 320
136 419
136 458
136 480
136 495
136 565
136 589
136 656
136 671
136 683
136 703
136 742
136 821
136 861
136 863
136 995
137 216
137 265
137 377
137 549
137 551
137 563
137 564
137 595
137 641
137 652
137 671
137 751
137 947
137 982
138 161
138 227
138 247
138 268
138 460
138 480
138 640
138 737
138 903
138 966
139 302
139 334
139 405
139 520
139 529
139 621
139 629
139 794
139 868
139 909
139 986
140 145
140 150
140 449
140 549
140 562
140 818
140 824
140 828
140 845
140 900
140 917
140 997
141 299
141 368
141 436
141 461
141 610
141 642
141 672
141 709
141 739
141 804
141 908
141 995
142 181
142 247
142 278
142 333
142 371
142 433
142 462
142 644
142 650
142 657
142 720
142 771
142 820
142 869
142 878
143 239
143 296
143 345
143 346
143 386
143 520
143 565
143 566
143 683
143 701
143 880
143 969
143 998
144 192
144 299
144 444
144 491
144 584
144 779
144 782
144 904
145 195
145 266
145 379
145 393
145 440
145 446
145 536
145 565
145 599
145 666
145 696
145 700
145 752
145 882
146 201
146 248
146 321
146 351
146 356
146 401
146 474
146 551
146 566
146 586
146 734
146 922
146 936
146 939
147 326
147 333
147 404
147 565
147 841
147 843
147 925
148 170
148 515
148 545
148 578
148 746
148 845
148 1000
149 190
149 270
149 312
149 388
149 454
149 466
149 519
149 660
149 868
149 955
149 982
150 346
150 360
150 380
150 455
150 509
150 577
150 664
150 697
150 794
150 828
151 220
151 511
151 568
151 651
151 668
151 714
151 745
151 800
151 864
151 952
152 275
152 347
152 441
152 542
152 611
152 709
152 777
152 1000
153 178
153 281
153 317
153 431
153 535
153 566
153 652
153 706
153 834
153 836
153 881
153 897
153 949
153 951
154 184
154 247
154 252
154 293
154 328
154 402
154 474
154 487
154 519
154 621
154 622
154 632
154 656
154 721
154 961
155 287
155 295
155 387
155 466
155 475
155 664
155 850
155 967
156 168
156 239
156 259
156 348
156 417
156 544
156 677
156 896
157 233
157 236
157 401
157 543
157 566
157 577
157 869
157 996
157 998
158 177
158 210
158 221
158 290
158 321
158 468
158 510
158 528
158 539
158 605
158 610
158 667
158 771
158 835
158 962
159 191
159 271
159 318
159 735
159 750
159 897
160 260
160 304
160 319
160 328
160 329
160 393
160 461
160 465
160 592
160 624
160 686
160 734
160 858
160 899
160 998
161 239
161 585
161 633
161 686
161 752
161 780
161 792
161 834
161 850
161 991
161 994
162 411
162 420
162 527
162 538
162 593
162 712
162 753
162 759
162 762
162 943
162 967
162 970
163 211
163 313
163 329
163 352
163 433
163 479
163 536
163 615
163 669
163 868
163 883
164 194
164 277
164 347
164 561
164 576
164 606
164 632
164 638
164 946
165 214
165 287
165 303
165 344
165 362
165 390
165 466
165 686
165 743
165 795
165 796
165 806
166 195
166 226
166 307
166 330
166 417
166 613
166 654
166 763
166 779
166 800
166 980
166 995
167 231
167 367
167 384
167 469
167 478
167 510
167 561
167 861
167 870
167 956
167 987
168 521
168 678
168 854
168 873
168 945
168 999
169 189
169 191
169 245
169 341
169 446
169 498
169 509
169 515
169 558
169 581
169 832
169 877
169 940
169 960
170 260
170 300
170 718
170 740
170 772
170 951
170 987
171 177
171 250
171 275
171 301
171 432
171 509
171 511
171 647
171 715
171 722
171 810
171 888
172 194
172 294
172 317
172 330
172 346
172 465
172 513
172 627
172 770
172 896
172 940
172 942
172 992
173 361
173 372
173 395
173 435
173 493
173 501
173 549
173 556
173 610
173 629
173 654
173 722
173 823
173 917
173 931
173 948
174 215
174 386
174 420
174 494
174 649
174 718
175 283
175 346
175 411
175 482
175 518
175 575
175 620
175 649
175 789
175 865
175 895
175 919
175 970
176 322
176 349
176 356
176 410
176 542
176 581
176 590
176 664
176 703
176 711
176 838
176 842
176 911
176 943
176 952
176 977
177 375
177 482
177 502
177 546
177 630
177 672
177 826
177 950
177 955
178 290
178 302
178 398
178 465
178 481
178 493
178 516
178 547
178 566
178 729
178 835
178 857
178 861
178 893
178 978
179 183
179 199
179 202
179 233
179 375
179 413
179 437
179 439
179 511
179 513
179 710
179 726
179 759
179 783
179 843
179 857
180 355
180 510
180 530
180 553
180 654
180 656
180 707
180 773
180 785
180 820
180 893
180 940
180 966
181 398
181 413
181 416
181 441
181 483
181 491
181 549
181 558
181 597
181 658
181 810
181 811
181 897
181 954
182 194
182 434
182 552
182 657
182 677
182 945
182 1000
183 216
183 313
183 346
183 348
183 582
183 590
183 714
183 776
183 782
183 844
184 190
184 261
184 464
184 504
184 540
184 568
184 719
184 755
184 910
184 916
184 948
185 280
185 387
185 448
185 461
185 539
185 562
185 609
185 619
185 664
185 742
185 858
186 573
186 620
186 714
186 778
186 827
186 939
187 243
187 298
187 301
187 357
187 489
187 568
187 571
187 572
187 728
188 244
188 277
188 381
188 514
188 574
188 783
188 918
189 283
189 293
189 317
189 484
189 655
189 781
189 843
189 973
189 987
190 242
190 250
190 398
190 432
190 451
190 487
190 556
190 790
190 808
190 840
190 876
190 878
191 206
191 283
191 352
191 448
191 497
191 646
191 763
191 779
191 891
192 300
192 306
192 421
192 422
192 578
192 587
192 714
192 744
192 786
192 871
192 913
192 966
193 264
193 305
193 325
193 369
193 416
193 507
193 563
193 631
193 821
193 825
193 995
194 289
194 332
194 339
194 385
194 496
194 564
194 630
194 701
194 754
194 805
194 910
194 940
194 990
195 268
195 337
195 370
195 430
195 455
195 544
195 811
195 864
196 311
196 313
196 314
196 345
196 406
196 549
196 745
196 774
196 814
197 276
197 317
197 401
197 409
197 431
197 442
197 463
197 499
197 533
197 539
197 582
197 604
197 754
197 768
197 862
197 884
197 924
198 278
198 355
198 559
198 573
198 587
198 607
199 481
199 502
199 692
199 720
199 785
199 904
199 919
200 464
200 476
200 575
200 634
200 663
200 702
200 715
200 727
200 866
200 874
201 206
201 308
201 317
201 459
201 463
201 506
201 537
201 611
201 664
201 681
201 797
201 819
201 877
202 207
202 238
202 267
202 298
202 527
202 550
202 644
202 662
202 702
202 710
202 872
203 266
203 421
203 840
203 896
204 241
204 263
204 295
204 369
204 397
204 415
204 445
204 475
204 522
204 547
204 733
204 744
204 776
204 799
204 820
204 876
204 967
204 978
205 248
205 255
205 355
205 378
205 479
205 516
205 527
205 634
205 637
205 639
205 709
205 749
205 781
205 967
206 218
206 226
206 275
206 315
206 465
206 496
206 529
206 603
206 636
206 668
206 688
206 709
206 945
206 966
206 996
206 998
207 235
207 353
207 373
207 437
207 572
207 871
207 904
208 392
208 591
208 622
208 744
208 796
208 837
208 860
208 946
209 234
209 243
209 255
209 307
209 310
209 348
209 382
209 445
209 608
209 789
209 864
209 944
210 211
210 339
210 359
210 427
210 443
210 455
210 473
210 483
210 492
210 604
210 742
210 821
210 855
210 867
210 877
210 985
211 216
211 229
211 298
211 331
211 465
211 601
211 610
211 650
211 842
211 880
211 978
212 305
212 437
212 535
212 621
212 640
212 821
212 977
213 258
213 275
213 312
213 320
213 391
213 392
213 401
213 455
213 634
213 640
213 663
213 678
213 702
213 796
214 336
214 497
214 585
214 670
214 697
214 739
214 760
214 804
214 893
214 911
215 278
215 303
215 428
215 433
215 503
215 555
215 593
215 629
215 701
215 754
215 864
215 899
215 941
215 978
216 238
216 246
216 282
216 377
216 569
216 680
216 817
216 902
216 918
216 959
217 255
217 478
217 592
217 622
217 742
217 743
217 834
217 851
218 285
218 299
218 307
218 343
218 483
218 509
218 527
218 532
218 673
218 752
218 845
218 873
219 297
219 359
219 601
219 634
219 674
219 702
219 793
219 803
219 836
219 845
219 890
219 935
219 998
220 236
220 245
220 319
220 501
220 523
220 591
220 635
220 644
220 704
220 947
220 956
221 233
221 269
221 310
221 371
221 373
221 377
221 419
221 444
221 494
221 621
221 662
221 745
221 770
221 774
221 775
221 820
221 861
221 876
221 926
222 225
222 229
222 563
222 641
222 777
222 876
222 902
222 952
223 232
223 310
223 339
223 383
223 429
223 592
223 650
223 807
223 857
223 891
223 984
224 243
224 422
224 441
224 462
224 464
224 488
224 499
224 569
224 735
224 877
224 898
224 908
225 257
225 309
225 417
225 450
225 656
225 692
225 916
225 961
226 333
226 379
226 438
226 612
226 617
226 668
226 805
226 814
226 824
226 845
226 856
227 266
227 347
227 370
227 400
227 515
227 545
227 562
227 841
227 907
227 931
228 249
228 431
228 513
228 730
228 863
228 959
229 335
229 358
229 422
229 449
229 457
229 467
229 634
229 661
229 719
229 760
229 798
229 800
229 860
229 877
229 889
229 941
230 252
230 331
230 338
230 381
230 485
230 538
230 620
230 666
230 716
230 850
230 893
230 912
230 929
230 948
230 996
231 295
231 303
231 438
231 445
231 669
231 795
231 977
232 262
232 381
232 393
232 405
232 470
232 559
232 560
232 713
232 734
232 814
232 849
232 856
232 973
233 248
233 284
233 310
233 411
233 522
233 552
233 578
233 658
233 723
233 847
233 887
233 953
233 979
234 377
234 483
234 486
234 495
234 548
234 553
234 560
234 582
234 636
234 942
234 961
235 271
235 393
235 411
235 543
235 547
235 548
235 612
235 635
235 720
235 723
235 751
235 760
235 942
235 955
235 996
236 267
236 268
236 290
236 327
236 351
236 370
236 387
236 464
236 486
236 676
236 743
236 825
236 907
237 420
237 465
237 600
237 607
237 706
237 852
237 869
237 978
238 284
238 359
238 408
238 444
238 554
238 593
238 602
238 814
238 854
238 862
238 994
239 263
239 426
239 554
239 586
239 646
239 682
239 704
239 726
239 736
239 814
239 977
240 257
240 397
240 424
240 425
240 531
240 621
240 744
240 778
240 793
240 921
240 988
240 1000
241 283
241 359
241 611
241 730
241 867
242 260
242 280
242 341
242 570
242 588
242 643
242 740
242 848
242 926
243 359
243 390
243 404
243 450
243 465
243 537
243 546
243 555
243 580
243 708
243 711
243 722
243 734
243 790
243 976
244 265
244 269
244 423
244 436
244 478
244 537
244 702
244 772
244 799
244 848
244 868
244 924
244 929
245 263
245 309
245 316
245 366
245 415
245 502
245 786
245 864
245 934
246 248
246 342
246 384
246 564
246 588
246 663
246 681
246 734
246 744
246 802
246 810
246 994
247 279
247 295
247 450
247 467
247 472
247 611
247 767
248 249
248 299
248 363
248 417
248 523
248 567
248 575
248 642
248 709
248 764
248 772
248 778
248 798
248 822
248 895
248 953
248 978
249 285
249 479
249 558
249 740
249 755
249 774
249 775
249 928
250 372
250 406
250 489
250 515
250 532
250 549
250 713
250 817
250 862
250 939
250 942
250 946
251 320
251 329
251 380
251 445
251 462
251 496
251 618
251 839
251 841
251 862
251 873
251 900
251 923
252 380
252 622
252 633
252 641
252 845
252 898
253 328
253 494
253 518
253 642
253 827
253 841
253 927
253 949
254 259
254 511
254 526
254 536
254 567
254 575
254 581
254 638
254 698
254 745
255 311
255 490
255 494
255 504
255 757
255 922
255 970
255 973
255 976
256 283
256 292
256 310
256 468
256 504
256 603
256 676
256 691
256 703
256 715
256 719
256 742
256 767
256 812
256 953
257 347
257 389
257 432
257 445
257 528
257 535
257 540
257 548
257 654
257 892
257 968
258 502
258 527
259 297
259 696
259 854
259 908
259 942
260 448
260 499
260 507
260 565
260 582
260 671
260 788
261 281
261 297
261 420
261 522
261 634
261 673
261 697
261 759
261 782
261 922
261 925
261 962
262 264
262 302
262 304
262 521
262 560
262 619
262 634
262 733
262 745
262 831
262 870
262 905
263 332
263 434
263 456
263 599
263 621
263 635
263 696
263 755
263 855
263 883
263 937
263 954
264 307
264 338
264 525
264 623
264 665
264 882
265 290
265 324
265 459
265 772
265 817
265 845
265 909
265 981
266 338
266 572
266 575
266 761
266 870
266 896
266 946
267 491
267 575
267 647
267 678
267 781
267 837
267 881
267 883
267 954
268 294
268 528
268 563
268 576
268 583
268 654
268 684
268 701
268 724
268 745
268 817
268 848
268 931
268 961
269 280
269 493
269 697
269 885
270 330
270 374
270 384
270 495
270 508
270 511
270 584
270 642
270 703
270 804
270 881
270 884
270 901
270 902
270 952
271 304
271 309
271 354
271 387
271 449
271 482
271 515
271 570
271 991
272 295
272 364
272 448
272 496
272 524
272 531
272 532
272 578
272 580
272 607
272 766
273 311
273 418
273 513
273 597
273 607
273 612
273 661
273 689
273 791
273 895
273 978
273 993
274 334
274 412
274 484
274 734
274 859
274 985
274 1000
275 468
275 491
275 492
275 532
275 585
275 680
275 711
275 714
275 839
275 874
275 904
275 925
276 390
276 416
276 642
276 682
276 731
276 771
276 781
276 798
276 829
276 859
276 953
276 962
276 981
277 299
277 364
277 365
277 605
277 635
277 645
277 690
277 698
277 765
277 850
278 385
278 504
278 552
278 935
278 944
279 468
279 485
279 509
279 541
279 705
279 710
279 736
279 740
279 872
279 879
280 323
280 360
280 569
280 653
280 691
280 819
280 826
280 851
280 862
280 938
281 414
281 671
281 706
281 814
281 986
282 366
282 481
282 500
282 538
282 673
282 722
282 774
282 821
282 902
282 913
282 952
283 357
283 390
283 540
283 650
283 725
283 740
283 783
283 824
283 943
283 956
283 981
284 432
284 703
284 770
284 795
284 869
284 895
284 956
284 987
285 321
285 502
285 624
285 759
285 851
285 897
285 951
285 999
286 316
286 382
286 463
286 498
286 500
286 597
286 656
286 751
286 869
286 874
286 932
287 292
287 440
287 495
287 499
287 563
287 583
287 645
287 697
287 911
288 315
288 379
288 447
288 458
288 477
288 481
288 498
288 610
288 779
288 803
288 916
288 918
288 930
289 369
289 399
289 401
289 498
289 872
289 978
289 985
290 412
290 485
290 678
290 715
290 785
290 914
290 1000
291 463
291 474
291 501
291 530
291 567
291 720
291 741
291 915
291 978
292 373
292 562
292 666
292 760
292 767
292 779
292 788
292 907
292 951
292 957
293 310
293 311
293 339
293 368
293 385
293 576
293 578
293 593
293 829
293 830
293 847
293 874
293 885
293 889
293 915
293 974
294 514
294 648
294 694
294 716
294 729
294 869
294 887
294 917
294 951
295 305
295 316
295 463
295 483
295 536
295 558
295 616
295 622
295 673
295 679
295 704
295 754
295 793
295 947
296 436
296 472
296 487
296 633
296 663
296 691
296 932
297 342
297 369
297 455
297 567
297 600
297 720
297 728
297 787
297 835
297 972
297 993
298 555
298 567
298 626
298 798
298 813
298 934
299 307
299 310
299 334
299 373
299 453
299 479
299 535
299 664
299 770
299 784
299 833
300 319
300 385
300 507
300 511
300 643
300 665
300 712
300 781
300 834
300 840
301 302
301 500
301 549
301 604
301 800
301 911
301 939
301 944
301 973
302 392
302 450
302 462
302 479
302 550
302 607
302 623
302 655
302 684
302 824
303 310
303 358
303 473
303 639
303 702
303 741
303 778
303 878
303 966
304 325
304 341
304 387
304 517
304 572
304 594
304 642
304 759
304 901
304 963
305 366
305 393
305 409
305 420
305 642
305 672
305 689
305 717
305 741
305 761
305 767
305 882
305 901
305 979
305 998
306 362
306 440
306 484
306 509
306 581
306 646
306 659
306 669
306 680
306 694
306 746
306 790
306 827
306 874
306 957
307 356
307 359
307 363
307 504
307 601
307 613
307 630
307 796
307 824
308 500
308 553
308 782
308 962
308 987
309 357
309 437
309 473
309 485
309 636
309 654
309 697
309 839
309 856
309 860
309 962
310 313
310 528
310 573
310 694
310 714
310 755
310 847
310 850
310 985
311 417
311 516
311 610
311 721
311 773
311 827
311 848
311 855
311 951
311 960
311 999
312 327
312 340
312 394
312 412
312 477
312 488
312 586
312 588
312 646
312 699
312 782
312 835
312 893
312 909
312 957
313 472
313 493
313 723
313 753
314 347
314 523
314 609
314 633
314 691
314 757
314 793
314 889
314 963
314 993
315 373
315 636
315 644
315 738
315 773
315 916
315 932
316 322
316 323
316 333
316 357
316 358
316 420
316 457
316 527
316 704
316 816
316 940
317 443
317 542
317 558
317 619
317 760
317 830
317 832
317 890
317 903
317 939
318 386
318 407
318 539
318 617
318 876
318 965
319 444
319 479
319 550
319 581
319 606
319 609
319 815
319 820
319 920
319 972
319 986
320 431
320 542
320 792
320 878
320 971
321 328
321 343
321 370
321 488
321 591
321 600
321 642
321 706
321 781
321 785
321 828
321 854
321 874
321 976
321 980
322 352
322 397
322 719
322 898
323 356
323 358
323 388
323 404
323 450
323 580
323 586
323 647
323 790
323 858
323 921
323 985
323 998
324 332
324 371
324 407
324 421
324 494
324 549
324 607
324 619
324 648
324 726
324 756
324 757
324 809
324 858
324 879
324 880
324 891
324 893
324 928
324 971
325 386
325 441
325 450
325 478
325 594
325 627
325 819
326 463
326 489
326 524
326 658
326 736
326 772
326 891
326 897
326 924
326 946
327 463
327 594
327 609
327 654
327 770
327 859
327 932
327 992
328 358
328 379
328 424
328 498
328 597
328 714
328 726
328 741
328 756
328 783
328 919
328 963
329 357
329 360
329 432
329 557
329 672
329 809
329 817
329 865
329 984
330 447
330 550
330 579
330 612
330 622
330 689
330 784
330 864
330 927
331 589
331 596
331 651
331 756
331 848
331 966
331 983
332 607
332 706
332 722
332 734
332 739
332 766
332 819
332 835
333 411
333 447
333 621
333 646
333 712
333 762
333 782
333 794
333 976
334 337
334 394
334 490
334 533
334 718
334 852
334 875
334 887
334 967
335 376
335 428
335 430
335 432
335 527
335 572
335 596
335 711
335 714
335 715
335 766
335 924
335 967
336 363
336 370
336 386
336 489
336 504
336 554
336 593
336 595
336 688
336 728
336 738
336 762
336 828
337 352
337 374
337 378
337 427
337 432
337 439
337 487
337 602
337 651
337 875
337 890
337 942
337 970
337 977
338 454
338 502
338 628
338 685
338 716
338 739
338 859
338 877
338 972
339 587
339 627
339 663
339 679
339 802
339 824
339 920
339 945
339 968
339 980
340 366
340 424
340 430
340 511
340 578
340 596
340 655
340 668
340 673
340 774
341 345
341 385
341 567
341 779
341 835
341 911
341 951
341 966
341 997
342 367
342 518
342 679
342 787
342 997
343 509
343 576
343 577
343 702
343 724
343 772
343 773
343 890
343 929
344 473
344 510
344 513
344 564
344 582
344 628
344 634
344 645
344 656
344 710
344 746
344 803
344 860
344 888
344 939
344 956
345 407
345 504
345 576
345 615
345 649
345 673
345 929
345 945
345 951
345 993
346 398
346 860
346 880
347 354
347 419
347 468
347 614
347 617
347 696
347 716
347 726
347 734
347 749
347 855
347 865
347 915
347 924
348 360
348 411
348 610
348 635
348 795
348 811
348 825
348 926
348 954
349 363
349 383
349 433
349 634
349 753
349 764
349 909
349 960
350 377
350 386
350 523
350 531
350 574
350 640
350 665
350 716
350 783
350 791
350 811
350 878
351 481
351 561
351 942
351 994
352 371
352 409
352 449
352 541
352 622
352 639
352 674
352 776
352 841
352 898
352 900
352 927
352 958
352 963
353 389
353 448
353 471
353 486
353 736
354 366
354 384
354 389
354 413
354 487
354 518
354 627
354 653
354 744
354 781
354 789
354 808
354 824
354 833
354 880
354 920
354 930
354 932
355 398
355 413
355 558
355 710
355 736
355 777
355 803
355 863
355 893
355 925
355 944
355 975
356 358
356 388
356 473
356 480
356 575
356 758
356 768
356 776
356 799
356 920
357 370
357 542
357 698
357 752
357 773
357 864
357 929
357 935
357 953
357 977
358 377
358 500
358 582
358 589
358 687
358 881
358 935
359 379
359 467
359 498
359 538
359 617
359 634
359 799
359 815
359 827
359 849
359 854
359 927
360 472
360 551
360 737
360 765
360 809
360 856
360 969
361 425
361 450
361 503
361 520
361 618
361 662
361 673
361 930
361 939
361 960
361 977
362 369
362 370
362 399
362 413
362 431
362 445
362 482
362 492
362 603
362 661
362 776
362 806
362 902
362 905
362 976
363 442
363 539
363 543
363 566
363 577
363 625
363 695
363 713
363 844
363 881
363 889
364 387
364 388
364 460
364 619
364 668
364 760
364 833
364 840
364 851
364 885
364 903
364 916
364 980
364 981
365 389
365 412
365 457
365 631
365 639
365 687
365 690
365 759
365 805
365 986
366 383
366 395
366 593
366 656
366 716
366 787
366 892
366 906
366 974
366 978
367 371
367 392
367 455
367 474
367 682
367 686
367 785
367 818
367 856
367 978
367 990
368 377
368 527
368 544
368 630
368 701
368 719
368 725
368 755
368 882
368 976
369 393
369 511
369 563
369 622
369 687
369 835
369 851
369 861
369 964
369 976
370 429
370 441
370 542
370 550
370 655
370 667
370 722
370 787
370 788
371 579
371 648
371 658
371 685
371 746
371 913
372 427
372 505
372 599
372 604
372 662
372 690
372 705
372 757
372 781
372 794
372 799
372 878
373 485
373 498
373 559
373 669
373 715
373 718
373 744
373 782
373 850
373 929
373 983
374 414
374 426
374 502
374 622
374 637
374 802
374 921
374 965
375 480
375 535
375 581
375 657
375 733
376 426
376 501
376 630
376 652
376 788
376 900
377 406
377 451
377 467
377 654
377 837
377 841
377 933
377 966
378 647
378 658
378 679
378 692
378 738
378 790
378 801
378 877
378 953
379 436
379 537
379 541
379 644
379 705
379 717
379 745
379 751
379 763
379 924
379 945
379 960
379 977
380 448
380 466
380 477
380 511
380 586
380 684
380 732
380 918
381 445
381 529
381 563
381 682
381 796
381 813
381 837
381 949
381 964
381 969
382 399
382 495
382 515
382 897
382 924
383 455
383 530
383 567
383 631
383 702
383 715
383 759
383 788
383 897
383 941
384 394
384 435
384 466
384 494
384 520
384 529
384 558
384 597
384 708
384 765
384 841
384 895
385 430
385 573
385 615
385 739
385 784
385 835
385 899
386 413
386 452
386 459
386 534
386 595
386 911
386 921
386 970
386 971
386 977
387 443
387 444
387 467
387 474
387 476
387 637
387 664
387 695
387 735
387 771
387 923
387 956
388 398
388 585
388 590
388 595
388 707
388 748
388 812
388 825
388 859
388 954
389 498
389 552
389 568
389 701
389 716
389 830
389 907
390 396
390 701
390 733
390 901
390 944
390 953
391 470
391 570
391 619
391 686
391 830
391 879
391 978
392 491
392 524
392 553
392 653
392 708
392 721
392 744
392 832
392 883
392 886
392 986
392 999
393 626
393 648
393 651
393 723
393 822
393 937
393 947
394 622
394 624
394 653
394 654
394 683
394 914
394 927
395 438
395 450
395 540
395 605
395 721
395 769
395 776
395 905
396 529
396 569
396 648
396 684
396 715
396 829
396 950
397 406
397 423
397 526
397 529
397 685
397 700
397 759
397 767
397 812
397 847
397 903
397 943
397 945
397 964
397 973
397 986
398 426
398 522
398 547
398 688
398 754
398 758
398 778
399 472
399 513
399 545
399 555
399 679
399 709
399 783
399 786
399 787
399 845
399 888
399 932
399 956
400 505
400 533
400 593
400 661
400 768
400 884
400 897
400 900
400 912
400 935
401 426
401 600
401 704
401 839
401 941
401 996
402 448
402 501
402 730
402 746
402 825
402 828
402 912
402 939
403 440
403 458
403 519
403 682
403 763
403 793
403 902
403 931
404 455
404 541
404 566
404 668
404 822
404 853
404 876
404 967
404 995
405 478
405 489
405 510
405 533
405 575
405 601
405 614
405 937
405 940
405 957
406 431
406 451
406 453
406 603
406 713
406 815
406 841
406 966
406 985
407 465
407 475
407 510
407 595
407 623
407 655
407 767
407 799
407 815
407 870
407 961
408 740
408 826
409 466
409 563
409 645
409 814
409 923
410 533
410 556
410 798
410 845
410 906
410 982
411 416
411 485
411 512
411 579
411 629
411 681
411 843
412 416
412 424
412 459
412 497
412 581
412 714
412 880
412 882
412 952
413 570
414 448
414 635
414 700
414 855
414 936
414 982
415 434
415 439
415 478
415 505
415 576
415 592
415 649
415 869
416 419
416 502
416 510
416 518
416 557
416 693
416 731
416 778
416 856
416 870
416 957
416 971
417 440
417 697
417 780
417 805
417 877
418 474
418 480
418 649
418 661
418 671
418 693
418 777
418 868
418 873
419 474
419 500
419 588
419 691
419 692
419 737
419 803
419 948
420 650
420 737
420 832
420 926
421 480
421 509
421 528
421 570
421 723
421 750
421 811
421 816
421 817
421 852
421 866
421 952
422 587
422 607
422 619
422 704
422 897
422 963
423 522
423 528
423 604
423 625
423 682
423 765
423 805
423 891
424 429
424 605
424 662
424 701
424 850
425 426
425 433
425 478
425 535
425 603
425 705
425 855
425 908
426 475
426 568
426 699
426 700
426 763
426 827
426 830
426 855
426 877
426 892
427 463
427 541
427 717
427 737
427 747
427 863
427 867
427 882
428 503
428 520
428 585
428 825
428 846
428 905
428 917
429 458
429 733
429 795
429 871
429 989
430 461
430 471
430 637
430 658
430 705
431 457
431 528
431 552
431 628
431 637
431 686
431 757
431 807
431 853
431 915
431 945
432 437
432 580
432 585
432 611
432 620
432 667
432 714
432 772
432 841
433 537
433 545
433 562
433 568
433 700
433 777
433 781
433 792
433 836
433 888
433 991
434 457
434 613
434 684
434 686
434 691
434 790
434 865
434 901
434 919
434 988
435 467
435 519
435 749
435 785
435 794
435 888
435 896
435 902
435 988
436 485
436 508
436 557
436 590
436 707
436 806
436 832
436 896
436 913
437 583
437 610
437 696
437 769
437 780
437 787
437 910
437 932
437 998
438 648
438 707
438 749
438 765
438 768
438 838
438 859
438 861
438 902
438 939
439 466
439 476
439 616
439 638
439 653
439 764
439 786
439 858
439 916
440 448
440 477
440 592
440 598
440 621
440 656
440 934
440 995
441 442
441 538
441 629
441 785
441 804
441 859
441 974
442 454
442 574
442 708
442 866
442 882
442 988
443 591
443 595
443 686
443 693
443 837
443 840
443 904
443 925
443 984
444 498
444 503
444 568
444 610
444 671
444 776
444 799
444 814
444 883
444 923
445 514
445 677
445 697
445 755
446 451
446 578
446 673
446 682
446 791
446 800
446 808
446 851
446 854
446 893
446 928
446 960
447 491
447 569
447 636
447 656
447 719
447 769
447 778
447 808
447 838
447 892
447 989
447 992
447 996
448 496
448 498
448 589
448 779
448 797
449 483
449 485
449 841
449 847
449 981
449 999
450 532
450 619
450 632
450 806
450 866
450 951
451 462
451 495
451 684
451 727
451 772
451 777
451 932
451 996
452 564
452 822
452 846
452 866
453 501
453 523
453 567
453 693
453 697
453 720
453 822
453 844
453 896
453 941
453 943
453 995
454 496
454 605
454 616
454 637
454 779
454 790
454 900
454 950
454 979
455 492
455 494
455 545
455 649
455 685
455 699
455 704
455 743
456 661
456 666
456 731
456 989
457 500
457 688
457 743
457 819
457 825
457 913
457 914
457 919
457 920
457 945
457 986
458 634
458 686
458 832
458 929
459 583
459 675
459 701
459 715
459 881
459 897
459 902
459 937
459 986
459 989
460 591
460 734
460 798
460 923
461 504
461 540
461 656
461 950
462 494
462 547
462 559
462 584
462 620
462 634
462 649
462 702
462 774
462 833
462 858
462 869
462 945
462 1000
463 510
463 580
463 618
463 671
463 783
463 810
463 978
464 534
464 546
464 624
464 640
464 773
464 778
464 784
464 917
464 932
465 497
465 516
465 528
465 618
465 676
465 736
465 762
465 795
465 828
465 834
465 850
465 903
465 919
465 941
465 965
466 476
466 478
466 536
466 542
466 574
466 592
466 626
466 754
467 530
467 538
467 555
467 587
467 627
467 735
467 745
467 806
467 823
467 833
467 915
467 992
467 998
468 488
468 530
468 569
468 691
468 771
468 828
468 874
468 902
468 918
469 624
469 655
469 670
469 876
469 896
469 908
469 909
469 964
469 987
470 545
470 557
470 722
470 729
470 769
470 820
470 861
470 890
470 944
470 964
471 640
471 654
471 664
471 759
471 896
471 987
472 482
472 539
472 585
472 642
472 728
473 498
473 520
473 621
473 639
473 721
473 723
473 805
473 840
473 876
473 920
473 963
474 614
474 659
474 732
474 774
475 506
475 515
475 516
475 635
475 677
475 684
475 696
475 699
475 795
475 808
475 873
475 924
475 973
476 601
476 696
476 734
476 846
476 892
477 627
477 646
478 482
478 483
478 513
478 520
478 552
478 598
478 748
478 773
478 910
478 988
479 513
479 636
479 644
479 654
479 669
479 761
479 878
479 900
480 657
480 724
480 830
480 839
480 849
480 854
480 887
480 993
481 487
481 607
481 673
481 744
481 879
481 963
481 974
482 507
482 529
482 535
482 629
482 644
482 660
482 835
482 933
482 935
483 572
483 616
483 622
483 784
483 955
484 507
484 592
484 621
484 638
484 748
484 833
484 858
485 724
485 809
485 927
485 966
486 543
486 642
486 712
486 896
486 978
487 655
487 696
487 697
487 757
487 774
487 852
487 1000
488 615
488 619
488 685
488 824
488 868
488 873
488 916
489 495
489 501
489 543
489 548
489 580
489 590
489 617
489 645
489 852
489 923
489 950
489 983
490 668
490 756
490 833
490 902
490 947
490 949
491 516
491 525
491 548
491 553
491 774
491 869
491 908
492 505
492 699
492 774
492 839
493 706
493 778
493 819
493 922
493 941
493 945
494 608
494 642
494 655
494 670
494 698
494 726
494 824
494 964
495 513
495 595
495 761
495 831
495 835
495 850
495 944
495 996
496 528
496 647
496 649
496 680
496 952
497 556
497 599
497 707
497 708
497 756
497 798
497 940
497 980
498 501
498 506
498 532
498 668
498 685
498 771
498 788
498 858
498 861
498 915
498 984
498 996
499 651
499 900
499 905
499 972
500 548
500 753
500 787
500 846
500 929
500 941
500 964
501 749
501 752
501 848
501 981
501 982
502 583
502 994
503 524
503 531
503 756
503 927
503 970
504 506
504 725
504 764
504 781
504 898
504 933
504 960
505 623
505 769
505 781
505 783
505 816
505 878
505 942
506 611
506 624
506 749
506 762
506 770
506 842
506 901
506 983
507 595
507 602
507 603
507 648
507 809
507 849
507 921
507 997
508 708
508 738
508 878
509 658
509 749
509 791
509 836
509 906
510 555
510 693
510 703
510 715
510 725
510 815
510 873
510 988
511 533
511 577
511 775
512 551
512 760
512 789
512 803
512 804
512 954
513 527
513 806
513 862
513 904
513 918
513 991
514 526
514 533
514 701
515 525
515 561
515 573
515 685
515 703
515 719
515 759
515 760
515 765
515 835
515 915
515 927
515 954
515 970
516 518
516 636
516 791
516 876
516 879
516 976
516 992
517 526
517 631
517 716
517 789
517 807
518 664
518 700
518 719
518 720
518 806
518 809
518 810
518 933
519 566
519 591
519 609
519 757
519 908
519 951
520 706
520 744
520 765
520 799
520 828
520 975
521 574
521 626
521 794
521 870
521 890
522 536
522 659
522 676
522 681
522 698
522 742
522 808
523 554
523 568
523 628
523 737
523 802
523 916
524 557
524 604
524 622
524 639
524 832
524 881
524 959
525 621
525 783
525 795
525 857
525 939
525 968
525 1000
526 673
526 681
526 758
527 568
527 696
527 713
527 751
527 807
528 614
528 768
528 770
528 903
528 924
528 964
529 762
529 845
529 943
530 587
530 692
530 788
530 949
530 974
531 611
531 666
531 737
531 998
532 551
532 595
532 696
532 775
532 782
532 819
532 963
533 575
533 616
533 755
533 757
533 964
534 686
534 838
534 843
534 907
534 967
534 973
534 987
535 536
535 539
535 595
535 616
535 698
535 722
535 752
535 765
535 799
535 856
536 725
536 738
536 753
536 881
536 888
537 550
537 768
537 770
537 840
537 931
538 607
538 697
538 719
538 892
538 960
539 572
539 578
539 677
539 698
540 578
540 734
540 765
540 784
540 901
540 909
540 986
541 579
541 666
541 670
541 785
541 812
541 846
541 874
541 877
541 906
541 940
541 969
541 976
542 589
542 592
542 627
542 639
542 669
542 758
542 768
542 855
542 985
542 988
542 999
543 698
543 748
543 782
544 732
544 835
544 843
544 977
545 666
545 697
545 733
545 815
545 896
546 597
546 600
546 773
546 833
546 843
546 901
546 954
547 597
547 619
547 918
548 552
548 557
548 612
548 796
548 822
548 864
548 924
548 959
548 993
548 997
549 609
549 618
549 644
549 669
549 732
549 802
549 948
549 972
550 673
550 730
550 781
550 872
550 944
551 566
551 674
551 909
551 975
551 983
551 993
552 716
552 720
552 764
552 849
552 933
553 646
553 661
553 692
553 801
554 566
554 655
554 684
554 745
554 770
554 808
554 810
555 609
555 763
555 768
555 927
555 947
555 967
556 616
556 825
556 828
556 922
556 964
557 657
557 674
557 710
557 727
557 784
557 877
557 968
558 561
558 676
558 802
558 959
558 967
558 986
559 719
559 729
559 962
560 606
560 662
560 679
560 696
560 701
560 732
560 885
560 890
560 925
560 952
561 626
561 699
561 723
561 768
561 815
561 820
561 900
561 920
562 617
562 644
562 660
562 692
562 727
562 816
562 884
562 903
562 913
563 587
563 824
563 873
563 897
563 933
563 940
564 733
564 741
564 876
565 622
565 713
565 738
565 753
565 818
565 885
565 928
565 998
566 584
566 618
566 653
566 658
566 664
566 816
566 818
566 896
566 970
567 744
567 883
567 965
568 620
568 638
568 674
568 730
568 807
569 586
569 590
569 598
569 628
569 660
569 838
569 937
570 621
570 656
570 732
570 788
570 956
571 578
571 592
571 604
571 847
571 939
571 964
572 576
572 733
572 872
573 585
573 679
573 718
573 905
573 952
574 736
574 836
574 973
575 589
575 851
575 867
575 979
576 645
576 683
576 705
576 862
576 981
576 995
577 602
577 683
577 703
577 780
577 789
577 863
577 918
578 693
578 807
578 815
578 992
579 599
579 615
579 632
579 703
579 734
579 753
579 917
580 585
580 592
580 602
580 693
580 762
580 815
580 828
580 889
581 608
581 643
581 707
581 712
581 851
581 865
581 956
582 596
582 622
582 857
582 919
583 865
584 611
584 689
584 797
584 894
584 917
584 960
584 973
584 992
585 638
585 745
585 757
585 845
585 877
585 898
585 951
585 956
585 964
585 972
585 990
586 628
586 631
586 814
586 869
586 971
587 611
587 809
588 619
588 638
588 654
588 809
588 866
588 888
588 933
588 936
589 592
589 698
589 778
589 805
589 808
590 752
590 965
590 1000
591 608
591 623
591 627
591 637
591 664
591 782
591 904
591 984
592 638
592 662
593 812
593 852
593 963
593 993
594 708
594 729
594 748
594 818
594 861
594 908
594 958
595 635
595 662
595 824
595 827
595 892
595 917
595 927
596 648
596 679
596 744
596 808
596 835
596 846
597 641
598 711
598 726
598 735
598 739
598 814
598 969
599 676
599 714
599 779
599 806
599 833
599 945
599 959
599 962
600 725
600 742
600 852
600 946
600 961
600 964
601 618
601 717
601 971
602 628
602 650
602 660
602 793
602 804
602 821
602 890
602 945
603 634
603 669
603 727
603 733
603 988
604 621
604 739
604 753
604 855
605 680
605 825
605 842
605 878
606 676
606 721
606 738
606 793
606 819
606 897
607 641
607 675
607 794
607 813
607 821
607 864
607 889
608 689
608 773
608 870
608 986
609 708
609 714
609 780
609 828
610 613
610 668
610 863
611 639
611 662
611 765
611 822
611 965
612 656
612 715
612 809
612 902
613 627
613 755
613 979
614 627
614 767
614 787
614 827
614 990
615 616
615 743
616 702
616 729
616 764
616 765
616 785
616 936
617 678
617 736
617 796
617 859
618 646
618 711
618 759
618 778
618 801
618 838
618 858
618 912
619 626
619 648
619 712
619 866
619 914
619 931
620 651
620 669
620 704
620 743
620 813
620 856
620 890
620 926
620 953
620 960
620 988
621 663
621 679
621 753
621 871
622 726
622 739
622 757
622 863
622 905
622 954
623 644
623 652
623 754
623 762
623 780
623 800
623 824
623 889
623 952
624 669
624 785
624 833
624 950
624 966
624 970
625 666
625 675
625 715
625 769
625 771
625 802
625 835
625 868
625 899
625 954
626 638
626 642
626 688
626 792
626 821
626 899
627 650
627 655
627 825
627 912
627 913
628 657
628 659
628 691
628 698
628 710
628 896
628 940
628 944
628 997
629 654
629 701
629 706
629 764
629 766
629 894
629 903
629 946
630 679
630 760
630 968
631 670
631 714
631 874
631 885
631 995
632 688
632 749
632 796
632 847
632 985
633 671
633 779
633 853
633 876
633 901
634 975
635 676
635 682
635 889
636 692
636 715
636 722
636 806
636 817
636 896
636 981
636 987
637 790
637 990
638 724
638 798
639 672
639 715
639 741
639 745
639 767
639 856
639 879
639 996
640 680
640 681
640 703
640 737
640 742
640 908
640 922
640 995
641 643
641 663
641 696
641 858
641 866
641 952
641 977
642 680
642 697
642 704
642 752
642 806
642 870
643 726
643 766
643 844
643 853
643 871
643 889
643 947
643 996
644 744
644 797
644 858
644 864
644 919
645 701
645 727
645 755
645 878
645 935
645 941
646 668
646 695
646 776
646 912
647 822
647 830
647 878
647 899
647 920
647 932
647 975
648 711
648 740
648 754
648 763
648 780
648 813
648 821
648 823
648 859
648 966
649 659
649 666
649 713
649 807
650 668
650 709
650 767
650 779
650 853
650 860
650 885
650 898
650 903
650 975
650 996
651 735
651 761
651 958
651 963
652 746
652 847
652 881
652 901
652 969
652 998
653 813
653 958
653 961
653 985
653 992
653 997
654 777
654 789
654 872
655 659
655 766
656 913
656 953
656 956
656 982
657 786
657 925
657 960
657 963
658 664
658 877
659 730
659 771
659 810
659 854
659 894
659 949
659 984
660 830
660 937
660 964
661 700
662 751
662 964
663 723
663 878
663 903
663 927
663 946
664 732
664 820
664 847
664 857
664 872
664 888
664 911
664 1000
665 687
665 923
665 975
665 1000
666 668
666 741
666 762
666 881
667 720
667 839
667 891
668 680
668 726
668 734
669 742
669 950
669 956
669 967
670 725
670 728
670 803
671 702
671 705
671 729
671 778
671 957
671 989
672 745
672 895
673 689
673 760
673 779
673 798
673 877
673 937
674 861
674 897
674 906
674 961
675 738
675 786
675 846
675 995
676 786
676 909
676 968
676 994
677 871
677 881
677 931
678 794
678 833
678 907
678 951
679 785
679 871
679 877
679 947
680 803
680 845
680 846
680 923
680 945
681 976
682 704
682 738
682 908
682 909
683 698
683 796
683 897
683 983
684 695
684 696
684 739
684 754
684 811
684 827
684 913
684 952
684 953
685 696
685 724
685 761
685 782
685 786
685 868
685 939
685 980
685 981
685 998
686 738
686 815
686 880
686 885
686 925
686 948
686 957
687 737
687 744
687 806
687 840
687 930
687 990
688 817
688 946
689 803
689 807
689 850
689 931
690 795
690 834
690 849
690 853
690 872
690 891
690 938
691 707
691 712
691 817
691 873
692 723
692 786
692 915
692 955
692 988
693 766
693 826
693 831
693 837
693 935
693 954
694 705
694 706
694 776
694 939
695 697
695 722
695 893
695 912
695 965
696 899
696 927
696 953
696 996
697 709
697 759
697 790
697 950
697 974
698 810
698 821
698 847
698 918
699 724
699 752
699 771
699 781
699 906
699 955
700 785
700 804
700 874
700 893
700 985
701 746
701 788
701 927
702 771
702 806
703 706
703 737
703 800
703 919
704 708
704 767
704 841
705 717
705 739
705 743
705 775
705 862
705 963
706 790
706 812
706 823
706 861
706 879
706 911
706 952
706 980
707 725
707 845
707 916
707 946
708 832
708 846
708 934
708 976
709 758
709 796
710 754
710 759
710 998
711 798
711 815
711 831
711 835
711 841
711 885
711 974
712 716
712 812
712 896
712 966
713 786
713 818
713 997
715 744
715 789
715 833
715 835
715 928
715 975
716 728
716 825
716 912
716 955
716 986
717 722
717 889
717 1000
718 827
718 859
718 942
719 737
719 753
719 800
719 839
719 979
719 981
719 991
720 753
720 793
720 795
720 901
720 931
720 977
721 730
721 741
721 799
721 996
722 805
722 926
722 973
723 890
723 991
724 783
725 827
726 729
726 879
727 769
727 857
727 884
727 976
728 780
728 802
728 915
728 949
729 798
729 846
729 886
729 985
729 989
730 943
730 972
731 747
731 754
731 833
731 928
732 768
732 790
732 950
733 764
733 840
733 871
733 900
734 779
734 784
734 845
734 857
734 934
735 748
735 770
735 812
735 923
736 742
736 753
736 758
736 762
736 862
737 839
737 944
738 753
738 904
738 926
738 958
738 974
739 792
739 843
739 894
739 953
739 994
740 750
740 821
740 860
740 895
741 807
741 930
741 962
742 792
742 855
742 865
742 891
743 770
743 799
743 870
743 894
743 980
743 991
743 995
744 750
744 791
744 846
744 862
744 962
744 989
745 773
745 799
745 822
745 984
745 990
747 781
748 770
748 838
748 844
748 849
748 850
748 944
749 772
749 800
749 840
749 863
749 905
750 753
750 783
750 813
750 816
750 817
750 921
750 923
750 946
751 769
751 776
751 957
752 923
752 927
753 932
754 1000
755 797
756 873
756 909
756 976
757 805
757 910
758 793
758 816
758 946
759 783
759 833
759 913
759 943
760 766
760 781
760 804
760 873
760 919
760 920
761 823
761 831
761 890
762 829
762 904
762 989
763 774
763 814
763 836
763 872
763 876
763 948
764 790
764 799
764 829
764 945
765 791
765 829
765 941
765 946
765 1000
766 936
767 788
767 859
768 905
768 938
769 795
769 877
769 890
770 947
771 777
771 818
771 921
771 927
773 779
773 922
774 781
774 951
775 894
775 901
775 980
776 790
776 842
776 911
778 960
779 826
780 802
780 878
780 925
782 908
782 963
783 800
783 817
783 824
783 936
783 940
783 944
783 962
784 840
784 938
785 793
785 823
785 938
785 972
786 790
786 850
786 896
786 958
787 813
787 816
787 833
787 837
787 924
787 966
788 797
788 811
788 836
788 866
788 895
788 926
788 989
788 998
789 932
789 996
790 796
790 957
791 801
791 844
791 850
791 983
793 881
793 970
795 798
795 866
795 896
795 961
796 861
797 800
797 810
797 854
797 887
797 908
797 925
798 858
798 899
798 937
798 956
798 991
799 858
799 865
799 886
800 809
800 831
800 857
800 905
800 908
800 921
800 938
800 968
801 804
801 843
802 858
803 956
803 967
805 968
806 866
806 938
806 987
807 815
807 868
807 897
808 898
808 912
808 988
809 816
809 850
809 896
809 926
809 987
810 905
810 960
811 857
811 919
811 953
812 823
812 845
812 911
812 959
813 841
814 815
814 848
814 903
814 924
815 983
816 872
817 900
817 994
819 853
819 876
819 955
820 869
820 969
820 991
821 869
821 903
821 915
821 916
821 965
822 841
822 907
822 939
822 964
823 902
823 907
823 949
823 955
824 831
825 849
825 964
827 850
827 900
827 951
828 945
828 949
829 948
830 903
831 840
831 937
831 975
832 921
834 959
834 984
836 851
836 944
836 976
836 989
837 921
838 868
838 884
840 942
841 842
841 845
841 912
841 926
842 845
842 863
842 958
842 985
844 918
844 921
844 985
844 995
845 896
845 902
846 871
846 878
846 966
847 917
847 936
847 946
848 888
849 937
849 958
849 998
850 866
851 952
851 973
853 889
853 945
854 859
854 918
854 946
855 891
855 919
855 975
856 871
856 895
856 958
857 858
857 970
857 988
858 921
858 966
858 969
859 889
859 904
859 905
860 892
860 932
861 870
862 870
862 916
863 892
863 973
865 939
866 912
866 919
866 928
868 902
868 954
869 898
869 979
869 986
869 993
870 886
870 903
871 970
871 974
871 995
871 1000
872 912
872 938
872 1000
873 879
873 924
873 944
873 960
874 881
874 882
874 918
877 905
877 966
878 882
878 954
879 899
879 933
879 952
879 954
881 928
881 931
883 885
883 910
883 935
883 946
883 962
884 936
884 959
885 909
885 949
886 958
887 903
888 894
888 905
888 908
888 933
889 911
889 958
890 920
890 970
890 995
891 992
892 897
892 956
892 975
892 987
893 961
895 924
896 986
896 992
896 997
897 955
897 973
898 910
898 996
899 913
900 951
900 952
900 955
902 921
902 954
902 987
903 915
903 939
903 975
904 941
904 946
906 920
910 948
910 986
911 945
913 931
913 932
913 957
915 937
916 918
916 970
916 975
917 928
918 933
919 939
919 985
920 922
921 979
922 992
925 970
927 937
928 975
928 976
930 991
934 948
935 980
935 982
938 946
939 998
940 999
942 983
943 954
943 981
944 987
944 996
945 977
946 956
946 977
949 986
949 995
952 986
954 964
954 987
956 995
964 988
965 976
969 982
969 999
972 978
973 998
974 985
981 990
982 990
984 990
985 996
989 992
990 998
