1000 6964
1 91
1 173
1 204
1 249
1 318
1 342
1 361
1 387
1 500
1 522
1 579
1 702
1 779
1 837
1 886
1 932
1 970
2 16
2 161
2 177
2 206
2 335
2 340
2 446
2 515
2 610
2 649
2 663
2 696
2 731
2 769
2 779
2 780
2 839
2 871
2 986
3 12
3 43
3 55
3 115
3 153
3 379
3 443
3 444
3 496
3 498
3 531
3 562
3 613
3 738
3 865
3 970
4 12
4 20
4 25
4 28
4 111
4 121
4 146
4 151
4 168
4 176
4 180
4 191
4 228
4 332
4 333
4 358
4 520
4 614
4 755
5 115
5 169
5 267
5 408
5 443
5 473
5 517
5 623
5 628
5 732
5 783
5 801
5 871
5 885
5 915
5 918
5 948
5 955
5 991
5 997
6 125
6 227
6 289
6 318
6 355
6 412
6 680
6 792
6 796
6 870
6 876
6 886
6 889
7 14
7 21
7 38
7 172
7 189
7 533
7 560
7 793
7 797
7 975
8 52
8 58
8 100
8 152
8 198
8 251
8 283
8 324
8 367
8 387
8 394
8 618
8 712
8 886
8 900
8 901
8 999
9 16
9 43
9 69
9 129
9 287
9 303
9 413
9 522
9 548
9 623
9 643
9 677
9 740
9 780
9 861
9 920
10 102
10 220
10 300
10 424
10 505
10 573
10 621
10 730
10 838
11 81
11 122
11 221
11 423
11 536
11 543
11 563
11 878
11 899
11 923
12 152
12 509
12 554
12 670
12 693
12 712
12 736
12 745
12 801
12 910
12 917
12 994
13 206
13 252
13 275
13 336
13 420
13 489
13 703
13 766
13 889
14 295
14 417
14 460
14 469
14 549
14 603
14 684
14 711
14 775
14 843
14 960
14 980
15 67
15 186
15 199
15 442
15 569
15 574
15 646
15 696
15 724
15 791
15 856
15 974
16 58
16 59
16 62
16 78
16 163
16 264
16 320
16 326
16 408
16 470
16 553
16 573
16 641
16 842
16 892
16 914
16 917
16 919
17 27
17 37
17 81
17 245
17 256
17 282
17 299
17 477
17 490
17 515
17 518
17 615
17 735
17 822
17 855
17 943
17 966
18 29
18 96
18 175
18 208
18 227
18 271
18 340
18 364
18 616
18 742
18 777
18 785
18 950
18 968
19 52
19 65
19 112
19 192
19 353
19 383
19 468
19 500
19 556
19 557
19 663
19 814
19 930
20 23
20 63
20 114
20 193
20 261
20 362
20 382
20 391
20 393
20 627
20 650
20 861
20 872
20 901
20 949
21 212
21 312
21 354
21 435
21 473
21 527
21 541
21 755
21 799
21 885
21 955
22 69
22 164
22 233
22 492
22 498
22 578
22 675
22 768
22 851
22 924
23 67
23 233
23 327
23 367
23 375
23 428
23 511
23 693
23 740
23 760
23 820
23 863
23 879
23 904
23 950
24 31
24 52
24 64
24 158
24 270
24 324
24 408
24 476
24 495
24 520
24 527
24 579
24 864
24 869
24 922
24 952
25 191
25 208
25 225
25 314
25 361
25 383
25 406
25 458
25 463
25 529
25 549
25 566
25 606
25 734
25 772
25 774
25 866
26 503
26 593
26 669
26 696
26 829
26 914
26 924
27 42
27 112
27 436
27 566
27 698
27 728
27 740
27 775
27 897
27 923
27 953
27 989
28 51
28 123
28 147
28 170
28 279
28 371
28 399
28 422
28 530
28 572
28 621
28 698
28 754
28 981
29 222
29 240
29 357
29 448
29 453
29 513
29 613
29 681
29 871
29 955
29 993
30 53
30 89
30 139
30 168
30 177
30 230
30 245
30 251
30 412
30 515
30 534
30 594
30 684
30 755
30 772
30 775
30 777
30 836
30 866
31 50
31 120
31 169
31 282
31 291
31 522
31 581
31 584
31 606
31 658
31 731
31 761
31 764
31 765
31 774
31 824
31 899
31 912
31 928
31 969
31 993
31 998
32 85
32 118
32 281
32 421
32 607
32 636
32 674
32 730
32 734
33 49
33 114
33 122
33 207
33 225
33 543
33 799
33 999
34 267
34 336
34 343
34 443
34 543
34 551
34 598
34 640
34 662
34 726
34 750
34 815
34 867
34 910
35 38
35 100
35 166
35 207
35 509
35 527
35 548
35 579
35 619
35 640
35 706
35 730
35 731
35 756
35 782
35 987
35 991
36 163
36 199
36 543
36 569
36 578
36 598
36 717
36 901
36 957
36 985
37 82
37 127
37 138
37 145
37 213
37 248
37 292
37 483
37 497
37 505
37 526
37 548
37 655
37 676
37 762
37 767
37 816
37 850
37 870
37 919
37 948
38 43
38 47
38 137
38 144
38 774
38 805
38 907
38 921
38 978
39 174
39 183
39 208
39 303
39 307
39 329
39 357
39 421
39 466
39 569
39 576
39 777
39 898
39 987
40 56
40 59
40 72
40 139
40 141
40 158
40 188
40 211
40 230
40 311
40 445
40 603
40 673
40 674
40 688
40 782
40 788
41 100
41 454
41 473
41 491
41 553
41 555
41 557
41 560
41 568
41 663
41 714
41 771
41 831
41 862
42 396
42 650
42 809
42 871
43 130
43 146
43 436
43 504
43 576
43 644
43 645
43 695
43 715
43 737
43 739
43 777
43 862
43 933
43 962
43 990
44 151
44 164
44 187
44 190
44 240
44 275
44 323
44 327
44 337
44 399
44 414
44 477
44 543
44 550
44 557
44 636
44 819
44 855
44 860
44 889
44 959
45 96
45 236
45 374
45 422
45 486
45 701
45 895
46 78
46 87
46 108
46 133
46 163
46 232
46 334
46 462
46 492
46 520
46 546
46 565
46 612
46 654
46 731
46 847
46 853
46 868
46 929
46 954
46 970
46 990
47 61
47 62
47 315
47 418
47 529
47 534
47 570
47 578
47 934
47 936
47 943
47 951
48 80
48 113
48 495
48 546
48 694
48 696
48 771
48 945
48 978
49 67
49 91
49 136
49 178
49 220
49 264
49 407
49 435
49 506
49 532
49 583
49 585
49 605
49 658
49 679
49 762
49 830
49 870
49 958
50 84
50 101
50 104
50 197
50 232
50 238
50 252
50 271
50 288
50 378
50 445
50 520
50 614
50 703
50 708
50 760
50 935
50 971
51 434
51 465
51 560
51 678
51 694
51 705
51 826
51 851
52 107
52 179
52 186
52 203
52 375
52 400
52 506
52 526
52 556
52 609
52 621
52 668
52 712
52 887
52 903
52 958
52 994
53 63
53 313
53 361
53 382
53 476
53 490
53 632
53 653
53 681
53 822
54 113
54 116
54 156
54 175
54 188
54 263
54 276
54 520
54 761
54 811
54 838
55 115
55 123
55 342
55 349
55 382
55 837
55 846
55 927
56 67
56 95
56 96
56 121
56 149
56 167
56 386
56 497
56 622
56 765
56 821
56 906
56 911
56 932
56 966
57 180
57 371
57 377
57 469
57 493
57 522
57 647
57 822
58 182
58 307
58 388
58 434
58 483
58 495
58 547
59 61
59 193
59 202
59 222
59 224
59 319
59 362
59 425
59 589
59 605
59 658
59 864
59 929
59 960
59 996
60 119
60 148
60 392
60 454
60 659
60 789
60 812
61 102
61 261
61 566
61 639
61 846
61 950
62 119
62 185
62 235
62 297
62 317
62 319
62 333
62 369
62 428
62 493
62 560
62 670
62 713
62 759
62 823
62 878
62 933
62 934
62 949
63 439
63 503
63 539
63 558
63 610
63 618
63 743
63 803
63 810
63 998
64 98
64 112
64 188
64 249
64 274
64 382
64 493
64 620
64 648
64 650
64 757
64 890
64 917
64 938
64 993
65 94
65 171
65 217
65 284
65 368
65 385
65 410
65 527
65 593
65 655
65 668
65 869
65 923
65 949
65 951
66 81
66 82
66 106
66 180
66 222
66 239
66 243
66 463
66 628
66 923
66 942
67 99
67 113
67 124
67 164
67 664
67 713
68 80
68 93
68 148
68 285
68 336
68 367
68 368
68 402
68 412
68 462
68 498
68 517
68 544
68 552
68 610
68 624
68 692
68 773
68 907
68 938
68 979
69 74
69 105
69 126
69 148
69 255
69 308
69 365
69 389
69 433
69 450
69 530
69 679
69 709
69 875
69 888
70 120
70 205
70 271
70 285
70 300
70 307
70 309
70 356
70 421
70 570
70 582
70 639
70 645
70 708
70 874
70 978
71 87
71 98
71 167
71 194
71 286
71 308
71 314
71 394
71 640
71 721
71 731
71 757
71 776
71 923
71 925
71 983
72 83
72 87
72 257
72 260
72 383
72 397
72 582
72 620
72 672
72 718
72 938
73 285
73 341
73 700
73 820
73 828
73 833
73 894
73 968
74 158
74 182
74 214
74 215
74 249
74 291
74 306
74 313
74 322
74 365
74 368
74 372
74 398
74 423
74 653
74 683
74 865
74 873
74 893
74 930
74 935
74 984
75 283
75 373
75 460
75 464
75 597
75 640
75 683
75 703
75 794
75 837
75 1000
76 109
76 208
76 242
76 307
76 398
76 611
76 667
76 784
76 903
76 943
77 90
77 182
77 224
77 336
77 355
77 417
77 533
77 557
77 582
77 642
77 763
77 987
78 103
78 176
78 198
78 268
78 332
78 349
78 360
78 415
78 749
78 864
78 945
78 989
79 86
79 144
79 148
79 222
79 315
79 356
79 368
79 439
79 499
79 572
79 591
79 711
79 726
79 783
79 811
79 853
79 889
79 913
79 930
80 99
80 103
80 127
80 335
80 388
80 512
80 668
80 746
80 774
80 851
80 871
80 873
81 90
81 126
81 253
81 321
81 338
81 356
81 498
81 579
81 586
81 612
81 703
81 711
81 716
81 741
81 772
81 787
81 907
81 929
82 92
82 143
82 250
82 333
82 407
82 487
82 630
82 706
82 821
83 319
83 471
83 640
83 853
83 858
84 149
84 265
84 385
84 393
84 442
84 460
84 588
84 682
84 687
84 711
84 737
84 802
84 811
84 874
84 876
84 978
84 981
85 104
85 133
85 218
85 260
85 511
85 553
85 604
85 646
85 670
85 774
85 782
85 807
85 823
85 874
85 953
85 991
85 998
86 95
86 107
86 176
86 352
86 400
86 414
86 435
86 456
86 459
86 468
86 608
86 645
86 746
86 838
86 842
86 993
87 100
87 124
87 219
87 279
87 334
87 339
87 509
87 519
87 647
87 790
87 799
88 145
88 199
88 207
88 288
88 324
88 400
88 615
88 740
88 780
88 787
88 885
88 904
88 914
89 90
89 92
89 94
89 108
89 112
89 130
89 174
89 439
89 521
89 570
89 585
89 590
89 611
89 612
89 758
89 802
89 922
89 929
89 980
90 96
90 243
90 605
90 721
90 773
90 774
90 854
90 872
90 891
90 915
90 949
91 124
91 159
91 190
91 279
91 459
91 493
91 770
91 780
91 846
91 866
91 913
91 995
91 1000
92 187
92 273
92 432
92 501
92 559
92 624
92 649
92 686
92 752
92 769
92 773
92 803
92 820
92 831
92 913
93 112
93 161
93 444
93 608
93 636
93 646
93 717
93 787
93 796
94 149
94 174
94 240
94 260
94 349
94 442
94 481
94 513
94 548
94 601
94 962
95 97
95 110
95 180
95 210
95 359
95 529
95 665
95 672
95 678
95 698
95 700
95 815
95 831
96 164
96 301
96 445
96 584
96 782
96 968
96 984
97 106
97 110
97 160
97 196
97 203
97 273
97 302
97 314
97 330
97 367
97 416
97 675
97 684
97 823
97 827
97 869
98 126
98 143
98 187
98 258
98 364
98 420
98 433
98 629
98 694
98 734
98 762
98 813
98 924
98 979
99 131
99 208
99 311
99 373
99 386
99 538
99 619
99 624
99 743
99 869
100 260
100 287
100 462
100 479
100 498
100 588
100 602
100 631
100 685
100 713
100 810
100 882
100 946
100 949
100 951
101 155
101 328
101 333
101 346
101 358
101 499
101 539
101 717
101 814
101 918
101 936
102 198
102 221
102 271
102 281
102 294
102 341
102 345
102 418
102 430
102 467
102 535
102 684
102 734
102 773
102 792
102 991
103 112
103 155
103 305
103 342
103 479
103 485
103 515
103 545
103 586
103 616
103 650
103 697
103 850
103 892
104 158
104 193
104 244
104 329
104 355
104 377
104 433
104 469
104 681
104 706
104 752
104 766
104 828
104 829
104 841
104 884
104 886
104 960
105 366
105 398
105 597
105 621
105 753
105 807
105 823
105 896
105 924
106 199
106 208
106 209
106 265
106 313
106 386
106 458
106 466
106 480
106 495
106 509
106 534
106 559
106 603
106 781
106 848
106 863
107 277
107 305
107 445
107 573
107 616
107 698
107 733
107 777
107 795
107 843
107 859
107 934
107 960
108 184
108 188
108 277
108 311
108 378
108 402
108 529
108 564
108 588
108 604
108 632
108 672
108 681
108 715
108 719
108 796
108 802
108 943
109 149
109 229
109 259
109 334
109 515
109 544
109 627
109 640
109 689
109 702
109 809
109 884
109 942
109 944
109 969
110 194
110 269
110 276
110 329
110 339
110 385
110 436
110 532
110 635
110 663
110 668
110 688
110 761
110 907
111 299
111 329
111 335
111 379
111 411
111 498
111 514
111 515
111 552
111 646
111 686
111 732
111 839
111 920
111 939
111 986
112 116
112 126
112 137
112 154
112 283
112 305
112 376
112 436
112 458
112 471
112 476
112 481
112 487
112 493
112 583
112 700
112 730
112 739
112 785
112 793
113 128
113 258
113 381
113 521
113 546
113 642
113 746
113 827
113 919
113 935
114 257
114 290
114 379
114 412
114 455
114 461
114 471
114 636
114 694
114 712
114 905
114 969
115 119
115 170
115 213
115 238
115 255
115 334
115 416
115 438
115 475
115 522
115 570
115 734
115 740
115 802
115 900
116 127
116 129
116 473
116 558
116 568
116 657
116 690
116 700
116 708
116 758
116 774
116 775
116 778
116 785
116 882
116 891
117 157
117 167
117 189
117 224
117 231
117 345
117 532
117 537
117 609
117 748
117 839
117 887
117 938
118 123
118 133
118 150
118 205
118 323
118 346
118 353
118 387
118 506
118 613
118 711
118 904
118 908
118 910
118 995
119 174
119 242
119 248
119 476
119 622
119 624
119 662
119 866
119 903
119 909
120 196
120 267
120 344
120 507
120 569
120 611
120 711
120 909
120 915
120 922
120 942
120 968
121 176
121 190
121 233
121 286
121 369
121 642
121 821
121 908
121 991
122 154
122 157
122 163
122 168
122 184
122 203
122 406
122 411
122 453
122 508
122 559
122 683
122 773
122 817
122 863
122 932
122 961
122 998
123 164
123 177
123 183
123 233
123 276
123 321
123 398
123 558
123 589
123 681
123 767
123 926
124 129
124 172
124 300
124 313
124 325
124 402
124 516
124 534
124 831
124 837
124 871
124 935
124 975
125 174
125 186
125 253
125 276
125 314
125 330
125 456
125 509
125 610
125 688
125 797
125 818
125 926
125 939
125 959
126 131
126 134
126 221
126 256
126 263
126 326
126 327
126 344
126 552
126 601
126 744
126 869
126 924
126 929
127 234
127 310
127 503
127 556
127 621
127 660
127 727
127 800
127 836
127 945
127 960
127 975
127 977
128 274
128 339
128 381
128 536
128 641
128 836
128 879
129 155
129 162
129 241
129 305
129 479
129 736
129 874
129 911
130 196
130 207
130 298
130 322
130 379
130 411
130 454
130 455
130 480
130 501
130 525
130 588
130 695
130 916
131 145
131 206
131 260
131 465
131 614
131 730
131 774
131 827
131 894
131 946
132 139
132 196
132 310
132 365
132 553
132 589
132 603
132 637
132 765
132 837
132 899
132 956
133 243
133 281
133 290
133 307
133 411
133 446
133 551
133 599
133 616
133 771
133 803
133 844
134 187
134 191
134 214
134 393
134 465
134 508
134 592
134 628
134 648
134 655
134 762
134 780
134 876
134 902
134 965
135 198
135 218
135 304
135 351
135 438
135 506
135 539
135 619
135 620
135 636
135 682
135 693
135 752
135 768
135 787
135 885
135 981
135 991
136 152
136 191
136 267
136 272
136 359
136 502
136 512
136 626
136 760
136 853
136 858
136 993
137 217
137 264
137 415
137 457
137 545
137 595
137 671
137 708
137 710
137 775
137 889
137 975
138 232
138 253
138 325
138 441
138 522
138 609
138 634
138 660
138 683
138 684
138 717
138 840
138 858
138 878
138 984
138 997
139 190
139 199
139 349
139 503
139 570
139 642
139 644
139 722
139 836
140 292
140 310
140 316
140 365
140 389
140 393
140 410
140 419
140 472
140 479
140 545
140 570
140 643
140 654
140 663
140 719
140 728
140 799
140 844
140 910
140 943
140 957
140 973
141 168
141 320
141 347
141 442
141 621
141 689
141 776
141 778
141 894
141 960
142 199
142 334
142 443
142 597
142 669
142 692
142 702
142 759
143 184
143 270
143 508
143 517
143 576
143 681
143 831
143 996
144 180
144 184
144 245
144 275
144 390
144 403
144 436
144 561
144 667
144 756
144 806
144 889
144 905
145 173
145 422
145 437
145 484
145 729
145 787
145 791
145 811
145 977
145 996
146 162
146 183
146 207
146 288
146 314
146 407
146 419
146 435
146 630
146 641
146 829
146 838
146 853
146 930
147 231
147 259
147 512
147 581
147 669
147 674
147 686
147 830
147 841
147 856
147 944
148 154
148 321
148 417
148 527
148 596
148 619
148 640
148 830
148 905
148 922
148 979
149 332
149 371
149 406
149 447
149 452
149 512
149 525
149 541
149 552
149 582
149 684
149 805
149 853
149 889
149 908
149 914
150 332
150 451
150 458
150 493
150 533
150 577
150 585
150 666
150 673
150 681
150 941
151 166
151 220
151 394
151 400
151 520
151 538
151 595
151 627
151 697
151 734
151 783
151 786
151 845
151 957
152 231
152 312
152 377
152 384
152 390
152 403
152 404
152 416
152 492
152 570
152 590
152 643
152 725
152 794
152 888
152 955
152 998
153 277
153 346
153 620
153 621
153 633
153 700
153 745
153 768
153 816
153 882
154 164
154 304
154 723
154 853
154 943
155 168
155 190
155 202
155 206
155 229
155 330
155 545
155 631
155 745
155 797
155 833
155 862
155 887
155 944
156 175
156 242
156 517
156 558
156 613
156 656
156 807
156 828
156 838
156 851
157 223
157 264
157 305
157 620
157 766
157 842
157 966
158 292
158 356
158 373
158 409
158 455
158 525
158 654
158 787
158 841
159 197
159 210
159 249
159 309
159 326
159 386
159 556
159 627
159 676
159 689
159 855
159 920
160 262
160 279
160 284
160 423
160 465
160 480
160 521
160 539
160 542
160 742
160 880
160 959
160 966
161 169
161 175
161 229
161 247
161 340
161 749
161 784
161 968
162 210
162 218
162 345
162 382
162 394
162 508
162 538
162 566
162 579
162 582
162 616
162 688
162 692
162 749
162 988
163 203
163 290
163 471
163 487
163 592
163 728
163 887
164 301
164 472
164 536
164 568
164 597
164 802
164 839
164 950
164 993
165 200
165 255
165 484
165 530
165 575
165 578
165 837
165 852
165 910
165 915
166 183
166 193
166 231
166 279
166 327
166 338
166 359
166 580
166 743
166 789
166 806
166 825
166 848
166 855
166 945
166 974
167 266
167 391
167 483
167 737
167 835
167 883
168 183
168 382
168 413
168 454
168 510
168 543
168 598
168 814
168 819
168 931
168 935
168 960
168 969
169 175
169 247
169 260
169 326
169 339
169 748
169 824
169 831
169 852
170 188
170 264
170 268
170 320
170 343
170 395
170 415
170 544
170 585
170 681
170 865
170 968
171 173
171 334
171 374
171 411
171 448
171 487
171 682
171 696
171 710
171 751
171 789
171 942
172 246
172 319
172 399
172 408
172 424
172 482
172 564
172 880
172 933
172 992
173 286
173 471
173 527
173 587
173 605
173 630
173 697
173 803
173 864
173 939
173 964
174 187
174 271
174 284
174 313
174 320
174 362
174 384
174 387
174 392
174 451
174 896
174 928
175 199
175 203
175 242
175 252
175 268
175 332
175 344
175 447
175 488
175 754
175 779
175 849
175 910
175 925
175 940
176 226
176 228
176 368
176 460
176 474
176 603
176 615
176 656
176 690
176 785
176 807
176 836
176 863
176 916
176 931
176 966
176 973
177 301
177 403
177 586
177 609
177 712
177 778
177 781
177 823
178 204
178 402
178 453
178 506
178 535
178 547
178 566
178 636
179 260
179 266
179 463
179 543
179 562
179 634
179 786
179 808
179 844
179 886
179 920
180 302
180 303
180 431
180 483
180 492
180 505
180 523
180 717
180 782
180 885
180 901
181 267
181 278
181 340
181 469
181 476
181 680
181 703
181 708
181 788
181 795
181 862
181 893
181 956
182 198
182 241
182 244
182 326
182 342
182 534
182 540
182 550
182 817
182 939
183 185
183 187
183 239
183 249
183 368
183 398
183 406
183 456
183 661
183 854
183 919
184 233
184 244
184 268
184 374
184 378
184 560
184 619
184 664
184 721
184 839
184 872
184 876
184 930
184 942
185 515
185 532
185 666
185 871
185 887
185 895
185 898
185 999
186 199
186 226
186 271
186 272
186 321
186 374
186 460
186 470
186 487
186 637
186 900
186 907
186 946
186 962
187 393
187 401
187 446
187 579
187 580
187 623
187 672
187 675
187 699
187 724
187 753
187 792
187 868
187 893
187 895
188 213
188 494
188 559
188 588
188 604
188 685
188 786
188 941
188 950
189 278
189 285
189 320
189 393
189 405
189 539
189 578
189 664
189 711
189 740
189 819
189 901
189 942
189 948
190 209
190 312
190 410
190 503
190 662
190 709
190 791
190 819
190 923
191 267
191 301
191 345
191 352
191 368
191 374
191 375
191 440
191 648
191 811
191 840
191 905
191 940
192 630
192 749
192 824
192 910
192 941
192 972
193 207
193 226
193 270
193 394
193 417
193 447
193 535
193 658
193 761
193 898
193 924
193 972
194 256
194 269
194 282
194 549
194 617
194 631
194 703
194 783
194 838
194 964
195 255
195 305
195 348
195 376
195 552
195 824
195 914
195 916
195 963
196 252
196 300
196 394
196 436
196 489
196 513
196 617
196 776
196 792
196 794
196 795
196 817
196 833
196 864
196 876
196 890
196 948
197 324
197 415
197 439
197 453
197 502
197 513
197 615
197 631
197 685
197 743
197 897
198 225
198 249
198 384
198 389
198 666
198 741
198 888
198 906
199 212
199 490
199 669
199 762
200 241
200 363
200 506
200 629
200 702
200 753
200 764
200 820
200 867
200 938
200 993
201 222
201 257
201 379
201 391
201 418
201 545
201 602
201 671
201 712
201 801
202 332
202 358
202 473
202 497
202 527
202 575
202 692
202 752
202 773
202 829
202 836
202 866
202 875
202 912
203 212
203 229
203 265
203 364
203 469
203 699
203 703
203 776
203 785
203 828
204 427
204 454
204 458
204 669
204 821
204 958
204 979
205 278
205 369
205 404
205 411
205 497
205 500
205 593
205 739
205 783
205 916
206 302
206 371
206 383
206 616
206 648
206 649
206 683
206 820
206 950
207 286
207 371
207 492
207 551
207 581
207 604
207 683
207 803
207 821
207 892
208 237
208 275
208 471
208 515
208 553
208 571
208 612
208 795
208 919
209 231
209 300
209 308
209 312
209 472
209 610
209 706
209 715
209 855
209 867
209 925
210 330
210 424
210 518
210 533
210 634
210 754
210 775
210 782
210 807
210 824
210 842
210 929
211 265
211 288
211 429
211 461
211 647
211 729
211 762
211 989
212 294
212 304
212 391
212 396
212 410
212 430
212 436
212 530
212 535
212 553
212 594
212 690
212 742
212 884
212 984
212 990
213 214
213 281
213 291
213 292
213 414
213 419
213 454
213 500
213 543
213 703
213 741
213 769
213 879
214 267
214 339
214 571
214 623
214 638
214 710
214 719
214 788
214 872
214 873
214 911
214 912
215 243
215 391
215 432
215 493
215 536
215 769
215 858
215 861
215 865
215 937
216 301
216 318
216 473
216 530
216 716
216 855
216 937
216 962
217 306
217 394
217 400
217 446
217 483
217 821
217 962
217 963
218 248
218 250
218 278
218 370
218 425
218 515
218 552
218 649
218 673
218 702
218 788
218 843
218 880
218 908
218 982
219 269
219 271
219 298
219 396
219 408
219 414
219 530
219 572
219 681
219 945
219 949
219 992
220 281
220 331
220 410
220 478
220 563
220 641
220 694
220 973
221 275
221 346
221 347
221 397
221 515
221 570
221 587
221 797
221 809
221 827
221 830
221 845
221 858
221 878
221 893
221 986
222 241
222 321
222 329
222 378
222 466
222 508
222 572
222 629
222 677
222 785
222 873
222 927
223 351
223 376
223 429
223 550
223 558
223 764
223 770
223 782
223 895
223 924
223 928
223 962
223 980
223 999
224 280
224 338
224 342
224 364
224 479
224 498
224 546
224 614
224 689
224 747
224 855
224 886
224 925
224 963
225 240
225 291
225 300
225 330
225 370
225 417
225 534
225 705
225 735
225 888
226 238
226 399
226 464
226 491
226 532
226 724
226 750
226 759
226 795
226 827
226 872
226 997
227 281
227 307
227 318
227 439
227 528
227 587
227 616
227 699
227 737
227 823
227 856
227 934
228 262
228 330
228 371
228 373
228 535
228 577
228 595
228 632
228 811
228 884
228 901
228 914
228 932
229 239
229 370
229 505
229 554
229 606
229 691
229 741
229 874
229 885
229 934
229 936
230 297
230 308
230 325
230 397
230 428
230 525
230 529
230 612
230 685
230 695
230 811
230 870
230 968
230 992
231 280
231 343
231 786
231 881
231 921
232 306
232 346
232 426
232 519
232 663
232 667
232 701
232 719
232 778
232 840
232 876
233 269
233 323
233 335
233 351
233 525
233 706
233 777
233 807
233 853
233 855
233 887
233 994
234 352
234 373
234 430
234 486
234 614
234 671
234 731
234 772
234 846
234 869
235 272
235 382
235 447
235 520
235 534
235 543
235 749
235 783
236 286
236 431
236 521
236 639
236 660
236 902
237 270
237 298
237 415
237 458
237 493
237 512
237 572
237 643
237 667
237 715
237 773
237 802
237 863
237 879
237 898
238 282
238 318
238 325
238 695
238 766
238 792
238 804
238 825
238 851
238 865
238 922
238 985
239 255
239 290
239 435
239 485
239 591
239 609
239 627
239 654
239 685
239 783
239 859
239 891
239 912
239 953
240 346
240 375
240 531
240 565
240 585
240 609
240 929
241 438
241 442
241 507
241 559
241 566
241 601
241 615
241 623
241 950
241 956
241 984
242 257
242 269
242 287
242 437
242 525
242 552
242 693
242 711
242 773
242 874
242 922
242 943
242 978
242 995
243 346
243 376
243 499
243 519
243 563
243 566
243 572
243 643
243 722
243 726
243 770
243 885
243 892
243 930
244 283
244 297
244 600
244 645
244 665
244 714
244 716
244 781
244 862
244 888
245 253
245 287
245 315
245 344
245 347
245 452
245 469
245 534
245 648
245 649
245 795
245 1000
246 251
246 297
246 301
246 347
246 380
246 404
246 447
246 482
246 518
246 587
246 616
246 645
246 667
246 780
246 871
247 262
247 281
247 283
247 351
247 391
247 480
247 522
247 528
247 542
247 551
247 664
247 734
247 824
247 938
248 388
248 391
248 549
248 635
248 828
249 289
249 473
249 554
249 635
249 702
249 800
249 803
249 856
249 908
250 305
250 427
250 458
250 571
250 601
250 607
250 698
250 743
250 816
250 882
250 977
250 980
250 992
251 480
251 635
251 833
251 959
251 963
251 964
252 492
252 524
252 530
252 675
252 689
252 732
252 754
253 344
253 386
253 406
253 703
253 728
253 771
253 775
253 804
253 862
253 890
253 907
254 448
254 548
254 665
254 680
254 807
254 808
254 851
254 868
254 873
254 986
255 290
255 300
255 342
255 621
255 627
255 717
255 781
255 970
256 290
256 387
256 391
256 452
256 505
256 776
256 844
256 976
257 260
257 394
257 415
257 443
257 731
257 732
257 905
257 986
258 433
258 645
258 719
258 758
258 763
258 846
258 861
258 905
258 907
259 271
259 279
259 340
259 368
259 498
259 536
259 749
259 809
259 898
259 970
260 365
260 409
260 498
260 638
260 643
260 661
260 706
260 821
260 910
260 945
260 985
260 995
261 378
261 550
261 596
261 665
261 679
261 726
261 821
261 855
261 957
261 964
262 395
262 523
262 619
262 753
262 907
262 937
262 947
262 963
263 355
263 371
263 434
263 533
263 578
263 596
263 601
263 849
263 865
263 870
264 316
264 324
264 357
264 408
264 428
264 554
264 564
264 849
264 855
264 877
264 888
265 343
265 367
265 416
265 485
265 584
265 655
265 695
265 701
265 875
265 889
265 903
265 925
266 533
266 666
266 685
266 792
266 897
266 905
266 964
267 330
267 681
267 700
267 703
267 802
267 829
267 885
267 947
267 968
268 406
268 491
268 529
268 552
268 615
268 622
268 731
268 788
268 956
269 435
269 548
269 564
269 586
269 626
269 686
269 874
269 926
269 959
269 981
270 368
270 452
270 591
270 621
270 642
270 733
270 762
270 769
270 784
270 801
271 323
271 337
271 474
271 701
271 772
271 839
271 926
271 944
272 276
272 378
272 501
272 572
272 728
272 781
272 820
272 877
272 916
272 918
272 991
273 397
273 406
273 417
273 566
273 762
273 803
273 817
273 856
273 997
274 285
274 364
274 469
274 480
274 602
274 691
274 700
274 780
274 823
274 839
274 864
274 920
274 979
275 371
275 564
275 608
275 745
275 868
275 902
276 317
276 418
276 570
276 695
276 834
276 874
276 881
276 941
277 326
277 430
277 490
277 623
277 658
277 818
277 820
277 830
277 965
278 279
278 345
278 427
278 451
278 565
278 723
278 771
278 794
278 888
278 958
279 291
279 316
279 386
279 390
279 396
279 403
279 503
279 570
279 612
279 662
279 726
279 735
279 941
280 351
280 375
280 412
280 428
280 483
280 489
280 498
280 639
280 807
280 850
280 915
280 925
281 356
281 453
281 459
281 552
281 564
281 622
281 630
281 664
281 673
281 797
281 812
281 952
282 694
282 707
282 735
282 742
282 743
282 880
282 897
282 932
283 485
283 614
283 668
283 708
283 851
283 869
284 320
284 332
284 341
284 507
284 691
284 772
284 945
285 314
285 405
285 412
285 451
285 534
285 657
285 734
285 778
285 832
285 904
285 934
285 945
286 357
286 364
286 385
286 401
286 504
286 555
286 581
286 615
286 772
286 956
287 335
287 386
287 466
287 469
287 505
287 618
287 639
287 682
287 691
287 794
287 827
287 831
287 890
287 996
288 470
288 479
288 553
288 570
288 596
288 622
288 688
288 734
288 761
288 840
288 863
288 917
288 924
289 308
289 325
289 421
289 473
289 478
289 639
289 656
289 705
289 715
289 741
289 784
289 801
289 979
289 987
290 340
290 503
290 519
290 544
290 560
290 784
290 877
290 882
290 908
290 975
291 304
291 365
291 529
291 627
291 633
291 636
291 645
291 855
291 861
291 864
291 886
291 955
291 971
292 304
292 319
292 402
292 428
292 487
292 581
292 676
292 806
292 952
292 962
292 976
293 407
293 450
293 520
293 533
293 579
293 609
293 709
293 772
293 810
293 894
293 963
294 342
294 358
294 460
294 487
294 489
294 490
294 491
294 969
295 305
295 337
295 357
295 408
295 615
295 947
295 973
295 987
295 993
296 337
296 398
296 457
296 605
296 640
296 748
296 791
296 836
296 930
297 301
297 451
297 577
297 585
297 877
297 957
298 353
298 407
298 446
298 497
298 596
298 679
299 328
299 441
299 598
299 799
299 808
299 905
299 924
299 952
300 360
300 368
300 410
300 424
300 433
300 486
300 564
300 700
300 844
300 944
301 409
301 432
301 485
301 498
301 559
301 595
301 597
301 637
301 692
301 701
301 707
301 715
301 894
302 393
302 427
302 437
302 488
302 526
302 535
302 600
302 608
302 655
302 685
302 769
302 967
303 348
303 390
303 391
303 643
303 654
303 690
303 857
303 962
304 377
304 527
304 588
305 437
305 465
305 492
305 681
305 692
305 715
305 728
305 735
305 826
305 931
305 960
306 389
306 408
306 444
306 451
306 497
306 523
306 576
306 597
306 661
306 720
306 766
306 903
307 389
307 464
307 515
307 520
307 639
307 752
307 818
308 357
308 361
308 512
308 613
308 743
308 812
308 890
308 987
309 383
309 410
309 442
309 484
309 500
309 828
309 912
309 945
309 990
310 530
310 545
310 596
310 665
310 682
310 689
310 732
310 773
310 973
310 976
311 384
311 899
311 928
311 936
311 999
312 320
312 420
312 601
312 772
312 791
312 803
312 829
312 927
312 948
312 990
313 365
313 458
313 467
313 473
313 493
313 553
313 601
313 608
313 701
313 711
313 822
313 851
313 858
313 936
313 964
314 348
314 356
314 561
314 596
314 647
314 722
314 733
314 790
314 796
314 915
314 945
315 367
315 385
315 393
315 609
315 618
315 667
315 780
315 812
315 819
315 915
315 951
315 999
316 352
316 401
316 439
316 469
316 626
316 676
316 705
316 725
316 738
316 826
316 894
316 979
316 988
317 321
317 331
317 378
317 569
317 576
317 577
317 612
317 621
317 707
317 721
317 794
317 847
317 883
318 512
318 541
318 595
318 613
318 698
319 387
319 564
319 603
319 864
319 948
320 358
320 375
320 381
320 406
320 458
320 504
320 532
320 649
320 674
320 929
320 955
320 993
321 494
321 560
321 597
321 643
321 664
321 827
321 957
322 339
322 380
322 428
322 479
322 531
322 563
322 577
322 903
322 910
322 988
322 1000
323 464
323 490
323 553
323 697
323 708
323 725
324 336
324 338
324 431
324 460
324 477
324 505
324 564
324 859
324 929
324 981
325 369
325 377
325 423
325 553
325 555
325 575
325 617
325 671
325 795
325 904
326 478
326 556
326 707
326 787
326 846
326 894
326 945
326 947
327 643
327 895
327 999
328 344
328 545
328 553
328 576
328 725
328 759
328 760
328 797
328 856
328 879
328 974
328 994
329 345
329 359
329 371
329 415
329 518
329 554
329 610
329 756
329 929
330 414
330 471
330 846
330 975
331 332
331 456
331 610
331 629
331 656
331 731
332 348
332 530
332 571
332 676
332 731
332 794
332 821
332 898
332 929
333 413
333 539
333 658
333 772
333 849
333 893
333 940
334 414
334 419
334 430
334 527
334 544
334 578
334 580
334 620
334 785
334 831
335 377
335 417
335 684
335 717
335 732
335 743
335 800
335 889
335 946
336 415
336 533
336 586
336 606
336 640
336 650
336 810
336 857
336 912
336 954
337 408
337 484
337 488
337 505
337 513
337 547
338 484
338 495
338 560
338 566
338 654
338 753
338 777
338 805
338 959
338 998
339 517
339 529
339 602
339 621
339 688
339 993
340 389
340 507
340 720
340 887
340 966
341 374
341 382
341 423
341 473
341 478
341 485
341 529
341 652
341 698
341 931
341 986
342 344
342 429
342 524
342 548
342 641
342 745
342 788
342 834
342 912
342 958
343 384
343 547
343 580
343 604
343 780
343 819
343 821
343 858
344 348
344 374
344 413
344 533
344 536
344 537
344 546
344 640
344 674
344 760
344 801
344 916
345 349
345 428
345 628
345 650
345 728
345 744
345 810
345 829
345 931
345 985
346 398
346 516
346 544
346 737
346 783
346 908
346 965
347 426
347 578
347 926
348 361
348 439
348 566
348 596
348 766
348 781
348 913
348 967
349 393
349 465
349 483
349 524
349 741
349 743
349 785
349 806
349 854
349 908
349 942
350 416
350 580
350 680
350 725
350 752
350 795
350 989
351 373
351 426
351 506
351 555
351 702
351 709
351 715
351 860
352 360
352 430
352 465
352 487
352 531
352 572
352 652
352 969
353 479
353 717
353 741
353 808
353 855
353 900
353 956
353 963
353 970
354 443
354 508
354 525
354 536
354 546
354 646
354 660
354 731
354 792
354 887
355 374
355 478
355 568
355 655
355 859
355 869
355 981
355 985
356 733
356 815
356 843
356 852
356 969
357 431
357 674
357 715
357 775
357 912
357 926
357 935
358 386
358 398
358 414
358 441
358 549
358 740
358 787
358 936
359 381
359 404
359 444
359 462
359 542
359 619
359 687
359 711
359 715
359 755
359 787
359 865
359 946
359 975
359 983
360 434
360 467
360 577
360 579
360 604
360 618
360 796
360 869
360 903
360 985
361 391
361 444
361 461
361 495
361 554
361 596
361 614
361 615
361 723
361 793
361 891
361 965
361 975
362 388
362 408
362 609
362 758
362 769
362 778
362 801
363 427
363 475
363 513
363 647
363 670
363 696
363 852
363 854
363 893
363 942
364 370
364 464
364 469
364 519
364 604
364 606
364 624
364 740
364 792
364 798
364 838
364 872
364 922
364 981
365 514
365 924
365 935
365 995
366 379
366 533
366 623
366 632
366 666
366 743
366 788
366 854
366 906
367 570
367 592
367 681
367 695
367 742
367 798
367 875
367 968
367 988
368 395
368 465
368 588
368 766
368 841
368 930
368 987
369 396
369 408
369 449
369 490
369 584
369 595
369 804
369 855
369 940
369 943
369 957
370 431
370 439
370 501
370 503
370 523
370 529
370 557
370 641
370 660
370 668
370 790
371 412
371 555
371 597
371 612
371 662
371 674
371 727
371 752
371 865
372 417
372 422
372 477
372 517
372 601
372 723
372 734
372 736
372 790
372 800
372 808
372 922
372 948
373 375
373 506
373 555
373 811
373 849
373 868
373 933
373 999
374 429
374 432
374 528
374 601
374 827
374 909
374 983
374 999
375 378
375 543
375 546
375 741
375 814
375 939
375 946
375 966
376 412
376 466
376 488
376 489
376 751
376 774
377 544
377 580
377 690
377 868
377 886
377 970
377 998
378 385
378 408
378 410
378 421
378 447
378 551
378 556
378 616
378 671
378 683
378 703
378 717
378 723
378 729
378 847
378 866
378 881
378 900
378 927
378 950
378 993
379 402
379 403
379 471
379 613
379 616
379 810
379 817
379 870
379 907
379 931
379 973
380 462
380 574
380 853
380 930
380 943
381 474
381 505
381 627
381 705
381 801
381 954
381 1000
382 412
382 517
382 521
382 550
382 551
382 626
382 669
383 424
383 427
383 442
383 536
383 550
383 710
383 778
383 784
383 829
383 872
383 887
383 945
384 458
384 460
384 499
384 665
384 775
384 861
384 950
385 478
385 493
385 551
385 609
385 730
385 827
385 855
385 888
385 907
385 908
386 407
386 552
386 577
386 751
386 822
386 867
386 938
386 944
387 413
387 414
387 491
387 811
387 888
387 920
388 407
388 455
388 497
388 747
388 755
388 898
388 929
388 989
389 406
389 447
389 466
389 470
389 483
389 701
390 411
390 472
390 543
390 571
390 598
390 680
390 700
390 826
390 886
390 949
390 976
390 989
391 512
391 653
391 666
391 704
391 903
391 928
391 947
391 978
392 440
392 446
392 463
392 489
392 662
392 688
392 847
392 871
392 981
393 455
393 465
393 502
393 520
393 552
393 586
393 616
393 638
393 685
393 762
393 805
393 887
393 961
393 997
394 466
394 617
394 654
394 751
394 843
394 846
394 915
394 938
395 415
395 420
395 478
395 681
395 748
395 790
395 851
395 867
395 889
395 927
396 416
396 474
396 689
396 900
396 961
397 459
397 467
397 515
397 600
397 610
397 631
397 675
397 699
397 717
397 738
397 799
397 1000
398 479
398 601
398 648
398 701
398 852
398 858
398 908
398 953
399 508
399 526
399 551
399 587
399 687
399 722
399 782
399 789
399 856
399 985
400 448
400 501
400 733
401 674
401 679
401 719
401 832
401 926
401 1000
402 424
402 528
402 538
402 589
402 664
402 666
402 714
402 755
402 762
402 817
402 849
402 936
402 941
402 943
402 959
403 435
403 568
403 637
403 648
403 680
403 783
403 828
403 928
403 978
403 993
404 424
404 449
404 495
404 498
404 639
404 649
404 736
404 988
405 483
405 625
405 677
405 792
405 833
405 932
406 567
406 656
406 738
406 740
406 743
406 797
406 891
406 991
407 501
407 538
407 595
407 724
407 831
407 858
407 900
407 936
408 419
408 520
408 616
408 784
408 894
408 899
408 919
408 935
409 432
409 740
409 768
409 921
409 956
410 413
410 475
410 521
410 547
410 588
410 595
410 659
410 912
411 426
411 467
411 544
411 652
411 811
411 821
411 904
411 939
411 941
411 964
412 557
412 571
412 573
412 639
412 673
412 731
412 822
412 913
413 577
413 617
413 633
413 664
413 685
413 839
413 866
413 872
413 908
414 453
414 518
414 643
414 748
414 774
414 822
415 521
415 556
415 572
415 593
415 626
415 675
415 717
415 800
415 827
415 834
415 842
415 887
415 915
416 448
416 458
416 478
416 493
416 677
416 708
416 914
416 915
416 935
416 968
417 511
417 566
417 622
417 648
417 893
417 946
418 481
418 645
418 741
418 783
418 860
418 930
418 964
418 969
418 999
419 537
419 664
419 846
419 879
420 615
420 618
420 969
420 973
421 452
421 474
421 659
421 733
421 736
422 488
422 537
422 652
422 686
422 759
422 818
422 840
422 903
422 913
422 946
423 430
423 462
423 528
423 565
423 817
424 697
424 896
424 958
425 452
425 461
425 483
425 543
425 550
425 570
425 708
425 717
425 727
425 938
425 994
426 533
426 550
426 633
426 656
426 879
426 964
426 969
427 499
427 613
427 627
427 639
427 677
427 699
427 744
427 914
427 924
427 943
428 445
428 566
428 605
428 707
428 710
428 728
428 782
428 851
428 949
429 489
429 625
429 721
429 754
429 769
429 881
429 983
429 992
430 449
430 560
430 676
430 766
431 685
432 444
432 515
432 520
432 577
432 620
432 635
432 782
432 861
432 909
432 964
432 979
433 653
433 713
433 718
433 756
433 811
433 829
433 907
434 516
434 554
434 615
434 638
434 651
434 761
434 862
434 964
434 967
434 975
435 511
435 536
435 609
435 690
435 694
435 716
435 723
435 818
435 837
435 852
435 867
435 940
436 681
436 766
436 834
436 890
436 985
436 993
437 451
437 560
437 733
437 752
437 764
437 836
437 846
437 892
437 914
437 984
438 564
438 571
438 636
438 743
438 836
438 974
439 616
439 619
439 666
439 704
439 743
439 816
439 823
439 925
439 959
439 986
439 996
440 506
440 638
440 688
440 788
440 798
440 853
440 882
441 461
441 491
441 522
441 614
441 847
441 887
441 939
441 988
442 828
442 861
442 885
442 898
442 932
443 516
443 523
443 608
443 638
443 907
443 929
443 981
444 454
444 462
444 464
444 679
444 716
444 845
444 867
444 935
444 968
445 498
445 522
445 542
445 576
445 604
445 623
445 691
445 789
445 886
445 903
445 923
445 941
445 993
446 449
446 479
446 657
446 709
446 777
446 812
446 829
446 945
446 950
447 561
447 719
447 747
447 781
448 538
448 557
448 643
448 951
449 552
449 570
449 600
449 601
449 665
449 881
449 902
449 961
450 471
450 544
450 708
450 777
450 817
450 836
450 848
450 865
450 960
450 983
451 492
451 581
451 748
451 807
451 912
451 921
452 543
452 547
452 611
452 637
452 645
452 719
452 762
452 845
452 851
452 960
453 477
453 504
453 637
453 741
453 836
453 882
453 895
453 914
453 964
454 589
454 601
454 689
454 712
454 759
454 811
454 843
455 467
455 473
455 804
456 510
456 557
456 601
456 654
456 867
456 929
456 940
456 957
456 998
457 467
457 475
457 478
457 485
457 529
457 593
457 772
457 791
457 818
457 833
457 935
457 971
458 554
458 694
458 763
458 800
458 894
458 912
459 514
459 596
459 614
459 667
459 669
459 727
459 794
459 903
459 973
460 595
460 612
460 689
460 696
460 750
460 754
460 763
460 898
461 498
461 501
461 529
461 566
461 660
461 692
461 757
461 901
461 929
461 973
462 492
462 499
462 738
462 912
462 930
462 949
463 587
463 645
463 663
463 694
463 733
463 861
463 911
463 944
463 988
464 524
464 605
464 613
464 652
464 709
464 740
464 774
464 911
464 946
465 515
465 532
465 595
465 605
465 678
465 751
465 779
465 872
466 727
466 777
466 829
466 839
466 901
466 946
466 957
467 494
467 518
467 547
467 693
467 777
467 785
467 809
467 915
467 943
468 473
468 729
468 752
468 760
469 501
469 815
469 859
469 880
471 607
471 611
471 615
471 778
471 801
471 804
471 954
471 985
471 986
472 577
472 666
472 726
472 781
472 791
472 809
472 991
473 492
473 502
473 567
473 611
473 622
473 653
473 672
473 692
473 697
473 773
473 774
473 897
473 942
474 571
474 827
474 855
474 870
474 994
475 598
475 630
475 750
475 781
475 954
475 961
475 972
476 479
476 566
476 770
476 869
476 918
477 599
477 609
477 750
477 820
477 848
477 853
477 890
477 949
477 1000
478 516
478 612
478 735
478 756
478 779
478 800
478 909
478 959
479 484
479 627
479 648
479 673
479 733
479 734
479 759
479 783
479 892
479 895
479 968
480 515
480 588
480 813
480 948
480 965
480 971
481 635
481 748
481 964
481 967
481 975
482 649
483 516
483 650
483 669
483 676
483 718
483 802
483 850
483 857
483 993
484 524
484 539
484 620
484 621
484 627
484 738
484 866
484 897
484 995
485 498
485 516
485 522
485 553
485 563
485 646
485 688
485 734
485 753
485 757
485 805
485 924
486 587
486 711
486 727
486 839
486 907
487 530
487 633
487 674
487 689
488 517
488 634
488 680
488 719
488 741
488 822
488 834
488 844
488 949
489 550
489 573
489 667
489 684
489 823
489 838
489 853
489 917
489 985
490 505
490 560
490 569
490 636
490 810
490 874
490 890
490 929
491 692
491 693
491 705
491 717
491 747
491 789
491 803
491 986
492 569
492 611
492 621
492 622
492 659
492 725
492 760
492 801
492 835
492 845
492 945
493 531
493 536
493 698
493 704
493 781
493 868
493 918
494 532
494 560
494 655
494 664
494 688
494 871
494 953
495 502
495 511
495 519
495 715
495 849
495 886
495 944
495 977
496 498
496 641
496 658
496 728
496 820
496 885
496 941
497 588
497 663
497 679
497 863
497 865
497 909
497 966
498 510
498 533
498 588
498 683
498 772
498 780
498 896
498 898
499 815
499 833
500 613
500 649
500 674
500 735
500 736
500 756
500 757
500 805
500 868
500 908
500 946
501 547
501 619
501 672
501 774
501 777
502 544
502 551
502 553
502 653
502 750
502 799
502 932
502 972
502 998
503 661
503 664
503 666
503 668
503 809
503 812
503 834
503 907
503 924
504 582
504 771
504 810
504 827
504 835
504 837
504 856
504 879
505 547
505 555
505 717
505 733
505 787
505 823
505 877
505 937
505 967
506 728
506 758
506 774
506 935
507 572
507 654
507 709
507 738
507 803
507 812
507 841
507 842
507 853
507 861
507 869
507 899
508 607
508 645
508 822
508 945
508 948
508 953
509 599
509 644
509 673
509 775
509 831
509 923
509 945
509 977
510 522
510 606
510 761
510 804
510 829
510 893
510 960
511 525
511 557
511 637
511 646
511 717
511 750
511 821
511 825
511 882
511 930
512 531
512 570
512 715
512 787
512 901
513 587
513 652
513 669
513 788
513 944
513 960
513 985
513 990
514 633
514 806
514 826
514 836
514 906
514 937
514 999
515 553
515 569
515 708
515 723
515 764
515 911
515 962
515 974
516 605
516 672
516 744
516 975
517 522
517 710
517 747
517 750
517 803
517 879
517 963
517 993
518 628
518 701
518 747
518 975
519 626
519 640
520 641
520 718
520 725
520 777
520 803
520 855
520 949
520 978
520 992
520 998
521 530
521 531
521 567
521 648
521 694
521 816
521 873
521 955
522 597
522 654
522 714
522 940
522 944
523 565
523 578
523 605
523 626
523 706
523 736
523 817
523 821
523 885
524 526
524 654
524 676
524 722
524 760
524 876
524 954
524 994
525 570
525 724
525 862
525 895
525 979
526 586
526 739
526 818
526 970
527 541
527 615
527 619
527 652
527 691
527 761
527 819
527 821
527 858
527 895
527 942
528 579
528 605
528 648
528 700
528 708
528 711
528 752
528 758
528 762
528 808
528 859
528 998
529 532
529 545
529 666
529 714
529 723
529 823
530 560
530 862
531 650
531 667
531 674
531 770
531 851
531 934
532 588
532 609
532 681
532 706
532 816
532 823
532 853
532 974
533 692
533 769
533 782
533 904
533 905
533 997
534 802
534 838
534 939
534 999
535 663
535 722
535 777
535 784
535 981
535 1000
536 612
536 700
536 764
536 794
536 835
536 845
536 850
536 855
536 933
536 991
537 581
537 773
538 627
538 757
538 850
538 985
539 550
539 554
539 565
539 602
539 643
539 660
539 689
539 690
539 695
539 711
539 816
539 828
539 836
539 840
539 874
539 987
540 659
540 680
540 813
540 977
540 980
541 620
541 648
541 659
541 716
541 874
541 944
541 976
542 545
542 549
542 590
542 601
542 627
542 662
542 849
542 878
543 619
543 745
543 928
543 960
544 659
544 915
545 546
545 550
545 556
545 569
545 591
545 648
545 731
545 853
545 916
545 946
545 948
546 583
546 666
546 755
546 846
546 869
547 694
547 727
547 778
547 819
547 828
547 842
547 906
547 918
548 599
548 623
548 633
548 645
548 682
548 743
548 796
548 842
548 853
548 912
548 943
549 620
549 674
549 679
549 733
549 785
549 795
549 812
549 822
549 847
549 861
549 863
549 973
550 552
550 581
550 588
550 621
550 745
550 811
550 818
550 996
551 569
551 602
551 660
551 670
551 679
551 775
551 795
551 820
551 981
552 554
552 568
552 620
552 676
552 713
552 782
552 797
552 902
552 985
552 991
553 606
553 653
553 810
553 883
553 914
553 921
553 925
554 562
554 572
554 626
554 923
554 945
554 962
554 973
555 626
555 761
555 932
555 966
555 975
556 672
556 718
556 810
556 837
556 875
556 914
557 649
557 670
557 712
557 735
557 812
557 830
557 898
557 909
557 952
558 637
558 642
558 681
558 735
558 782
558 807
558 817
558 917
558 991
559 601
559 636
559 749
559 925
559 936
560 762
560 803
560 952
560 998
561 571
561 583
561 637
561 694
561 715
561 728
561 774
561 856
561 881
561 891
562 609
562 610
562 672
562 732
562 866
562 868
563 564
563 585
563 612
563 631
563 669
563 713
563 773
563 782
563 790
563 915
563 998
564 620
564 698
564 949
564 961
564 971
565 604
565 718
565 860
565 883
566 624
566 644
566 719
566 747
566 760
566 838
566 934
566 971
567 571
567 759
567 764
567 775
567 782
567 880
567 881
567 957
567 960
568 628
568 633
568 655
568 756
568 799
568 835
568 840
569 659
569 701
569 715
569 817
569 876
569 904
569 955
569 981
570 580
570 648
570 681
570 718
570 754
570 819
570 853
570 873
570 969
571 676
571 704
571 715
571 764
571 835
571 904
571 909
571 984
572 595
572 600
572 636
572 739
572 754
572 755
572 817
572 843
572 873
572 880
572 960
573 757
573 892
573 964
573 985
573 994
574 584
574 601
574 604
574 734
574 829
574 834
574 887
574 976
575 583
575 662
575 701
575 825
575 874
575 992
576 854
576 946
576 948
577 810
577 834
577 896
577 898
577 960
578 584
578 592
578 635
578 759
578 821
578 825
578 842
579 605
579 619
579 706
579 761
579 835
579 905
579 986
580 585
580 659
580 724
580 762
580 808
580 844
580 861
580 889
581 665
581 820
581 825
581 843
582 639
582 743
582 917
582 971
583 647
583 680
583 772
583 805
583 974
584 634
584 662
584 695
584 732
584 779
584 862
584 865
584 876
585 613
585 718
585 798
585 992
586 632
586 670
586 699
586 738
586 863
587 632
587 659
587 759
587 866
587 935
588 698
588 728
588 854
588 895
588 920
588 989
589 591
589 681
589 699
589 989
590 634
590 664
590 711
590 819
590 825
591 720
591 731
591 742
591 781
591 824
591 855
592 613
592 641
592 673
592 690
592 718
592 740
592 763
592 790
592 889
592 900
592 928
592 943
592 985
593 628
593 714
593 753
593 817
593 860
593 861
593 966
594 597
594 636
594 670
594 682
594 721
594 863
594 870
595 610
595 677
595 684
595 752
595 945
596 646
596 654
596 674
596 709
596 775
596 877
596 922
596 952
596 955
596 999
597 682
597 697
597 737
597 740
597 942
597 957
598 602
598 696
598 793
598 898
599 716
599 777
599 784
600 609
600 611
600 624
600 714
600 826
600 925
600 958
600 994
601 696
601 698
601 769
601 874
601 893
601 899
601 976
602 782
602 859
602 864
602 982
603 700
603 795
603 837
603 854
603 860
604 665
605 870
605 986
606 621
606 694
606 738
606 780
606 818
606 863
606 868
607 636
607 682
607 805
607 923
608 609
608 625
608 675
609 667
609 687
609 793
609 935
610 686
610 984
611 685
612 642
612 675
612 762
612 791
612 793
612 795
612 857
612 902
613 743
613 969
614 620
614 711
614 787
614 840
614 841
614 842
614 862
615 705
615 833
615 846
615 899
615 901
615 903
615 954
616 674
616 757
616 881
616 965
617 652
617 671
617 786
617 872
618 681
618 733
618 737
618 891
618 972
618 987
619 660
619 679
619 718
619 923
619 932
619 977
620 671
620 713
620 782
620 855
620 953
621 659
621 664
621 938
621 939
621 986
622 683
622 792
622 919
622 927
622 958
622 964
623 641
623 687
623 724
623 749
623 775
623 787
623 942
624 639
624 763
624 800
624 837
624 850
624 875
624 903
625 655
625 808
625 830
626 675
626 763
626 818
626 930
627 628
627 676
627 686
627 732
627 748
627 762
627 772
627 776
627 903
627 934
627 937
628 740
628 811
628 844
628 898
628 923
628 963
629 695
629 767
629 778
629 803
629 833
629 945
629 978
630 761
630 802
630 943
630 991
631 641
631 741
631 777
631 786
631 795
631 928
632 644
632 681
632 719
632 876
632 902
632 942
632 973
633 684
633 716
633 784
633 793
633 799
633 920
633 936
633 976
633 984
634 749
634 774
635 636
635 670
635 701
635 749
635 781
635 793
635 821
636 672
636 682
636 715
636 761
636 872
636 911
636 920
637 686
637 761
637 829
637 837
637 865
637 874
637 891
637 983
637 987
638 667
638 683
638 708
638 748
638 790
638 828
638 830
638 853
639 679
639 763
639 953
639 968
640 731
640 845
641 755
641 840
641 854
641 884
642 797
642 989
642 997
643 895
643 900
643 916
644 716
644 787
644 826
644 836
644 839
644 860
644 930
644 992
645 677
645 682
645 744
645 884
645 923
646 784
646 856
646 965
646 980
647 680
647 939
648 892
648 904
648 907
649 727
649 800
649 896
649 994
650 671
650 678
650 821
650 822
650 896
651 659
651 676
651 778
651 850
651 966
652 666
652 880
652 967
653 926
653 953
653 972
654 709
654 925
654 948
655 659
655 696
655 731
655 836
656 735
656 744
656 832
656 874
656 881
656 975
657 723
657 730
657 849
658 672
658 675
658 747
658 818
658 879
658 923
659 786
659 787
659 845
659 891
659 993
660 676
660 701
660 715
660 783
660 836
660 888
660 907
660 988
661 676
661 733
661 785
661 867
661 923
662 703
662 997
663 678
663 700
663 747
663 847
663 881
663 985
664 806
664 814
664 956
665 853
665 882
665 934
665 942
666 900
666 955
667 677
667 780
667 976
668 713
668 783
668 787
668 827
668 854
668 893
668 959
669 688
669 708
669 756
669 844
669 890
670 673
670 679
670 799
670 890
670 921
670 936
671 876
671 974
671 986
672 687
672 692
672 755
672 846
672 857
672 885
672 906
673 706
673 916
674 678
674 971
674 982
675 691
675 701
675 741
675 972
676 728
676 854
676 883
676 947
677 749
677 789
677 791
677 839
677 855
677 895
677 978
678 726
678 776
678 829
679 698
679 711
679 752
679 760
679 830
679 854
679 886
679 943
679 969
679 972
680 708
680 726
680 855
680 954
680 970
681 768
681 822
681 950
682 737
682 877
682 883
682 903
683 738
683 898
683 929
684 896
684 922
685 735
685 760
685 790
685 905
686 715
686 734
686 933
687 711
687 830
687 838
687 860
688 715
688 741
688 790
688 966
688 981
689 693
689 990
689 996
690 749
690 910
690 966
690 983
691 782
691 812
692 701
692 768
692 779
692 801
692 810
692 908
692 927
693 710
693 717
693 813
694 743
694 822
694 834
694 882
694 906
694 915
694 998
695 704
695 729
695 768
695 866
695 963
695 997
696 773
696 805
696 827
696 833
696 874
696 941
697 727
697 750
697 915
698 811
698 812
698 878
698 923
698 951
699 712
699 831
699 908
699 1000
700 983
701 719
701 754
701 763
701 947
702 704
702 903
702 936
703 720
703 722
703 754
703 774
703 875
703 935
703 977
703 999
704 733
704 772
704 785
704 811
704 862
704 888
704 926
704 936
704 944
705 839
705 963
706 749
706 912
706 916
706 975
706 981
706 986
707 823
707 962
708 711
708 712
708 822
708 836
709 732
709 750
709 844
709 889
709 936
710 721
710 762
710 818
710 849
710 897
710 907
711 719
711 767
711 832
712 739
712 842
712 920
713 761
713 764
714 862
714 881
714 943
714 987
715 719
715 765
715 774
715 803
716 768
716 937
717 718
717 789
717 801
717 808
717 823
717 871
718 739
718 747
718 794
718 858
718 967
719 752
719 766
719 770
719 813
719 978
720 846
720 859
720 944
721 743
721 747
721 964
721 967
722 735
722 772
722 852
722 866
722 888
722 979
723 743
723 826
723 909
723 986
724 937
725 830
725 904
726 734
726 820
726 886
726 890
727 779
727 836
728 784
728 795
728 837
728 871
728 896
728 944
728 986
729 742
729 834
729 869
729 942
730 769
730 811
730 841
733 766
733 907
733 942
734 771
734 796
735 929
736 763
736 793
736 801
736 883
736 895
736 964
737 826
737 847
737 862
737 878
737 893
737 971
738 741
738 747
738 752
738 753
738 770
738 939
739 772
739 854
739 972
739 1000
740 768
740 985
741 760
741 885
741 938
742 766
742 805
742 916
743 804
743 863
743 969
744 769
744 786
744 864
744 876
744 988
744 997
745 795
745 869
745 883
745 925
745 951
746 792
746 852
746 895
746 972
746 993
747 761
747 843
747 896
747 996
748 911
749 910
749 990
750 770
750 832
751 820
751 860
751 882
751 926
752 901
752 971
753 787
753 842
753 914
754 914
755 828
755 860
755 948
755 999
756 798
756 971
757 882
757 884
757 966
758 763
758 908
759 829
759 901
760 765
760 787
760 862
760 910
760 912
761 833
761 874
761 889
761 909
761 919
761 982
762 803
762 930
762 951
763 765
763 787
763 821
763 895
763 935
763 970
764 846
764 958
765 774
765 875
766 795
766 807
766 866
766 979
766 983
767 847
767 861
767 903
767 908
767 990
768 786
768 908
768 996
769 882
769 972
770 835
770 876
770 969
771 836
771 876
771 942
771 948
771 984
772 923
773 789
774 803
774 806
774 967
775 808
775 826
775 840
775 844
775 893
775 914
775 944
775 946
775 957
778 796
778 807
778 822
779 831
779 836
779 899
779 900
781 862
781 921
781 924
781 966
781 972
782 802
782 844
782 882
783 883
783 960
784 881
785 810
785 941
786 916
786 996
787 908
787 927
787 939
787 987
788 802
788 816
788 817
788 901
788 928
788 952
788 953
788 968
789 833
789 904
789 977
789 983
790 797
790 815
790 867
790 959
790 961
791 809
791 825
792 926
792 949
793 836
793 945
793 970
794 875
794 922
794 925
794 937
794 948
794 955
794 999
796 819
798 814
798 940
798 947
800 925
800 971
801 817
801 827
801 910
801 996
802 809
803 855
803 979
803 986
804 809
804 822
804 863
804 872
805 878
805 909
805 968
805 1000
806 892
806 927
807 941
808 822
808 824
808 885
808 931
808 999
809 811
809 861
809 972
810 920
810 927
811 931
812 959
813 852
813 928
815 963
815 992
816 832
816 972
817 845
817 898
817 918
817 938
819 866
819 935
820 834
820 907
821 844
821 855
821 860
821 862
821 893
821 931
821 953
823 863
823 967
823 987
824 848
825 896
825 975
826 846
826 862
826 961
827 932
827 995
828 837
828 856
828 923
828 983
829 835
829 872
829 888
829 892
831 872
832 881
832 921
832 926
833 876
833 939
833 998
834 897
834 989
834 999
835 878
835 917
836 895
838 880
838 947
839 889
839 902
839 937
839 965
839 996
840 900
841 922
842 964
844 851
844 897
844 972
846 925
847 857
847 954
847 966
847 967
848 877
849 900
849 955
849 980
849 985
850 863
850 866
850 881
850 938
851 888
851 900
852 869
852 870
852 901
852 975
854 957
854 977
855 871
855 997
858 946
858 958
859 951
859 969
859 999
860 889
860 950
862 936
862 950
863 891
863 942
864 935
864 973
864 1000
865 926
866 886
867 957
867 979
868 978
870 883
870 911
870 967
871 921
872 916
872 930
873 954
874 878
874 988
875 883
877 954
878 905
879 898
882 892
883 909
883 991
884 951
886 931
886 979
888 893
888 935
889 960
890 973
890 983
891 931
891 998
893 961
895 946
897 994
898 936
898 949
899 900
899 914
899 916
901 999
902 975
907 925
910 920
911 912
911 970
912 975
913 940
914 920
914 941
915 922
916 979
916 988
917 956
918 970
919 951
919 970
922 932
922 977
922 979
924 938
924 965
926 935
926 942
926 974
927 963
927 998
929 965
932 980
933 935
933 944
934 961
935 969
935 971
935 977
936 943
938 994
939 949
939 955
940 970
941 975
942 947
942 991
943 996
944 988
948 989
949 977
950 960
950 987
951 967
956 995
957 996
959 994
961 971
963 971
967 970
968 973
968 977
969 995
972 978
975 980
975 986
977 980
979 994
981 984
987 998
991 999
