100 470
1 2
1 3
1 4
1 7
1 9
1 37
2 3
2 4
2 7
2 37
2 50
2 67
3 7
3 9
4 7
5 31
5 32
5 34
5 35
5 36
5 38
5 39
5 40
5 66
5 94
5 100
6 21
6 22
6 25
6 26
6 27
6 28
6 29
6 81
7 9
7 12
7 37
7 53
8 18
8 41
8 44
8 45
8 49
8 61
8 78
9 37
9 84
10 54
10 68
10 75
10 81
10 82
10 83
10 84
10 85
10 86
10 87
10 88
11 31
11 34
11 36
11 38
11 39
11 40
11 48
11 66
11 87
11 94
11 100
12 14
12 15
12 16
12 19
12 20
13 17
13 50
13 65
13 71
13 72
13 74
13 76
13 79
13 80
13 99
14 16
14 19
14 20
14 23
14 58
15 19
15 20
15 37
15 58
16 19
16 20
16 54
16 58
16 88
17 50
17 52
17 65
17 69
17 71
17 72
17 74
17 76
17 77
17 80
18 34
18 41
18 43
18 45
18 48
18 49
18 61
18 62
18 78
19 20
19 28
19 58
19 87
20 89
21 22
21 23
21 24
21 25
21 26
21 27
21 28
21 29
22 23
22 24
22 25
22 27
22 28
22 29
22 86
22 91
23 24
23 25
23 26
23 27
23 28
23 29
23 59
24 25
24 26
24 27
24 28
24 81
24 86
25 26
25 27
25 28
25 29
25 83
26 27
26 29
26 94
27 28
27 31
28 29
29 49
30 54
30 69
30 75
30 81
30 82
30 84
30 85
30 87
30 88
30 89
30 90
31 32
31 38
31 39
31 40
31 48
31 66
31 87
31 94
31 95
31 100
32 34
32 35
32 36
32 38
32 39
32 40
32 49
32 58
32 66
32 94
32 100
33 51
33 52
33 53
33 55
33 57
33 59
33 60
33 68
33 70
33 90
33 97
34 35
34 36
34 38
34 39
34 40
34 48
34 68
34 94
34 100
35 36
35 38
35 39
35 40
35 48
35 66
35 70
35 87
35 94
35 100
36 39
36 48
36 94
36 100
37 90
38 39
38 40
38 48
38 56
38 58
38 66
38 94
39 40
39 48
39 66
39 100
40 48
40 66
40 94
40 100
41 43
41 44
41 45
41 46
41 47
41 49
41 61
41 62
42 43
42 44
42 46
42 47
42 49
42 61
42 62
43 44
43 45
43 46
43 61
44 45
44 46
44 47
44 49
44 61
44 62
45 46
45 47
45 49
45 61
45 62
46 47
46 49
46 61
46 62
47 49
47 61
47 62
48 66
48 67
48 71
48 94
48 97
48 100
49 62
50 65
50 69
50 71
50 72
50 74
50 76
50 77
50 79
50 80
50 99
51 52
51 53
51 55
51 57
51 59
51 60
51 70
51 97
52 55
52 57
52 59
52 60
52 70
52 97
53 55
53 57
53 59
53 60
53 70
53 97
54 68
54 75
54 83
54 84
54 88
54 89
54 90
55 57
55 59
55 60
55 70
55 97
56 63
56 64
56 67
56 72
56 83
56 98
57 59
57 60
57 70
59 60
59 70
59 97
60 70
60 97
61 62
63 64
63 67
63 96
63 98
64 67
64 97
64 98
65 69
65 74
65 76
65 77
65 79
65 80
65 99
66 94
67 84
67 98
68 75
68 82
68 83
68 84
68 85
68 86
68 87
68 89
68 90
69 71
69 72
69 73
69 74
69 76
69 77
69 79
69 80
69 99
70 72
70 77
70 97
71 72
71 73
71 74
71 76
71 79
71 99
72 73
72 74
72 79
72 80
73 74
73 76
73 79
73 80
73 99
74 76
74 77
74 79
74 80
74 99
75 83
75 84
75 86
75 87
75 88
75 89
75 90
76 77
76 79
76 80
77 79
77 80
77 99
78 81
78 93
78 95
78 96
79 80
79 99
80 96
81 82
81 83
81 85
81 86
81 88
81 89
82 83
82 84
82 85
82 86
82 87
82 89
82 90
83 84
83 86
83 88
83 89
83 90
84 85
84 86
84 87
84 88
84 89
84 90
85 87
85 88
85 89
85 90
86 87
86 88
86 89
86 90
87 88
87 90
88 89
88 90
88 92
89 90
91 92
91 95
91 96
92 95
92 96
93 95
93 96
95 96
