100 447
1 3
1 15
1 41
1 44
1 45
1 48
1 49
1 50
2 9
2 16
2 22
2 23
2 82
2 83
2 85
2 89
2 90
2 98
3 41
3 42
3 44
3 45
3 46
3 48
3 49
3 50
4 7
4 15
4 26
4 47
4 53
4 75
4 76
4 77
4 78
5 10
5 29
5 87
6 8
6 10
6 46
6 87
7 15
7 47
7 53
7 67
7 72
7 75
7 76
7 77
7 78
8 10
8 64
8 87
8 94
9 16
9 22
9 23
9 82
9 83
9 84
9 88
9 89
9 90
10 87
10 90
11 13
11 17
11 18
11 20
11 71
11 97
12 14
12 19
12 60
12 62
12 63
12 65
12 66
12 68
12 69
12 70
12 90
12 92
13 18
13 20
13 71
14 19
14 60
14 61
14 63
14 64
14 65
14 66
14 68
14 69
14 70
14 87
14 92
15 73
15 75
15 76
15 77
15 78
16 22
16 40
16 82
16 83
16 84
16 86
16 88
16 89
16 90
17 20
17 22
18 20
18 60
18 71
19 60
19 61
19 62
19 63
19 64
19 65
19 66
19 68
19 69
19 70
19 92
20 71
21 24
21 27
21 28
21 29
21 30
21 37
21 43
21 74
22 23
22 82
22 83
22 84
22 86
22 88
22 89
23 82
23 83
23 84
23 85
23 86
23 88
23 89
23 90
24 25
24 26
24 28
24 29
24 30
24 37
24 43
24 53
24 74
24 89
24 95
25 26
25 27
25 28
25 29
25 30
25 41
25 43
25 65
25 74
25 95
26 27
26 29
26 30
26 43
26 74
26 95
27 28
27 29
27 30
27 37
27 74
27 95
28 29
28 30
28 37
28 43
28 64
28 74
28 80
28 95
29 37
29 43
29 59
29 74
29 95
30 37
30 43
30 74
31 43
31 59
31 80
31 91
31 93
31 94
31 97
31 98
31 99
31 100
32 33
32 34
32 35
32 36
32 38
32 39
32 67
33 34
33 36
33 38
33 39
33 62
33 68
33 75
34 35
34 36
34 39
34 67
35 38
35 39
35 67
35 98
36 38
36 39
37 43
37 48
37 74
37 80
37 95
38 39
38 67
39 66
39 67
40 51
40 52
40 54
40 55
40 57
40 58
40 79
40 81
40 91
41 44
41 45
41 46
41 48
41 49
41 56
42 44
42 45
42 48
42 49
42 50
43 49
43 74
43 95
44 45
44 46
44 48
45 46
45 48
45 50
46 49
46 50
46 61
46 65
46 88
47 53
47 63
47 65
47 72
47 73
47 75
47 77
47 78
48 49
48 50
48 57
49 50
51 54
51 56
51 57
51 58
51 73
51 79
51 81
52 54
52 56
52 57
52 58
52 79
52 81
53 72
53 75
53 77
53 78
54 55
54 56
54 58
54 79
54 81
55 56
55 57
55 58
55 79
55 81
56 57
56 58
56 79
56 81
57 58
57 79
57 81
58 79
58 81
58 86
59 80
59 91
59 94
59 96
59 97
59 98
59 99
59 100
60 63
60 64
60 65
60 66
60 68
60 69
60 70
60 92
61 62
61 63
61 64
61 65
61 68
61 69
61 70
61 92
62 63
62 64
62 65
62 66
62 69
62 70
63 64
63 66
63 68
63 69
63 70
63 92
64 70
64 73
65 66
65 68
65 69
66 68
66 70
66 92
67 80
67 100
68 69
68 70
69 70
69 80
69 92
70 92
72 75
72 76
72 77
72 78
73 75
73 77
73 78
75 76
75 77
75 78
76 77
76 78
77 78
77 98
79 81
80 94
80 97
80 98
80 99
80 100
82 84
82 85
82 86
82 88
82 89
82 90
83 84
83 85
83 89
83 90
84 85
84 86
84 88
84 89
84 90
85 86
85 88
85 89
85 90
86 88
86 89
88 89
88 90
89 90
89 95
91 94
91 96
91 97
91 98
91 99
91 100
93 94
93 96
93 97
93 98
93 100
94 97
94 98
94 99
94 100
96 97
96 99
96 100
97 98
97 99
97 100
99 100
