100 427
1 2
1 3
1 5
1 6
1 8
1 9
1 14
1 45
1 58
1 75
1 84
2 4
2 5
2 6
2 8
2 9
2 28
2 45
2 75
2 87
3 5
3 8
3 9
3 14
3 45
3 60
3 75
3 84
4 5
4 6
4 9
4 14
4 45
4 75
4 84
5 6
5 9
5 14
5 18
5 45
5 59
5 66
5 75
5 84
6 8
6 9
6 84
7 10
7 11
7 12
7 15
7 19
7 20
7 35
7 74
7 85
8 9
8 14
8 44
8 75
8 84
9 14
9 45
9 75
9 84
10 11
10 15
10 16
10 19
10 20
10 35
10 61
10 74
11 15
11 16
11 19
11 20
11 35
11 74
11 85
12 16
12 19
12 20
12 35
12 74
12 85
13 18
13 30
13 81
13 83
13 86
13 87
13 88
13 89
13 90
14 32
14 45
14 75
14 84
15 19
15 35
15 74
15 85
15 91
16 19
16 20
16 35
16 74
16 85
17 29
17 42
17 64
17 66
17 67
17 68
17 70
17 76
17 77
17 78
17 82
18 30
18 32
18 83
18 86
18 87
18 88
18 89
18 90
19 20
19 76
19 95
20 35
20 74
20 85
20 90
21 32
21 36
21 37
21 40
21 63
22 24
22 25
22 26
22 27
22 28
22 31
22 43
22 56
23 33
23 51
23 52
23 53
23 55
23 57
23 58
23 59
23 60
23 93
24 25
24 27
24 28
24 43
24 56
25 26
25 27
25 28
25 43
25 56
25 81
26 27
26 43
26 44
26 56
27 28
27 43
27 56
28 43
28 56
29 41
29 42
29 61
29 62
29 63
29 64
29 66
29 67
29 68
29 70
29 76
29 82
30 81
30 83
30 86
30 87
30 88
30 89
31 72
31 73
31 77
31 79
31 96
32 37
32 38
32 40
32 62
33 57
33 58
33 59
33 60
33 78
33 93
34 72
34 73
34 77
34 78
34 79
34 96
35 36
35 74
35 77
36 37
36 38
36 39
36 40
37 38
37 39
37 40
37 71
37 79
38 40
39 40
39 73
41 46
41 48
41 49
41 50
41 54
41 80
42 49
42 58
42 62
42 63
42 65
42 66
42 67
42 68
42 69
42 70
42 76
43 56
43 89
44 48
44 49
44 50
44 54
45 84
46 48
46 49
46 50
46 54
46 67
46 80
47 69
47 71
47 74
47 91
47 94
47 95
47 98
47 99
47 100
48 49
48 50
48 80
49 50
49 80
49 87
49 100
50 54
50 80
51 52
51 55
51 57
51 58
51 59
51 93
52 55
52 57
52 59
52 60
53 55
53 58
53 59
53 60
53 93
54 80
55 58
55 59
55 60
55 93
56 98
57 59
57 60
57 65
57 93
58 59
58 60
58 93
58 100
59 60
59 93
60 93
61 62
61 63
61 64
61 65
61 66
61 67
61 68
61 69
61 76
61 82
62 63
62 64
62 67
62 68
62 69
62 70
62 76
62 82
63 64
63 65
63 66
63 67
63 68
63 69
63 76
63 82
64 65
64 66
64 67
64 68
64 69
64 82
65 66
65 68
65 69
65 70
65 76
65 94
66 67
66 68
66 69
66 82
67 68
67 70
67 76
68 70
68 76
68 82
69 70
69 76
69 82
70 76
70 82
71 91
71 92
71 94
71 95
71 97
71 98
71 99
71 100
72 73
72 77
72 79
72 96
73 78
73 96
74 85
76 82
77 78
77 79
78 79
78 96
79 96
81 83
81 86
81 87
81 88
81 89
83 87
83 88
83 90
83 100
86 87
86 88
86 89
86 90
87 88
87 89
87 90
87 91
88 89
88 90
88 96
89 90
91 92
91 98
91 99
91 100
92 94
92 95
92 97
92 98
92 100
94 95
94 97
94 99
94 100
95 97
95 99
95 100
97 99
97 100
98 100
99 100
