100 433
1 2
1 6
1 27
1 74
2 3
2 5
2 6
2 9
2 10
2 11
2 52
2 69
2 74
3 5
3 9
3 69
3 74
4 13
4 20
4 63
5 6
5 9
5 69
5 74
5 82
6 9
6 19
6 69
6 74
7 10
7 22
7 41
7 42
7 44
7 45
7 49
7 50
7 68
7 78
7 97
8 23
8 25
8 26
8 27
8 28
8 30
8 40
8 53
8 72
8 95
9 69
9 74
10 22
10 42
10 43
10 44
10 45
10 46
10 47
10 49
10 50
10 65
10 78
10 97
11 14
11 17
11 18
11 19
12 14
12 17
13 31
13 34
13 35
13 37
13 38
13 39
13 61
13 70
13 85
13 97
14 17
14 18
14 19
14 83
15 16
15 21
15 36
15 56
15 64
15 66
15 67
15 92
15 93
15 94
15 95
15 98
15 100
16 19
16 33
16 81
16 83
16 84
16 86
16 89
17 18
17 19
18 19
20 64
21 36
21 56
21 64
21 67
21 92
21 93
21 94
21 95
21 96
21 98
21 99
21 100
22 41
22 42
22 44
22 45
22 49
22 50
22 62
22 78
22 97
23 24
23 26
23 27
23 28
23 29
23 30
23 40
23 53
23 72
23 86
24 25
24 26
24 27
24 28
24 29
24 30
24 40
24 53
25 26
25 27
25 28
25 29
25 30
25 40
25 53
25 72
26 27
26 28
26 30
26 40
26 72
27 28
27 29
27 30
27 40
27 72
28 29
28 30
28 40
28 72
29 30
29 40
29 53
29 72
30 40
30 72
31 34
31 38
31 39
31 61
31 70
32 34
32 35
32 37
32 38
32 39
32 61
32 70
32 83
33 82
33 83
33 86
33 87
33 88
33 89
33 90
34 35
34 37
34 38
34 39
34 40
34 55
34 70
34 94
35 37
35 38
35 39
35 70
35 85
36 56
36 66
36 67
36 81
36 92
36 94
36 96
36 98
36 99
36 100
37 38
37 39
37 61
37 85
38 61
38 85
39 42
39 70
39 85
40 53
40 72
41 42
41 43
41 44
41 45
41 47
41 50
41 78
41 97
42 44
42 47
42 49
42 50
42 78
42 97
43 44
43 46
43 49
43 50
43 78
44 45
44 46
44 47
44 49
44 78
45 46
45 47
45 49
45 50
45 78
45 97
46 50
46 63
46 78
47 49
47 50
47 97
48 54
48 71
48 76
48 79
48 80
49 50
49 78
49 97
50 78
50 91
50 97
51 52
51 54
51 57
51 58
51 59
52 58
52 60
52 65
53 72
54 57
54 58
54 59
54 60
54 65
55 68
55 71
55 73
55 75
55 77
55 79
55 80
56 64
56 66
56 67
56 92
56 94
56 95
56 96
56 98
57 58
57 59
57 65
58 59
58 60
58 90
59 60
59 93
60 65
61 70
61 85
63 86
64 66
64 67
64 83
64 87
64 91
64 92
64 93
64 94
64 95
64 96
64 98
64 99
64 100
65 74
65 81
66 67
66 91
66 92
66 93
66 95
66 96
66 98
66 99
66 100
67 91
67 92
67 93
67 94
67 95
67 96
67 99
67 100
68 71
68 73
68 75
68 76
68 77
68 79
68 80
68 82
69 99
70 77
70 85
71 73
71 76
71 80
73 76
73 77
73 79
73 80
75 77
75 79
75 80
76 77
76 79
76 80
76 86
77 79
77 80
78 97
79 80
81 83
81 84
81 87
81 88
81 89
81 90
82 83
82 84
82 86
82 88
83 84
83 87
83 88
83 89
83 90
84 87
84 89
86 87
86 88
86 89
86 90
87 88
87 89
87 90
88 89
88 90
89 90
91 93
91 94
91 95
91 96
91 98
91 99
91 100
92 94
92 95
92 96
92 99
93 94
93 95
93 98
93 99
93 100
94 95
94 96
94 99
94 100
95 96
95 98
95 100
96 98
96 99
96 100
98 99
98 100
