100 431
1 7
1 22
1 23
1 25
1 26
1 28
1 97
2 3
2 7
2 8
2 9
2 38
2 44
2 58
2 92
3 7
3 8
3 9
3 99
4 35
4 52
4 59
4 60
5 6
5 29
5 32
5 34
5 52
5 73
5 94
6 27
6 29
6 34
6 36
6 40
6 73
6 94
7 8
7 9
7 99
8 9
8 10
8 99
9 68
9 96
9 99
10 18
10 27
10 41
10 42
10 43
10 44
10 45
10 46
10 47
10 48
10 49
10 71
10 86
11 24
11 38
11 50
11 77
11 82
11 83
11 84
11 87
11 88
11 90
12 13
12 14
12 15
12 16
12 17
12 19
12 20
12 21
12 57
12 60
12 86
13 14
13 15
13 16
13 17
13 19
13 20
13 21
14 15
14 16
14 17
14 19
14 20
14 21
14 95
15 19
15 20
15 22
15 87
15 95
16 17
16 19
16 20
16 21
17 19
17 21
17 72
18 41
18 42
18 43
18 44
18 45
18 46
18 47
18 49
18 68
18 86
19 21
20 21
20 35
20 62
21 64
22 23
22 25
22 26
22 28
22 30
22 32
22 36
22 93
22 97
23 25
23 26
23 28
23 30
23 93
23 97
24 38
24 50
24 77
24 82
24 83
24 84
24 85
24 87
24 88
24 90
25 30
25 42
25 57
25 93
25 97
26 30
26 82
26 93
26 97
27 32
27 34
27 36
27 39
27 73
27 88
27 94
28 30
28 82
28 93
28 97
29 36
29 39
29 40
29 73
29 94
30 64
30 93
30 97
31 61
31 62
31 64
31 67
31 68
31 69
31 70
31 98
32 34
32 39
32 40
32 73
32 94
33 79
33 91
33 92
33 95
33 96
33 100
34 36
34 40
34 73
35 51
35 53
35 54
35 55
35 57
35 58
35 60
35 83
36 39
36 40
36 73
36 94
37 62
37 79
37 92
37 95
37 96
38 50
38 77
38 82
38 83
38 85
38 87
38 88
38 90
39 40
39 63
39 73
39 94
40 73
40 94
41 42
41 44
41 45
41 46
41 47
41 49
41 61
41 71
41 86
42 43
42 46
42 47
42 48
42 49
42 71
42 86
43 44
43 45
43 46
43 47
43 48
43 49
43 71
44 45
44 46
44 47
44 49
44 71
44 86
45 47
45 49
45 71
45 86
46 47
46 71
46 85
46 86
47 48
47 49
47 71
47 86
48 49
48 71
48 86
49 61
49 71
49 86
50 72
50 77
50 83
50 84
50 85
50 87
50 88
50 90
51 52
51 53
51 54
51 55
51 56
51 57
51 58
51 59
52 53
52 54
52 55
52 56
52 57
52 59
52 60
53 55
53 56
53 57
53 58
53 59
53 60
54 55
54 56
54 58
54 59
54 60
54 94
55 56
55 57
55 58
55 60
56 57
56 59
56 60
57 58
57 59
57 60
58 59
58 60
60 71
61 62
61 66
61 67
61 69
61 81
61 98
62 64
62 65
62 67
62 68
62 70
62 98
63 66
63 72
63 74
63 75
63 76
63 78
63 80
63 89
64 65
64 66
64 68
64 69
64 70
64 81
64 86
64 98
65 66
65 67
65 68
65 69
65 70
65 98
66 67
66 68
66 69
66 70
66 81
66 98
67 68
67 69
67 70
67 97
67 98
68 69
68 70
68 81
68 98
69 70
69 81
70 81
71 86
72 74
72 75
72 76
72 78
72 80
72 89
74 75
74 76
74 78
74 80
75 76
75 78
75 80
75 89
76 80
76 89
76 91
77 82
77 83
77 84
77 87
77 88
78 80
78 89
79 91
79 95
79 96
80 89
81 98
82 83
82 85
82 87
82 88
83 84
83 85
83 87
83 88
83 90
84 88
84 90
85 87
85 88
85 90
87 88
87 90
87 95
87 96
88 90
91 95
91 96
91 100
92 95
92 96
92 100
95 96
95 100
