100 405
1 3
1 4
1 6
1 7
1 8
1 10
1 48
1 72
2 3
2 4
2 5
2 6
2 7
2 8
2 10
2 11
2 85
3 4
3 5
3 6
3 7
3 8
3 9
3 62
3 83
4 5
4 6
4 7
4 8
4 9
4 10
5 6
5 7
5 8
5 48
6 7
6 9
6 10
6 45
7 8
7 9
7 30
7 44
8 9
8 10
9 10
9 59
9 79
11 13
11 14
11 15
11 16
11 17
11 18
11 19
11 20
12 13
12 14
12 15
12 17
12 19
12 80
13 15
13 17
13 18
13 19
13 20
13 34
14 16
14 17
14 18
14 19
14 20
15 16
15 17
15 18
15 20
16 17
16 19
16 20
16 80
17 18
17 19
17 20
18 19
18 20
18 36
19 20
19 29
19 35
19 36
19 95
21 24
21 25
21 26
21 29
21 30
21 37
21 92
22 23
22 24
22 25
22 26
22 27
22 28
22 29
22 30
23 25
23 26
23 27
23 29
23 30
23 55
24 25
24 26
24 27
24 28
24 29
24 30
25 26
25 27
25 28
25 30
26 29
26 92
27 28
27 29
27 30
28 29
28 30
29 30
31 32
31 33
31 34
31 35
31 36
31 37
31 38
31 39
31 40
31 61
32 33
32 35
32 36
32 37
32 38
32 39
32 58
33 34
33 36
33 37
33 38
33 39
33 40
33 63
34 35
34 36
34 38
34 39
34 40
35 36
35 38
35 40
36 37
36 39
36 40
37 38
37 39
37 40
38 39
38 40
39 40
39 50
40 53
40 91
41 42
41 43
41 45
41 46
41 47
41 48
41 50
42 43
42 44
42 45
42 46
42 47
42 49
42 50
43 44
43 45
43 48
43 49
43 69
44 45
44 47
44 48
44 50
44 56
44 87
45 46
45 47
45 48
45 49
45 50
46 47
46 48
46 49
46 50
47 48
47 49
47 50
48 49
48 50
49 50
50 95
51 52
51 53
51 55
51 56
51 57
51 58
51 60
52 53
52 54
52 56
52 58
52 59
53 55
53 56
53 58
53 59
54 55
54 56
54 58
54 60
54 65
55 56
55 57
55 59
55 83
56 57
56 58
56 59
57 58
57 59
57 60
57 71
57 73
57 100
58 59
58 60
58 100
59 60
60 80
61 62
61 63
61 64
61 66
61 67
61 69
61 70
62 63
62 64
62 65
62 67
62 68
62 69
62 70
63 64
63 65
63 66
63 67
63 68
63 69
63 70
63 96
64 65
64 66
64 67
64 68
64 69
64 70
65 66
65 67
65 68
65 69
65 70
65 88
66 69
66 70
67 68
67 69
67 70
68 69
68 70
68 79
71 72
71 73
71 74
71 75
71 76
71 77
71 78
71 79
71 80
72 73
72 75
72 76
72 77
72 78
72 79
72 80
73 74
73 75
73 76
73 77
73 79
73 80
73 90
74 75
74 76
74 77
74 78
74 79
74 80
75 77
75 78
75 79
75 80
76 77
76 78
76 79
76 80
77 79
77 80
78 79
79 80
81 82
81 83
81 86
81 87
81 88
81 89
81 90
82 85
82 86
82 88
82 89
82 90
83 84
83 85
83 86
83 88
83 89
83 90
84 86
84 88
84 89
84 90
85 87
86 87
86 88
86 89
86 90
87 88
87 90
88 89
88 90
89 90
91 92
91 93
91 94
91 97
91 99
91 100
92 93
92 94
92 95
92 96
92 97
92 98
93 94
93 95
93 96
93 97
93 98
93 99
94 96
94 97
94 98
94 99
94 100
95 97
95 99
95 100
96 97
96 98
96 99
96 100
97 98
97 99
97 100
98 99
99 100
