100 395
1 2
1 3
1 6
1 7
1 8
1 10
2 4
2 5
2 6
2 7
2 10
3 4
3 5
3 6
3 7
3 9
3 10
4 5
4 6
4 7
4 8
4 9
5 6
5 7
5 8
5 9
5 10
5 25
5 62
6 7
6 9
6 10
7 8
7 9
7 10
7 59
8 9
8 10
8 25
9 10
9 66
11 12
11 13
11 14
11 15
11 17
11 18
11 19
11 20
12 14
12 16
12 17
12 18
12 19
12 20
12 40
13 14
13 15
13 17
13 18
13 20
14 15
14 17
14 18
14 19
15 17
15 18
15 19
15 20
15 74
15 85
15 91
16 17
16 19
16 39
17 18
17 88
18 19
18 20
19 20
19 39
21 22
21 23
21 25
21 27
21 28
21 29
21 30
21 31
22 24
22 25
22 26
22 27
22 28
22 29
22 30
22 89
23 24
23 25
23 26
23 27
23 28
23 30
24 25
24 26
24 27
24 29
24 30
25 26
25 27
25 28
25 29
25 30
25 67
26 27
26 29
26 30
27 28
27 29
27 30
27 33
28 29
28 30
28 51
29 30
31 32
31 33
31 34
31 35
31 36
31 37
31 39
31 40
32 33
32 34
32 35
32 36
32 38
32 39
32 40
32 55
32 62
33 35
33 36
33 37
33 39
33 40
33 81
34 35
34 36
34 38
34 40
34 44
35 36
35 37
35 38
35 39
35 40
36 38
36 39
36 40
36 68
36 83
37 38
37 40
38 39
38 40
38 67
39 40
40 46
40 74
40 87
41 42
41 43
41 45
41 46
41 49
42 43
42 44
42 45
42 46
42 47
42 48
42 50
43 45
43 47
43 48
43 49
43 50
43 86
44 47
44 48
44 49
44 50
45 47
45 48
45 49
45 50
46 47
46 48
46 49
46 50
46 53
47 50
47 66
47 94
48 50
48 85
49 50
49 92
50 59
51 52
51 54
51 55
51 56
51 57
51 58
51 59
51 60
51 95
52 53
52 56
52 57
52 58
52 59
52 98
53 55
53 56
53 57
53 59
53 60
54 55
54 56
54 58
54 59
54 60
55 56
55 57
55 58
55 59
56 58
56 59
56 60
57 58
57 73
58 60
61 62
61 63
61 65
61 66
61 67
61 68
61 69
61 70
61 90
62 66
62 67
62 68
62 69
63 64
63 65
63 66
63 67
63 68
63 70
63 82
63 89
64 65
64 66
64 67
64 68
64 69
64 70
65 67
65 68
65 69
65 70
65 99
66 67
66 68
66 70
67 68
67 91
68 69
68 70
68 81
71 72
71 73
71 74
71 75
71 76
71 77
71 80
72 73
72 74
72 75
72 76
72 77
72 78
72 79
72 80
73 74
73 75
73 76
73 78
74 75
74 78
74 79
74 80
75 76
75 77
75 78
75 79
75 80
76 77
76 78
76 79
76 80
77 79
77 80
78 79
78 80
79 80
81 82
81 83
81 84
81 85
81 86
81 87
81 88
81 90
82 83
82 84
82 85
82 86
82 87
82 89
83 84
83 85
83 86
83 87
83 88
83 89
83 90
84 85
84 86
84 90
85 86
85 87
85 88
86 87
86 88
86 89
86 90
86 96
87 88
87 90
88 90
91 92
91 93
91 94
91 95
91 96
91 97
91 99
92 93
92 94
92 95
92 96
92 97
92 98
92 100
93 95
93 96
93 97
93 98
93 99
93 100
94 95
94 96
94 97
94 98
94 100
95 96
95 97
95 99
95 100
96 97
96 98
96 99
96 100
97 98
97 99
97 100
98 99
