100 393
1 2
1 3
1 4
1 5
1 6
1 8
1 9
1 10
2 3
2 4
2 5
2 6
2 7
2 8
2 9
2 10
3 4
3 5
3 7
3 8
3 9
3 10
3 96
4 5
4 6
4 7
4 8
4 9
4 10
4 77
5 6
5 7
5 8
5 9
5 10
5 76
6 8
6 9
6 10
7 8
7 9
8 9
8 10
8 38
9 12
9 67
10 83
11 12
11 16
11 18
11 19
11 20
12 13
12 14
12 15
12 16
12 17
12 18
12 20
12 23
12 69
13 15
13 16
13 17
13 18
13 19
13 20
14 15
14 16
14 17
14 18
14 19
14 20
14 22
14 67
14 84
15 16
15 17
15 18
15 19
16 17
16 18
16 20
17 19
17 20
17 82
18 19
18 20
18 37
19 20
20 72
21 22
21 24
21 25
21 26
21 27
21 28
21 29
21 30
21 75
22 23
22 24
22 25
22 27
22 28
22 29
22 30
22 92
23 24
23 25
23 26
23 27
23 28
23 29
23 30
23 59
23 61
23 96
24 25
24 26
24 27
24 28
24 29
24 30
24 38
24 94
25 26
25 27
25 28
25 29
25 30
26 27
26 29
27 28
27 29
27 30
27 59
27 71
28 30
28 89
29 30
30 99
31 32
31 33
31 35
31 36
31 37
32 34
32 35
32 37
32 38
33 34
33 35
33 36
33 37
33 40
33 77
34 35
34 36
34 38
34 39
35 37
35 38
35 39
35 40
35 87
36 37
36 38
36 39
36 40
37 38
37 39
37 50
38 39
38 40
38 100
39 40
41 42
41 43
41 45
41 46
41 47
41 48
41 49
41 50
42 44
42 46
42 48
42 49
42 50
43 47
43 49
43 50
44 45
44 46
44 47
44 48
44 49
44 50
45 46
45 47
45 48
45 50
46 49
46 50
47 48
47 49
47 50
47 65
48 50
49 50
50 68
50 78
51 52
51 53
51 54
51 55
51 57
51 59
52 53
52 54
52 55
52 57
52 59
52 60
53 54
53 55
53 57
53 58
53 59
53 60
53 99
54 55
54 57
54 58
54 59
54 60
55 56
55 58
55 59
55 60
56 57
56 58
56 59
56 60
56 79
57 58
57 60
58 59
58 60
59 60
60 75
60 83
61 63
61 64
61 66
61 67
61 68
61 69
61 70
62 63
62 64
62 65
62 66
62 70
62 96
63 64
63 66
63 67
63 68
63 70
64 65
64 69
64 70
65 67
65 69
65 70
66 67
66 68
66 69
66 70
67 69
67 70
68 69
68 70
69 70
71 72
71 74
71 76
71 77
71 78
71 79
71 80
72 74
72 75
72 76
72 77
72 78
72 79
72 80
72 84
72 89
73 74
73 76
73 77
73 78
73 79
73 80
74 75
74 77
74 80
75 76
75 78
75 80
76 77
76 79
76 80
77 78
78 79
78 80
81 82
81 83
81 85
81 86
81 88
81 89
81 90
82 85
82 86
82 88
82 89
82 90
82 98
83 84
83 85
83 87
83 88
83 89
84 85
84 86
84 87
84 88
85 86
85 87
85 88
85 89
85 90
86 88
87 89
88 89
88 90
89 90
91 92
91 93
91 94
91 95
91 96
91 97
91 98
91 100
92 93
92 94
92 95
92 96
92 97
92 99
92 100
93 94
93 95
93 96
93 97
93 98
93 99
93 100
94 95
94 97
94 99
94 100
95 96
95 97
95 98
95 99
95 100
96 97
96 98
96 99
96 100
97 98
97 99
97 100
98 99
98 100
99 100
