100 414
1 2
1 3
1 4
1 5
1 6
1 7
1 8
1 9
2 3
2 4
2 6
2 7
2 8
2 9
2 65
3 4
3 5
3 6
3 7
3 8
3 10
4 5
4 6
4 7
4 8
4 9
4 10
4 45
5 6
5 7
5 9
5 10
5 33
5 80
6 7
6 8
6 10
6 11
7 8
7 9
7 10
7 31
8 9
8 10
8 18
8 25
9 64
11 12
11 13
11 14
11 15
11 16
11 17
11 18
11 19
11 20
11 50
11 67
11 82
11 91
12 14
12 15
12 16
12 17
12 18
12 19
12 20
12 21
12 27
12 40
13 14
13 15
13 16
13 17
13 18
14 15
14 16
14 17
14 18
14 19
14 20
15 16
15 17
15 18
15 19
15 20
16 18
16 19
16 20
16 37
17 18
17 19
17 20
17 25
18 19
18 20
19 20
20 26
21 22
21 23
21 26
21 28
21 29
21 30
22 23
22 25
22 26
22 27
22 28
22 29
22 30
23 24
23 25
23 26
23 27
23 29
23 30
23 71
23 78
24 25
24 26
24 27
24 28
24 30
24 38
25 27
25 28
25 29
25 30
26 27
26 28
26 29
26 30
26 77
27 28
27 29
27 30
27 53
27 84
28 29
28 30
28 73
28 92
29 30
31 32
31 33
31 36
31 37
31 38
31 39
31 40
31 41
31 65
31 85
32 33
32 34
32 36
32 38
32 39
32 40
32 41
33 34
33 35
33 39
34 35
34 36
34 38
34 39
34 40
35 36
35 37
35 38
35 39
35 40
35 43
36 37
36 39
36 40
36 99
37 38
37 57
38 39
38 40
38 57
39 40
39 47
40 73
40 93
41 42
41 43
41 44
41 46
41 47
41 49
41 50
42 43
42 44
42 45
42 47
42 48
42 49
42 50
43 44
43 47
43 48
43 49
43 50
44 45
44 46
44 48
44 49
44 50
44 89
45 47
45 48
45 49
45 50
46 47
46 48
46 50
46 61
47 48
47 50
48 49
48 50
48 70
49 50
50 75
51 52
51 53
51 54
51 55
51 56
51 60
52 53
52 56
52 57
52 58
52 59
52 60
52 93
53 54
53 56
53 58
53 60
54 55
54 57
54 58
54 59
54 60
55 56
55 57
55 58
55 59
55 60
55 67
56 57
56 58
56 59
57 58
57 59
57 60
57 82
58 59
58 60
58 95
59 60
61 62
61 64
61 65
61 66
61 68
61 69
61 70
62 63
62 65
62 66
62 68
62 69
62 70
63 64
63 65
63 66
63 67
63 68
63 70
63 87
64 65
64 66
64 67
64 69
65 66
65 67
65 68
65 69
65 70
66 69
66 70
67 68
67 69
67 70
68 69
68 70
69 70
71 72
71 74
71 75
71 76
71 77
71 80
72 73
72 74
72 75
72 76
72 77
72 79
72 80
73 74
73 75
73 77
73 79
73 80
74 75
74 76
74 78
74 79
74 80
75 76
75 77
75 78
75 79
75 80
76 79
77 78
78 79
78 80
79 80
81 82
81 83
81 84
81 85
81 86
81 87
81 88
81 89
81 90
82 83
82 84
82 85
82 86
82 87
82 88
82 89
82 90
83 84
83 85
83 86
83 87
83 88
84 85
84 87
84 89
84 90
85 86
85 87
85 88
85 89
85 90
86 87
86 88
86 89
86 90
87 88
87 89
87 90
88 89
88 90
89 90
89 96
91 92
91 93
91 94
91 95
91 96
91 98
91 99
91 100
92 93
92 96
92 97
92 99
92 100
93 94
93 95
93 96
93 97
93 99
93 100
94 96
94 98
94 99
94 100
95 96
95 97
95 98
95 99
96 98
96 99
96 100
97 98
97 99
97 100
98 99
99 100
