100 403
1 2
1 4
1 5
1 7
1 8
1 10
1 28
1 71
2 4
2 5
2 6
2 7
2 9
2 10
2 37
2 85
2 88
3 4
3 5
3 6
3 7
3 8
3 9
3 10
3 69
4 5
4 6
4 7
4 9
4 10
4 67
5 6
5 8
5 9
5 10
6 8
6 9
6 10
7 8
7 9
7 10
8 10
8 32
9 10
10 58
11 13
11 14
11 15
11 16
11 17
11 18
11 19
11 20
11 22
11 87
12 13
12 14
12 15
12 16
12 18
12 19
12 20
12 69
13 14
13 16
13 17
13 18
13 20
14 16
14 19
14 20
14 86
15 16
15 17
15 18
15 19
15 33
15 42
15 67
16 17
16 18
16 58
16 82
17 18
17 19
17 20
18 19
19 20
19 95
20 58
21 22
21 23
21 24
21 26
21 27
21 28
21 29
22 23
22 24
22 25
22 26
22 27
22 28
22 29
22 30
22 94
23 24
23 25
23 26
23 27
23 28
23 29
23 30
23 65
23 72
24 25
24 26
24 27
24 28
24 29
24 30
24 76
25 26
25 28
25 29
25 30
25 96
26 27
26 28
26 29
26 34
27 29
27 56
27 80
28 29
28 30
28 55
29 30
30 35
31 32
31 35
31 36
31 38
31 40
32 33
32 35
32 36
32 37
32 38
32 39
32 40
33 34
33 35
33 36
33 37
33 39
34 35
34 37
34 38
34 40
34 49
34 90
35 36
35 37
35 38
35 39
36 37
36 38
36 39
37 38
37 39
37 40
40 63
40 97
41 42
41 43
41 44
41 46
41 48
41 49
41 50
42 44
42 45
42 47
42 48
42 49
43 44
43 45
43 46
43 47
43 48
43 49
43 50
44 45
44 46
44 47
44 48
44 49
44 50
44 78
44 81
44 82
45 46
45 47
45 49
45 50
46 47
46 48
46 49
46 50
47 48
47 49
47 50
50 54
50 67
51 52
51 53
51 54
51 55
51 56
51 57
51 58
51 59
51 60
51 82
52 54
52 55
52 57
52 58
52 59
52 60
53 54
53 55
53 57
53 58
53 59
53 60
53 79
54 55
54 56
54 57
54 58
54 59
54 60
55 56
55 58
55 60
55 79
56 57
56 58
56 59
57 58
57 60
58 59
58 60
58 92
59 60
59 73
61 63
61 65
61 66
61 67
61 68
61 70
62 63
62 64
62 65
62 66
62 67
62 68
62 69
62 70
63 64
63 65
63 66
63 67
63 68
63 69
64 66
64 67
64 69
64 74
64 82
65 66
65 67
65 68
65 69
65 70
66 69
66 70
67 68
67 69
68 69
68 70
69 70
71 72
71 73
71 74
71 76
71 77
71 78
71 79
71 80
72 73
72 74
72 76
72 77
72 78
72 79
72 84
73 74
73 77
73 78
73 79
73 80
74 78
74 79
74 88
75 76
75 78
75 79
75 80
76 78
76 79
77 78
77 79
77 80
77 97
78 79
78 80
78 83
79 80
80 94
80 95
80 96
81 82
81 83
81 84
81 85
81 86
81 87
81 88
81 89
82 83
82 84
82 85
82 87
82 88
82 89
82 90
83 84
83 86
83 87
83 89
83 90
84 85
84 87
84 88
84 89
84 90
85 86
85 87
85 88
85 89
86 87
86 88
87 89
87 90
88 89
88 90
89 90
89 97
91 92
91 93
91 94
91 95
91 96
91 97
91 98
92 93
92 95
92 96
92 97
93 94
93 95
93 96
93 97
93 98
93 99
93 100
94 95
94 96
94 97
94 98
94 99
95 96
95 99
95 100
96 97
96 99
97 99
98 99
99 100
