100 394
1 2
1 5
1 7
1 8
1 9
1 10
2 3
2 4
2 5
2 6
2 7
2 8
2 9
2 10
2 18
3 5
3 6
3 7
3 8
3 9
3 10
3 69
4 5
4 6
4 7
4 8
4 10
4 63
4 89
5 6
5 7
5 8
5 10
5 65
6 9
7 9
7 10
8 9
8 10
9 10
9 31
9 45
10 23
10 85
11 12
11 13
11 16
11 18
11 20
11 95
12 13
12 15
12 16
12 17
12 18
12 19
13 14
13 15
13 16
13 17
13 19
13 20
14 15
14 16
14 17
14 18
14 20
15 16
15 17
15 18
15 20
15 72
16 18
16 19
16 20
16 47
17 18
17 19
17 20
17 46
18 19
18 20
18 64
19 20
19 97
20 51
20 73
20 81
21 23
21 24
21 25
21 26
21 27
21 28
21 29
21 30
21 96
22 23
22 24
22 25
22 27
22 28
22 29
23 24
23 25
23 26
23 27
23 28
23 29
23 30
23 68
24 25
24 26
24 27
24 28
24 29
24 30
24 65
24 79
25 27
25 28
25 29
25 30
25 48
26 28
26 29
26 30
27 28
27 29
27 30
28 29
28 30
29 30
30 44
30 59
30 95
31 34
31 35
31 36
31 37
31 39
32 33
32 35
32 36
32 38
32 39
32 40
33 34
33 35
33 36
33 37
33 38
33 40
34 35
34 36
34 37
34 40
35 36
35 37
35 39
35 40
36 38
36 39
36 40
36 89
37 38
37 39
37 40
38 39
38 40
38 60
38 90
39 40
41 42
41 43
41 44
41 45
41 46
41 47
41 48
41 49
41 50
42 43
42 44
42 45
42 47
42 49
42 50
42 76
42 77
43 46
43 47
43 48
43 49
43 50
44 45
44 46
44 47
44 48
44 49
44 50
44 85
44 89
45 46
45 47
45 49
45 50
45 65
46 48
46 50
47 48
47 49
47 50
47 57
48 49
48 50
49 50
49 82
50 75
50 89
51 52
51 56
51 58
51 59
51 60
52 53
52 54
52 56
52 57
52 58
52 60
52 71
53 54
53 55
53 56
53 63
54 55
54 56
54 57
54 58
54 60
54 62
54 68
55 57
55 58
55 60
56 57
56 58
56 59
56 60
57 58
57 60
58 59
58 60
58 76
59 60
61 63
61 65
61 66
61 67
61 68
61 69
62 64
62 65
62 66
62 67
62 68
62 70
63 65
63 67
63 69
63 70
63 85
64 66
64 67
64 68
64 69
64 70
65 66
65 67
65 68
65 70
66 67
66 68
66 69
67 68
67 69
67 70
67 90
68 69
68 70
71 72
71 74
71 76
71 78
71 79
71 80
72 73
72 76
72 77
72 79
72 80
73 75
73 76
73 77
74 76
74 77
74 78
74 79
74 80
75 77
75 78
75 79
75 80
76 77
76 78
76 79
76 91
77 78
77 79
77 80
78 79
78 80
79 80
81 83
81 84
81 85
81 86
81 87
81 88
81 90
82 83
82 85
82 86
82 87
83 86
83 88
83 89
84 85
84 86
84 88
84 89
84 90
85 87
85 89
85 90
86 87
86 88
86 89
86 90
87 88
87 89
87 90
87 99
87 100
88 89
88 90
89 90
91 93
91 94
91 95
91 96
91 97
91 98
91 100
92 93
92 94
92 95
92 96
92 98
92 100
93 94
93 96
93 97
93 98
93 99
93 100
94 95
94 96
94 99
94 100
95 96
95 97
95 98
95 100
96 97
96 98
96 99
96 100
97 98
97 99
97 100
98 99
98 100
