100 368
1 2
1 5
1 6
1 7
1 9
1 10
2 3
2 4
2 5
2 6
2 7
2 9
2 10
3 4
3 5
3 6
3 7
3 8
3 9
3 10
3 45
4 5
4 6
4 7
4 8
4 9
4 10
5 8
5 9
5 10
6 7
6 8
6 9
6 10
7 8
7 9
7 31
7 65
8 9
8 10
8 84
9 10
9 65
9 76
10 73
10 95
11 12
11 13
11 15
11 16
11 17
11 18
12 13
12 14
12 17
12 18
12 19
12 20
13 14
13 15
13 16
13 17
13 18
13 31
14 15
14 16
14 17
14 18
14 19
14 20
14 95
15 17
15 18
15 19
15 20
15 73
16 17
16 18
16 20
17 19
17 20
17 40
18 19
19 20
19 60
21 23
21 24
21 26
21 27
22 23
22 24
22 25
22 26
22 27
22 28
22 29
22 30
23 24
23 25
23 26
23 27
23 28
23 29
23 47
24 26
24 27
24 28
24 29
24 53
24 77
25 26
25 27
25 28
25 29
25 30
26 27
26 28
26 29
27 28
27 29
27 30
28 29
28 30
29 30
31 32
31 33
31 34
31 36
31 38
31 39
32 33
32 34
32 35
32 37
32 38
32 39
32 40
33 34
33 36
33 37
33 39
33 79
34 35
34 38
34 39
34 40
35 36
35 37
35 40
35 88
36 37
36 38
36 39
36 40
37 38
37 39
37 40
37 92
38 40
39 40
39 62
41 42
41 43
41 44
41 45
41 46
41 47
41 48
41 49
41 50
42 43
42 47
42 48
42 49
42 50
43 44
43 45
43 46
43 48
44 46
44 50
44 97
45 47
45 48
45 49
45 50
46 47
46 48
46 49
46 50
47 49
47 50
48 49
48 50
49 51
49 63
50 70
50 84
51 52
51 53
51 54
51 55
51 56
51 58
51 59
51 60
52 54
52 55
52 56
52 57
52 58
52 59
52 60
53 54
53 55
53 56
53 58
53 59
53 60
54 55
54 56
54 57
54 58
54 60
55 56
55 57
55 58
55 59
55 60
56 58
56 60
56 61
57 58
57 59
57 60
59 60
61 62
61 63
61 65
61 67
61 68
61 69
62 63
62 64
62 66
62 68
62 69
62 70
63 64
63 65
63 66
63 68
63 69
63 70
64 65
64 66
64 68
64 70
65 67
65 68
65 69
65 70
66 67
66 68
66 69
66 70
67 68
67 69
67 70
68 69
68 87
69 70
71 72
71 74
71 75
71 76
71 78
71 79
71 80
72 74
72 75
72 78
72 79
72 80
73 74
73 75
73 78
73 79
73 80
74 75
74 76
74 77
74 78
74 79
74 80
75 76
75 77
75 78
75 80
75 96
76 78
76 79
76 80
77 78
77 79
78 79
78 80
78 87
79 80
81 83
81 84
81 85
81 86
81 87
81 88
81 89
82 83
82 88
82 90
83 84
83 85
83 86
83 89
83 90
84 85
84 87
84 89
84 90
85 87
85 88
85 89
85 90
86 87
86 88
86 89
87 88
87 89
87 90
88 89
88 90
91 92
91 94
91 95
91 99
91 100
92 93
92 94
92 95
92 97
93 94
93 97
93 98
93 99
93 100
94 95
94 96
94 97
94 98
94 100
95 97
95 99
95 100
96 97
96 99
97 98
97 99
97 100
99 100
