100 415
1 2
1 3
1 4
1 5
1 7
1 8
1 9
1 10
1 22
1 67
2 3
2 4
2 6
2 7
2 8
2 9
2 10
2 85
3 5
3 6
3 7
3 8
3 10
4 5
4 7
4 8
4 9
4 10
5 6
5 8
5 9
5 10
5 73
6 7
6 8
6 9
6 10
6 80
7 10
7 72
8 10
8 93
11 13
11 14
11 15
11 16
11 17
11 18
11 19
11 20
11 42
11 46
11 84
12 13
12 14
12 15
12 16
12 17
12 18
12 19
12 20
13 14
13 15
13 16
13 17
13 18
13 19
13 20
14 16
14 17
14 19
14 20
14 48
14 71
15 16
15 17
15 18
15 19
15 20
16 17
16 18
16 19
16 20
16 37
16 85
17 18
17 19
17 20
17 100
18 19
18 68
19 20
19 29
19 90
21 22
21 23
21 24
21 25
21 26
21 27
21 28
21 29
21 30
21 45
21 90
22 23
22 24
22 25
22 26
22 27
22 29
22 30
22 64
23 24
23 27
23 28
23 29
23 30
24 25
24 26
24 28
24 29
24 30
24 53
24 54
24 73
24 97
25 26
25 29
25 30
26 27
26 28
26 30
27 29
27 61
28 29
28 30
29 30
29 52
29 79
29 86
30 35
30 72
31 33
31 34
31 35
31 38
31 39
31 40
32 33
32 34
32 35
32 36
32 38
32 66
32 95
33 34
33 35
33 36
33 37
33 38
33 39
33 40
34 36
34 37
34 38
34 39
34 46
35 37
35 39
35 40
35 68
35 84
36 37
36 38
36 40
36 99
37 40
38 39
38 40
38 74
39 40
39 96
40 60
41 42
41 44
41 46
41 48
41 49
41 50
41 56
42 43
42 44
42 45
42 46
42 47
42 48
42 50
43 44
43 45
43 48
43 49
43 50
44 45
44 46
44 47
44 48
44 49
44 50
45 46
45 47
45 48
45 49
45 50
45 80
46 47
46 48
46 49
46 50
47 48
47 49
47 50
47 93
48 49
48 50
49 50
51 52
51 53
51 54
51 55
51 56
51 57
51 58
51 59
52 53
52 54
52 55
52 56
52 58
52 60
53 54
53 55
53 56
53 57
53 58
53 59
53 60
53 85
53 99
54 55
54 56
54 57
54 58
54 59
55 56
55 58
55 59
55 60
56 57
56 60
56 71
57 58
57 59
57 60
58 59
58 60
59 68
61 62
61 63
61 64
61 65
61 66
61 67
61 68
61 69
61 70
62 63
62 64
62 66
62 67
62 68
62 69
62 70
63 65
63 67
63 68
63 69
63 70
64 65
64 66
64 67
64 69
65 67
65 69
65 70
66 67
66 68
66 70
66 91
67 69
67 70
68 69
68 70
69 70
71 72
71 73
71 74
71 75
71 76
71 77
71 78
71 79
71 80
72 73
72 74
72 76
72 77
72 79
72 80
73 74
73 75
73 77
73 78
73 79
73 80
74 75
74 76
74 78
75 78
75 79
75 80
76 77
76 78
76 79
76 80
76 100
77 78
77 79
77 80
78 79
78 80
79 80
81 83
81 84
81 86
81 87
81 89
81 90
82 83
82 84
82 85
82 86
82 87
82 89
83 84
83 85
83 86
83 87
83 89
83 90
84 85
84 87
84 88
84 89
85 86
85 87
85 88
85 89
85 90
86 87
86 89
86 90
87 88
87 89
87 90
88 89
89 90
89 91
91 92
91 93
91 94
91 95
91 96
91 97
91 98
91 99
91 100
92 94
92 95
92 96
92 97
92 98
92 99
92 100
93 95
93 96
93 97
93 98
93 99
93 100
94 96
94 98
94 99
95 96
95 97
95 100
96 97
96 98
96 99
96 100
97 98
97 99
97 100
98 99
99 100
