1000 8780
1 2
1 3
1 4
1 6
1 9
1 13
1 112
1 132
1 146
1 181
1 182
1 301
1 337
1 356
1 362
1 440
1 637
1 688
1 842
2 3
2 4
2 6
2 8
2 9
2 26
2 307
2 362
2 440
2 455
2 466
2 528
2 656
2 796
2 957
3 4
3 8
3 9
3 33
3 278
3 362
3 392
3 440
3 453
3 467
3 496
3 604
3 668
3 838
3 894
4 6
4 53
4 70
4 132
4 180
4 494
4 642
4 705
4 789
4 795
4 876
4 938
5 7
5 65
5 201
5 229
5 258
5 272
5 282
5 292
5 412
5 413
5 416
5 418
5 420
5 445
5 487
5 502
5 558
5 733
5 752
5 776
5 881
5 919
6 8
6 9
6 34
6 37
6 87
6 209
6 235
6 265
6 362
6 377
6 440
6 478
6 576
6 742
6 873
6 881
6 884
6 963
7 13
7 97
7 415
7 480
7 594
7 678
7 701
7 702
7 703
7 704
7 706
7 709
7 710
7 754
7 767
7 846
8 100
8 169
8 290
8 440
8 596
8 847
8 860
8 947
9 135
9 155
9 215
9 250
9 360
9 362
9 585
9 600
9 930
10 15
10 142
10 232
10 370
10 371
10 505
10 679
10 711
10 818
10 852
10 853
10 854
10 855
10 857
10 858
10 866
11 13
11 15
11 16
11 17
11 18
11 19
11 96
11 111
11 120
11 167
11 198
11 321
11 354
11 360
11 629
11 676
11 813
11 857
11 988
12 213
12 406
12 421
12 424
12 426
12 428
12 430
12 475
12 549
12 644
12 692
12 729
12 753
12 951
12 978
12 982
13 14
13 15
13 16
13 17
13 19
13 137
13 148
13 167
13 172
13 190
13 249
13 254
13 352
13 608
13 718
13 802
13 813
14 15
14 16
14 17
14 19
14 103
14 148
14 289
14 321
14 472
14 587
14 678
14 754
14 813
14 872
14 972
15 16
15 17
15 18
15 19
15 96
15 148
15 204
15 211
15 215
15 321
15 357
15 376
15 642
15 643
15 810
15 813
16 17
16 18
16 51
16 77
16 96
16 148
16 252
16 321
16 347
16 537
16 696
16 705
16 791
16 813
16 832
16 884
16 891
16 905
16 925
17 18
17 19
17 148
17 157
17 195
17 321
17 336
17 483
17 500
17 614
17 672
17 711
17 716
17 806
17 813
18 25
18 96
18 321
18 337
18 516
18 558
18 666
18 670
18 745
18 813
18 928
18 931
19 96
19 148
19 159
19 199
19 321
19 335
19 637
19 815
19 880
19 881
19 882
19 928
20 133
20 262
20 265
20 333
20 352
20 423
20 611
20 612
20 613
20 615
20 616
20 617
20 618
20 619
20 620
20 775
20 897
21 22
21 23
21 24
21 25
21 28
21 155
21 223
21 227
21 231
21 387
21 427
21 567
21 568
21 733
21 779
21 851
21 859
21 873
21 882
21 899
21 901
21 980
22 24
22 25
22 28
22 155
22 290
22 387
22 475
22 704
22 798
22 903
22 989
23 24
23 25
23 28
23 81
23 118
23 123
23 155
23 227
23 320
23 349
23 354
23 387
23 431
23 567
23 592
23 625
23 763
23 823
23 866
23 876
24 28
24 55
24 149
24 155
24 227
24 331
24 387
24 427
24 451
24 468
24 527
24 567
24 651
24 710
24 736
24 989
25 155
25 214
25 227
25 260
25 357
25 387
25 446
25 481
25 567
25 619
25 800
25 877
25 987
25 996
26 112
26 160
26 290
26 334
26 335
26 337
26 338
26 339
26 340
26 359
26 426
26 537
26 576
26 629
26 667
26 768
26 894
26 959
26 994
27 30
27 183
27 338
27 471
27 508
27 517
27 525
27 567
27 631
27 632
27 633
27 634
27 637
27 638
27 808
27 831
27 858
27 896
27 940
27 943
27 972
28 39
28 67
28 155
28 191
28 227
28 244
28 343
28 387
28 427
28 483
28 552
28 558
28 770
28 781
29 284
29 287
29 288
29 289
29 290
29 343
29 519
29 563
29 567
29 570
29 605
29 679
29 806
29 864
29 966
30 216
30 252
30 294
30 313
30 379
30 423
30 466
30 491
30 493
30 494
30 497
30 498
30 499
30 500
30 508
30 565
30 752
30 887
31 32
31 33
31 34
31 36
31 37
31 57
31 276
31 298
31 361
31 441
31 462
31 514
31 669
31 697
31 708
31 781
31 860
31 868
31 911
31 970
31 985
32 34
32 36
32 37
32 38
32 290
32 298
32 318
32 417
32 430
32 462
32 586
32 602
32 639
32 690
32 708
32 781
32 885
33 34
33 36
33 37
33 38
33 180
33 298
33 395
33 407
33 462
33 606
33 649
33 662
33 690
33 708
33 779
33 868
33 921
34 36
34 37
34 38
34 258
34 298
34 303
34 336
34 462
34 519
34 637
34 690
34 708
34 715
34 781
34 796
34 857
34 868
34 911
35 193
35 271
35 272
35 273
35 275
35 276
35 277
35 278
35 279
35 280
35 382
35 425
35 431
35 613
35 738
35 833
35 910
35 913
35 952
36 38
36 176
36 217
36 462
36 475
36 577
36 676
36 690
36 708
36 741
36 750
36 781
36 885
36 911
36 934
37 115
37 116
37 142
37 195
37 200
37 210
37 266
37 270
37 298
37 382
37 427
37 462
37 516
37 568
37 604
37 708
37 739
37 747
37 781
37 828
37 838
37 875
37 911
38 256
38 298
38 384
38 462
38 482
38 502
38 549
38 609
38 682
38 690
38 704
38 708
38 729
38 781
38 789
38 831
38 911
39 67
39 185
39 248
39 263
39 309
39 411
39 593
39 640
39 757
39 809
39 891
39 894
39 895
39 896
39 898
40 55
40 116
40 181
40 185
40 186
40 187
40 188
40 189
40 190
40 255
40 301
40 342
40 432
40 478
40 680
40 941
40 967
41 105
41 148
41 168
41 175
41 449
41 522
41 524
41 525
41 527
41 528
41 532
41 596
41 615
41 624
41 652
41 709
41 799
41 957
41 971
42 43
42 44
42 45
42 47
42 48
42 95
42 99
42 165
42 342
42 357
42 418
42 449
42 507
42 551
42 588
42 610
42 708
42 762
42 816
42 849
42 951
43 44
43 45
43 46
43 47
43 48
43 177
43 230
43 357
43 507
43 533
43 683
43 752
43 762
43 985
44 47
44 48
44 67
44 357
44 434
44 507
44 614
44 762
44 883
44 893
45 46
45 47
45 108
45 110
45 156
45 188
45 256
45 274
45 282
45 357
45 502
45 507
45 599
45 664
45 762
45 772
45 778
45 913
45 918
45 939
45 960
46 47
46 48
46 141
46 187
46 278
46 307
46 357
46 507
46 574
46 582
46 622
46 750
46 762
46 877
46 914
46 990
46 997
47 48
47 75
47 247
47 339
47 357
47 454
47 507
47 535
47 554
47 582
47 789
47 791
47 819
47 928
47 994
48 57
48 101
48 407
48 492
48 507
48 526
48 565
48 727
48 762
48 774
48 843
48 918
49 62
49 75
49 124
49 180
49 250
49 334
49 397
49 467
49 495
49 536
49 541
49 603
49 648
49 661
49 662
49 663
49 664
49 665
49 667
49 696
49 721
49 753
49 823
49 850
50 78
50 111
50 119
50 202
50 204
50 205
50 206
50 210
50 386
50 390
50 406
50 418
50 444
50 501
50 512
50 540
50 601
50 623
50 649
50 669
50 726
50 811
50 842
50 886
50 945
50 946
51 53
51 54
51 55
51 56
51 57
51 58
51 59
51 60
51 276
51 630
52 53
52 54
52 55
52 56
52 58
52 59
52 60
52 84
52 148
52 193
52 318
52 331
52 349
52 364
52 493
52 544
52 635
52 641
52 734
52 934
53 54
53 55
53 56
53 57
53 58
53 59
53 60
53 230
53 259
53 364
53 519
53 532
53 544
53 667
53 670
54 56
54 57
54 58
54 59
54 60
54 145
54 173
54 258
54 364
54 407
54 421
54 544
54 548
54 588
54 606
54 665
54 678
54 732
54 824
55 58
55 59
55 60
55 172
55 178
55 228
55 350
55 364
55 472
55 550
55 601
55 930
55 947
55 962
56 57
56 58
56 60
56 131
56 345
56 346
56 364
56 365
56 544
56 551
56 565
56 581
56 645
56 657
56 733
56 760
57 60
57 62
57 212
57 364
57 544
57 706
57 763
57 777
58 60
58 95
58 276
58 364
58 470
58 559
58 991
58 998
59 60
59 287
59 364
59 424
59 458
59 461
59 544
59 647
59 752
59 793
59 813
60 87
60 145
60 265
60 355
60 364
60 451
60 526
60 544
60 634
60 912
60 946
60 956
61 63
61 69
61 106
61 118
61 124
61 131
61 291
61 488
61 504
61 646
61 650
61 652
61 742
61 809
62 76
62 104
62 207
62 232
62 234
62 235
62 236
62 238
62 239
62 357
62 411
62 501
62 510
62 577
62 613
62 641
62 839
62 924
62 938
62 976
63 65
63 66
63 69
63 70
63 158
63 232
63 267
63 504
63 508
63 537
63 725
63 809
63 847
63 850
63 864
63 967
64 69
64 184
64 193
64 241
64 284
64 365
64 393
64 431
64 754
64 755
64 756
64 757
64 759
64 827
64 928
64 979
65 66
65 69
65 134
65 223
65 311
65 329
65 471
65 590
65 607
65 616
65 779
65 813
65 875
65 956
65 986
66 69
66 70
66 118
66 141
66 293
66 317
66 377
66 390
66 448
66 504
66 542
66 605
66 652
66 666
66 737
66 801
66 906
66 937
67 233
67 270
67 294
67 340
67 418
67 450
67 497
67 531
67 534
67 535
67 538
67 540
67 561
67 637
67 652
67 656
67 739
67 781
67 831
67 878
67 920
68 115
68 166
68 280
68 503
68 527
68 644
68 719
68 723
68 724
68 727
68 732
68 742
68 847
68 951
69 70
69 110
69 118
69 126
69 142
69 150
69 339
69 383
69 465
69 470
69 504
69 610
69 697
69 749
69 817
70 100
70 108
70 296
70 326
70 504
70 527
70 700
70 783
70 805
70 887
71 72
71 73
71 74
71 78
71 106
71 155
71 158
71 183
71 253
71 295
71 338
71 444
71 789
71 845
71 943
71 973
72 73
72 74
72 79
72 233
72 253
72 388
72 389
72 448
72 491
72 527
72 543
72 765
72 839
72 845
72 848
72 908
72 910
72 938
73 74
73 79
73 132
73 158
73 166
73 356
73 539
73 639
73 678
73 759
73 817
73 842
73 845
73 908
74 78
74 79
74 158
74 179
74 253
74 278
74 309
74 312
74 370
74 409
74 461
74 469
74 538
74 592
74 627
74 683
74 765
74 795
74 822
75 124
75 135
75 192
75 428
75 436
75 467
75 495
75 541
75 611
75 661
75 662
75 663
75 664
75 665
75 666
75 667
75 674
75 696
75 759
75 958
76 231
76 232
76 234
76 235
76 236
76 237
76 238
76 239
76 240
76 447
76 501
76 730
76 760
76 841
76 873
76 997
77 95
77 128
77 163
77 173
77 176
77 215
77 297
77 377
77 419
77 442
77 445
77 446
77 450
77 471
77 480
77 529
77 670
77 794
77 839
77 925
77 926
77 944
77 948
78 158
78 253
78 279
78 350
78 433
78 471
78 536
78 765
78 770
78 845
78 908
78 974
79 158
79 253
79 267
79 321
79 444
79 539
79 569
79 643
79 659
79 685
79 721
79 803
79 845
79 908
79 932
80 163
80 205
80 253
80 311
80 454
80 462
80 470
80 471
80 472
80 473
80 474
80 476
80 477
80 478
80 479
80 480
80 547
80 603
80 719
80 720
80 902
80 993
81 349
81 368
81 490
81 510
81 564
81 666
81 820
81 822
81 824
81 825
81 829
81 830
81 836
81 872
81 920
82 325
82 351
82 352
82 353
82 356
82 358
82 360
82 413
82 499
82 533
82 620
82 660
82 670
82 737
82 777
82 794
82 797
82 819
82 865
82 872
82 927
82 964
82 990
83 191
83 204
83 260
83 268
83 416
83 571
83 572
83 573
83 574
83 576
83 579
83 580
83 720
83 842
83 870
83 875
83 963
84 85
84 86
84 87
84 88
84 90
84 163
84 225
84 272
84 384
84 436
84 459
84 487
84 582
84 728
84 744
84 815
84 900
84 908
85 86
85 87
85 175
85 204
85 309
85 310
85 369
85 384
85 408
85 436
85 538
85 669
85 728
85 865
85 900
85 979
86 88
86 90
86 143
86 205
86 303
86 384
86 436
86 560
86 692
86 728
86 813
86 828
86 900
87 88
87 91
87 127
87 171
87 222
87 247
87 348
87 384
87 436
87 495
87 602
87 658
87 703
87 728
87 900
88 90
88 150
88 225
88 250
88 327
88 353
88 384
88 436
88 726
88 728
88 729
88 764
88 900
88 927
89 161
89 215
89 262
89 392
89 403
89 447
89 512
89 524
89 583
89 584
89 587
89 588
89 590
89 681
89 694
89 933
89 962
89 982
90 116
90 156
90 335
90 384
90 399
90 436
90 499
90 599
90 678
90 728
90 739
90 749
90 779
90 881
90 911
91 92
91 94
91 98
91 99
91 100
91 150
91 255
91 314
91 415
91 452
91 622
91 634
91 640
91 692
91 746
91 810
91 856
91 959
92 93
92 94
92 95
92 98
92 99
92 100
92 236
92 254
92 333
92 413
92 415
92 478
92 544
92 619
92 734
92 737
92 746
92 759
92 820
92 846
92 856
92 921
93 94
93 95
93 98
93 99
93 100
93 153
93 333
93 415
93 457
93 697
93 703
93 704
93 746
93 856
93 917
93 960
94 98
94 100
94 135
94 352
94 364
94 380
94 471
94 483
94 533
94 591
94 613
94 644
94 646
94 746
94 819
94 856
95 98
95 100
95 158
95 187
95 356
95 415
95 469
95 506
95 536
95 592
95 657
95 754
95 792
95 995
96 321
96 695
96 701
96 756
96 813
97 149
97 211
97 276
97 283
97 513
97 652
97 672
97 678
97 701
97 703
97 704
97 706
97 707
97 709
97 710
97 789
97 826
97 890
98 99
98 100
98 288
98 415
98 457
98 487
98 589
98 793
98 856
99 100
99 145
99 170
99 226
99 365
99 415
99 583
99 678
99 680
99 746
99 759
99 810
99 844
99 856
99 975
99 984
100 335
100 415
100 489
100 630
100 746
100 834
100 836
100 850
100 856
100 978
101 102
101 103
101 104
101 105
101 107
101 108
101 109
101 240
101 306
101 315
101 414
101 430
101 503
101 515
101 521
101 568
101 699
101 780
101 782
101 854
102 104
102 105
102 106
102 108
102 523
102 694
102 727
102 756
102 788
102 935
102 956
103 104
103 105
103 106
103 107
103 109
103 172
103 235
103 281
103 448
103 521
103 567
103 690
103 717
103 780
103 921
104 105
104 106
104 107
104 109
104 355
104 521
104 633
104 787
104 803
104 932
105 106
105 107
105 109
105 398
105 521
105 648
105 785
105 904
105 973
105 984
106 108
106 109
106 148
106 209
106 248
106 439
106 494
106 521
106 581
106 604
106 605
106 623
106 668
106 702
106 854
106 928
106 995
106 998
107 108
107 109
107 186
107 302
107 408
107 469
107 521
107 538
107 555
107 562
107 775
108 109
108 340
108 521
108 595
108 813
108 823
109 350
109 657
110 129
110 273
110 348
110 369
110 567
110 576
110 651
110 653
110 654
110 655
110 656
110 657
110 659
110 803
110 831
110 877
111 112
111 113
111 114
111 115
111 116
111 119
111 120
111 154
111 161
111 168
111 262
111 290
111 526
111 647
111 852
111 899
112 113
112 114
112 115
112 116
112 119
112 120
112 126
112 127
112 242
112 260
112 296
112 370
112 389
112 394
112 401
112 521
112 522
112 609
112 664
112 715
112 734
112 783
112 803
112 808
112 825
112 954
113 114
113 115
113 119
113 160
113 210
113 245
113 437
113 531
113 585
113 607
113 647
113 715
113 740
113 742
113 767
113 870
113 951
114 115
114 116
114 119
114 120
114 238
114 352
114 451
114 523
114 534
114 550
114 610
114 715
114 895
115 116
115 119
115 120
115 280
115 428
115 468
115 511
115 528
115 565
115 647
115 656
115 715
115 745
115 937
115 954
115 955
115 960
116 119
116 120
116 145
116 258
116 343
116 508
116 603
116 615
116 618
116 647
116 658
116 715
116 743
116 803
116 896
117 320
117 324
117 373
117 558
117 747
117 754
117 790
117 823
117 841
117 842
117 843
117 844
117 846
117 847
117 848
117 849
117 850
117 920
117 940
117 948
118 139
118 252
118 504
118 677
118 705
118 718
118 809
118 902
118 929
118 965
118 972
119 208
119 269
119 292
119 297
119 647
119 715
119 718
119 879
119 918
119 926
120 142
120 143
120 164
120 183
120 187
120 225
120 249
120 276
120 292
120 447
120 549
120 570
120 647
120 715
120 723
120 724
120 730
120 775
120 848
120 856
120 948
121 124
121 125
121 126
121 127
121 128
121 130
121 238
121 359
121 366
121 426
121 590
121 593
121 622
121 623
121 799
121 828
121 829
121 840
121 865
122 125
122 126
122 127
122 128
122 129
122 130
122 131
122 240
122 263
122 279
122 489
122 593
122 779
122 782
122 785
122 814
122 816
122 824
122 828
122 902
123 149
123 187
123 188
123 341
123 409
123 442
123 526
123 630
123 632
123 691
123 693
123 698
123 699
123 700
123 728
124 125
124 126
124 127
124 128
124 130
124 191
124 200
124 250
124 274
124 293
124 344
124 361
124 386
124 407
124 429
124 809
124 828
124 853
124 886
124 966
124 976
125 126
125 129
125 268
125 292
125 441
125 511
125 587
125 708
125 772
126 127
126 128
126 129
126 130
126 326
126 554
126 568
126 627
126 646
126 817
126 828
126 932
127 128
127 129
127 130
127 131
127 259
127 341
127 357
127 421
127 459
127 474
127 480
127 737
127 743
127 797
127 910
127 911
128 130
128 141
128 164
128 384
128 690
128 786
128 806
128 828
128 887
129 149
129 408
129 434
129 544
129 622
129 781
129 807
129 828
129 892
129 901
129 993
129 998
130 582
130 595
130 665
130 761
130 810
130 828
130 854
131 134
131 135
131 140
131 202
131 274
131 283
131 317
131 421
131 425
131 452
131 466
131 731
131 739
131 763
131 911
131 929
132 134
132 135
132 137
132 138
132 140
132 324
132 506
132 586
133 198
133 258
133 265
133 361
133 472
133 516
133 611
133 612
133 613
133 614
133 616
133 617
133 619
133 620
133 658
133 801
133 802
133 840
133 897
133 990
134 135
134 137
134 138
134 140
134 170
134 348
134 429
134 539
134 670
134 746
134 814
134 815
134 908
134 962
134 981
135 137
135 140
135 238
135 283
135 366
135 428
135 512
135 543
135 563
135 700
135 823
135 849
135 930
136 174
136 374
136 391
136 394
136 396
136 397
136 398
136 399
136 425
136 433
136 495
136 549
136 669
136 846
136 882
136 908
136 934
136 938
136 987
137 138
137 140
137 192
137 283
137 532
137 597
137 709
137 726
137 744
137 758
137 793
137 856
138 140
138 157
138 232
138 281
138 283
138 383
138 480
138 562
138 731
138 764
138 766
138 770
138 918
138 935
138 986
139 286
139 317
139 529
139 575
139 642
139 643
139 644
139 645
139 648
139 649
139 650
139 710
139 854
139 859
139 896
139 997
140 194
140 257
140 283
140 361
140 383
140 438
140 464
140 580
140 607
140 614
140 634
140 690
140 821
140 943
140 966
140 970
141 142
141 143
141 144
141 146
141 150
141 159
141 399
141 483
141 671
141 754
141 988
141 995
142 143
142 144
142 146
142 149
142 179
142 225
142 283
142 294
142 317
142 362
142 397
142 425
142 483
142 680
143 144
143 146
143 150
143 159
143 325
143 357
143 359
143 376
143 438
143 483
143 511
143 652
143 759
143 786
144 146
144 150
144 159
144 167
144 440
144 462
144 468
144 483
144 613
144 637
144 779
144 824
145 162
145 173
145 177
145 215
145 256
145 471
145 572
145 639
145 763
145 861
145 951
145 952
145 953
145 956
145 957
145 958
145 960
145 966
146 150
146 159
146 256
146 483
146 630
146 739
146 763
146 789
146 860
146 882
146 937
147 221
147 296
147 306
147 395
147 593
147 692
147 793
147 970
147 992
147 995
147 996
147 997
147 999
147 1000
148 235
148 321
148 535
148 571
148 575
148 665
148 710
148 765
148 813
148 830
149 231
149 306
149 496
149 526
149 590
149 630
149 691
149 694
149 698
149 721
149 737
150 159
150 331
150 335
150 343
150 383
150 453
150 463
150 469
150 483
150 548
150 559
150 794
150 858
150 929
151 154
151 156
151 157
151 160
151 168
151 182
151 249
151 286
151 358
151 379
151 398
151 494
151 790
151 851
152 279
152 292
152 335
152 394
152 409
152 449
152 522
152 524
152 525
152 527
152 528
152 532
152 550
152 604
152 635
152 666
152 694
152 773
152 826
153 154
153 156
153 157
153 160
153 182
153 238
153 280
153 319
153 370
153 579
153 768
153 842
154 160
154 235
154 316
154 370
154 432
154 442
154 616
154 652
154 678
154 790
154 802
154 995
155 227
155 267
155 276
155 417
155 427
155 567
155 581
155 740
155 781
155 978
156 157
156 160
156 166
156 198
156 261
156 279
156 286
156 356
156 360
156 370
156 380
156 409
156 584
156 684
156 749
156 790
157 160
157 182
157 286
157 348
157 454
157 456
157 520
157 687
157 758
157 865
157 954
157 970
157 993
158 253
158 388
158 502
158 576
158 599
158 765
158 793
158 845
158 908
158 913
158 954
158 975
158 995
159 195
159 204
159 261
159 310
159 337
159 389
159 483
159 534
159 604
159 666
159 822
159 887
159 949
159 981
160 182
160 214
160 286
160 370
160 645
160 652
160 692
160 790
160 891
160 914
161 164
161 165
161 166
161 167
161 168
161 170
161 333
161 596
161 609
161 680
161 753
162 167
162 215
162 257
162 349
162 362
162 365
162 399
162 540
162 556
162 567
162 639
162 665
162 707
162 778
162 781
162 817
162 828
162 876
162 926
162 951
162 952
162 954
162 957
162 958
162 960
162 980
163 164
163 166
163 167
163 169
163 170
163 356
163 408
163 423
163 456
163 494
163 607
163 680
163 732
163 842
163 911
164 165
164 167
164 168
164 169
164 170
164 290
164 408
164 452
164 535
164 536
164 631
164 724
164 754
164 977
165 166
165 167
165 168
165 169
165 170
165 202
165 307
165 408
165 462
165 551
165 717
166 167
166 168
166 169
166 170
166 198
166 338
166 435
166 591
166 605
166 652
166 680
166 725
166 843
166 952
167 168
167 169
167 170
167 196
167 356
167 404
167 408
167 570
167 837
167 978
167 980
168 170
168 202
168 342
168 388
168 408
168 448
168 704
168 719
168 786
168 793
168 950
169 170
169 408
169 459
169 491
169 680
169 745
169 826
169 907
170 329
170 345
170 408
170 496
170 524
170 526
170 618
170 652
170 680
170 781
170 860
170 910
171 323
171 324
171 326
171 327
171 328
171 330
171 511
171 538
171 600
171 632
171 750
171 856
171 914
171 967
172 287
172 392
172 398
172 487
172 502
172 503
172 505
172 506
172 541
172 551
172 617
172 637
172 666
172 691
172 761
172 863
173 177
173 178
173 303
173 331
173 337
173 363
173 423
173 609
173 749
173 798
173 801
174 327
174 357
174 391
174 396
174 397
174 398
174 536
174 596
174 623
174 669
174 862
175 178
175 179
175 348
175 368
175 423
175 491
175 549
175 780
175 998
176 269
176 374
176 432
176 433
176 435
176 438
176 460
176 507
176 529
176 724
176 881
176 973
177 178
177 179
177 239
177 266
177 423
177 433
177 721
177 811
177 933
178 241
178 248
178 448
179 254
179 281
179 335
179 363
179 412
179 423
179 546
179 560
179 629
179 659
179 678
179 726
179 801
179 831
179 940
179 963
180 239
180 240
180 298
180 320
180 390
180 694
180 712
180 713
180 714
180 716
180 720
180 774
181 185
181 187
181 188
181 190
181 196
181 220
181 252
181 301
181 342
181 343
181 379
181 413
181 621
181 641
181 675
181 758
181 866
182 208
182 251
182 286
182 370
182 452
182 501
182 549
182 554
182 681
182 686
182 710
182 750
182 790
182 851
182 879
183 247
183 312
183 322
183 473
183 476
183 508
183 632
183 633
183 634
183 636
183 637
183 638
183 646
183 697
183 744
183 972
184 195
184 224
184 258
184 267
184 302
184 384
184 471
184 496
184 555
184 659
184 685
184 724
184 729
184 761
184 775
184 778
184 779
184 780
185 186
185 187
185 190
185 294
185 342
185 352
185 599
185 756
185 859
186 187
186 190
186 245
186 342
186 553
186 684
186 688
186 698
187 189
187 190
187 272
187 342
187 619
187 858
187 922
187 946
188 189
188 190
188 342
188 502
189 190
189 207
189 211
189 330
189 342
189 436
189 868
190 281
190 341
190 351
190 407
190 682
190 803
190 834
191 207
191 253
191 270
191 296
191 311
191 313
191 315
191 318
191 320
191 330
191 346
191 390
191 410
191 439
191 502
191 525
191 581
191 582
191 606
191 705
191 819
191 914
192 193
192 194
192 195
192 196
192 197
192 199
192 359
192 402
192 472
192 545
192 836
192 953
193 194
193 195
193 197
193 199
193 204
193 433
193 442
193 512
193 526
193 591
193 807
193 823
193 907
194 195
194 196
194 197
194 199
194 325
194 384
194 430
194 447
194 698
194 819
194 831
194 897
194 907
194 971
194 986
195 196
195 197
195 199
195 375
195 391
195 416
195 441
195 511
195 591
195 630
195 802
195 902
195 907
195 911
196 199
196 220
196 235
196 377
196 447
196 498
196 608
196 659
196 782
196 810
196 881
196 893
196 896
196 908
196 974
197 199
197 333
197 367
197 480
197 488
197 574
197 600
197 687
197 690
197 955
197 986
198 252
198 265
198 279
198 407
198 413
198 601
198 611
198 612
198 614
198 615
198 617
198 618
198 620
198 897
199 639
199 668
199 907
199 919
199 939
200 301
200 302
200 303
200 304
200 307
200 308
200 386
200 437
200 596
200 644
200 763
200 829
200 967
201 279
201 419
201 442
201 448
201 450
201 578
201 751
201 791
201 806
201 925
201 944
201 994
201 996
202 204
202 206
202 209
202 210
202 335
202 444
202 477
202 493
202 623
202 642
202 726
202 750
202 997
203 204
203 205
203 206
203 209
203 377
203 444
203 454
203 623
203 726
203 836
203 908
203 959
204 205
204 206
204 209
204 258
204 444
204 513
204 623
204 706
204 726
204 732
204 768
204 875
205 206
205 209
205 285
205 388
205 419
205 444
205 458
205 472
205 477
205 600
205 623
205 674
205 726
205 799
205 812
205 847
205 959
206 210
206 245
206 346
206 352
206 424
206 444
206 623
206 645
206 698
206 720
207 218
207 311
207 313
207 315
207 316
207 318
207 320
207 353
207 436
207 439
207 490
207 575
207 581
207 582
207 618
207 681
207 695
207 728
207 757
207 786
207 806
207 914
207 961
207 968
208 292
208 523
208 533
208 594
208 747
208 787
208 825
208 902
208 903
208 904
208 905
208 919
209 210
209 274
209 314
209 323
209 407
209 444
209 471
209 540
209 623
209 726
209 758
209 818
209 966
210 376
210 444
210 527
210 726
210 802
210 803
210 811
210 868
210 984
211 213
211 216
211 217
211 218
211 220
211 382
211 506
211 664
211 667
211 718
211 736
211 888
212 221
212 223
212 224
212 226
212 228
212 230
212 260
212 291
212 318
212 403
212 434
212 447
212 538
212 554
212 577
212 714
212 750
212 941
212 961
212 963
213 214
213 216
213 217
213 218
213 220
213 506
213 593
213 718
213 720
213 722
213 888
214 216
214 217
214 218
214 366
214 476
214 506
214 597
214 598
214 753
214 863
214 899
214 921
215 231
215 266
215 357
215 400
215 516
215 608
215 760
215 788
215 952
215 953
215 954
215 956
215 957
215 958
215 960
216 217
216 218
216 220
216 236
216 321
216 506
216 517
216 702
216 718
216 747
216 835
216 915
217 218
217 405
217 506
217 538
217 635
217 697
217 718
217 737
217 747
217 825
217 858
217 861
217 893
217 984
218 220
218 229
218 371
218 463
218 506
218 602
218 623
218 634
218 687
218 712
218 718
218 771
218 875
218 943
218 947
219 222
219 237
219 241
219 272
219 343
219 344
219 346
219 347
219 348
219 349
219 434
219 444
219 487
219 510
219 619
219 649
219 702
219 938
219 994
220 459
220 519
220 583
220 718
220 759
220 804
220 871
221 223
221 224
221 226
221 228
221 403
221 447
221 448
221 600
221 856
221 887
221 970
221 980
222 250
222 396
222 457
222 575
222 652
222 689
222 787
222 806
222 809
222 932
222 939
223 230
223 253
223 347
223 403
223 415
223 427
223 574
223 769
223 792
223 961
224 226
224 228
224 230
224 403
224 506
224 567
224 669
224 676
224 749
224 753
224 888
224 977
225 286
225 331
225 347
225 442
225 635
225 644
225 723
225 842
225 871
225 876
225 879
225 895
225 922
225 923
225 924
225 926
225 929
225 930
225 942
225 964
226 228
226 230
226 403
226 547
226 660
226 795
226 898
226 961
227 234
227 293
227 340
227 393
227 427
227 439
227 464
227 512
227 526
227 545
227 558
227 567
227 685
227 899
228 261
228 403
228 427
228 451
228 504
228 523
228 840
228 844
228 961
229 292
229 412
229 413
229 417
229 420
229 439
229 509
229 528
229 558
229 602
229 738
229 776
229 833
229 839
229 863
229 934
229 1000
230 282
230 290
230 403
230 460
230 550
230 771
230 946
230 961
231 232
231 235
231 236
231 238
231 239
231 247
231 249
231 262
231 320
231 463
231 501
231 577
231 641
231 693
231 738
231 760
231 793
232 235
232 236
232 237
232 239
232 323
232 334
232 501
232 577
232 641
232 938
233 335
233 363
233 531
233 534
233 535
233 537
233 539
233 540
233 638
233 798
233 831
233 837
234 235
234 236
234 239
234 292
234 326
234 355
234 356
234 433
234 447
234 501
234 548
234 552
234 565
234 577
234 641
234 748
234 760
234 826
234 955
235 236
235 237
235 238
235 328
235 352
235 383
235 464
235 501
235 577
235 605
235 607
235 641
235 693
235 760
235 870
235 926
235 928
236 238
236 421
236 443
236 463
236 550
236 577
236 583
236 613
236 622
236 760
236 880
236 971
237 238
237 239
237 306
237 387
237 426
237 481
237 518
237 729
237 760
237 786
237 961
238 239
238 382
238 438
238 452
238 561
238 641
238 714
238 721
238 760
238 949
238 982
239 314
239 351
239 379
239 382
239 390
239 392
239 445
239 499
239 577
239 620
239 641
239 691
239 756
239 760
239 803
239 835
239 894
240 300
240 471
240 578
240 615
240 661
240 792
240 793
240 794
240 796
240 797
240 799
240 800
240 870
241 242
241 244
241 245
241 246
241 248
241 249
241 250
241 311
241 428
241 630
241 644
241 652
241 687
241 697
241 709
241 792
241 851
241 874
241 921
241 955
242 243
242 244
242 245
242 247
242 248
242 249
242 250
242 275
242 363
242 476
242 490
242 590
242 621
242 633
242 697
242 704
242 719
242 723
242 874
242 921
242 955
242 982
243 244
243 245
243 246
243 249
243 515
243 697
243 733
243 750
243 874
243 921
243 955
244 245
244 246
244 247
244 248
244 249
244 342
244 383
244 569
244 626
244 697
244 874
244 901
244 955
245 246
245 247
245 249
245 337
245 432
245 456
245 620
245 697
245 825
245 839
245 874
245 921
245 932
245 955
246 247
246 248
246 249
246 370
246 400
246 410
246 486
246 688
246 697
246 726
246 836
246 850
246 857
246 874
246 878
246 921
246 955
246 992
247 248
247 249
247 337
247 364
247 416
247 549
247 574
247 636
247 697
247 715
247 874
247 955
248 249
248 319
248 383
248 390
248 408
248 426
248 521
248 543
248 587
248 624
248 697
248 874
248 921
248 929
248 955
249 250
249 265
249 308
249 536
249 539
249 774
249 839
249 874
249 894
249 921
249 955
249 957
250 266
250 322
250 356
250 370
250 571
250 656
250 697
250 703
250 893
250 921
251 324
251 363
251 453
251 566
251 569
251 607
251 695
251 797
251 862
251 863
251 865
251 866
251 868
251 869
251 870
251 944
252 254
252 256
252 258
252 259
252 260
252 291
252 304
252 317
252 320
252 416
252 440
252 451
252 500
252 550
252 699
252 721
252 752
252 805
253 413
253 449
253 507
253 603
253 744
253 765
253 831
253 845
253 908
253 1000
254 257
254 258
254 259
254 260
254 291
254 540
254 592
254 688
254 746
254 752
255 352
255 403
255 537
255 591
255 727
255 732
255 733
255 734
255 735
255 738
255 739
255 840
255 897
255 980
255 996
256 257
256 258
256 259
256 260
256 291
256 370
256 505
256 683
256 752
256 933
256 973
256 986
257 258
257 259
257 260
257 284
257 301
257 376
257 508
257 693
257 752
257 805
257 823
257 854
257 980
258 259
258 260
258 291
258 309
258 686
258 752
258 793
258 880
259 260
259 291
259 501
259 656
259 662
259 689
259 693
259 752
260 291
260 527
260 587
260 671
260 752
260 865
261 274
261 294
261 441
261 447
261 506
261 523
261 555
261 571
261 672
261 673
261 675
261 676
261 677
261 803
261 878
262 392
262 408
262 447
262 583
262 585
262 587
262 588
262 589
262 590
262 621
262 666
262 675
262 745
262 761
263 264
263 267
263 270
263 314
263 418
263 537
263 569
263 704
263 720
263 930
263 939
264 267
264 270
264 358
264 439
264 550
264 691
264 778
264 873
264 919
264 928
265 330
265 465
265 502
265 532
265 591
265 609
265 611
265 612
265 613
265 615
265 618
265 620
265 665
265 708
265 824
265 897
265 957
265 998
266 393
266 401
266 431
266 751
266 754
266 755
266 756
266 757
266 837
266 904
266 952
266 953
266 988
267 270
267 363
267 548
267 550
267 591
267 661
267 697
267 722
267 724
267 772
267 792
267 849
267 971
268 354
268 443
268 547
268 629
268 661
268 672
268 749
268 782
268 786
268 916
268 962
268 963
268 965
268 980
269 291
269 365
269 432
269 433
269 477
269 609
269 629
269 715
269 814
269 863
269 983
269 997
270 332
270 420
270 478
270 550
270 662
270 742
270 813
271 275
271 276
271 277
271 278
271 279
271 280
271 322
271 325
271 425
271 546
271 766
271 833
271 984
272 274
272 275
272 276
272 277
272 278
272 279
272 280
272 425
272 496
272 624
272 694
272 816
272 831
272 833
272 840
272 938
272 943
273 274
273 275
273 276
273 277
273 279
273 280
273 404
273 425
273 491
273 833
273 934
274 275
274 279
274 280
274 416
274 524
274 527
274 587
274 603
274 678
274 799
274 833
274 909
275 276
275 279
275 280
275 359
275 364
275 377
275 384
275 425
275 595
275 667
275 739
275 788
275 818
275 833
275 989
276 277
276 358
276 377
276 425
276 447
276 733
276 820
276 828
276 833
276 923
277 278
277 279
277 338
277 425
277 671
277 686
277 690
277 771
277 833
277 898
278 279
278 280
278 324
278 540
278 569
278 723
278 800
278 817
278 833
278 940
279 280
279 425
279 445
279 484
279 533
279 542
279 572
279 724
279 826
279 872
279 874
279 896
279 908
279 912
279 994
280 425
280 505
280 527
280 601
280 783
280 810
280 833
280 963
281 282
281 284
281 287
281 288
281 289
281 290
281 291
281 316
281 440
281 445
281 516
281 519
281 676
281 774
281 783
281 791
281 864
281 886
281 931
281 966
281 999
282 287
282 288
282 289
282 290
282 388
282 406
282 519
282 560
282 567
282 569
282 591
282 757
282 811
282 899
282 966
283 305
283 351
283 619
283 716
284 287
284 288
284 290
284 457
284 519
284 574
284 637
284 774
284 783
284 864
284 966
284 981
285 422
285 424
285 426
285 429
285 657
285 692
285 764
285 978
285 996
286 311
286 334
286 370
286 424
286 426
286 532
286 592
286 718
286 735
286 762
286 766
286 790
286 953
286 982
286 984
287 289
287 290
287 303
287 355
287 519
287 662
287 705
287 774
287 783
287 834
287 864
287 925
287 966
288 289
288 290
288 395
288 519
288 520
288 570
288 619
288 654
288 770
288 774
288 838
288 973
289 290
289 519
289 694
289 774
289 783
289 824
289 826
289 864
289 908
289 966
290 352
290 354
290 524
290 711
290 774
290 783
290 857
290 864
290 878
290 891
290 906
290 956
290 966
291 412
291 752
291 993
292 315
292 412
292 413
292 416
292 417
292 558
292 776
292 788
292 839
292 918
292 952
293 295
293 296
293 297
293 322
293 379
293 403
293 421
293 449
293 457
293 464
293 556
293 731
293 842
293 873
293 876
293 906
293 989
294 330
294 352
294 441
294 635
294 648
294 671
294 672
294 673
294 674
294 676
294 677
294 840
294 860
295 296
295 297
295 300
295 373
295 400
295 609
295 671
295 857
295 876
295 906
295 932
295 936
296 297
296 300
296 464
296 586
296 636
296 670
296 686
296 697
296 719
296 842
296 906
296 987
296 989
297 300
297 332
297 415
297 437
297 729
297 799
297 813
297 906
297 975
297 989
298 425
298 462
298 512
298 690
298 708
298 781
298 911
299 401
299 709
299 711
299 811
299 814
299 815
299 817
299 818
299 819
299 873
299 921
300 434
300 464
300 540
300 638
300 646
300 768
300 876
300 881
300 906
301 302
301 303
301 304
301 305
301 307
301 308
301 310
301 386
301 410
301 596
301 611
301 742
301 913
301 970
302 303
302 304
302 305
302 308
302 310
302 386
302 450
302 522
302 596
302 736
302 771
302 812
302 920
302 969
303 304
303 305
303 307
303 369
303 478
303 573
303 596
303 626
303 737
303 804
303 916
303 989
304 305
304 307
304 308
304 310
304 358
304 372
304 386
304 560
304 579
304 596
304 692
304 752
304 802
304 824
304 950
304 956
305 307
305 308
305 310
305 386
305 529
305 572
305 582
305 596
305 638
305 690
305 891
305 976
306 344
306 368
306 395
306 725
306 747
306 970
306 995
306 996
306 997
306 998
306 999
306 1000
307 308
307 310
307 447
307 460
307 477
307 576
307 603
307 643
307 799
307 862
307 914
307 946
308 310
308 386
308 557
308 563
308 596
308 722
308 761
308 806
308 817
308 934
309 411
309 462
309 640
309 687
309 782
309 832
309 846
309 865
309 871
309 891
309 892
309 894
309 895
309 896
309 898
309 899
309 958
309 975
310 386
310 402
310 431
310 460
310 527
310 556
310 596
310 674
310 766
310 860
310 952
310 982
311 313
311 314
311 315
311 316
311 318
311 320
311 351
311 439
311 547
311 581
311 582
311 621
311 622
311 633
311 684
311 705
311 914
311 996
312 337
312 371
312 375
312 376
312 377
312 378
312 379
312 383
312 466
312 660
312 790
312 881
312 905
313 314
313 315
313 316
313 318
313 320
313 324
313 335
313 439
313 494
313 581
313 582
313 705
313 720
313 756
313 822
313 827
313 836
313 914
314 315
314 316
314 318
314 439
314 533
314 581
314 705
314 769
314 887
314 914
314 924
315 316
315 320
315 334
315 368
315 370
315 418
315 439
315 494
315 581
315 582
315 695
315 705
315 707
315 885
315 914
315 941
316 318
316 320
316 335
316 501
316 569
316 581
316 602
316 646
316 675
316 809
316 814
316 865
316 868
316 914
317 324
317 329
317 585
317 714
317 770
317 782
317 784
317 786
317 788
317 789
317 804
317 932
317 935
318 320
318 376
318 430
318 470
318 522
318 581
318 582
318 705
318 763
318 766
318 837
318 873
318 883
318 914
318 969
319 324
319 355
319 364
319 376
319 414
319 615
319 741
319 883
319 886
319 931
319 942
319 945
319 948
319 949
319 950
319 962
320 342
320 417
320 442
320 454
320 552
320 581
320 620
320 705
320 716
320 989
321 351
321 595
321 613
321 748
321 813
321 815
321 823
321 827
321 914
322 323
322 324
322 325
322 326
322 327
322 328
322 330
322 378
322 511
322 569
322 600
322 658
322 700
322 815
322 883
322 975
322 992
323 326
323 327
323 328
323 437
323 454
323 511
323 526
323 600
323 777
323 975
324 325
324 327
324 389
324 422
324 432
324 579
324 600
324 720
324 947
324 948
325 326
325 327
325 328
325 330
325 376
325 505
325 511
325 552
325 600
325 601
325 712
325 736
325 737
325 782
325 851
326 327
326 328
326 330
326 427
326 433
326 460
326 480
326 511
326 596
326 600
326 874
326 891
327 330
327 375
327 446
327 600
327 644
327 930
327 986
327 991
328 330
328 391
328 447
328 511
328 621
328 649
328 936
329 345
329 350
329 390
329 426
329 612
329 736
329 745
329 912
329 913
329 915
329 917
329 918
329 969
330 364
330 396
330 441
330 600
330 782
330 903
331 453
331 522
331 554
331 635
331 815
331 873
331 875
331 922
331 926
331 929
331 930
332 334
332 337
332 338
332 339
332 340
332 563
332 770
332 835
332 849
332 943
332 959
332 975
333 379
333 399
333 409
333 410
333 436
333 442
333 621
333 622
333 624
333 626
333 627
333 629
333 632
333 762
333 780
333 916
334 335
334 337
334 338
334 339
334 340
334 564
334 752
334 813
334 959
335 337
335 338
335 339
335 340
335 542
335 574
335 713
335 821
335 959
336 361
336 363
336 367
336 368
336 453
336 525
336 620
336 627
336 699
336 814
336 817
336 911
337 338
337 339
337 340
337 380
337 393
337 771
337 796
337 861
337 886
337 942
338 339
338 340
338 424
338 481
338 690
338 804
338 959
339 382
339 397
339 495
339 681
339 795
339 808
339 907
339 959
340 366
340 374
340 377
340 624
340 959
340 980
341 344
341 347
341 348
341 349
341 350
341 442
341 470
341 481
341 643
341 807
341 876
342 571
342 594
342 656
342 695
342 722
342 769
342 775
342 836
342 852
343 344
343 346
343 347
343 348
343 349
343 350
343 465
343 481
343 501
343 817
343 825
343 933
343 936
344 346
344 348
344 349
344 350
344 377
344 404
344 471
344 746
344 759
344 774
344 777
344 936
345 364
345 390
345 404
345 578
345 586
345 589
345 651
345 655
345 719
345 736
345 780
345 798
345 825
345 885
345 913
345 915
345 917
346 347
346 348
346 349
346 350
346 624
346 685
346 806
346 893
346 936
347 348
347 349
347 481
347 761
347 853
347 885
347 894
347 936
347 948
348 349
348 350
348 392
348 418
348 481
348 500
348 567
348 571
348 650
348 662
348 721
348 744
348 936
349 388
349 439
349 481
349 520
349 936
349 952
349 965
350 368
350 419
350 459
350 468
350 534
350 606
350 629
350 641
350 855
350 899
350 936
351 352
351 353
351 356
351 358
351 359
351 360
351 613
351 630
351 660
351 670
351 677
351 759
351 777
351 911
351 944
351 981
352 353
352 356
352 358
352 360
352 399
352 439
352 562
352 577
352 653
352 656
352 660
352 670
352 777
352 859
352 901
353 356
353 358
353 359
353 360
353 374
353 498
353 509
353 559
353 660
353 670
353 699
353 777
353 936
353 981
353 989
354 602
354 603
354 608
354 609
354 610
354 621
354 692
355 536
355 555
355 567
355 598
355 741
355 743
355 744
355 745
355 750
355 754
355 787
356 358
356 359
356 360
356 369
356 561
356 607
356 625
356 648
356 660
356 702
356 777
356 842
356 866
356 876
357 507
357 630
357 762
357 926
357 945
358 359
358 360
358 377
358 533
358 660
358 670
358 687
358 777
359 360
359 616
359 653
359 660
359 670
359 702
359 744
359 853
359 855
359 991
360 568
360 660
360 670
360 688
360 696
360 739
360 777
360 868
360 914
360 921
361 363
361 365
361 367
361 368
361 478
361 520
361 687
361 702
361 767
361 809
361 825
361 843
361 858
361 969
362 440
362 441
362 451
362 453
362 469
362 536
362 562
362 755
362 787
362 924
363 365
363 367
363 407
363 490
363 583
363 852
363 856
364 451
364 510
364 581
364 621
364 657
364 662
364 671
364 751
364 895
364 920
365 367
365 368
365 385
365 395
365 541
365 716
365 775
366 618
366 680
366 681
366 683
366 684
366 686
366 689
366 692
366 867
367 368
367 460
367 534
367 694
367 799
367 932
368 392
368 595
368 634
368 770
368 783
369 370
369 425
369 575
369 650
369 651
369 653
369 654
369 655
369 656
369 659
369 729
369 946
370 602
370 640
370 776
370 790
370 850
371 374
371 375
371 377
371 378
371 379
371 389
371 599
371 611
371 644
371 651
371 728
371 821
371 859
372 411
372 753
372 855
372 888
372 909
372 932
372 933
372 934
372 935
372 939
372 960
373 533
373 630
373 720
373 749
373 839
373 841
373 842
373 843
373 844
373 846
373 847
373 848
373 849
373 850
373 940
373 987
374 375
374 377
374 378
374 379
374 380
374 392
374 548
374 776
374 838
374 854
375 377
375 378
375 380
375 551
375 657
375 705
375 773
375 816
375 847
375 894
375 927
376 377
376 378
376 379
376 405
376 535
376 596
377 379
377 396
377 460
377 506
377 623
377 695
377 715
377 791
378 379
378 380
378 514
378 573
378 836
378 887
379 380
379 587
379 727
379 843
379 970
380 412
380 437
380 472
380 614
380 800
380 807
380 822
380 934
381 382
381 385
381 399
381 406
381 430
381 532
381 574
381 626
381 693
381 715
381 725
381 820
381 835
381 864
382 385
382 507
382 566
382 596
382 603
382 752
382 770
382 789
383 480
383 518
383 530
383 543
383 561
383 562
383 563
383 564
383 565
383 566
383 569
383 570
383 679
383 771
383 806
383 885
383 931
383 996
384 436
384 550
384 606
384 666
384 771
384 792
384 900
384 964
385 388
385 482
385 875
386 499
386 591
386 596
386 650
386 674
386 753
386 782
386 861
386 883
386 922
387 427
387 458
387 493
387 545
387 629
387 656
387 666
387 684
387 708
387 769
387 774
387 869
387 933
388 552
388 694
388 708
388 813
388 844
388 866
389 474
389 568
389 721
389 722
389 732
389 733
389 734
389 735
389 738
389 739
389 879
389 953
389 980
390 455
390 465
390 518
390 586
390 664
390 736
390 833
390 865
390 900
390 912
390 913
390 915
390 917
390 918
390 990
391 394
391 396
391 399
391 449
391 669
391 742
391 814
391 859
391 912
391 938
391 999
392 447
392 489
392 495
392 521
392 557
392 584
392 585
392 587
392 589
392 590
392 683
392 777
392 940
392 949
392 993
393 431
393 459
393 647
393 751
393 754
393 755
393 756
393 757
393 758
393 759
393 783
393 928
393 930
393 979
394 396
394 397
394 399
394 511
394 516
394 669
394 681
394 728
394 739
394 740
394 888
394 938
394 947
395 428
395 447
395 459
395 520
395 626
395 898
395 956
395 969
395 970
395 996
395 998
395 999
395 1000
396 397
396 398
396 399
396 400
396 669
396 919
396 938
397 398
397 669
397 936
397 938
397 974
398 399
398 400
398 669
398 723
398 773
398 938
398 945
399 400
399 562
399 624
399 660
399 669
399 807
399 873
399 938
399 995
400 669
400 938
401 644
401 659
401 662
401 720
401 792
401 814
401 815
401 818
401 819
401 823
401 857
401 947
402 404
402 405
402 682
402 693
402 698
403 419
403 537
403 743
403 753
403 791
403 933
403 937
403 961
404 405
404 406
404 407
404 410
404 470
404 484
404 499
404 523
404 639
404 702
404 739
404 831
404 876
404 908
404 910
404 941
405 406
405 407
405 410
405 469
405 525
405 646
405 814
405 831
406 407
406 410
406 562
406 594
406 597
406 624
406 700
407 410
407 444
407 450
407 520
407 574
407 577
407 787
407 808
407 812
407 827
407 977
407 979
408 464
408 546
408 595
408 645
408 680
408 877
408 904
408 933
409 435
409 613
409 621
409 622
409 624
409 625
409 626
409 627
409 628
409 629
409 644
409 692
409 729
409 750
409 834
410 418
410 432
410 503
410 656
410 793
410 865
410 943
410 976
411 454
411 591
411 640
411 648
411 818
411 837
411 891
411 892
411 895
411 896
411 898
411 899
411 956
412 413
412 417
412 418
412 420
412 572
412 776
412 940
413 416
413 417
413 418
413 420
413 458
413 558
413 629
413 732
413 776
413 925
414 481
414 546
414 581
414 616
414 760
414 886
414 918
414 941
414 943
414 946
414 947
414 948
414 950
415 490
415 563
415 574
415 591
415 732
415 746
415 856
415 881
415 986
416 418
416 420
416 454
416 474
416 476
416 531
416 558
416 609
416 776
416 908
417 420
417 504
417 528
417 557
417 558
417 569
417 735
417 754
417 776
417 832
418 420
418 483
418 700
418 712
418 838
419 443
419 445
419 446
419 448
419 450
419 479
419 554
419 789
419 925
419 944
419 994
420 523
420 558
420 620
420 737
420 738
420 776
421 424
421 428
421 429
421 430
421 526
421 584
421 692
421 709
421 745
421 753
421 819
421 978
422 424
422 428
422 429
422 430
422 494
422 498
422 590
422 692
422 753
422 810
422 863
422 864
422 978
423 517
423 527
423 552
423 629
423 735
423 808
423 958
424 428
424 430
424 446
424 544
424 692
424 753
424 768
424 857
424 872
424 969
424 980
424 982
425 432
425 442
425 484
425 527
425 650
425 715
425 734
425 773
425 788
425 833
425 844
425 994
426 428
426 635
426 664
426 725
426 753
426 885
426 978
426 985
427 523
427 664
427 880
428 429
428 430
428 464
428 692
428 753
428 891
428 970
428 978
429 430
429 591
429 639
429 692
429 727
429 753
429 764
429 816
429 919
429 923
429 978
430 692
430 699
430 753
430 888
430 978
431 461
431 640
431 649
431 654
431 666
431 751
431 754
431 755
431 756
431 757
431 758
431 759
431 807
431 819
431 869
431 928
431 979
432 438
432 456
432 494
432 550
432 766
432 888
432 908
432 943
432 952
432 966
432 973
432 981
432 990
433 435
433 538
433 558
433 973
433 996
433 1000
434 502
434 503
434 505
434 509
434 520
434 631
434 659
434 822
434 826
434 870
434 889
435 438
435 441
435 516
435 563
435 628
435 681
435 722
435 839
435 933
435 973
436 520
436 704
436 728
436 770
436 830
436 900
437 559
437 701
437 729
437 802
437 804
437 805
437 807
437 937
438 470
438 511
438 604
438 708
438 809
438 896
439 500
439 564
439 581
439 748
439 828
439 840
439 914
440 470
440 511
440 624
440 688
440 1000
441 515
441 671
441 672
441 673
441 674
441 676
441 677
441 896
442 443
442 445
442 446
442 450
442 578
442 714
442 944
443 445
443 450
443 489
443 589
443 632
443 682
443 925
443 929
443 944
443 957
443 994
444 486
444 569
444 591
444 611
444 623
444 726
445 446
445 450
445 578
445 587
445 654
445 675
445 816
445 925
445 951
445 994
446 448
446 450
446 502
446 541
446 560
446 578
446 662
446 703
446 826
446 828
446 925
446 944
446 994
447 463
447 497
447 577
447 583
447 584
447 585
447 587
447 588
447 589
447 779
447 871
447 918
448 450
448 492
448 578
448 762
448 925
448 944
448 965
449 522
449 524
449 525
449 527
449 528
449 532
449 543
449 697
449 734
449 784
449 785
449 967
450 544
450 578
450 586
450 720
450 726
450 730
450 944
450 976
450 994
451 482
451 485
451 486
451 487
451 489
451 490
451 552
451 586
451 615
451 657
451 721
451 745
451 751
451 781
452 454
452 455
452 456
452 457
452 458
452 459
452 530
452 560
452 587
452 601
452 790
452 922
452 930
452 945
453 695
453 712
453 862
453 863
453 866
453 868
453 869
453 870
453 885
453 891
453 931
453 958
453 959
453 963
454 455
454 456
454 457
454 458
454 459
454 460
454 560
454 591
455 456
455 457
455 458
455 459
455 460
455 487
455 560
455 827
456 457
456 459
456 460
456 523
456 560
456 591
456 957
457 458
457 459
457 460
457 530
457 533
457 560
457 597
457 738
457 739
457 755
457 771
458 459
458 460
458 541
458 547
458 560
458 589
458 591
458 618
458 803
458 848
459 460
459 505
459 530
459 560
459 591
459 627
459 723
459 732
459 916
459 947
459 977
460 530
460 560
460 563
460 746
460 750
460 778
460 862
460 908
461 463
461 465
461 466
461 468
461 470
461 565
461 686
461 724
461 742
461 754
461 783
461 803
461 812
461 823
462 625
462 681
462 690
462 714
462 774
462 781
462 911
463 466
463 468
463 469
463 470
463 495
463 803
463 812
463 890
464 508
464 582
464 605
464 635
464 721
464 764
464 876
464 989
465 466
465 468
465 469
465 470
465 521
465 615
465 646
465 753
465 772
465 803
465 812
465 897
465 922
465 956
466 468
466 469
466 553
466 559
466 731
466 751
466 803
466 812
466 851
467 540
467 541
467 566
467 661
467 662
467 663
467 665
467 667
467 696
467 769
467 896
468 469
468 470
468 507
468 803
468 810
468 812
468 871
468 922
469 470
469 482
469 721
469 803
469 824
469 878
469 914
469 919
469 923
469 985
470 541
470 681
470 713
470 803
470 806
470 812
470 926
471 472
471 473
471 475
471 476
471 477
471 479
471 486
471 604
471 613
471 853
471 986
471 993
472 473
472 475
472 476
472 478
472 479
472 482
472 604
472 634
472 673
472 838
472 993
472 1000
473 474
473 475
473 476
473 477
473 479
473 480
473 604
473 674
473 788
473 993
474 475
474 476
474 478
474 479
474 480
474 537
474 597
474 607
474 682
474 839
474 993
475 477
475 478
475 479
475 480
475 595
475 604
475 623
475 724
475 993
476 477
476 478
476 479
476 480
476 508
476 545
476 556
476 604
476 645
476 722
476 751
476 783
476 824
476 993
477 479
477 480
477 538
477 545
477 604
477 727
477 803
477 814
477 920
477 956
477 989
477 993
478 479
478 497
478 577
478 604
478 993
479 480
479 604
479 778
479 802
479 858
479 993
480 600
480 604
480 629
480 660
480 730
480 749
480 909
480 955
480 993
481 659
481 661
481 666
481 737
481 821
481 913
481 936
482 484
482 485
482 486
482 487
482 489
482 490
482 526
482 595
482 666
482 721
482 753
482 779
482 869
482 990
483 648
483 709
483 800
484 485
484 486
484 490
484 639
484 721
484 790
484 830
484 833
484 843
484 879
484 905
484 944
484 949
485 486
485 487
485 489
485 490
485 519
485 625
485 635
485 721
485 740
485 762
485 800
485 893
486 487
486 489
486 490
486 515
486 517
486 599
486 743
486 753
486 810
486 949
487 490
487 504
487 581
487 637
487 721
487 749
487 814
487 823
487 867
487 886
487 930
488 551
488 554
488 555
488 556
488 557
488 559
488 626
488 685
488 712
488 729
488 735
488 771
488 800
488 827
488 855
488 861
488 980
489 756
489 821
489 843
489 860
489 875
489 921
489 955
490 605
490 661
490 800
490 842
490 908
490 945
491 493
491 497
491 498
491 499
491 500
491 515
491 526
492 493
492 494
492 497
492 498
492 658
492 843
492 865
492 905
492 974
493 494
493 497
493 498
493 499
493 500
493 622
493 658
493 819
493 944
493 979
494 497
494 498
494 499
494 500
494 510
494 602
494 645
494 658
494 677
494 807
494 962
495 541
495 560
495 642
495 661
495 664
495 666
495 667
495 696
495 800
495 851
495 953
496 648
496 761
496 773
496 776
496 777
496 779
496 780
496 949
496 950
496 987
497 498
497 500
497 658
497 660
497 738
497 788
498 499
498 536
498 658
498 789
498 822
498 907
499 626
499 658
499 727
499 952
499 973
500 609
501 577
501 720
501 760
501 766
501 825
501 871
502 505
502 520
502 545
502 642
502 802
502 813
502 885
502 938
502 966
503 505
503 520
503 529
503 623
503 630
503 643
503 768
503 808
503 873
503 893
503 917
504 677
504 703
504 704
504 801
504 809
505 507
505 509
505 520
505 659
505 661
505 741
505 811
506 701
506 718
506 722
506 724
506 746
506 773
506 918
506 931
506 943
507 514
507 718
507 724
507 749
508 542
508 631
508 632
508 633
508 634
508 636
508 637
508 638
508 655
508 686
508 972
509 628
509 822
509 870
509 990
510 534
510 713
510 732
510 739
510 801
510 821
510 822
510 824
510 825
510 829
510 830
510 872
510 893
511 513
511 525
511 560
511 600
511 708
511 718
511 827
511 831
511 989
512 514
512 515
512 516
512 517
512 586
512 795
512 842
512 893
512 906
512 910
513 514
513 515
513 516
513 517
513 518
513 724
513 751
513 787
513 795
513 799
513 841
513 893
513 907
513 910
513 964
514 515
514 516
514 517
514 518
514 669
514 722
514 795
514 835
514 893
515 516
515 517
515 518
515 562
515 610
515 795
515 827
515 893
515 910
516 517
516 679
516 696
516 787
516 893
516 910
517 518
517 526
517 721
517 776
517 868
517 893
518 718
518 795
518 893
518 910
518 936
518 963
519 774
519 783
519 862
519 864
520 534
520 909
520 984
522 524
522 525
522 527
522 528
522 532
522 546
522 563
522 684
522 866
523 548
523 623
523 745
523 772
523 901
523 902
523 903
523 904
523 905
523 941
524 525
524 527
524 532
524 926
525 527
525 532
525 577
525 628
525 778
526 549
526 577
526 630
526 644
526 691
526 693
526 694
526 698
526 699
526 700
526 732
527 567
527 597
527 631
527 664
527 670
527 691
528 532
528 730
528 783
528 870
528 872
528 893
528 998
529 642
529 643
529 644
529 645
529 648
529 649
529 650
529 652
529 684
529 776
529 859
529 910
529 929
529 933
529 969
530 560
530 591
530 613
530 643
530 676
530 701
531 534
531 537
531 538
531 539
531 540
531 545
531 581
531 592
531 603
531 652
531 664
531 743
531 831
531 878
531 922
532 566
532 577
532 651
532 683
532 745
532 763
532 839
532 932
533 710
533 751
533 785
533 860
533 945
533 971
533 974
533 976
533 977
533 991
534 535
534 537
534 538
534 539
534 540
534 572
534 583
534 591
534 598
534 615
534 631
534 652
534 699
534 787
534 824
534 831
534 835
534 878
535 537
535 538
535 539
535 540
535 621
535 831
535 878
535 896
536 545
536 646
536 741
536 743
536 744
536 745
536 748
536 750
536 884
536 977
537 538
537 539
537 540
537 652
537 683
537 776
537 825
537 828
537 861
537 933
537 984
538 587
538 638
538 652
538 665
538 715
538 823
538 831
538 847
538 878
539 540
539 652
539 831
539 878
539 947
540 579
540 652
540 737
540 793
540 831
540 878
540 959
541 572
541 639
541 660
541 661
541 663
541 664
541 665
541 666
541 667
541 696
541 711
541 831
541 880
541 904
542 543
542 545
542 546
542 547
542 549
542 746
542 769
543 545
543 546
543 547
543 548
543 549
543 560
543 568
543 584
543 717
543 773
543 802
543 892
543 918
543 974
544 558
544 732
544 774
544 784
545 546
545 547
545 548
545 549
545 614
545 619
545 647
545 695
545 697
545 717
545 755
545 769
545 895
546 547
546 548
546 599
546 739
546 769
546 789
546 800
546 849
546 904
546 911
546 957
547 548
547 549
547 601
547 717
547 769
547 928
547 955
547 980
548 549
548 638
548 764
548 859
548 895
548 969
549 551
549 579
549 637
549 696
549 717
549 769
549 798
549 801
549 969
549 987
550 574
550 578
550 735
550 923
550 935
551 554
551 557
551 637
551 685
551 771
551 784
551 827
551 861
551 964
551 996
552 553
552 554
552 555
552 556
552 557
552 559
552 685
552 827
552 844
552 861
552 933
552 958
552 977
553 555
553 556
553 557
553 559
553 606
553 685
553 771
553 781
553 791
553 827
553 861
554 555
554 556
554 559
554 685
554 771
554 827
554 847
554 861
554 883
554 896
555 556
555 557
555 559
555 572
555 762
555 771
555 797
555 827
555 861
556 559
556 685
556 723
556 823
556 827
556 834
556 846
556 861
556 902
557 559
557 568
557 685
557 743
557 771
557 782
557 785
557 827
557 832
557 861
557 975
558 560
558 576
558 601
558 623
558 743
558 745
558 776
559 561
559 661
559 708
559 744
559 771
559 827
559 945
560 591
560 881
560 955
560 966
561 563
561 564
561 565
561 566
561 569
561 570
561 835
561 883
561 893
562 563
562 564
562 565
562 566
562 568
562 569
562 765
562 794
562 962
562 963
563 564
563 565
563 566
563 569
563 570
563 626
563 754
564 565
564 566
564 569
564 570
564 594
564 595
564 692
564 795
564 810
564 858
564 917
564 918
564 995
565 566
565 568
565 569
565 570
565 611
565 613
565 642
565 702
565 745
566 569
566 570
566 695
566 764
566 772
566 795
566 827
566 971
566 993
567 725
567 973
568 569
568 605
568 699
568 912
569 854
569 945
570 827
571 576
571 580
571 609
571 761
571 768
572 573
572 574
572 576
572 579
572 580
572 680
572 716
572 766
572 785
572 815
572 842
572 924
573 574
573 576
573 579
573 580
573 666
573 709
573 838
574 579
574 624
574 695
574 909
574 929
574 931
574 998
575 618
575 642
575 643
575 644
575 645
575 648
575 649
575 650
575 744
575 859
576 579
576 580
576 591
576 764
576 817
576 928
576 991
577 610
577 641
577 658
577 706
577 760
578 673
578 709
578 720
578 728
578 731
578 905
578 925
578 944
578 949
578 979
578 994
579 580
579 928
580 623
580 919
581 582
581 587
581 644
581 705
581 729
581 914
581 926
581 981
582 590
582 610
582 670
582 705
582 817
582 856
582 914
583 584
583 588
583 589
583 712
583 723
584 585
584 587
584 588
584 590
584 783
585 588
585 589
585 590
585 665
585 801
585 809
586 645
586 711
586 736
586 817
586 831
586 911
586 912
586 915
586 917
586 918
587 588
587 589
587 590
587 717
587 722
587 864
587 931
587 934
588 589
588 630
588 961
588 999
589 625
589 799
589 980
589 982
590 644
590 849
590 870
591 655
591 702
591 903
591 906
591 979
592 593
592 594
592 595
592 597
592 598
592 599
592 668
592 712
592 831
592 861
592 889
592 949
592 974
593 594
593 595
593 598
593 599
593 668
593 669
593 750
593 796
593 807
593 814
593 817
593 833
593 889
593 940
593 969
593 982
594 595
594 598
594 599
594 668
594 677
594 775
594 778
594 805
594 861
594 888
595 597
595 599
595 657
595 668
595 829
595 858
595 889
597 599
597 616
597 619
597 625
597 668
597 855
597 889
598 668
598 830
598 841
598 939
598 950
599 613
599 668
599 761
599 889
599 967
600 656
600 936
601 603
601 605
601 608
601 609
601 610
601 658
601 692
601 762
602 603
602 605
602 607
602 608
602 609
602 610
602 674
602 750
602 780
602 855
602 962
602 963
603 605
603 607
603 608
603 649
603 703
603 936
603 941
604 607
604 736
604 756
604 799
604 885
604 933
604 993
605 607
605 608
605 610
605 651
605 710
605 808
605 897
605 903
605 926
605 935
605 989
605 996
606 635
606 683
606 684
606 686
606 687
606 688
606 689
606 721
606 833
606 845
606 867
606 900
607 608
607 609
607 610
607 719
607 806
608 609
608 610
608 635
608 676
608 906
609 610
609 706
609 752
609 845
609 863
609 964
609 998
610 626
610 628
610 740
610 747
610 879
610 885
611 614
611 615
611 616
611 617
611 618
611 620
611 697
611 771
611 880
611 885
611 887
611 897
611 983
612 613
612 614
612 615
612 616
612 617
612 618
612 619
612 620
612 688
612 730
612 839
612 897
612 962
612 982
613 614
613 616
613 617
613 618
613 619
613 620
613 636
613 644
613 680
613 739
613 897
613 921
613 972
614 615
614 616
614 617
614 618
614 619
614 620
614 645
614 716
614 782
614 793
614 897
614 919
615 616
615 617
615 620
615 897
616 617
616 618
616 619
616 620
616 672
617 639
617 682
617 754
617 777
617 897
617 912
617 951
618 620
618 659
618 897
618 908
619 620
619 802
619 897
619 914
620 707
620 741
620 897
620 907
620 987
621 622
621 625
621 626
621 627
621 628
621 675
621 728
621 733
621 912
621 969
621 978
622 624
622 625
622 626
622 628
622 629
622 844
622 983
622 999
623 692
623 723
623 726
623 738
623 840
624 625
624 626
624 627
624 628
624 629
624 649
624 690
624 997
625 627
625 769
625 809
626 628
626 629
626 703
626 726
626 861
626 873
626 949
627 628
627 692
627 764
627 863
627 965
628 629
628 672
628 785
628 810
628 815
628 966
629 705
629 754
629 772
629 926
629 959
629 982
629 996
630 648
630 691
630 693
630 694
630 698
630 699
630 700
630 722
630 938
630 965
631 632
631 633
631 634
631 636
631 773
631 796
631 819
631 888
631 972
631 991
631 999
632 633
632 634
632 636
632 637
632 638
632 655
632 801
633 636
633 637
633 660
633 795
633 806
634 637
634 638
634 782
634 848
634 857
634 947
634 995
635 671
635 676
635 685
635 922
635 923
635 927
635 929
636 638
636 755
636 931
636 972
637 650
637 668
637 699
637 760
637 972
637 988
638 693
638 797
638 959
638 972
639 735
639 787
639 830
639 951
639 952
639 954
639 956
639 958
639 960
640 891
640 892
640 894
640 896
640 898
640 899
640 939
640 969
641 711
641 716
641 722
641 760
641 809
641 916
641 917
642 643
642 644
642 645
642 650
642 679
642 686
642 859
643 644
643 645
643 649
643 650
643 699
643 764
643 832
643 859
643 901
643 921
643 940
643 970
644 648
644 650
644 693
644 839
644 859
644 927
644 947
645 648
645 649
645 650
645 692
645 884
645 950
646 722
646 724
646 741
646 743
646 745
646 750
646 954
647 659
647 715
647 813
647 873
647 961
648 649
648 666
648 726
648 859
649 650
649 713
649 718
649 824
649 859
649 920
650 837
650 859
651 653
651 654
651 657
651 659
651 800
651 946
652 831
652 878
653 655
653 656
653 657
653 659
653 777
653 797
653 907
653 946
654 655
654 656
654 657
654 659
654 705
654 706
654 769
654 808
654 834
654 843
654 844
654 871
654 946
654 957
655 656
655 657
655 659
655 946
656 657
656 659
656 799
656 873
656 946
657 763
657 776
657 810
657 845
657 847
657 858
658 757
658 989
659 718
659 958
660 670
660 711
660 777
660 901
660 954
661 663
661 664
661 665
661 667
661 696
661 742
661 906
662 664
662 665
662 667
662 696
662 780
662 945
663 664
663 665
663 666
663 667
663 696
663 801
663 808
663 851
663 878
663 972
663 992
664 665
664 666
664 667
664 693
664 696
664 894
664 916
664 981
665 666
665 667
665 696
665 762
665 864
666 667
666 961
667 696
667 772
667 794
667 811
667 837
667 994
668 708
668 717
668 889
669 716
669 841
670 707
670 742
670 757
670 770
670 777
670 788
671 672
671 673
671 674
671 675
671 676
671 677
671 715
671 816
671 841
672 673
672 674
672 676
672 677
672 684
672 743
672 779
672 988
673 675
673 676
673 677
673 707
673 977
674 675
674 677
674 923
674 928
675 676
675 677
675 750
675 783
675 988
676 677
676 924
677 825
677 853
678 701
678 702
678 703
678 706
678 707
678 709
678 710
678 750
679 693
679 711
679 759
679 765
679 776
679 851
679 852
679 854
679 855
679 858
679 939
679 987
680 812
680 967
681 682
681 683
681 684
681 686
681 687
681 688
681 807
681 828
682 683
682 687
682 688
682 689
682 727
682 773
683 684
683 686
683 687
683 689
683 748
683 751
683 772
683 837
683 867
683 902
683 920
683 932
683 959
684 686
684 687
684 688
684 751
684 803
684 867
685 755
685 827
685 842
685 867
685 975
686 687
686 688
686 689
686 798
686 856
686 867
686 882
687 688
687 689
687 708
687 728
687 771
687 867
687 924
687 964
688 689
688 867
688 909
688 926
689 867
690 781
690 860
690 911
690 921
690 977
691 693
691 694
691 695
691 698
691 700
691 736
691 884
691 1000
692 719
692 720
692 722
692 753
692 864
692 903
692 978
693 698
693 699
693 700
693 726
693 795
693 804
693 973
694 698
694 699
694 700
694 889
695 749
695 851
695 865
695 866
695 868
695 869
695 875
696 710
696 737
696 769
696 784
696 880
697 727
697 896
697 921
697 955
697 977
698 699
698 705
698 736
698 748
698 947
699 700
699 773
699 836
699 851
699 944
700 745
700 769
701 702
701 703
701 704
701 706
701 707
701 709
701 710
701 836
701 892
701 948
702 703
702 706
702 707
702 709
702 710
702 804
702 837
702 939
703 704
703 706
703 707
703 710
703 721
703 851
703 964
704 707
704 710
704 795
704 874
704 908
704 976
705 829
705 914
705 1000
706 707
706 709
706 710
706 923
707 709
707 710
707 985
708 748
708 781
708 911
709 734
709 930
710 802
711 764
711 851
711 852
711 853
711 854
711 858
711 923
712 713
712 716
712 720
712 732
712 754
712 898
712 920
712 943
712 959
713 714
713 716
713 720
713 737
713 780
713 935
714 716
714 720
714 784
714 791
714 1000
715 750
715 823
715 865
715 875
715 941
716 720
716 835
716 860
717 762
717 769
717 973
718 808
718 847
718 881
718 910
718 987
719 722
719 723
719 724
719 725
719 727
719 729
719 730
719 777
719 796
719 847
719 855
719 900
720 786
720 820
721 724
721 765
721 838
721 857
721 874
721 912
722 724
722 727
722 730
722 742
722 898
723 724
723 725
723 727
723 729
723 730
723 742
723 921
724 725
724 727
724 729
724 730
724 742
725 727
725 729
725 730
725 742
727 729
727 730
727 742
727 853
727 900
727 966
728 855
728 900
728 929
729 734
729 742
729 803
729 813
729 831
729 840
729 859
729 882
729 902
729 974
730 742
730 765
730 829
730 998
731 805
731 806
731 807
731 808
731 810
731 817
732 733
732 734
732 738
732 739
732 740
732 980
733 734
733 735
733 739
733 740
733 778
733 879
733 907
733 980
733 989
734 739
734 740
734 919
734 980
735 738
735 739
735 740
735 762
735 879
735 980
736 759
736 806
736 901
736 912
736 913
736 915
736 917
736 918
737 751
737 811
737 919
737 965
737 982
737 983
737 984
737 985
737 986
737 987
737 988
737 990
738 739
738 740
738 879
738 980
739 740
739 816
739 848
739 920
739 980
740 841
740 879
740 894
740 945
740 980
741 744
741 745
741 748
741 750
741 761
741 966
741 968
742 810
742 863
742 952
742 986
743 744
743 750
743 835
743 870
744 745
744 748
744 750
744 809
744 911
744 967
745 748
745 750
745 950
746 855
746 913
747 792
747 793
747 794
747 796
747 797
747 798
747 799
747 800
747 974
747 1000
748 750
748 887
749 759
749 781
749 793
749 905
749 916
749 967
749 968
749 969
750 758
750 855
750 976
751 754
751 757
751 759
751 841
751 920
751 928
751 934
751 963
752 783
752 810
752 941
752 981
753 784
753 888
753 929
754 755
754 756
754 757
754 758
754 759
754 762
754 800
754 888
754 979
755 757
755 767
755 808
755 928
755 976
755 979
756 757
756 758
756 759
756 900
756 979
757 758
757 759
757 785
757 798
757 921
757 979
758 759
758 852
758 928
758 974
758 979
759 773
759 789
759 872
759 916
759 928
759 979
760 879
760 922
760 951
761 773
761 775
761 778
761 779
761 785
761 810
761 866
761 986
761 992
762 784
762 795
762 802
762 833
762 942
763 764
763 766
763 767
763 768
763 770
763 816
763 893
763 910
764 766
764 767
764 768
764 818
764 935
765 771
765 895
765 908
766 767
766 768
766 816
766 924
766 935
767 768
767 816
767 861
768 811
768 883
769 799
770 776
770 782
770 784
770 786
770 788
770 801
770 905
770 943
770 953
770 978
771 847
771 861
771 931
772 902
772 903
772 904
772 905
773 775
773 779
773 780
773 806
773 826
773 855
774 777
774 783
774 864
774 870
774 966
775 778
775 779
775 780
775 963
776 928
778 779
778 780
778 800
778 877
778 920
778 925
778 935
779 780
779 809
779 821
779 829
779 895
779 999
780 849
780 962
781 881
781 906
782 784
782 786
782 787
782 788
782 789
782 930
783 827
783 838
783 840
783 873
783 966
784 786
784 787
784 788
784 789
784 830
784 988
785 797
785 827
785 860
785 971
785 974
785 975
785 976
785 991
786 787
786 788
786 789
786 805
786 834
787 788
787 789
787 790
787 885
787 973
788 789
788 992
789 859
791 792
791 793
791 794
791 798
791 799
791 800
792 794
792 796
792 798
792 800
792 810
793 794
793 796
793 798
793 799
793 800
793 814
793 816
793 825
793 895
793 913
793 916
794 798
794 905
794 906
794 933
795 851
795 893
795 934
795 1000
796 797
796 798
796 799
796 800
796 820
796 889
796 905
796 961
796 995
797 798
797 850
798 799
798 830
798 857
798 887
798 888
799 802
799 933
799 968
800 894
800 953
802 804
802 805
802 806
802 808
802 875
802 937
802 978
803 812
804 806
804 807
804 808
804 810
804 937
805 807
805 810
805 937
806 810
806 937
806 945
806 952
807 808
807 867
807 937
808 810
808 842
808 901
808 957
808 992
808 999
809 825
809 839
809 919
809 946
810 852
810 866
810 927
810 937
811 814
811 815
811 817
811 818
811 820
811 991
812 820
812 880
812 895
813 898
814 818
814 819
814 820
814 867
814 980
815 817
815 818
815 819
815 820
816 844
817 818
817 819
817 986
818 820
819 820
819 826
820 934
821 822
821 824
821 826
821 830
821 838
821 872
821 878
821 949
822 825
822 826
822 830
822 872
823 825
823 841
823 842
823 843
823 844
823 846
823 847
823 848
823 849
823 850
823 852
823 899
823 920
823 940
824 825
824 826
824 829
824 830
824 869
824 872
824 932
824 988
825 826
825 830
825 901
826 829
826 872
827 861
827 878
828 859
828 938
829 830
829 872
829 923
830 872
830 986
831 839
831 878
831 946
832 834
832 835
832 836
832 837
832 839
832 840
832 915
832 996
833 836
833 884
834 835
834 836
834 837
834 838
834 840
835 839
835 840
836 837
836 838
836 839
836 840
836 889
836 904
837 838
837 839
837 840
837 855
838 840
839 840
839 937
839 947
841 842
841 846
841 847
841 848
841 849
841 850
841 920
841 940
841 966
842 843
842 844
842 846
842 848
842 849
842 850
842 858
842 940
843 846
843 847
843 848
843 849
843 850
843 920
843 940
843 956
843 968
844 846
844 847
844 848
844 849
844 850
844 940
844 959
844 973
845 886
845 926
845 973
846 847
846 848
846 849
846 912
846 940
847 849
847 850
847 860
847 920
847 925
847 937
847 940
848 849
848 850
848 870
848 920
848 940
849 850
849 920
849 940
850 920
850 940
850 942
851 852
851 853
851 857
851 858
851 859
852 853
852 854
852 855
852 857
852 858
852 929
853 854
853 855
853 858
854 855
854 856
854 857
854 858
854 920
855 857
855 858
855 914
856 890
857 858
857 958
857 980
859 891
860 971
860 974
860 975
860 977
860 991
861 969
862 863
862 865
862 866
862 868
862 869
862 870
863 865
863 866
863 868
863 870
863 932
863 935
864 966
865 866
865 868
865 869
865 870
865 997
865 998
866 867
866 868
866 870
866 886
866 891
866 949
868 869
868 878
868 977
868 978
869 870
869 943
871 873
871 875
871 877
871 880
872 941
873 875
873 876
873 877
873 880
874 889
874 921
874 955
875 877
875 880
876 906
876 989
877 904
877 907
877 972
878 997
879 909
879 934
880 883
880 898
880 990
881 882
881 883
881 884
881 885
881 887
881 888
881 902
882 883
882 884
882 885
882 888
882 890
882 917
882 931
882 947
883 884
883 885
883 887
883 888
883 951
884 885
884 888
884 890
884 935
884 965
885 887
885 888
885 890
885 921
885 968
886 894
886 941
886 942
886 943
886 945
886 947
886 949
886 950
887 888
887 890
887 927
887 996
888 890
888 943
889 938
889 953
890 981
891 892
891 895
891 896
891 898
891 899
891 931
892 894
892 895
892 896
892 898
892 915
892 922
892 998
893 908
893 910
893 922
894 895
894 898
894 899
895 896
895 899
895 999
896 898
896 899
896 911
896 949
896 950
898 899
900 969
900 970
901 902
901 903
901 904
901 905
902 903
902 904
902 905
903 904
903 905
903 908
903 926
904 942
905 965
906 922
906 986
906 999
907 912
909 933
909 935
909 939
909 950
909 988
909 995
912 913
912 915
912 917
912 918
913 915
913 917
913 918
913 969
914 919
914 943
915 917
915 918
916 962
916 963
916 964
916 965
916 967
916 969
917 918
919 981
919 982
919 983
919 984
919 985
919 986
919 987
919 990
920 940
920 987
922 923
922 924
922 926
922 927
922 929
922 930
922 973
923 924
923 926
923 927
923 929
923 930
924 926
924 927
924 929
924 981
925 994
926 930
926 948
927 929
927 930
929 930
929 946
929 952
930 984
931 932
931 933
931 934
931 935
931 939
931 950
931 954
932 933
932 935
932 939
932 991
933 939
933 996
934 939
934 944
935 996
936 950
936 978
937 980
937 985
938 982
939 964
939 978
939 980
940 970
941 942
941 948
941 949
941 950
941 981
942 943
942 945
942 947
942 949
943 948
943 949
943 950
944 994
945 947
945 948
945 949
945 950
947 948
947 949
948 950
949 950
951 952
951 953
951 954
951 956
951 957
951 958
951 960
952 954
952 956
952 958
952 960
953 954
953 956
953 957
953 958
953 960
954 956
954 957
954 958
954 960
955 956
956 957
956 958
956 960
956 967
957 958
957 960
958 960
958 963
959 1000
960 970
962 963
962 964
962 965
962 969
962 989
963 964
963 965
963 967
963 968
964 965
964 967
964 969
965 968
965 969
966 968
967 968
967 969
968 969
970 995
970 996
970 997
970 998
970 999
970 1000
971 974
971 976
971 977
971 991
974 975
974 976
974 977
974 991
975 976
975 977
975 991
976 991
981 982
981 983
981 984
981 985
981 986
981 988
981 990
982 983
982 984
982 985
982 987
982 990
983 984
983 985
983 986
983 987
984 985
984 986
984 987
984 988
985 986
985 987
985 988
985 990
986 988
986 990
987 990
988 992
989 991
992 996
992 997
992 998
992 999
992 1000
995 996
995 997
995 998
995 1000
996 997
996 998
996 999
996 1000
997 998
997 999
997 1000
998 999
