1000 8766
1 17
1 21
1 31
1 32
1 34
1 36
1 37
1 38
1 40
1 141
1 219
1 225
1 249
1 323
1 448
1 485
1 556
1 665
1 668
1 838
1 852
1 875
1 935
1 945
1 953
2 3
2 4
2 5
2 6
2 9
2 10
2 283
2 345
2 370
2 375
2 381
2 649
2 685
2 794
2 957
3 5
3 8
3 9
3 10
3 67
3 88
3 398
3 571
3 690
4 6
4 8
4 9
4 109
4 283
4 653
5 8
5 10
5 21
5 129
5 183
5 283
5 362
5 419
5 435
5 490
5 913
6 8
6 9
6 10
6 56
6 121
6 179
6 253
6 283
6 289
6 384
6 447
6 538
6 710
6 756
6 776
6 814
6 826
7 165
7 174
7 192
7 223
7 269
7 270
7 289
7 472
7 588
7 589
7 651
7 653
7 654
7 656
7 659
7 660
7 664
7 741
7 915
7 994
8 9
8 76
8 193
8 263
8 273
8 284
8 416
8 500
8 524
8 725
8 787
8 945
8 958
9 10
9 260
9 283
9 305
9 323
9 564
9 710
9 772
10 11
10 131
10 214
10 283
10 314
10 482
10 493
10 505
10 561
10 572
10 643
10 713
10 804
10 907
10 944
11 21
11 33
11 73
11 112
11 242
11 251
11 311
11 321
11 452
11 487
11 491
11 499
11 528
11 671
11 706
11 867
11 952
11 953
11 956
11 957
11 959
11 976
12 24
12 284
12 336
12 393
12 574
12 673
12 699
12 740
12 784
12 817
12 910
12 958
12 981
12 983
12 984
12 985
12 986
12 987
12 988
12 989
12 990
13 14
13 16
13 18
13 89
13 96
13 363
13 518
13 555
13 707
13 708
13 770
13 838
13 854
13 910
13 936
14 15
14 16
14 18
14 20
14 86
14 89
14 492
14 518
14 543
14 555
14 598
14 695
14 707
14 772
14 792
14 811
14 836
14 838
14 853
14 936
15 17
15 18
15 45
15 89
15 251
15 264
15 453
15 518
15 555
15 628
15 653
15 668
15 695
15 707
15 773
15 897
15 991
16 17
16 20
16 89
16 90
16 242
16 431
16 433
16 468
16 511
16 527
16 547
16 555
16 679
16 695
16 707
16 817
16 936
17 18
17 20
17 101
17 392
17 401
17 487
17 518
17 607
17 608
17 695
17 707
17 787
17 793
17 915
17 941
17 958
17 989
18 20
18 89
18 270
18 324
18 555
18 640
18 691
18 936
19 117
19 197
19 421
19 423
19 425
19 426
19 427
19 429
19 439
19 453
19 492
19 618
19 631
19 633
19 660
19 879
19 905
19 915
19 941
20 89
20 194
20 247
20 383
20 450
20 507
20 555
20 580
20 620
20 622
20 628
20 695
20 759
20 880
20 936
21 33
21 175
21 204
21 208
21 242
21 296
21 321
21 336
21 452
21 552
21 629
21 673
21 743
21 752
21 764
21 898
21 951
21 952
21 953
21 956
21 957
21 959
22 24
22 26
22 28
22 29
22 139
22 140
22 156
22 248
22 256
22 441
22 655
22 716
22 734
22 856
23 233
23 336
23 381
23 522
23 601
23 731
23 734
23 735
23 736
23 737
23 738
23 739
23 779
23 796
23 838
23 851
23 913
23 932
23 962
24 26
24 29
24 68
24 156
24 208
24 217
24 235
24 261
24 449
24 483
24 655
24 679
24 699
24 721
25 134
25 344
25 381
25 483
25 503
25 617
25 658
25 662
25 812
25 897
25 942
25 943
25 944
25 946
25 948
25 950
25 963
26 28
26 87
26 132
26 156
26 227
26 235
26 632
26 655
26 816
27 198
27 244
27 245
27 247
27 248
27 250
27 323
27 509
27 520
27 542
27 644
27 718
27 775
27 788
27 855
28 29
28 67
28 110
28 156
28 195
28 220
28 235
28 496
28 655
28 688
28 695
28 991
29 78
29 121
29 146
29 156
29 195
29 211
29 228
29 235
29 333
29 477
29 490
29 947
30 191
30 193
30 194
30 195
30 196
30 197
30 199
30 200
30 227
30 325
30 344
30 502
30 513
30 596
30 662
30 667
30 691
30 698
30 716
30 788
30 845
30 908
30 942
30 1000
31 34
31 35
31 36
31 38
31 39
31 40
31 145
31 219
31 231
31 321
31 481
31 485
31 665
31 668
31 674
31 679
31 783
31 891
31 909
32 34
32 35
32 36
32 38
32 39
32 40
32 70
32 92
32 164
32 219
32 485
32 492
32 537
32 665
32 668
32 671
32 674
32 685
32 745
32 830
33 67
33 116
33 242
33 321
33 409
33 421
33 427
33 452
33 597
33 618
33 647
33 722
33 735
33 767
33 825
33 847
33 916
33 953
33 956
33 957
33 977
34 35
34 36
34 37
34 38
34 39
34 64
34 118
34 143
34 219
34 223
34 297
34 353
34 485
34 665
34 668
34 674
34 691
34 742
34 774
35 36
35 37
35 38
35 39
35 40
35 201
35 219
35 333
35 341
35 427
35 485
35 604
35 668
35 674
35 676
35 750
35 773
36 37
36 38
36 39
36 40
36 79
36 93
36 217
36 219
36 264
36 323
36 357
36 436
36 440
36 452
36 485
36 486
36 560
36 665
36 734
36 760
36 997
37 39
37 40
37 151
37 427
37 485
37 492
37 501
37 665
37 668
37 674
37 687
38 39
38 40
38 186
38 190
38 219
38 267
38 344
38 440
38 485
38 505
38 506
38 523
38 665
38 668
38 670
38 674
38 764
38 964
39 40
39 167
39 199
39 296
39 320
39 365
39 380
39 485
39 733
39 878
39 968
40 130
40 211
40 252
40 274
40 326
40 485
40 566
40 653
40 668
40 719
40 752
40 775
40 879
41 165
41 171
41 173
41 174
41 175
41 176
41 177
41 178
41 179
41 180
41 222
41 380
41 418
41 537
41 675
41 687
41 728
41 764
41 773
41 799
41 822
41 890
42 43
42 45
42 46
42 47
42 50
42 187
42 191
42 225
42 309
42 333
42 380
42 521
42 645
42 689
42 774
42 825
42 891
42 927
42 952
43 45
43 46
43 48
43 211
43 234
43 257
43 344
43 364
43 394
43 573
43 575
43 655
44 171
44 281
44 282
44 286
44 288
44 289
44 290
44 375
44 424
44 435
44 570
44 586
44 606
44 661
44 672
44 696
44 825
44 844
45 46
45 47
45 48
45 50
45 84
45 107
45 352
45 394
45 488
45 575
45 912
45 970
45 997
46 47
46 48
46 132
46 239
46 298
46 355
46 493
46 539
46 575
46 640
46 717
46 796
46 837
47 48
47 65
47 135
47 162
47 226
47 238
47 279
47 378
47 524
47 534
47 575
47 647
47 707
47 779
47 795
47 823
48 53
48 67
48 135
48 210
48 340
48 349
48 378
48 388
48 575
48 743
48 758
48 816
48 832
48 945
49 121
49 123
49 126
49 127
49 129
49 130
49 160
49 189
49 192
49 256
49 264
49 446
49 483
49 493
49 500
49 684
49 761
49 782
49 817
49 912
50 98
50 107
50 159
50 351
50 375
50 378
50 386
50 639
50 746
50 804
50 851
50 902
50 969
51 55
51 56
51 57
51 58
51 59
51 203
51 420
51 573
51 777
51 932
52 66
52 74
52 130
52 147
52 233
52 468
52 657
52 792
52 796
52 799
52 800
52 810
52 820
52 977
53 56
53 57
53 58
53 59
53 187
53 225
53 504
53 573
53 675
53 738
53 869
53 956
54 91
54 93
54 95
54 97
54 98
54 100
54 198
54 222
54 249
54 410
54 614
54 669
54 728
54 741
54 793
54 888
54 925
54 929
54 976
55 56
55 57
55 58
55 59
55 69
55 208
55 213
55 225
55 236
55 306
55 403
55 492
55 516
55 573
55 732
55 756
55 791
55 835
55 926
56 57
56 58
56 59
56 138
56 253
56 291
56 469
56 555
56 573
56 655
56 916
56 957
56 992
57 58
57 59
57 243
57 552
57 554
57 573
57 668
57 681
57 693
57 760
57 811
58 94
58 201
58 509
58 562
58 573
58 671
58 751
58 890
59 91
59 191
59 217
59 266
59 520
59 573
59 715
59 720
59 797
59 954
59 963
59 994
60 177
60 225
60 279
60 312
60 321
60 370
60 444
60 482
60 722
60 723
60 724
60 725
60 727
60 728
60 729
60 884
60 903
60 954
61 160
61 231
61 232
61 236
61 237
61 238
61 239
61 240
61 490
61 502
61 620
61 622
61 683
61 708
61 786
61 843
61 856
62 63
62 64
62 66
62 67
62 70
62 118
62 145
62 227
62 230
62 237
62 325
62 392
62 468
62 546
62 627
62 718
62 844
62 893
62 966
63 64
63 66
63 67
63 70
63 118
63 230
63 426
63 468
63 489
63 687
63 753
63 849
63 963
63 997
64 78
64 147
64 178
64 230
64 282
64 468
64 611
64 653
64 752
64 781
64 819
64 846
65 68
65 140
65 155
65 313
65 322
65 323
65 324
65 325
65 326
65 328
65 329
65 330
65 352
65 429
65 450
65 521
65 544
65 588
65 638
65 906
66 67
66 70
66 118
66 169
66 230
66 326
66 376
66 402
66 468
66 650
66 735
66 821
67 70
67 118
67 177
67 212
67 230
67 244
67 349
67 352
67 536
67 607
67 693
67 770
67 941
67 975
67 992
67 997
68 104
68 199
68 436
68 516
68 544
68 627
68 670
68 712
68 719
68 825
68 831
68 872
68 926
68 977
69 131
69 132
69 133
69 135
69 137
69 138
69 139
69 213
69 327
69 396
69 552
69 867
69 886
69 889
69 902
69 968
70 118
70 230
70 302
70 320
70 333
70 471
70 475
70 616
70 632
70 809
70 921
71 74
71 75
71 76
71 78
71 80
71 81
71 115
71 234
71 273
71 406
71 471
71 497
71 506
71 546
71 591
71 646
71 885
72 89
72 113
72 114
72 115
72 116
72 117
72 359
72 364
72 520
72 543
72 644
72 762
73 137
73 248
73 287
73 334
73 337
73 408
73 465
73 474
73 541
73 641
73 644
73 645
73 648
73 649
73 650
73 699
73 845
74 75
74 76
74 77
74 78
74 79
74 80
74 90
74 234
74 273
74 326
74 340
74 440
74 535
74 546
74 839
75 76
75 77
75 78
75 79
75 80
75 161
75 172
75 223
75 234
75 402
75 490
75 529
75 535
75 555
75 611
75 646
75 917
76 77
76 78
76 234
76 273
76 467
76 471
76 486
76 545
76 546
76 646
76 777
76 865
76 883
76 960
77 78
77 79
77 80
77 234
77 408
77 471
77 475
77 509
77 535
77 546
77 605
77 833
77 949
77 962
78 79
78 80
78 87
78 114
78 117
78 126
78 156
78 204
78 234
78 273
78 349
78 367
78 391
78 471
78 488
78 510
78 535
78 546
78 586
78 646
78 761
78 859
78 982
79 143
79 204
79 218
79 234
79 273
79 277
79 428
79 429
79 471
79 473
79 508
79 535
79 646
79 659
79 681
79 704
79 740
79 773
79 891
79 932
80 94
80 273
80 471
80 535
80 546
80 646
80 720
80 857
80 894
80 979
81 83
81 96
81 133
81 164
81 216
81 344
81 429
81 528
81 592
81 742
81 795
81 804
81 814
81 815
81 816
81 818
81 820
81 836
81 840
81 841
81 867
81 916
81 955
82 84
82 86
82 87
82 88
82 90
82 131
82 419
82 610
82 998
83 89
83 297
83 322
83 361
83 363
83 365
83 366
83 367
83 368
83 452
83 460
83 587
83 728
83 786
83 802
83 896
84 85
84 88
84 90
84 123
84 131
84 165
84 217
84 382
84 414
84 548
84 717
84 759
84 967
84 998
85 86
85 87
85 88
85 90
85 308
85 345
85 442
85 496
85 543
85 718
85 863
85 978
85 998
86 87
86 88
86 90
86 123
86 252
86 499
86 621
86 724
86 790
86 953
86 968
86 998
87 88
87 152
87 329
87 338
87 361
87 640
87 649
87 778
87 898
87 998
88 90
88 156
88 307
88 354
88 391
88 442
88 643
88 725
88 759
88 789
88 869
88 998
89 134
89 243
89 309
89 310
89 343
89 350
89 359
89 647
89 695
89 707
89 804
89 880
89 927
89 936
89 955
89 957
89 975
90 170
90 482
90 491
90 652
90 771
90 880
90 892
90 998
91 92
91 94
91 95
91 98
91 99
91 100
91 206
91 249
91 304
91 345
91 404
91 410
91 414
91 596
91 685
92 93
92 94
92 95
92 97
92 98
92 99
92 100
92 138
92 249
92 410
92 540
92 624
92 681
92 823
92 852
92 894
92 897
92 933
93 94
93 95
93 97
93 99
93 100
93 199
93 249
93 297
93 326
93 404
93 410
93 431
93 741
93 847
93 910
93 949
94 97
94 98
94 99
94 100
94 143
94 150
94 237
94 249
94 306
94 410
94 413
94 451
94 555
94 572
94 615
94 741
94 858
94 894
94 895
94 939
94 956
95 97
95 98
95 99
95 100
95 140
95 188
95 249
95 258
95 320
95 344
95 387
95 459
95 496
95 499
95 623
95 737
95 741
95 894
95 902
95 926
95 942
95 945
96 108
96 173
96 216
96 294
96 316
96 592
96 632
96 721
96 788
96 791
96 814
96 815
96 816
96 818
96 820
96 950
97 98
97 100
97 150
97 204
97 249
97 265
97 351
97 410
97 532
97 748
97 894
97 959
98 99
98 100
98 146
98 249
98 368
98 410
98 504
98 538
98 571
98 605
98 731
98 894
99 100
99 154
99 249
99 410
99 439
99 673
99 741
99 776
99 865
99 894
99 953
99 961
100 295
100 397
100 405
100 410
100 509
100 597
100 720
100 721
100 805
100 919
100 931
100 977
101 102
101 103
101 106
101 107
101 108
101 109
101 110
101 182
101 206
101 334
101 389
101 390
101 761
101 895
101 945
102 103
102 106
102 108
102 109
102 110
102 243
102 413
102 451
102 636
102 712
102 729
102 759
102 761
102 858
102 913
103 106
103 107
103 108
103 109
103 110
103 128
103 293
103 311
103 397
103 485
103 510
103 558
103 679
103 889
103 913
104 153
104 436
104 457
104 482
104 516
104 559
104 604
104 629
104 712
104 714
104 716
104 719
104 752
104 773
104 831
104 872
104 926
104 931
105 175
105 241
105 256
105 315
105 352
105 430
105 473
105 631
105 639
105 677
105 841
105 846
105 848
105 850
106 107
106 109
106 331
106 389
106 408
106 725
106 761
106 781
107 108
107 109
107 110
107 389
107 497
107 688
107 857
107 907
107 913
107 926
107 976
107 978
107 995
108 109
108 110
108 136
108 143
108 264
108 279
108 353
108 378
108 389
108 557
108 623
108 632
108 728
108 761
108 913
109 110
109 179
109 389
109 489
109 490
109 540
109 737
109 791
109 841
109 913
109 938
110 132
110 145
110 165
110 344
110 389
110 459
110 520
110 705
110 761
110 913
110 925
111 112
111 113
111 114
111 115
111 117
111 125
111 141
111 180
111 217
111 267
111 281
111 388
111 394
111 475
111 543
111 740
111 825
111 858
111 861
111 909
112 114
112 116
112 117
112 276
112 311
112 475
112 543
112 803
112 918
112 980
113 115
113 116
113 117
113 121
113 131
113 150
113 172
113 388
113 475
113 623
113 819
113 956
114 116
114 117
114 228
114 503
114 543
114 695
114 734
114 748
114 826
114 881
114 891
114 931
115 117
115 199
115 221
115 300
115 400
115 475
115 483
115 524
115 543
115 546
115 572
115 648
115 652
115 823
115 843
116 117
116 226
116 291
116 304
116 343
116 475
116 543
116 549
116 556
116 728
116 821
116 884
116 954
117 196
117 543
117 713
117 818
117 862
118 230
118 285
118 304
118 324
118 415
118 468
118 545
118 594
118 841
118 894
118 966
119 183
119 190
119 201
119 202
119 203
119 205
119 206
119 207
119 285
119 478
119 504
119 507
119 599
119 777
119 920
119 923
119 940
119 962
119 968
119 999
120 128
120 151
120 155
120 157
120 158
120 159
120 300
120 325
120 501
120 562
120 587
120 659
120 691
120 754
120 784
120 830
120 882
120 960
120 981
121 123
121 124
121 126
121 127
121 129
121 130
121 154
121 164
121 192
121 256
121 311
121 404
121 500
121 782
121 817
121 974
121 983
121 997
122 125
122 223
122 245
122 250
122 318
122 472
122 478
122 479
122 480
122 499
122 538
122 559
122 637
122 784
122 786
122 951
122 967
123 124
123 126
123 127
123 129
123 130
123 192
123 221
123 285
123 332
123 468
123 500
123 502
123 619
123 782
123 817
123 847
123 912
124 126
124 127
124 130
124 192
124 206
124 256
124 310
124 500
124 724
124 782
124 810
124 815
124 904
124 910
124 953
125 210
125 217
125 218
125 381
125 470
125 485
125 568
125 687
125 793
125 817
125 830
125 932
126 127
126 129
126 130
126 132
126 149
126 192
126 256
126 489
126 500
126 605
126 782
126 817
126 830
126 912
126 999
127 130
127 192
127 256
127 258
127 500
127 519
127 564
127 643
127 690
127 782
127 817
127 860
127 871
127 896
127 898
127 904
127 912
127 950
127 951
128 169
128 448
128 488
128 525
128 610
128 663
128 666
128 667
128 669
128 670
128 831
128 853
128 894
128 904
128 928
128 974
129 130
129 192
129 256
129 446
129 500
129 776
129 806
129 817
129 836
129 844
129 912
129 925
129 948
130 138
130 193
130 256
130 352
130 782
130 817
130 837
130 884
130 912
130 985
130 991
131 132
131 133
131 135
131 137
131 138
131 139
131 302
131 351
131 380
131 396
131 423
131 518
131 585
131 646
131 656
131 688
131 696
131 801
131 1000
132 135
132 138
132 139
132 156
132 311
132 339
132 563
132 578
132 695
132 902
132 932
132 957
133 135
133 137
133 138
133 139
133 226
133 354
133 469
133 515
133 674
133 684
133 902
133 914
134 141
134 169
134 174
134 299
134 309
134 354
134 658
134 805
134 813
134 881
134 943
134 944
134 945
134 946
134 948
134 977
135 137
135 138
135 139
135 435
135 581
135 766
135 806
135 902
135 996
136 169
136 182
136 218
136 331
136 350
136 400
136 461
136 462
136 464
136 469
136 470
136 515
136 525
136 526
136 619
136 623
136 632
136 756
136 760
136 839
136 975
136 979
137 139
137 222
137 306
137 513
137 567
137 831
137 902
137 989
138 139
138 169
138 205
138 309
138 324
138 450
138 483
138 588
138 610
138 902
138 962
139 146
139 459
139 463
139 563
139 612
139 652
139 749
139 902
140 154
140 238
140 323
140 324
140 325
140 326
140 328
140 379
140 486
140 508
140 533
140 568
140 574
140 603
140 670
140 698
141 142
141 143
141 145
141 146
141 147
141 149
141 246
141 333
141 351
141 403
141 442
141 477
141 562
141 594
141 879
142 143
142 145
142 146
142 149
142 246
142 302
142 403
142 462
142 477
142 516
142 530
142 531
142 582
142 698
142 722
142 806
142 953
142 958
143 145
143 146
143 147
143 149
143 172
143 246
143 290
143 309
143 398
143 401
143 433
143 439
143 477
143 622
143 711
143 714
143 775
143 905
143 920
144 413
144 530
144 619
144 781
144 835
144 851
144 852
144 854
144 855
144 857
144 858
144 859
144 860
144 878
144 898
145 149
145 193
145 246
145 262
145 360
145 403
145 477
145 625
145 646
145 695
145 816
145 963
146 149
146 193
146 246
146 273
146 359
146 382
146 403
146 477
146 553
146 603
146 625
146 880
146 922
146 960
147 149
147 277
147 403
147 554
147 620
147 632
147 652
147 711
147 803
147 827
147 938
147 985
148 341
148 350
148 461
148 670
148 757
148 841
148 860
148 961
148 962
148 963
148 968
148 970
149 246
149 272
149 403
149 453
149 504
149 505
149 637
149 860
150 552
150 556
150 557
150 559
150 560
150 822
150 863
150 922
151 153
151 154
151 158
151 159
151 183
151 296
151 396
151 402
151 476
151 830
151 848
151 887
151 958
151 994
152 172
152 326
152 472
152 478
152 480
152 541
152 584
152 596
152 724
152 741
152 752
152 786
152 834
152 839
153 157
153 158
153 159
153 305
153 406
153 531
153 587
153 662
153 778
153 781
153 830
153 834
153 856
153 913
154 157
154 158
154 159
154 193
154 228
154 343
154 366
154 493
154 495
154 546
154 553
154 566
154 711
154 718
154 824
154 830
155 204
155 217
155 230
155 259
155 322
155 323
155 326
155 330
155 521
155 562
155 733
155 821
155 836
156 176
156 187
156 212
156 222
156 232
156 235
156 258
156 355
156 423
156 660
156 919
157 158
157 159
157 167
157 479
157 594
157 628
157 673
157 778
157 819
157 830
157 846
157 847
157 977
158 159
158 257
158 472
158 721
158 750
158 808
158 830
158 858
158 929
158 966
159 334
159 343
159 347
159 394
159 476
159 535
159 557
159 582
159 660
159 797
159 830
159 892
159 926
160 231
160 232
160 236
160 237
160 238
160 239
160 240
160 361
160 378
160 394
160 456
160 475
160 502
160 622
160 649
160 661
160 725
160 759
160 843
160 855
160 900
161 165
161 166
161 168
161 170
161 277
161 382
161 459
161 471
161 544
161 554
161 577
161 853
161 917
162 289
162 316
162 403
162 440
162 466
162 654
162 671
162 672
162 675
162 676
162 679
162 775
162 964
163 164
163 165
163 166
163 167
163 170
163 213
163 238
163 266
163 382
163 656
163 749
163 917
163 980
164 165
164 168
164 170
164 225
164 283
164 307
164 382
164 578
164 639
164 644
164 700
164 786
164 803
164 812
164 838
164 917
164 939
165 167
165 168
165 170
165 206
165 382
165 476
165 490
165 509
165 728
165 761
165 765
165 794
165 863
165 917
165 959
166 167
166 168
166 170
166 239
166 382
166 609
166 720
166 722
166 739
166 752
166 766
166 917
167 168
167 170
167 269
167 382
167 516
167 542
167 600
167 637
167 671
167 761
167 789
167 831
167 855
167 891
167 917
167 948
168 170
168 713
168 733
168 807
168 917
168 939
169 350
169 400
169 428
169 461
169 464
169 470
169 509
169 515
169 641
169 705
169 787
169 826
169 839
169 855
169 950
169 975
169 979
170 208
170 343
170 382
170 588
170 692
170 700
170 821
170 885
170 887
171 173
171 175
171 176
171 177
171 178
171 179
171 180
171 210
171 327
171 349
171 375
171 670
171 687
171 822
171 957
172 251
172 252
172 253
172 254
172 255
172 258
172 304
172 421
172 439
172 547
172 558
172 574
172 600
172 670
172 844
172 922
172 961
172 971
172 985
173 174
173 175
173 176
173 177
173 178
173 180
173 255
173 279
173 319
173 381
173 687
173 738
173 741
173 822
173 825
173 890
173 918
174 175
174 176
174 177
174 179
174 180
174 365
174 489
174 498
174 526
174 531
174 687
174 690
174 717
174 804
174 890
175 176
175 177
175 178
175 179
175 180
175 248
175 469
175 687
175 815
175 828
175 901
175 920
176 177
176 178
176 179
176 180
176 183
176 223
176 252
176 282
176 295
176 427
176 431
176 469
176 475
176 528
176 552
176 603
176 611
176 675
176 687
176 822
176 935
176 948
177 178
177 179
177 180
177 391
177 687
177 791
177 840
177 890
178 179
178 299
178 398
178 432
178 611
178 687
178 703
178 797
178 890
178 898
178 916
179 180
179 205
179 244
179 322
179 491
179 625
179 687
179 822
179 890
180 552
180 682
180 768
180 822
180 874
180 890
181 183
181 184
181 185
181 186
181 187
181 188
181 189
181 242
181 337
181 570
181 586
181 666
181 677
181 760
181 835
181 922
181 941
182 390
182 570
182 647
182 661
182 781
182 873
182 875
182 876
182 878
182 880
182 900
182 955
183 184
183 185
183 187
183 189
183 235
183 330
183 366
183 456
183 737
183 790
183 987
184 186
184 187
184 188
184 189
184 376
184 386
184 456
184 552
184 704
184 777
184 790
184 811
184 834
184 959
185 186
185 188
185 189
185 211
185 336
185 403
185 456
185 544
185 624
185 704
185 733
185 790
185 816
185 831
185 956
185 974
186 187
186 188
186 303
186 318
186 443
186 456
186 651
186 704
186 959
186 994
187 188
187 189
187 205
187 258
187 281
187 342
187 373
187 417
187 456
187 523
187 558
187 696
187 704
187 753
187 785
187 790
188 202
188 210
188 329
188 409
188 456
188 584
188 589
188 704
188 790
188 856
188 892
188 895
188 939
188 966
188 993
189 327
189 379
189 432
189 439
189 456
189 484
189 523
189 524
189 700
189 704
189 790
189 906
189 949
190 201
190 202
190 203
190 204
190 206
190 208
190 285
190 497
190 503
190 507
190 568
190 589
190 631
190 718
190 784
190 808
190 884
190 999
191 193
191 194
191 196
191 197
191 286
191 325
191 344
191 402
191 431
191 497
191 594
191 652
191 662
191 732
191 776
191 823
191 847
191 1000
192 227
192 256
192 500
192 564
192 587
192 782
192 817
192 902
192 912
192 934
192 963
193 194
193 195
193 196
193 197
193 199
193 200
193 312
193 344
193 392
193 482
193 661
193 662
193 720
193 755
193 807
193 822
193 844
193 859
193 902
193 933
193 1000
194 195
194 196
194 199
194 200
194 205
194 285
194 344
194 723
194 728
194 847
194 872
195 196
195 197
195 199
195 201
195 446
195 469
195 500
195 558
195 662
195 695
195 813
195 842
195 859
195 1000
196 199
196 200
196 243
196 344
196 359
196 510
196 514
196 579
196 717
196 846
196 1000
197 199
197 200
197 240
197 274
197 342
197 344
197 599
197 662
197 706
197 797
197 884
197 921
197 1000
198 243
198 245
198 247
198 248
198 250
198 280
198 319
198 326
198 347
198 441
198 506
198 520
198 532
198 585
198 642
198 848
198 860
198 898
198 899
198 935
199 200
199 233
199 344
199 384
199 519
199 662
199 670
199 748
199 786
199 925
199 926
199 929
199 1000
200 330
200 333
200 344
200 515
200 630
200 633
200 651
200 662
200 669
200 713
200 738
200 751
200 815
200 817
200 984
200 1000
201 203
201 204
201 207
201 208
201 218
201 285
201 338
201 507
201 595
201 718
201 808
201 880
201 999
202 203
202 204
202 205
202 206
202 208
202 238
202 285
202 299
202 325
202 384
202 436
202 450
202 507
202 631
202 721
202 808
202 812
202 940
203 204
203 205
203 206
203 207
203 208
203 286
203 307
203 351
203 360
203 595
203 603
203 644
203 654
203 674
203 718
203 808
203 999
204 205
204 206
204 207
204 208
204 230
204 285
204 406
204 507
204 668
204 754
204 808
204 880
204 958
204 999
205 206
205 207
205 208
205 285
205 452
205 483
205 507
205 718
205 808
205 920
205 944
206 208
206 265
206 272
206 312
206 365
206 409
206 437
206 507
206 531
206 546
206 636
206 718
206 731
206 808
206 888
206 999
207 208
207 277
207 285
207 296
207 382
207 507
207 540
207 618
207 718
207 808
207 988
207 999
208 212
208 233
208 271
208 336
208 354
208 370
208 428
208 455
208 507
208 571
208 597
208 638
208 718
208 762
208 798
208 832
208 974
208 999
209 231
209 490
209 612
209 991
209 992
209 993
209 994
209 997
210 211
210 213
210 214
210 217
210 218
210 324
210 417
210 444
210 568
210 721
210 932
211 214
211 218
211 339
211 348
211 390
211 568
211 578
211 610
211 776
211 791
211 908
212 274
212 296
212 301
212 302
212 303
212 307
212 308
212 309
212 310
212 374
212 655
212 709
212 862
212 957
213 217
213 218
213 280
213 355
213 457
213 568
213 582
213 761
213 932
213 970
214 218
214 377
214 568
214 706
214 850
214 868
215 401
215 402
215 404
215 405
215 406
215 407
215 441
215 515
215 582
215 613
215 641
215 695
215 701
215 853
215 994
216 323
216 348
216 493
216 586
216 592
216 736
216 740
216 791
216 813
216 814
216 815
216 820
216 864
216 917
217 218
217 226
217 328
217 386
217 553
217 568
217 728
217 932
218 330
218 345
218 486
218 494
218 508
218 932
218 980
219 295
219 412
219 484
219 485
219 665
219 668
219 674
220 222
220 223
220 224
220 225
220 226
220 227
220 228
220 229
220 248
220 363
220 766
220 980
221 368
221 415
221 455
221 480
221 584
221 671
221 672
221 675
221 676
221 679
221 833
221 908
221 964
222 223
222 225
222 226
222 227
222 228
222 229
222 397
222 436
222 527
222 674
222 955
222 980
223 224
223 225
223 226
223 227
223 229
223 406
223 503
223 708
223 713
223 782
223 871
223 980
224 225
224 227
224 228
224 229
224 282
224 515
224 536
224 590
224 639
224 654
224 802
224 913
224 980
225 227
225 229
225 261
225 543
225 820
225 827
226 227
226 228
226 229
226 318
226 405
226 431
226 471
226 634
226 906
226 975
227 229
227 636
227 685
227 723
227 767
227 795
227 980
228 263
228 272
228 373
228 380
228 584
228 707
228 862
228 929
228 945
228 980
228 1000
229 588
229 723
229 894
229 959
230 241
230 312
230 332
230 371
230 392
230 400
230 692
230 810
230 826
230 848
230 864
230 948
231 236
231 238
231 240
231 306
231 403
231 475
231 502
231 550
231 622
231 647
231 653
231 683
231 781
231 790
231 856
231 971
232 236
232 237
232 238
232 239
232 240
232 306
232 373
232 437
232 502
232 537
232 538
232 622
232 683
232 700
232 856
233 489
233 497
233 657
233 792
233 796
233 797
233 799
233 800
233 860
233 915
233 955
233 962
233 982
233 986
234 273
234 381
234 471
234 530
234 535
234 546
234 646
234 650
234 668
234 696
234 697
234 714
234 759
234 802
234 809
234 878
234 932
234 974
234 993
234 997
235 261
235 325
235 562
235 655
235 711
235 756
235 764
235 781
235 901
236 238
236 239
236 240
236 242
236 327
236 502
236 566
236 622
236 683
236 813
236 855
236 856
236 871
236 875
236 951
236 967
237 238
237 240
237 283
237 304
237 385
237 622
237 796
237 856
237 954
237 955
238 239
238 240
238 306
238 335
238 431
238 464
238 502
238 587
238 612
238 622
238 625
238 759
239 306
239 383
239 385
239 431
239 502
239 579
239 620
239 622
239 683
239 702
239 856
239 883
240 306
240 389
240 430
240 443
240 475
240 502
240 565
240 622
240 683
240 785
240 812
240 856
241 244
241 253
241 269
241 307
241 336
241 397
241 442
241 491
241 536
241 557
241 595
241 596
241 597
241 598
241 599
241 600
241 817
241 848
242 321
242 452
242 622
242 655
242 804
242 926
242 934
242 941
242 951
242 952
242 953
242 956
242 959
243 245
243 247
243 250
243 370
243 443
243 510
243 534
243 583
243 603
243 709
243 762
243 804
243 880
243 908
244 245
244 247
244 248
244 312
244 383
244 425
244 494
244 533
244 567
244 703
244 924
245 247
245 248
245 250
245 340
245 389
245 404
245 470
245 503
245 522
245 691
245 768
245 880
245 918
245 948
245 992
246 403
246 477
246 694
246 770
246 885
246 924
246 933
247 248
247 250
247 320
247 438
247 452
247 456
247 457
247 470
247 503
247 510
247 702
247 739
247 888
248 250
248 504
248 586
248 651
248 652
248 732
248 751
248 889
248 899
248 967
249 410
249 452
249 712
249 737
249 741
250 415
250 439
250 831
250 946
250 951
250 1000
251 252
251 253
251 254
251 255
251 258
251 259
251 325
251 382
251 504
251 547
251 643
251 792
251 844
252 253
252 254
252 255
252 257
252 258
252 259
252 328
252 456
252 587
252 656
252 745
252 832
252 844
252 899
253 254
253 257
253 258
253 259
253 439
253 458
253 483
253 807
253 844
253 895
254 255
254 257
254 258
254 259
254 269
254 393
254 398
254 400
254 481
254 485
254 618
254 666
254 844
254 888
254 891
254 941
254 969
254 996
255 257
255 258
255 296
255 320
255 490
255 810
255 844
255 864
255 971
256 343
256 500
256 585
256 589
256 635
256 647
256 782
256 798
256 817
256 912
256 951
257 258
257 259
257 488
257 595
257 862
257 927
257 972
258 259
258 367
258 438
258 449
258 587
258 608
258 702
258 789
258 844
259 340
259 346
259 398
259 418
259 475
259 664
260 261
260 411
260 466
260 475
260 553
260 571
260 576
260 578
260 579
260 580
260 618
260 673
260 765
260 798
260 803
260 834
260 843
260 950
261 263
261 264
261 343
261 349
261 355
261 474
261 525
261 606
261 629
261 658
261 726
261 855
261 926
261 949
262 263
262 264
262 265
262 266
262 267
262 315
262 349
262 355
262 356
262 613
262 712
262 779
262 783
262 883
262 885
263 264
263 265
263 266
263 267
263 328
263 355
263 381
263 474
263 520
263 527
263 779
263 949
263 970
264 265
264 266
264 267
264 340
264 349
264 355
264 382
264 387
264 474
264 476
264 490
264 552
264 801
264 944
265 266
265 267
265 307
265 349
265 355
265 380
265 450
265 474
265 703
265 825
266 267
266 277
266 349
266 355
266 551
266 664
266 889
266 989
267 349
267 355
267 357
267 397
267 441
267 474
267 607
267 628
267 657
267 810
267 822
267 831
267 841
267 872
267 874
267 896
267 965
268 313
268 590
268 780
268 891
268 911
268 914
268 916
268 920
269 304
269 397
269 496
269 536
269 595
269 596
269 598
269 671
269 705
269 742
269 794
269 801
269 827
269 891
270 282
270 304
270 486
270 487
270 488
270 489
270 496
270 583
270 686
270 733
270 753
270 811
270 874
270 885
270 893
270 967
271 272
271 274
271 276
271 277
271 278
271 279
271 280
271 349
271 399
271 418
271 635
271 739
271 741
271 756
271 839
271 862
272 274
272 276
272 277
272 278
272 279
272 280
272 363
272 396
272 512
272 523
272 611
272 635
272 756
272 868
273 395
273 471
273 524
273 535
273 677
273 739
273 770
273 806
273 827
274 276
274 277
274 279
274 280
274 558
274 575
274 633
274 635
274 696
274 755
274 756
274 778
274 788
274 822
275 318
275 412
275 414
275 415
275 416
275 417
275 418
275 419
275 428
275 453
275 465
275 706
275 894
275 953
275 969
276 277
276 278
276 279
276 281
276 475
276 635
276 756
276 843
276 946
276 981
277 278
277 279
277 280
277 418
277 562
277 635
277 756
277 760
277 864
277 926
278 279
278 280
278 319
278 580
278 635
278 659
278 672
279 280
279 345
279 375
279 388
279 635
279 645
279 912
279 945
279 947
279 978
279 995
280 417
280 467
280 506
280 635
280 658
280 669
280 690
280 707
280 750
280 756
280 795
280 951
281 282
281 289
281 290
281 336
281 360
281 370
281 435
281 468
281 557
281 570
281 588
281 617
281 661
281 665
281 824
281 906
281 972
282 288
282 290
282 391
282 399
282 435
282 454
282 538
282 570
282 584
282 617
282 618
282 661
282 756
282 971
283 303
283 322
283 399
283 577
283 629
283 719
283 725
283 769
283 814
283 886
284 353
284 531
284 532
284 533
284 534
284 537
284 539
284 669
284 784
284 998
285 299
285 441
285 507
285 571
285 664
285 666
285 718
285 808
285 811
285 833
285 857
285 977
285 991
285 999
286 288
286 289
286 290
286 317
286 327
286 429
286 435
286 570
286 585
286 617
286 661
286 707
286 752
286 892
286 922
286 945
287 380
287 424
287 538
287 559
287 623
287 625
287 629
287 630
287 700
287 938
288 290
288 293
288 373
288 435
288 570
288 613
288 617
288 886
289 290
289 359
289 435
289 570
289 613
289 617
289 661
289 689
289 837
289 979
290 398
290 429
290 435
290 570
290 589
290 661
290 667
290 683
290 740
290 753
290 778
290 814
290 901
290 963
291 442
291 444
291 445
291 447
291 448
291 449
291 648
291 684
291 776
291 784
291 792
291 862
291 878
292 294
292 295
292 296
292 297
292 298
292 299
292 300
292 339
292 443
292 467
292 503
292 589
292 614
292 646
292 682
292 696
292 716
292 754
292 774
292 803
292 979
293 295
293 296
293 297
293 298
293 400
293 408
293 467
293 546
293 557
293 754
293 788
293 790
293 895
294 296
294 297
294 298
294 402
294 439
294 568
294 621
294 754
294 791
294 803
294 846
294 914
294 974
295 297
295 298
295 299
295 300
295 467
295 544
295 682
295 704
295 754
296 298
296 299
296 300
296 310
296 467
296 754
296 803
296 845
296 850
296 988
297 299
297 300
297 316
297 430
297 696
297 698
297 754
297 759
297 803
297 966
298 299
298 300
298 344
298 359
298 384
298 390
298 467
298 569
298 684
298 731
298 803
298 951
299 300
299 322
299 467
299 469
299 541
299 575
299 706
299 754
299 777
299 803
299 959
299 997
300 467
300 754
300 840
300 844
300 890
300 926
301 302
301 304
301 305
301 307
301 309
301 444
301 508
301 551
301 715
301 752
301 786
301 815
301 870
301 927
302 303
302 304
302 305
302 307
302 308
302 309
302 310
302 331
302 374
302 541
302 624
302 811
302 838
302 913
303 304
303 305
303 307
303 310
303 617
303 775
303 847
303 910
304 305
304 307
304 308
304 309
304 310
304 373
304 611
304 754
304 849
304 933
305 307
305 308
305 309
305 405
305 426
305 443
305 512
305 639
305 723
305 794
305 829
306 313
306 674
306 683
306 693
306 759
306 856
306 933
307 310
307 335
307 366
307 658
307 780
307 926
307 941
307 942
308 309
308 310
308 414
308 459
308 477
308 479
308 496
308 520
308 550
308 594
308 705
308 748
308 788
308 849
308 897
308 911
308 958
309 396
309 533
309 559
309 874
310 335
310 371
310 482
310 633
310 639
310 669
310 926
311 313
311 316
311 317
311 319
311 320
311 447
311 579
311 616
311 715
311 733
311 816
311 925
311 983
312 317
312 353
312 370
312 626
312 721
312 722
312 723
312 724
312 725
312 726
312 727
312 728
312 729
312 730
312 770
312 954
313 314
313 315
313 317
313 319
313 320
313 491
313 838
313 879
314 315
314 316
314 319
314 320
314 338
314 424
314 659
314 715
314 748
314 789
314 806
314 809
314 901
314 937
314 980
315 317
315 319
315 320
315 401
315 446
315 453
315 539
315 584
315 715
315 925
315 975
316 317
316 319
316 320
316 475
316 507
316 598
316 714
316 715
316 801
316 864
316 925
316 926
316 953
317 319
317 324
317 377
317 397
317 486
317 525
317 561
317 634
317 696
317 925
317 967
317 981
318 373
318 414
318 417
318 418
318 419
318 465
318 528
318 705
318 749
318 754
318 836
318 842
318 929
319 320
319 396
319 434
319 450
319 463
319 585
319 715
319 950
320 532
320 615
320 638
320 648
320 715
320 732
320 762
320 806
320 889
320 917
321 337
321 452
321 481
321 576
321 646
321 723
321 951
321 952
321 953
321 956
321 957
321 959
321 985
322 323
322 324
322 325
322 326
322 328
322 329
322 330
322 335
322 491
322 605
322 703
322 760
322 789
322 809
322 969
323 324
323 325
323 327
323 328
323 329
323 330
323 468
323 521
323 592
323 648
323 722
323 749
323 750
323 824
323 917
323 918
323 947
324 326
324 328
324 329
324 330
324 337
324 385
324 404
324 460
324 512
324 521
324 523
324 656
324 676
325 328
325 329
325 330
325 396
325 497
325 502
325 521
325 792
326 327
326 328
326 329
326 330
326 341
326 491
326 521
326 577
326 580
326 669
326 852
327 328
327 329
327 330
327 480
327 490
327 501
327 521
327 567
327 609
327 668
327 846
327 996
328 329
328 416
328 447
328 521
328 638
328 648
328 881
328 897
329 514
329 521
329 590
329 743
329 894
329 926
330 356
330 521
330 603
330 781
330 786
330 854
330 869
330 995
331 332
331 333
331 334
331 338
331 339
331 340
331 371
331 417
331 480
331 527
331 625
331 813
331 881
331 931
331 952
332 335
332 337
332 339
332 352
332 356
332 371
332 387
332 425
332 463
332 468
332 518
332 527
332 594
332 810
332 843
332 848
332 977
333 334
333 335
333 337
333 338
333 340
333 359
333 371
333 432
333 466
333 491
333 527
333 594
333 723
333 817
333 824
333 832
333 876
333 886
333 936
333 964
334 337
334 338
334 339
334 340
334 345
334 371
334 471
334 527
334 594
334 738
334 947
334 995
335 337
335 338
335 339
335 340
335 371
335 527
335 594
335 941
335 963
335 986
336 346
336 397
336 431
336 505
336 536
336 574
336 595
336 596
336 597
336 598
336 599
336 600
336 782
337 339
337 340
337 527
337 543
337 594
337 777
337 878
337 990
337 1000
338 339
338 340
338 371
338 387
338 408
338 520
338 594
338 649
338 757
338 825
338 866
338 878
338 930
339 340
339 371
339 414
339 492
339 527
339 594
339 645
339 680
339 796
339 887
339 952
340 371
340 570
340 594
340 691
340 815
340 911
340 939
340 963
340 975
341 345
341 346
341 347
341 520
341 538
341 630
341 710
341 756
341 860
341 871
341 928
341 934
341 965
341 975
342 345
342 346
342 486
342 499
342 520
342 528
342 582
342 643
342 658
342 795
342 843
342 936
342 952
343 474
343 542
343 561
343 562
343 563
343 564
343 565
343 566
343 567
343 569
343 640
343 643
343 693
343 837
343 861
344 353
344 371
344 431
344 480
344 567
344 662
344 822
344 834
344 1000
345 346
345 347
345 348
345 353
345 471
345 520
345 538
345 662
345 669
345 726
345 782
345 823
346 347
346 348
346 371
346 481
346 520
346 576
346 592
346 629
346 801
346 805
347 348
347 480
347 510
347 538
347 632
347 723
347 813
347 886
348 443
348 465
348 520
348 532
348 538
348 553
348 579
348 660
349 464
349 474
349 680
350 400
350 461
350 462
350 469
350 470
350 515
350 583
350 698
350 737
350 839
350 975
350 995
351 353
351 354
351 356
351 357
351 394
351 429
351 455
351 456
351 476
351 683
351 929
351 943
351 980
351 996
352 463
352 520
352 523
352 543
352 610
352 621
352 639
352 746
352 841
352 846
352 848
352 850
352 926
353 354
353 357
353 394
353 476
353 640
353 695
353 851
353 900
353 950
354 356
354 357
354 409
354 476
354 519
354 546
354 598
354 682
354 753
354 857
354 905
354 916
355 374
355 420
355 474
355 515
355 569
355 656
355 697
355 765
355 818
356 357
356 366
356 394
356 476
356 551
356 905
356 944
356 948
357 394
357 403
357 449
357 476
357 717
357 952
358 382
358 525
358 645
358 754
358 772
358 783
358 784
358 785
358 787
358 788
359 384
359 685
359 694
359 696
359 699
359 700
359 712
359 766
359 767
359 844
359 893
359 919
359 969
360 411
360 473
360 476
360 492
360 520
360 577
360 775
360 806
360 807
360 809
360 810
360 942
361 362
361 365
361 366
361 367
361 368
361 402
361 433
361 443
361 461
361 470
361 521
361 698
361 719
361 760
361 767
361 932
362 398
362 531
362 568
362 636
362 684
362 685
362 686
362 688
362 689
362 690
362 778
363 364
363 365
363 366
363 367
363 368
363 443
363 471
363 568
363 623
363 675
363 759
363 780
363 933
363 944
364 365
364 366
364 367
364 368
364 369
364 392
364 443
364 604
364 640
364 940
364 960
365 368
365 373
365 426
365 443
365 641
365 746
365 869
365 898
365 916
365 943
366 367
366 443
366 446
366 510
366 691
366 729
366 734
366 736
366 838
367 368
367 369
367 472
367 483
367 685
367 759
367 762
368 369
368 404
368 443
368 617
368 687
368 741
368 749
368 818
368 938
369 443
369 488
369 507
369 509
369 589
369 710
369 736
369 843
369 958
370 677
370 721
370 722
370 724
370 725
370 726
370 728
370 729
370 730
370 875
370 954
370 977
371 527
371 549
371 553
371 595
371 644
371 665
371 727
371 733
371 753
371 893
371 969
371 977
372 373
372 374
372 375
372 376
372 377
372 379
372 752
372 765
372 777
373 374
373 376
373 379
373 529
373 540
373 713
373 982
374 375
374 377
374 379
374 503
374 604
374 632
374 667
374 669
374 788
374 814
375 376
375 377
375 531
376 379
376 641
376 684
376 713
376 860
376 874
376 928
377 419
377 422
377 501
377 525
377 585
377 587
377 602
377 622
377 955
378 608
378 845
378 958
379 518
379 656
379 661
379 672
380 391
380 441
380 510
380 603
380 611
380 612
380 613
380 614
380 615
380 616
380 620
380 677
380 853
380 998
381 565
381 596
381 731
381 734
381 735
381 736
381 737
381 738
381 739
381 785
381 790
381 857
381 961
382 415
382 567
382 590
382 647
382 682
382 813
383 384
383 385
383 386
383 388
383 390
383 399
383 579
383 618
383 717
383 775
383 910
383 958
383 978
384 386
384 387
384 483
384 514
384 537
384 717
384 761
384 775
384 847
384 925
384 959
384 999
385 386
385 388
385 390
385 424
385 593
385 664
385 665
385 717
385 816
385 847
385 914
385 966
386 387
386 388
386 390
386 398
386 413
386 483
386 520
386 717
386 746
386 847
386 849
386 879
386 940
386 963
386 966
387 388
387 390
387 401
387 435
387 469
387 483
387 572
387 717
387 775
387 785
387 895
387 966
387 978
388 390
388 483
388 577
388 717
388 775
388 777
388 781
388 814
388 818
388 847
388 870
388 880
388 966
388 967
388 982
388 991
389 423
389 675
389 759
389 761
389 854
389 862
389 871
389 913
389 967
390 475
390 483
390 717
390 775
390 815
390 902
390 920
391 408
391 428
391 437
391 514
391 564
391 762
391 763
391 764
391 765
391 766
391 768
391 769
391 770
391 915
391 945
391 950
391 962
391 987
391 998
392 395
392 399
392 493
392 511
392 524
392 674
392 675
392 708
392 758
392 774
392 811
392 978
393 496
393 558
393 910
393 977
393 981
393 983
393 985
393 986
393 987
393 988
393 989
393 990
394 415
394 435
394 498
394 559
394 582
394 592
394 941
395 399
395 430
395 453
395 524
395 727
395 729
395 811
395 846
395 934
396 563
396 585
396 631
396 632
396 633
396 634
396 637
396 638
396 640
396 713
396 770
396 832
396 988
397 420
397 449
397 469
397 476
397 564
397 595
397 596
397 597
397 598
397 599
397 600
397 675
397 787
397 848
397 904
397 949
398 473
398 607
398 771
398 773
398 777
398 778
398 779
398 780
398 903
399 524
399 529
399 669
399 812
399 814
399 831
399 869
399 894
400 461
400 462
400 464
400 469
400 470
400 483
400 515
400 586
400 788
400 916
400 975
400 979
401 404
401 405
401 406
401 407
401 409
401 410
401 441
401 488
401 582
401 619
401 643
401 691
401 701
401 853
402 404
402 405
402 407
402 409
402 441
402 487
402 497
402 630
402 668
402 713
402 760
402 775
402 848
402 853
402 887
402 985
403 477
403 534
403 704
403 878
404 406
404 409
404 434
404 441
404 582
404 691
404 701
404 706
404 792
404 806
404 845
404 853
404 886
404 922
404 936
404 983
404 991
405 406
405 407
405 409
405 441
405 472
405 582
405 617
405 691
405 694
405 853
405 888
406 407
406 409
406 441
406 533
406 582
406 599
406 691
406 701
406 708
406 759
406 853
406 861
406 862
406 892
406 893
406 967
407 409
407 444
407 532
407 565
407 582
407 604
407 691
407 701
407 725
407 782
407 791
407 797
407 853
408 431
408 475
408 641
408 642
408 644
408 645
408 647
408 648
408 649
408 650
408 841
408 845
408 888
409 441
409 452
409 582
409 683
409 705
409 853
409 897
409 915
409 957
409 960
410 464
410 513
410 562
410 678
410 741
410 894
411 421
411 559
411 577
411 615
411 703
411 735
411 738
411 802
411 804
411 806
411 807
411 809
411 837
411 873
411 926
412 413
412 414
412 415
412 416
412 417
412 465
412 496
412 687
412 746
412 773
412 879
413 511
413 623
413 641
413 703
413 709
413 710
413 804
413 834
413 873
413 951
414 415
414 416
414 418
414 419
414 465
414 626
414 735
414 857
414 877
415 416
415 417
415 418
415 465
415 651
415 659
416 417
416 418
416 419
416 449
416 657
416 719
416 740
416 741
416 894
416 973
416 977
417 418
417 419
417 465
417 517
417 628
417 632
417 646
417 666
417 737
417 754
417 779
417 935
417 939
417 950
417 980
418 419
418 453
418 520
418 685
418 820
418 843
418 867
418 939
418 999
419 443
419 465
419 511
419 618
419 701
419 717
420 506
420 550
420 583
420 584
420 586
420 587
420 588
420 589
420 590
420 592
420 667
420 738
420 771
420 819
420 952
421 422
421 426
421 427
421 428
421 429
421 498
421 539
421 599
421 620
421 645
421 799
421 836
421 848
421 879
421 922
421 941
422 423
422 425
422 426
422 427
422 428
422 429
422 451
422 489
422 553
422 640
422 879
422 886
422 941
422 954
422 994
423 425
423 426
423 428
423 429
423 456
423 487
423 879
423 994
424 437
424 449
424 519
424 623
424 625
424 626
424 629
424 799
424 873
425 426
425 427
425 428
425 429
425 778
425 877
425 879
425 941
426 427
426 428
426 515
426 644
426 750
426 827
426 841
426 910
426 921
427 428
427 429
427 457
427 667
427 795
427 830
427 859
427 879
427 976
427 981
427 994
428 429
428 665
428 941
429 753
429 776
429 852
429 879
429 941
429 956
429 965
430 686
430 720
430 735
430 738
430 793
430 905
430 908
430 949
430 1000
431 433
431 434
431 438
431 439
431 440
431 446
431 732
431 847
431 849
431 983
431 985
432 433
432 438
432 439
432 440
432 675
432 732
432 765
432 849
432 881
432 948
432 953
432 992
432 993
432 1000
433 436
433 438
433 439
433 440
433 522
433 567
433 696
433 732
433 735
433 756
433 849
433 865
433 913
433 993
434 438
434 439
434 440
434 482
434 500
434 698
434 707
434 732
434 767
434 804
434 884
434 980
435 458
435 470
435 548
435 576
435 617
435 635
435 661
435 806
435 827
435 856
436 447
436 552
436 752
436 753
436 755
436 757
436 758
436 759
436 760
436 794
436 874
436 920
437 496
437 535
437 605
437 623
437 625
437 626
437 629
437 630
437 747
437 789
437 822
437 889
438 439
438 440
438 614
438 630
438 694
438 707
438 732
438 849
438 980
439 440
439 478
439 701
439 717
439 732
439 799
439 815
439 849
440 533
440 567
440 589
440 646
440 825
440 846
440 849
441 530
441 582
441 607
441 661
441 691
441 701
441 765
441 798
441 853
442 444
442 445
442 446
442 447
442 449
442 450
442 454
442 551
442 597
442 629
442 834
442 873
442 952
443 462
443 523
443 534
443 671
443 680
443 926
444 445
444 446
444 449
444 450
444 476
444 490
444 546
444 649
444 794
444 800
444 943
445 446
445 447
445 448
445 449
445 450
445 760
445 925
445 934
446 448
446 449
446 450
446 481
446 531
446 666
446 788
446 857
446 894
446 982
447 448
447 449
447 522
447 639
447 866
447 886
448 449
448 818
448 936
449 450
449 638
449 651
449 676
449 688
449 691
449 768
449 837
449 964
450 543
450 588
450 614
450 643
450 701
450 724
450 811
450 860
450 916
450 917
450 977
451 563
451 603
451 604
451 605
451 606
451 607
451 608
451 610
451 702
451 731
451 747
451 749
452 586
452 699
452 821
452 874
452 928
452 951
452 952
452 953
452 957
452 959
452 968
452 973
453 454
453 458
453 460
453 530
453 566
453 643
453 691
453 812
453 832
453 920
453 947
454 455
454 458
454 459
454 521
454 530
454 542
454 591
454 659
454 812
454 867
454 947
454 976
455 459
455 460
455 530
455 582
455 643
455 812
455 821
455 946
455 947
456 484
456 560
456 576
456 579
456 704
456 801
456 832
456 908
457 516
457 618
457 621
457 673
457 711
457 712
457 716
457 719
457 872
457 922
457 926
457 967
458 459
458 460
458 465
458 482
458 487
458 512
458 530
458 596
458 694
458 760
458 797
458 812
458 867
458 872
458 947
459 460
459 528
459 530
459 643
459 684
459 802
459 805
459 811
459 812
459 867
459 947
460 470
460 490
460 559
460 643
460 812
460 903
460 918
460 930
460 947
460 996
461 462
461 464
461 469
461 470
461 515
461 610
461 617
461 666
461 672
461 839
461 870
461 885
461 925
461 937
461 975
462 464
462 469
462 470
462 515
462 530
462 562
462 704
462 771
462 824
462 833
462 839
462 975
462 979
463 590
463 605
463 639
463 746
463 773
463 793
463 842
463 846
463 850
463 947
464 515
464 630
464 651
464 839
464 975
464 979
464 985
465 631
465 634
465 704
465 722
465 783
466 472
466 518
466 553
466 571
466 576
466 578
466 579
466 580
466 760
466 798
466 995
467 512
467 613
467 754
467 755
467 803
467 827
467 845
467 906
468 506
468 763
469 470
469 505
469 515
469 570
469 578
469 779
469 817
469 839
469 975
469 979
470 515
470 536
470 741
470 744
470 745
470 789
470 791
470 802
470 806
470 839
470 970
470 972
470 975
470 979
471 535
471 546
471 627
471 646
471 691
471 730
471 784
471 838
471 846
471 858
471 887
471 968
472 480
472 527
472 529
472 538
472 599
472 660
472 675
472 729
472 767
472 786
472 986
473 714
473 756
473 764
473 767
473 783
473 784
473 785
473 787
473 789
473 823
473 953
473 972
474 573
474 645
475 561
475 682
475 748
476 498
476 554
476 557
476 624
476 685
476 851
476 852
477 489
477 501
477 510
477 613
477 652
477 751
477 763
477 850
477 948
477 978
478 479
478 499
478 561
478 686
478 699
478 743
478 765
478 767
478 786
478 837
478 869
478 979
478 995
479 480
479 664
479 684
479 766
479 773
479 833
479 920
480 531
480 544
480 621
480 625
480 686
480 767
480 786
480 967
480 974
481 482
481 484
481 486
481 487
481 488
481 489
481 490
481 558
481 566
481 594
481 634
481 663
481 733
481 763
481 770
481 811
481 818
481 831
481 949
482 484
482 486
482 488
482 490
482 644
482 674
482 733
482 881
482 949
482 966
483 509
483 529
483 542
483 549
483 706
483 717
483 775
483 847
483 957
483 966
484 486
484 487
484 488
484 490
484 526
484 573
484 645
484 691
484 733
484 811
484 831
484 949
485 558
485 665
485 668
485 780
485 889
485 897
486 487
486 488
486 489
486 527
486 627
486 658
486 692
486 733
486 762
486 811
487 488
487 489
487 579
487 585
487 597
487 623
487 636
487 645
487 682
487 703
487 724
487 733
487 811
487 817
487 994
488 693
488 697
488 731
488 733
488 923
488 949
489 490
489 574
489 826
489 843
489 887
490 531
490 573
490 733
490 754
490 811
490 921
490 949
491 495
491 496
491 497
491 498
491 555
491 567
491 591
491 770
491 801
492 577
492 614
492 786
492 802
492 804
492 806
492 807
492 809
492 810
492 811
492 857
492 915
492 954
493 494
493 495
493 496
493 497
493 498
493 568
493 583
493 591
493 603
493 726
493 766
493 801
493 846
493 978
493 985
494 495
494 496
494 497
494 498
494 499
494 582
494 655
494 665
494 674
494 720
494 801
494 845
494 901
495 496
495 498
495 499
495 510
495 532
495 591
495 735
495 801
495 807
495 969
496 497
496 498
496 499
496 591
496 618
496 658
496 683
496 801
496 820
496 901
497 498
497 499
497 507
497 616
497 749
497 801
497 859
498 499
498 535
498 591
498 638
498 801
498 803
498 815
498 978
499 591
499 604
499 682
499 698
499 734
499 756
499 801
499 820
500 548
500 603
500 624
500 766
500 782
500 813
500 817
500 912
500 946
500 986
501 503
501 504
501 505
501 506
501 508
501 509
501 679
501 688
501 706
501 769
501 903
501 961
502 561
502 622
502 678
502 683
502 751
502 801
502 856
503 504
503 505
503 553
503 559
503 575
503 617
503 661
503 663
503 668
503 706
504 505
504 508
504 509
504 545
504 554
504 706
504 722
504 765
504 791
504 822
504 872
504 973
505 506
505 508
505 509
505 598
505 663
505 788
505 808
505 834
505 940
505 955
506 508
506 509
506 706
506 884
506 949
507 535
507 718
507 808
507 964
507 999
508 509
508 542
508 706
508 799
508 830
509 582
509 706
509 741
509 744
509 755
509 769
509 778
509 862
510 546
510 563
510 657
510 677
510 774
510 793
510 991
510 992
510 993
510 994
510 996
510 997
511 512
511 514
511 519
511 589
511 624
511 666
511 749
511 814
511 820
511 877
511 935
512 513
512 514
512 519
512 546
512 610
512 706
512 716
512 798
512 914
512 948
513 514
513 517
513 519
513 753
513 765
513 882
513 893
514 517
514 519
514 607
514 677
514 705
514 885
514 896
515 665
515 767
515 839
515 975
515 979
516 545
516 706
516 714
516 716
516 719
516 795
516 820
516 868
516 872
516 979
517 519
517 713
517 735
517 777
517 883
518 820
518 936
518 949
519 661
519 725
519 831
519 940
520 534
520 538
520 767
520 856
520 918
520 949
521 528
521 603
521 760
521 890
521 898
521 901
522 523
522 525
522 526
522 528
522 529
522 740
522 927
523 525
523 526
523 528
523 529
523 624
523 740
523 897
523 911
524 550
524 558
524 708
524 757
524 833
524 850
524 951
524 975
524 990
525 526
525 528
525 529
525 540
525 551
525 556
525 604
525 617
525 624
525 740
525 805
525 897
526 528
526 529
526 617
526 624
526 646
526 708
526 740
526 766
526 829
526 851
526 855
527 571
527 594
527 614
527 679
527 687
527 905
528 624
528 740
528 851
528 884
528 952
529 580
529 654
529 744
529 749
529 984
530 552
530 668
530 812
530 856
530 867
530 882
530 925
530 933
531 532
531 533
531 534
531 537
531 539
531 540
531 627
531 810
531 906
531 922
531 971
532 533
532 534
532 537
532 540
532 546
532 559
532 712
532 747
532 759
532 903
532 953
533 534
533 537
533 539
533 540
533 596
533 610
533 671
533 743
533 768
533 893
533 975
534 539
534 540
534 676
534 740
534 787
534 990
535 546
535 646
535 760
536 595
536 596
536 597
536 599
536 600
536 692
536 708
536 713
536 728
536 740
536 861
536 921
537 539
537 540
537 858
537 927
538 653
538 709
538 961
539 615
539 815
539 861
539 873
539 978
540 573
540 745
540 871
540 889
541 544
541 547
541 549
541 582
541 707
541 825
541 912
542 544
542 545
542 547
542 549
542 676
542 746
542 886
542 926
542 955
543 553
543 610
543 625
543 665
543 765
543 950
544 545
544 548
544 576
544 726
544 942
544 950
544 951
544 971
545 547
545 548
545 549
545 595
545 771
545 782
545 964
546 634
546 646
546 774
546 974
547 548
547 549
547 573
547 712
547 852
547 853
547 894
548 549
548 594
548 632
548 722
548 742
548 749
548 965
549 561
549 708
549 821
549 853
549 891
549 915
549 963
550 577
550 581
550 583
550 584
550 586
550 587
550 588
550 589
550 590
550 599
550 724
550 819
551 554
551 556
551 557
551 559
551 663
551 671
551 885
552 554
552 556
552 754
552 890
552 988
553 571
553 576
553 578
553 579
553 580
553 618
553 665
553 697
553 798
553 839
553 843
553 995
554 556
554 557
554 558
554 559
554 563
554 581
554 757
554 835
554 868
554 903
555 563
555 691
555 695
555 707
555 774
556 557
556 558
556 559
556 651
556 695
556 855
556 868
556 870
556 939
557 558
557 560
557 762
557 868
558 559
558 560
558 670
558 828
558 868
558 944
558 994
559 575
559 622
559 680
559 695
559 868
560 646
560 657
560 666
560 670
560 868
561 562
561 564
561 569
561 640
561 691
561 693
561 695
561 783
561 861
562 563
562 564
562 565
562 566
562 567
562 569
562 684
562 693
562 724
562 742
562 752
562 849
562 860
562 894
562 999
563 564
563 566
563 567
563 569
563 700
563 704
563 777
563 861
563 936
564 565
564 566
564 567
564 569
564 603
564 640
564 641
564 674
564 693
564 861
565 566
565 567
565 569
565 583
565 640
565 674
565 693
565 968
566 567
566 581
566 693
566 703
566 742
566 861
567 569
567 640
567 671
567 686
567 693
567 730
567 791
567 814
567 837
567 876
567 885
567 944
567 979
568 613
568 664
568 793
568 825
568 932
569 640
569 693
569 754
569 761
569 861
569 870
569 916
569 932
569 933
570 571
570 617
570 763
570 820
571 576
571 578
571 579
571 581
571 625
571 817
571 843
571 995
572 580
572 643
572 672
572 674
572 781
572 813
572 871
572 873
572 875
572 877
572 878
572 880
572 894
573 619
573 930
574 589
574 673
574 801
574 910
574 917
574 958
574 981
574 983
574 984
574 986
574 988
574 990
575 616
575 826
576 578
576 579
576 580
576 618
576 798
576 843
576 847
576 995
577 692
577 804
577 807
577 810
577 841
577 878
577 935
578 579
578 580
578 604
578 673
578 790
578 798
578 843
578 898
578 908
578 995
579 580
579 618
579 654
579 688
579 719
579 768
579 789
579 792
579 798
579 843
579 881
579 918
579 926
579 968
579 995
580 618
580 629
580 701
580 718
580 798
580 826
580 843
580 987
581 583
581 584
581 586
581 588
581 590
581 688
581 760
581 795
581 813
582 670
582 691
582 701
582 706
582 720
582 760
582 796
582 851
582 919
583 584
583 585
583 586
583 587
583 588
583 590
583 636
583 819
584 586
584 587
584 589
584 819
584 838
584 930
584 949
584 955
584 963
585 631
585 633
585 636
585 637
585 638
585 954
586 587
586 588
586 589
586 590
586 643
586 819
586 997
587 588
587 589
587 590
587 601
587 642
587 660
587 744
587 819
587 828
587 836
587 855
588 589
588 590
588 748
588 794
588 806
588 940
589 590
589 615
589 779
589 806
589 819
589 826
589 888
589 984
590 610
590 621
590 675
590 776
590 790
590 819
590 876
591 762
591 801
591 832
591 836
591 837
591 906
592 638
592 763
592 791
592 813
592 814
592 815
592 816
592 818
592 820
592 969
592 972
593 620
593 665
593 713
593 770
593 801
593 831
593 832
593 833
593 836
593 837
593 838
593 840
593 854
593 857
593 928
593 945
593 953
594 605
594 867
594 880
595 596
595 598
595 599
595 600
595 660
595 685
595 745
595 821
595 840
595 922
595 941
596 597
596 600
596 667
597 598
597 599
597 600
598 599
598 600
598 614
598 627
598 702
598 980
599 600
599 924
599 976
600 614
600 691
600 844
600 930
601 602
601 604
601 608
601 609
601 610
601 621
601 825
601 832
601 906
601 987
602 603
602 604
602 605
602 606
602 608
602 609
602 610
602 621
602 634
602 749
602 905
602 906
602 933
602 940
603 604
603 605
603 606
603 607
603 609
603 621
603 649
603 749
603 906
604 605
604 606
604 607
604 608
604 609
604 610
604 621
604 692
604 749
604 762
604 853
604 865
604 871
604 906
605 607
605 609
605 610
605 621
605 702
605 749
605 906
605 940
606 607
606 609
606 621
606 658
606 745
606 749
606 756
606 778
606 906
606 971
606 994
607 608
607 610
607 621
607 643
607 716
607 749
607 777
607 936
607 943
608 609
608 610
608 621
608 642
608 680
608 749
608 860
608 894
608 930
608 934
609 610
609 697
609 707
609 749
609 906
609 933
610 621
610 661
610 690
610 700
610 897
610 906
610 916
610 960
611 612
611 613
611 614
611 615
611 616
611 619
611 620
611 677
611 711
612 614
612 615
612 616
612 619
612 620
612 677
612 678
612 800
612 861
612 907
613 614
613 615
613 616
613 619
613 620
613 676
613 677
613 767
614 615
614 616
614 619
614 661
614 677
614 679
614 682
614 726
614 822
615 616
615 619
615 620
615 677
615 678
615 758
616 619
616 677
616 678
616 690
616 782
616 913
617 661
617 866
617 922
617 958
617 989
618 634
618 798
618 832
618 843
618 874
618 915
618 995
619 620
619 677
619 685
619 686
619 703
620 657
620 668
620 677
620 678
620 823
621 749
621 807
621 816
621 902
621 976
622 638
622 683
622 785
622 856
622 866
622 883
622 942
623 625
623 626
623 630
623 810
624 740
624 742
624 760
624 817
624 934
625 626
625 776
626 629
626 630
626 672
626 824
626 869
626 881
627 712
627 744
627 745
627 747
627 748
627 750
627 993
628 654
628 756
628 802
628 823
628 824
628 826
628 827
628 828
628 833
628 939
629 630
629 662
629 719
629 793
630 719
630 724
630 758
630 764
631 632
631 633
631 634
631 636
631 638
631 655
631 825
631 827
631 870
631 905
631 929
631 960
632 633
632 636
632 637
632 638
632 642
632 960
632 973
633 636
633 637
633 638
633 687
633 702
633 946
634 636
634 637
634 638
634 824
634 960
634 967
635 750
635 756
635 852
635 913
636 637
636 638
636 745
636 941
636 960
637 669
637 746
637 766
637 790
637 898
637 911
637 921
637 953
638 708
638 747
638 767
638 784
638 810
638 826
638 833
638 923
638 932
638 960
639 742
639 746
639 770
639 841
639 842
639 846
639 848
639 850
640 693
640 697
640 709
640 719
640 733
640 820
640 902
640 907
641 642
641 644
641 647
641 649
641 650
641 678
641 735
642 644
642 645
642 647
642 648
642 649
642 650
642 679
642 845
643 772
643 801
643 881
643 930
643 947
643 996
644 647
644 648
644 649
644 806
644 834
644 845
644 860
644 889
644 902
644 955
645 647
645 648
645 714
645 845
645 868
646 673
646 738
646 906
646 931
647 648
647 649
647 845
647 847
647 897
647 931
648 650
648 752
648 834
648 845
648 851
648 883
648 899
648 963
649 650
649 845
649 872
649 959
649 992
650 845
650 931
651 652
651 653
651 654
651 656
651 659
651 688
651 826
651 940
652 653
652 654
652 656
652 659
652 660
652 673
652 706
652 721
652 755
652 766
652 841
652 996
653 654
653 656
653 659
653 681
653 964
653 982
653 991
654 656
654 659
654 669
654 721
654 810
654 816
654 829
654 980
655 755
655 915
655 965
655 985
656 659
656 660
656 674
656 706
656 769
656 890
656 940
656 973
657 773
657 792
657 796
657 797
657 799
657 855
657 878
657 881
658 770
658 805
658 942
658 944
658 945
658 946
658 948
658 950
658 955
659 755
659 808
659 884
660 698
660 852
660 910
660 922
661 858
662 747
662 818
662 877
662 907
662 952
662 1000
663 664
663 666
663 667
663 669
663 670
663 671
663 740
663 904
664 667
664 669
664 670
664 707
664 789
664 904
665 674
665 751
665 892
665 943
665 963
665 981
666 667
666 669
666 670
666 737
666 749
666 760
666 870
666 904
667 668
667 670
667 684
667 693
667 779
667 872
667 904
668 768
668 858
668 885
668 946
669 670
669 904
670 734
670 803
670 904
670 1000
671 675
671 679
671 738
671 934
671 940
671 948
671 964
672 675
672 676
672 679
672 707
672 717
672 750
672 964
673 802
673 844
673 860
673 910
673 958
673 981
673 983
673 984
673 985
673 986
673 987
673 988
673 989
673 990
674 678
674 751
674 786
674 802
674 857
675 695
675 704
675 943
675 964
676 679
676 684
676 690
677 678
677 747
677 780
677 804
677 929
679 795
679 797
679 964
680 809
680 891
680 892
680 896
680 897
680 898
680 899
680 900
681 682
681 684
681 685
681 688
681 690
681 815
681 883
681 906
682 684
682 685
682 686
682 688
682 689
682 690
682 757
682 850
682 865
682 982
683 824
683 825
683 856
683 865
683 962
684 686
684 688
684 790
684 975
684 990
685 686
685 688
685 689
685 793
685 801
686 688
686 690
686 721
686 794
686 957
686 1000
687 787
687 822
687 868
687 890
688 689
688 690
688 705
688 907
688 979
689 690
689 691
689 820
689 866
689 913
689 934
689 946
689 950
690 783
691 701
691 708
691 767
691 782
691 853
691 997
692 708
692 763
692 811
692 824
692 826
692 827
692 828
692 829
692 897
693 800
693 861
693 884
693 954
693 973
694 762
694 768
694 893
694 909
694 969
694 977
695 707
695 743
695 854
695 896
695 936
695 965
696 697
696 699
696 700
696 801
696 893
696 919
696 969
696 995
697 699
697 703
697 852
697 893
697 909
697 957
697 969
698 834
698 840
698 892
698 915
698 916
698 920
698 922
699 700
699 720
699 893
699 909
699 919
699 969
700 707
700 776
700 893
700 909
700 919
700 944
700 949
700 958
700 969
701 736
701 852
701 853
702 703
702 710
702 795
702 870
703 705
703 709
703 790
703 916
703 981
704 750
704 762
704 790
704 803
704 810
704 953
704 957
705 706
705 708
705 709
705 710
705 895
706 733
706 737
706 859
706 937
707 716
707 792
707 793
707 936
708 892
708 937
708 959
709 710
710 736
710 743
710 864
710 879
710 901
711 712
711 714
711 716
711 719
711 736
711 830
711 862
711 889
711 909
711 916
711 926
712 714
712 716
712 719
712 744
712 791
712 818
712 872
712 901
712 926
712 998
713 821
713 826
713 828
713 882
713 883
713 884
713 886
713 887
713 888
713 958
714 716
714 719
714 757
714 765
714 872
714 880
715 718
715 723
715 849
715 925
715 943
716 719
716 758
716 872
716 897
716 926
717 752
717 775
717 787
717 847
718 808
718 1000
719 926
719 953
720 774
720 793
720 834
720 905
720 907
720 960
720 968
720 985
721 722
721 723
721 724
721 726
721 727
721 728
721 729
721 730
721 810
721 954
721 989
722 723
722 724
722 725
722 726
722 727
722 728
722 729
722 730
722 747
722 923
722 954
722 967
722 995
723 724
723 725
723 726
723 727
723 728
723 730
723 799
723 858
723 954
724 725
724 726
724 727
724 729
724 730
724 744
724 761
724 874
724 954
725 726
725 727
725 729
725 730
726 727
726 729
726 730
726 954
727 728
727 729
727 730
727 786
727 810
727 836
727 899
728 730
728 823
728 827
728 836
728 897
728 954
728 962
729 730
729 803
729 862
729 954
729 998
730 821
730 911
730 949
730 954
730 996
731 735
731 736
731 738
731 739
731 817
731 926
731 972
732 849
732 867
732 973
733 793
733 811
733 824
733 838
733 955
733 994
734 735
734 736
734 737
734 738
734 739
734 935
734 971
734 990
735 736
735 737
736 737
736 738
736 739
736 834
736 856
737 738
737 739
737 795
737 880
737 898
738 739
738 792
738 889
739 851
739 869
739 876
739 947
739 994
740 822
740 897
741 748
741 821
741 840
741 894
742 743
742 744
742 745
742 747
742 748
742 867
742 918
743 744
743 747
743 748
743 894
743 918
743 958
743 964
744 745
744 748
744 750
744 758
744 864
744 872
744 884
744 946
745 747
745 748
745 750
745 918
745 973
746 841
746 842
746 846
746 848
746 850
746 884
746 887
746 904
746 956
747 748
747 817
747 873
747 918
748 750
748 807
748 898
748 918
748 932
749 775
749 792
749 818
749 906
750 838
750 918
750 988
751 752
751 755
751 757
751 758
751 759
751 760
751 774
751 783
751 787
751 788
751 794
751 874
751 904
752 753
752 755
752 757
752 759
752 772
752 824
752 874
752 894
752 900
752 921
753 755
753 757
753 758
753 784
753 794
753 799
753 835
753 836
753 841
753 874
754 851
754 992
755 757
755 758
755 759
755 760
755 835
755 874
756 828
756 926
757 758
757 759
757 760
757 794
757 833
757 835
757 874
757 914
758 759
758 760
758 796
758 835
758 874
758 895
758 909
758 956
759 760
759 765
759 822
759 835
759 874
760 794
760 834
760 835
760 874
760 904
761 913
761 978
762 763
762 764
762 766
762 768
762 769
762 770
763 764
763 765
763 766
763 768
763 769
763 798
764 765
764 766
764 769
764 770
764 841
764 973
765 766
765 768
765 769
765 906
766 768
766 769
766 770
767 786
767 872
767 913
768 770
768 889
768 892
768 916
768 944
768 959
769 770
769 914
771 772
771 773
771 776
771 778
771 903
772 773
772 776
772 778
772 780
772 793
772 903
772 908
773 777
773 778
773 780
773 850
773 903
774 902
774 949
774 971
774 991
774 992
774 993
774 996
774 997
775 808
775 906
776 777
776 778
776 779
776 780
776 836
776 866
776 903
776 962
776 970
777 778
777 779
777 780
778 779
778 780
778 801
779 780
779 792
779 873
779 903
780 809
780 864
780 898
780 903
780 949
781 788
781 871
781 873
781 875
781 876
781 877
781 878
781 958
781 996
782 799
782 813
782 912
782 933
783 784
783 785
783 787
783 788
783 789
784 785
784 786
784 787
784 789
784 811
784 924
784 969
784 994
784 998
785 787
785 789
785 843
785 850
786 788
786 939
787 788
787 789
787 884
788 789
788 810
788 975
789 848
789 892
789 972
790 857
790 878
791 813
791 814
791 815
791 816
791 818
791 910
791 963
792 796
792 797
792 800
792 827
792 973
793 880
793 896
793 905
793 907
793 908
794 825
794 835
794 874
794 886
794 960
795 827
795 862
795 863
795 864
795 865
795 866
795 869
795 870
796 797
796 799
796 861
796 868
796 924
797 799
797 800
797 878
798 843
798 935
798 995
799 800
799 884
799 943
799 957
800 872
800 960
800 962
801 802
801 916
801 947
802 804
802 806
802 807
802 810
802 931
803 805
803 810
803 911
804 810
804 867
805 942
805 943
805 944
805 946
805 950
806 807
806 809
806 824
806 903
807 810
807 986
808 867
808 871
808 999
809 810
809 885
809 955
809 980
810 911
810 982
811 871
811 949
812 826
812 947
812 1000
813 814
813 815
813 816
813 818
813 820
813 834
813 915
814 815
814 818
814 820
814 882
815 816
815 818
815 820
815 946
815 990
816 820
816 861
816 979
817 912
818 873
818 882
818 950
818 957
819 911
820 966
820 978
820 986
821 881
821 882
821 884
821 885
821 886
821 888
821 889
821 972
822 856
822 890
822 932
823 825
823 826
823 827
823 828
823 829
824 826
824 827
824 828
824 829
824 872
825 827
825 828
825 829
825 920
826 827
826 828
826 829
826 871
826 898
827 829
828 829
828 912
829 863
829 897
829 899
829 915
829 924
829 973
830 854
831 832
831 834
831 836
831 837
831 955
831 985
832 833
832 834
832 836
832 837
832 838
832 840
833 834
833 837
833 838
833 951
834 837
834 838
834 840
834 842
834 861
834 895
835 874
836 837
836 840
836 988
837 840
838 840
838 967
838 995
839 975
839 979
840 846
841 842
841 846
841 850
842 846
842 848
842 850
842 867
843 926
843 943
844 862
844 978
845 999
846 848
846 850
847 947
847 966
848 850
848 894
848 926
849 997
850 982
851 854
851 855
851 857
851 858
851 859
851 860
851 903
851 951
852 854
852 855
852 858
852 860
852 864
852 930
854 855
854 857
854 858
854 859
854 860
854 941
855 858
855 860
855 885
855 929
856 865
856 866
856 951
856 963
857 858
857 859
857 897
857 939
857 960
858 859
858 860
859 860
859 872
859 880
859 952
859 986
860 973
860 994
861 907
861 931
862 863
862 864
862 866
862 869
862 870
862 887
863 864
863 865
863 866
863 870
864 865
864 869
864 870
865 866
865 869
865 870
865 880
865 933
866 869
866 870
866 942
867 947
868 896
868 942
868 953
869 949
870 904
871 873
871 875
871 876
871 877
871 878
871 880
871 955
871 979
872 926
873 875
873 876
873 877
873 878
873 880
873 904
873 955
874 972
875 876
875 877
875 878
875 880
875 920
875 986
876 877
876 878
876 914
876 955
877 878
877 880
877 908
877 924
877 955
878 880
878 890
878 955
879 937
879 941
879 966
880 930
880 941
880 955
881 882
881 883
881 884
881 885
881 886
881 888
881 889
881 906
881 946
882 883
882 884
882 885
882 887
882 888
882 889
882 909
883 886
883 888
883 889
883 921
883 928
883 993
884 885
884 886
884 887
884 889
884 915
885 886
885 888
886 888
886 889
886 902
886 939
886 961
887 888
887 889
887 986
890 905
890 954
890 957
891 892
891 895
891 896
891 897
891 898
891 900
891 959
892 895
892 896
892 897
892 898
892 899
892 943
892 984
893 909
893 919
893 969
894 923
894 927
894 944
894 950
894 997
895 896
895 897
895 898
895 899
895 900
895 932
895 947
896 898
896 899
896 900
896 991
897 898
897 899
897 900
897 907
897 960
897 971
898 899
898 900
899 900
901 931
901 971
901 972
901 973
901 974
901 976
901 977
901 978
901 1000
902 957
903 929
903 957
903 988
905 907
905 908
905 939
905 955
905 982
906 966
907 908
907 915
907 966
907 982
907 995
908 982
909 919
909 969
909 975
910 925
910 958
910 961
910 965
910 981
910 984
910 986
910 987
910 988
910 990
911 916
911 920
911 922
911 933
911 982
912 981
913 916
913 946
914 915
914 916
914 920
914 933
914 939
914 942
914 946
915 920
915 958
916 933
916 957
919 969
920 933
920 957
921 922
921 923
921 927
921 928
921 929
921 930
921 942
921 958
921 962
922 923
922 927
922 929
923 927
923 928
923 929
923 993
924 927
924 929
924 930
924 973
927 928
927 929
927 930
928 929
928 930
928 986
929 930
929 950
930 965
931 971
931 972
931 973
931 974
931 978
933 971
933 982
934 935
934 937
934 938
934 939
934 940
934 981
935 937
935 938
935 939
935 940
935 942
935 999
936 940
937 939
937 940
937 993
938 939
938 940
938 993
938 994
939 940
940 980
941 956
942 943
942 945
942 946
942 948
942 950
942 962
943 945
943 946
943 950
944 945
944 948
944 950
945 946
945 950
945 992
946 948
946 950
946 997
948 950
951 952
951 953
951 956
951 957
951 959
951 996
952 953
952 956
952 957
953 955
953 956
953 957
953 959
955 983
956 959
957 959
958 981
958 983
958 984
958 985
958 987
958 988
958 989
958 990
959 990
960 968
961 963
961 965
961 967
961 968
961 970
962 963
962 965
962 967
962 968
963 967
963 968
963 985
964 996
965 967
965 970
965 977
966 969
967 968
968 970
971 972
971 976
972 976
972 977
972 978
973 974
973 976
973 977
973 978
974 976
974 978
976 977
977 978
981 983
981 984
981 986
981 988
981 990
983 985
983 986
983 987
983 988
983 989
983 990
984 985
984 986
984 987
984 988
984 989
984 990
985 986
985 987
985 988
985 989
985 990
986 987
986 988
986 990
987 988
987 989
987 990
988 989
988 990
989 990
991 992
991 993
991 994
991 996
991 997
992 993
992 994
992 996
992 997
993 994
993 996
993 997
994 996
996 997
