1000 8849
1 83
1 142
1 220
1 329
1 407
1 530
1 559
1 579
1 630
1 666
1 703
1 729
1 819
1 951
1 952
1 953
1 954
1 955
1 956
1 957
1 958
1 959
1 968
2 3
2 6
2 9
2 51
2 99
2 165
2 170
2 248
2 294
2 356
2 380
2 485
2 488
2 508
2 591
2 652
2 722
2 749
2 814
2 818
2 835
2 894
3 6
3 8
3 294
3 437
3 452
3 458
3 594
3 800
3 818
3 856
3 894
4 27
4 62
4 153
4 154
4 155
4 157
4 201
4 351
4 553
4 589
4 619
4 859
4 930
5 10
5 143
5 195
5 241
5 243
5 246
5 247
5 250
5 356
5 433
5 469
5 522
5 528
5 664
5 736
5 793
5 930
5 968
5 969
6 8
6 9
6 69
6 238
6 241
6 294
6 397
6 402
6 449
6 652
6 818
6 850
6 871
6 894
6 898
6 946
7 47
7 98
7 163
7 210
7 419
7 424
7 427
7 429
7 486
7 512
7 554
7 630
7 667
7 738
7 757
7 853
7 955
7 965
7 974
7 987
8 9
8 52
8 107
8 134
8 171
8 193
8 237
8 294
8 330
8 399
8 415
8 438
8 500
8 652
8 776
8 818
8 830
8 864
8 883
8 894
8 941
9 54
9 206
9 270
9 294
9 309
9 578
9 614
9 652
9 669
9 684
9 794
9 818
9 870
9 894
9 926
10 12
10 170
10 180
10 206
10 297
10 380
10 460
10 541
10 544
10 546
10 547
10 549
10 645
10 659
10 707
10 718
10 738
10 865
11 12
11 13
11 14
11 16
11 17
11 19
11 66
11 98
11 99
11 122
11 172
11 202
11 305
11 353
11 386
11 389
11 396
11 462
11 541
11 586
11 615
11 748
11 807
11 817
11 843
11 971
12 13
12 14
12 15
12 16
12 19
12 20
12 93
12 165
12 475
12 971
13 14
13 15
13 16
13 17
13 19
13 20
13 24
13 99
13 434
13 439
13 511
13 536
13 563
13 666
13 682
13 720
13 852
13 896
14 15
14 16
14 17
14 85
14 99
14 377
14 454
14 482
14 537
14 606
14 651
14 697
14 806
14 855
14 964
14 969
14 971
15 16
15 17
15 19
15 20
15 33
15 45
15 99
15 159
15 203
15 268
15 286
15 310
15 316
15 546
15 615
15 848
16 17
16 19
16 20
16 99
16 299
16 320
16 423
16 871
16 971
17 19
17 20
17 99
17 124
17 196
17 340
17 457
17 483
17 578
17 644
17 802
17 814
17 911
17 965
17 971
18 63
18 275
18 297
18 303
18 365
18 440
18 633
18 644
18 725
18 774
18 776
18 777
18 779
18 780
18 972
18 976
19 20
19 99
19 129
19 159
19 202
19 240
19 609
19 665
19 733
19 759
19 791
19 847
20 99
20 145
20 184
20 258
20 323
20 406
20 482
20 575
20 589
20 639
20 672
20 710
20 846
20 868
20 937
20 941
20 971
20 995
21 92
21 97
21 165
21 254
21 298
21 302
21 329
21 386
21 484
21 494
21 618
21 630
21 747
21 769
21 770
21 924
21 929
22 23
22 26
22 27
22 28
22 29
22 167
22 178
22 230
22 380
22 384
22 423
22 479
22 625
22 660
22 761
22 822
22 873
22 921
23 24
23 26
23 27
23 28
23 230
23 291
23 345
23 516
23 563
23 632
23 744
23 843
23 863
23 957
24 26
24 27
24 28
24 29
24 36
24 230
24 241
24 248
24 470
24 520
24 523
24 602
24 654
24 761
25 34
25 109
25 141
25 145
25 146
25 148
25 149
25 150
25 196
25 199
25 374
25 446
25 650
25 751
25 865
25 911
25 926
26 28
26 48
26 230
26 237
26 248
26 300
26 356
26 370
26 573
26 614
26 716
26 761
26 886
27 29
27 74
27 230
27 248
27 291
27 330
27 414
27 484
27 491
27 518
27 552
27 657
27 706
27 761
27 774
28 230
28 248
28 321
28 377
28 431
28 450
28 519
28 706
28 761
28 989
29 88
29 203
29 230
29 248
29 307
29 357
29 537
29 584
29 761
29 833
29 842
30 71
30 80
30 94
30 102
30 197
30 206
30 218
30 328
30 331
30 334
30 336
30 337
30 340
30 424
30 425
30 443
30 481
30 591
30 636
30 664
30 730
30 781
30 865
30 881
31 32
31 33
31 36
31 37
31 38
31 39
31 40
31 91
31 129
31 230
31 303
31 563
31 649
31 685
31 691
31 796
31 814
31 926
31 932
32 33
32 35
32 36
32 37
32 38
32 39
32 93
32 129
32 255
32 624
32 725
32 765
32 796
32 814
32 834
32 944
33 35
33 36
33 37
33 38
33 39
33 40
33 68
33 77
33 129
33 178
33 227
33 258
33 416
33 571
33 664
33 765
33 796
33 865
33 988
34 97
34 104
34 141
34 145
34 149
34 150
34 178
34 213
34 417
34 420
34 449
34 471
34 571
34 650
34 714
34 751
34 922
34 926
35 36
35 38
35 39
35 40
35 119
35 219
35 470
35 521
35 765
35 786
35 796
35 807
35 814
35 820
35 931
36 39
36 40
36 129
36 211
36 229
36 323
36 338
36 408
36 438
36 450
36 587
36 765
36 796
36 814
36 827
36 885
36 905
36 952
37 38
37 39
37 129
37 131
37 244
37 263
37 446
37 464
37 497
37 623
37 701
37 702
37 765
37 796
37 814
37 916
38 39
38 40
38 129
38 187
38 332
38 335
38 427
38 432
38 450
38 528
38 569
38 602
38 704
38 716
38 765
38 796
38 814
38 874
38 878
39 40
39 129
39 145
39 168
39 171
39 328
39 348
39 537
39 558
39 658
39 757
39 796
39 814
39 848
40 57
40 129
40 245
40 287
40 424
40 486
40 532
40 549
40 584
40 602
40 765
40 796
40 814
40 888
40 899
40 981
40 982
40 1000
41 253
41 305
41 317
41 361
41 415
41 511
41 522
41 523
41 524
41 526
41 529
41 602
41 618
41 621
41 915
41 988
42 43
42 44
42 45
42 48
42 49
42 120
42 125
42 168
42 363
42 520
42 539
42 611
42 752
42 779
42 851
42 862
42 900
42 902
43 44
43 45
43 48
43 49
43 50
43 69
43 263
43 290
43 303
43 417
43 540
43 613
43 645
43 847
43 910
43 955
43 966
43 998
44 45
44 48
44 49
44 74
44 153
44 177
44 265
44 311
44 429
44 495
44 551
44 824
44 847
44 944
45 49
45 234
45 314
45 345
45 468
45 940
46 72
46 102
46 132
46 152
46 183
46 190
46 200
46 227
46 263
46 276
46 431
46 432
46 434
46 435
46 436
46 437
46 438
46 439
46 451
46 498
46 579
46 644
46 765
46 842
46 998
47 94
47 98
47 137
47 226
47 419
47 424
47 425
47 426
47 427
47 428
47 429
47 430
47 484
47 512
47 520
47 642
47 699
47 757
47 763
47 782
47 971
47 987
48 50
48 102
48 296
48 382
48 523
48 817
48 861
49 50
49 117
49 134
49 577
49 702
50 222
50 559
50 655
50 930
51 52
51 54
51 55
51 56
51 58
51 107
51 194
51 220
51 333
51 360
51 372
51 379
51 642
51 725
51 734
51 786
51 797
51 833
51 948
52 54
52 55
52 56
52 58
52 59
52 105
52 107
52 148
52 554
52 717
52 725
52 860
53 76
53 133
53 258
53 371
53 395
53 445
53 495
53 496
53 497
53 499
53 500
53 513
53 578
53 616
53 673
53 910
53 912
53 927
54 55
54 56
54 58
54 59
54 107
54 133
54 147
54 280
54 350
54 408
54 433
54 589
54 698
54 725
54 744
54 889
54 948
55 56
55 58
55 59
55 107
55 176
55 240
55 287
55 548
55 571
55 725
55 784
55 811
56 57
56 59
56 95
56 107
56 164
56 203
56 528
56 725
56 810
56 839
56 948
56 959
57 81
57 198
57 259
57 375
57 472
57 577
57 890
57 921
57 922
57 925
57 928
57 982
58 59
58 95
58 107
58 225
58 236
58 258
58 313
58 384
58 469
58 569
58 668
58 694
58 725
58 783
58 815
58 830
58 948
58 979
59 107
59 180
59 255
59 289
59 572
59 725
59 905
59 914
59 948
60 70
60 132
60 221
60 413
60 476
60 557
60 582
60 632
60 787
60 793
60 812
60 932
60 934
60 935
60 936
60 937
60 939
60 940
61 62
61 64
61 65
61 68
61 69
61 70
61 78
61 82
61 91
61 92
61 111
61 207
61 226
61 274
61 303
61 305
61 374
61 417
61 423
61 520
61 698
61 716
61 848
61 983
61 993
62 63
62 68
62 69
62 70
62 82
62 186
62 288
62 399
62 495
62 569
62 576
62 696
62 733
62 812
63 64
63 65
63 66
63 68
63 69
63 70
63 82
63 148
63 171
63 215
63 417
63 489
63 492
63 594
63 899
63 928
64 65
64 66
64 68
64 69
64 70
64 82
64 303
64 352
64 417
64 463
64 634
64 787
64 816
64 954
65 66
65 68
65 70
65 82
65 190
65 303
65 354
65 417
65 561
65 564
65 640
65 655
65 657
65 954
66 68
66 70
66 82
66 282
66 303
66 417
66 529
66 545
66 675
66 683
66 825
66 921
67 131
67 271
67 402
67 403
67 405
67 406
67 408
67 409
67 608
67 645
67 759
67 761
67 840
67 920
67 990
68 69
68 70
68 124
68 170
68 272
68 303
68 358
68 361
68 406
68 417
68 515
68 697
68 742
68 793
68 895
68 935
69 82
69 129
69 230
69 303
69 417
69 471
69 503
69 619
69 713
69 874
69 965
70 125
70 303
70 363
70 417
70 451
70 581
70 727
70 744
70 794
70 804
71 94
71 102
71 186
71 217
71 221
71 331
71 334
71 336
71 339
71 378
71 443
71 482
71 519
71 781
71 993
72 73
72 74
72 77
72 78
72 126
72 145
72 156
72 295
72 387
72 406
72 421
72 551
72 621
72 664
72 674
72 681
72 733
72 816
72 833
73 74
73 77
73 78
73 109
73 148
73 156
73 295
73 371
73 384
73 529
73 634
73 667
73 674
73 732
73 733
73 881
73 960
74 78
74 156
74 158
74 264
74 295
74 316
74 421
74 733
75 84
75 90
75 167
75 251
75 278
75 293
75 341
75 344
75 345
75 348
75 386
75 434
75 492
75 506
75 745
75 794
75 899
75 943
75 965
76 87
76 126
76 221
76 222
76 228
76 621
76 656
76 699
76 728
76 811
76 984
77 78
77 156
77 157
77 171
77 295
77 353
77 421
77 653
77 674
77 733
77 776
77 842
77 879
78 156
78 260
78 372
78 421
78 459
78 663
78 674
78 693
78 733
78 746
78 830
79 135
79 191
79 229
79 379
79 405
79 428
79 475
79 491
79 497
79 532
79 641
79 739
79 891
79 893
79 911
79 912
79 913
79 915
79 917
79 918
79 919
79 920
79 931
79 979
79 984
80 119
80 141
80 174
80 222
80 226
80 232
80 285
80 313
80 324
80 325
80 326
80 329
80 421
80 428
80 461
80 516
80 550
80 598
80 669
80 679
80 920
81 96
81 323
81 346
81 356
81 363
81 569
81 593
81 712
81 713
81 714
81 716
81 717
81 718
81 720
81 957
81 981
82 144
82 146
82 185
82 303
82 338
82 417
82 508
82 512
82 542
82 791
82 826
82 914
82 992
83 84
83 85
83 87
83 147
83 184
83 185
83 221
83 225
83 259
83 296
83 325
83 346
83 347
83 387
83 440
83 545
83 603
83 838
83 849
83 887
83 947
84 85
84 86
84 87
84 120
84 147
84 277
84 346
84 347
84 367
84 372
84 454
84 474
84 544
84 631
84 677
84 904
84 947
84 982
85 86
85 179
85 330
85 346
85 347
85 415
85 470
85 546
85 581
85 591
85 621
85 641
85 696
85 854
85 866
85 888
85 929
85 947
85 981
86 87
86 330
86 346
86 347
86 392
86 554
86 701
86 929
86 933
86 947
86 996
87 206
87 324
87 346
87 347
87 385
87 692
87 733
87 878
87 923
87 947
87 958
88 264
88 287
88 423
88 517
88 534
88 539
88 661
88 662
88 663
88 665
88 666
88 667
88 668
88 670
88 761
88 782
88 783
88 810
88 919
88 947
89 170
89 194
89 725
89 773
89 840
89 852
89 855
89 856
89 857
89 859
89 860
89 953
89 987
90 180
90 502
90 601
90 631
90 754
90 756
90 759
90 760
90 788
91 92
91 93
91 96
91 240
91 245
91 268
91 466
91 609
91 628
91 821
91 982
92 96
92 264
92 382
92 394
92 454
92 527
92 650
92 674
92 894
93 96
93 207
93 281
93 408
93 609
93 768
93 885
93 978
94 102
94 131
94 143
94 313
94 334
94 337
94 339
94 340
94 367
94 395
94 443
94 503
94 505
94 661
94 763
94 781
94 944
95 237
95 338
95 556
95 583
95 584
95 585
95 586
95 587
95 588
95 590
95 660
95 734
95 767
95 816
95 1000
96 132
96 186
96 381
96 494
96 498
96 609
96 660
96 794
96 841
97 240
97 323
97 494
97 707
97 767
97 769
97 812
97 860
97 864
97 901
97 924
98 126
98 163
98 247
98 328
98 336
98 380
98 419
98 424
98 425
98 426
98 427
98 428
98 429
98 430
98 452
98 512
98 572
98 639
98 667
98 757
98 765
98 774
98 783
98 880
98 926
98 991
99 113
99 232
99 313
99 436
99 532
99 542
99 608
99 929
99 955
99 971
100 102
100 135
100 177
100 197
100 198
100 211
100 215
100 216
100 218
100 219
100 220
100 293
100 474
100 479
100 525
100 533
100 612
100 624
100 861
100 933
101 105
101 109
101 110
101 215
101 239
101 335
101 347
101 397
101 634
102 162
102 197
102 241
102 319
102 331
102 334
102 336
102 337
102 339
102 340
102 433
102 443
102 594
102 781
102 805
103 106
103 110
103 138
103 232
103 233
103 239
103 269
103 335
103 456
103 517
103 570
103 594
103 673
103 748
103 790
103 957
103 977
104 372
104 391
104 400
104 422
104 461
104 511
104 523
104 535
104 541
104 581
104 660
104 703
104 901
104 923
105 106
105 109
105 110
105 228
105 288
105 294
105 335
105 590
105 647
105 787
105 857
106 109
106 110
106 183
106 192
106 239
106 258
106 512
106 533
106 787
106 804
106 885
106 949
107 170
107 226
107 237
107 263
107 310
107 442
107 484
107 497
107 679
107 725
107 824
107 941
108 301
108 304
108 307
108 343
108 375
108 389
108 425
108 437
108 521
108 776
108 799
108 895
108 913
109 110
109 184
109 194
109 202
109 239
109 335
109 340
109 426
109 442
109 682
109 761
109 830
109 862
109 888
110 226
110 232
110 239
110 303
110 319
110 335
110 368
110 483
110 621
110 697
110 740
110 916
111 266
111 323
111 359
111 361
111 362
111 364
111 367
111 368
111 370
111 412
111 518
111 574
111 639
111 901
111 1000
112 114
112 115
112 119
112 120
112 191
112 281
112 313
112 423
112 436
112 526
112 549
112 728
112 812
112 857
112 875
113 225
113 327
113 366
113 484
113 538
113 554
113 561
113 716
113 749
113 785
113 792
113 903
113 926
113 970
113 991
113 992
113 993
113 994
113 995
113 996
113 997
113 999
114 119
114 120
114 227
114 313
114 363
114 423
114 527
114 539
114 606
114 658
114 764
114 790
114 937
114 972
115 119
115 120
115 264
115 313
115 477
115 504
115 521
115 760
115 854
116 335
116 336
116 422
116 519
116 615
116 801
116 803
116 804
116 805
116 806
116 807
116 809
116 843
116 906
116 934
116 938
116 954
116 996
117 186
117 208
117 305
117 328
117 350
117 369
117 373
117 388
117 423
117 454
117 621
117 671
117 672
117 675
117 679
117 680
117 742
117 777
117 832
117 884
117 888
117 909
117 945
118 195
118 275
118 317
118 321
118 334
118 388
118 482
118 527
118 606
118 623
118 624
118 625
118 627
118 677
118 687
118 715
118 798
118 831
119 120
119 313
119 348
119 387
119 404
119 672
119 684
119 839
119 966
120 218
120 313
120 346
120 423
120 690
120 697
120 713
120 860
120 932
120 941
121 123
121 153
121 162
121 243
121 506
121 515
121 674
121 778
121 829
122 138
122 147
122 370
122 417
122 473
122 503
122 505
122 506
122 507
122 508
122 509
122 510
122 514
122 517
122 654
122 671
122 758
122 819
122 860
122 927
123 127
123 328
123 372
123 381
123 433
123 663
123 682
123 718
123 778
123 790
123 967
123 971
124 126
124 228
124 261
124 262
124 263
124 264
124 265
124 266
124 267
124 269
124 383
124 417
124 733
124 760
124 855
124 874
124 937
124 970
125 138
125 163
125 355
125 364
125 376
125 619
125 621
125 684
125 740
125 791
125 795
125 797
125 798
125 800
125 913
125 963
126 222
126 223
126 225
126 226
126 228
126 280
126 288
126 455
126 519
126 541
126 785
126 786
126 811
126 836
126 860
126 970
127 128
127 158
127 277
127 332
127 373
127 385
127 623
127 778
127 827
127 950
128 187
128 293
128 303
128 424
128 550
128 576
128 755
128 778
128 814
128 859
128 945
129 231
129 355
129 406
129 409
129 410
129 617
129 765
129 796
129 814
129 817
130 351
130 355
130 357
130 358
130 368
130 428
130 512
130 807
130 821
130 851
130 869
131 132
131 133
131 134
131 136
131 137
131 139
131 146
131 230
131 250
131 698
131 859
131 867
131 886
132 134
132 137
132 203
132 224
132 266
132 294
132 349
132 357
132 363
132 536
132 540
132 646
132 667
132 746
132 900
132 952
133 134
133 136
133 137
133 152
133 161
133 224
133 402
133 479
133 487
133 559
133 623
133 720
133 896
133 971
134 139
134 199
134 216
134 351
134 467
134 596
134 682
134 744
135 214
135 215
135 216
135 218
135 219
135 220
135 236
135 401
135 415
135 474
135 633
135 662
135 697
135 820
135 886
135 933
136 137
136 278
136 343
136 378
136 444
136 609
136 674
136 723
136 760
136 769
136 817
136 830
136 886
136 889
136 903
136 922
136 960
137 139
137 211
137 224
137 470
137 580
137 700
137 841
137 903
138 251
138 378
138 597
138 656
138 657
138 659
138 826
139 224
139 252
139 255
139 704
139 719
139 802
139 811
139 815
139 816
139 898
139 908
139 957
139 996
140 210
140 308
140 321
140 420
140 440
140 550
140 612
140 614
140 615
140 617
140 618
140 719
140 722
140 752
140 775
140 858
140 963
141 142
141 145
141 146
141 148
141 149
141 150
141 233
141 269
141 421
141 447
141 598
141 636
141 650
141 663
141 671
141 674
141 685
141 751
141 918
141 926
141 933
141 984
142 145
142 146
142 148
142 149
142 150
142 260
142 524
142 595
142 650
142 662
142 736
142 751
142 809
142 873
142 926
143 241
143 243
143 246
143 249
143 250
143 336
143 356
143 433
143 514
143 664
143 696
143 809
144 308
144 518
144 573
144 578
144 879
144 901
144 905
144 906
144 910
144 995
145 146
145 149
145 150
145 350
145 471
145 491
145 492
145 520
145 614
145 650
145 751
145 783
145 816
145 865
145 956
145 980
145 991
146 148
146 289
146 332
146 373
146 429
146 535
146 607
146 635
146 650
146 926
147 160
147 250
147 346
147 347
147 388
147 862
147 866
147 929
147 947
148 149
148 150
148 274
148 299
148 379
148 386
148 446
148 466
148 479
148 505
148 564
148 650
148 674
148 729
148 751
148 766
148 799
148 836
148 874
148 926
149 150
149 201
149 247
149 253
149 279
149 362
149 554
149 562
149 589
149 650
149 654
149 872
149 935
149 978
150 235
150 352
150 359
150 525
150 751
150 780
150 881
150 926
150 941
150 978
151 153
151 154
151 157
151 158
151 159
151 201
151 283
151 309
151 370
151 402
151 423
151 432
151 607
151 615
151 633
151 719
151 841
151 871
151 896
151 914
151 930
152 154
152 183
152 195
152 200
152 265
152 276
152 292
152 294
152 308
152 431
152 432
152 434
152 435
152 437
152 438
152 439
152 440
152 496
152 511
152 702
152 709
152 785
152 943
153 154
153 157
153 159
153 180
153 201
153 321
153 360
153 429
153 463
153 522
153 569
153 571
153 624
153 829
154 155
154 157
154 158
154 159
154 173
154 186
154 201
154 282
154 293
154 411
154 557
154 645
154 720
154 768
154 929
154 930
155 157
155 159
155 201
155 222
155 260
155 485
155 734
155 773
155 783
155 930
155 937
155 950
156 194
156 226
156 262
156 295
156 373
156 421
156 466
156 476
156 649
156 674
156 733
156 999
157 158
157 201
157 226
157 233
157 244
157 288
157 292
157 375
157 382
157 436
157 468
157 521
157 588
157 620
157 668
157 673
157 820
157 930
157 991
158 159
158 249
158 307
158 314
158 379
158 384
158 749
158 805
158 868
158 873
158 919
158 971
159 201
159 285
159 316
159 378
159 429
159 455
159 723
159 930
160 205
160 354
160 392
160 572
160 626
160 789
160 813
160 816
160 817
160 819
160 938
160 957
160 987
161 162
161 165
161 166
161 168
161 233
161 245
161 275
161 291
161 300
161 389
161 410
161 574
161 592
161 686
161 703
161 705
161 887
161 949
162 164
162 165
162 166
162 168
162 169
162 233
162 245
162 300
162 350
162 359
162 487
162 491
162 592
162 615
162 657
162 769
162 942
162 980
163 279
163 392
163 424
163 425
163 427
163 428
163 430
163 531
163 734
163 757
163 792
163 829
163 842
164 165
164 168
164 169
164 233
164 300
164 450
164 462
164 504
164 512
164 587
164 610
164 779
164 799
164 923
165 166
165 169
165 244
165 245
165 300
165 301
165 523
165 580
165 592
165 640
165 686
165 714
165 752
165 839
166 168
166 169
166 233
166 245
166 255
166 275
166 300
166 496
166 592
166 626
166 686
166 843
166 891
166 904
166 985
167 212
167 281
167 305
167 358
167 381
167 382
167 385
167 390
167 455
167 480
167 558
167 648
167 744
167 750
167 839
168 169
168 245
168 300
168 361
168 686
168 871
168 980
169 233
169 245
169 300
169 425
169 440
169 592
169 686
169 696
169 717
169 826
169 874
169 915
169 976
170 194
170 274
170 326
170 357
170 377
170 542
170 543
170 544
170 545
170 547
170 549
170 599
170 801
171 173
171 174
171 176
171 177
171 180
171 242
171 327
171 488
171 571
171 844
171 904
171 914
171 931
172 174
172 175
172 177
172 178
172 179
172 180
172 242
172 339
172 510
172 519
172 576
172 665
172 693
172 737
172 789
172 844
172 904
173 175
173 176
173 178
173 179
173 180
173 242
173 438
173 527
173 565
173 581
173 728
173 861
173 871
173 904
173 934
174 175
174 176
174 177
174 178
174 179
174 180
174 242
174 452
174 513
174 551
174 670
174 739
174 742
174 844
174 873
174 892
174 904
174 952
174 976
175 176
175 177
175 178
175 179
175 180
175 242
175 337
175 386
175 453
175 463
175 628
175 809
175 844
175 904
175 956
175 958
176 178
176 179
176 197
176 242
176 246
176 251
176 294
176 403
176 426
176 465
176 472
176 500
176 515
176 541
176 731
176 763
176 773
176 815
176 838
176 844
176 904
176 929
177 178
177 180
177 242
177 272
177 620
177 747
177 844
177 873
177 904
177 977
177 995
178 180
178 202
178 221
178 242
178 256
178 466
178 522
178 525
178 567
178 604
178 632
178 720
178 844
178 904
178 928
178 989
179 180
179 242
179 309
179 653
179 657
179 693
179 759
179 792
179 844
179 904
180 242
180 261
180 404
180 531
180 551
180 744
180 844
180 887
180 904
180 917
180 922
181 182
181 185
181 188
181 189
181 292
181 452
181 519
181 596
181 633
181 653
181 702
181 707
181 721
181 809
181 873
181 916
181 959
181 964
182 185
182 186
182 188
182 189
182 190
182 216
182 299
182 323
182 452
182 519
182 707
182 781
182 800
182 964
183 200
183 215
183 276
183 300
183 383
183 431
183 432
183 434
183 435
183 436
183 437
183 438
183 439
183 476
183 535
183 882
184 257
184 342
184 348
184 531
184 533
184 534
184 535
184 536
184 540
184 574
184 678
184 797
184 828
184 839
184 883
184 902
184 930
185 186
185 189
185 190
185 207
185 330
185 400
185 452
185 493
185 519
185 537
185 694
185 707
185 765
185 822
185 947
185 964
185 993
186 187
186 188
186 189
186 190
186 264
186 519
186 595
186 707
186 741
186 902
186 964
187 188
187 189
187 190
187 249
187 391
187 439
187 452
187 454
187 474
187 508
187 707
187 813
187 819
187 820
187 852
187 866
187 964
188 189
188 190
188 387
188 417
188 429
188 452
188 474
188 519
188 688
188 707
188 795
188 799
188 964
189 190
189 247
189 271
189 276
189 306
189 452
189 477
189 486
189 519
189 544
189 587
189 652
189 707
189 772
189 883
189 964
190 256
190 309
190 381
190 388
190 424
190 452
190 519
190 580
190 614
190 628
190 696
190 707
190 756
190 807
190 964
191 192
191 193
191 197
191 198
191 254
191 402
191 407
191 434
191 613
191 621
191 627
191 919
191 961
192 193
192 194
192 195
192 196
192 197
192 198
192 208
192 254
192 318
192 350
192 564
192 603
192 682
192 834
193 195
193 196
193 197
193 198
193 254
193 278
193 458
193 621
193 676
193 702
194 195
194 196
194 197
194 254
194 303
194 310
194 323
194 462
194 499
194 510
194 950
195 196
195 197
195 198
195 225
195 254
195 323
195 330
195 476
195 534
195 672
195 732
195 794
195 865
195 910
195 911
195 924
196 198
196 254
196 255
196 326
196 448
196 459
196 780
196 871
196 984
196 998
197 198
197 200
197 478
197 496
197 543
197 699
197 744
197 795
197 799
197 832
197 866
198 254
198 271
198 313
198 334
198 479
198 531
198 656
198 695
198 734
198 839
198 840
198 926
199 357
199 393
199 460
199 462
199 465
199 498
199 571
199 572
199 573
199 575
199 576
199 580
199 596
199 633
199 711
199 895
199 977
200 431
200 432
200 434
200 435
200 436
200 437
200 438
200 440
200 461
200 497
200 553
200 688
200 764
200 785
200 866
200 902
200 916
200 926
201 300
201 365
201 424
201 710
201 753
201 758
201 785
201 870
201 930
202 203
202 204
202 206
202 208
202 210
202 244
202 432
202 447
202 546
202 572
202 651
202 702
202 785
202 875
202 889
203 204
203 206
203 207
203 208
203 209
203 210
203 244
203 311
203 348
203 410
203 569
203 572
203 651
203 655
203 706
203 834
203 877
203 889
203 968
204 206
204 207
204 209
204 210
204 244
204 403
204 410
204 651
204 785
204 790
204 886
204 889
204 933
205 265
205 269
205 418
205 683
205 684
205 685
205 689
205 690
205 799
205 927
205 937
206 207
206 208
206 210
206 224
206 244
206 376
206 410
206 502
206 586
206 651
206 708
206 730
206 762
206 788
206 817
206 818
206 876
206 889
206 936
207 208
207 209
207 210
207 244
207 315
207 395
207 410
207 528
207 593
207 606
207 878
207 889
207 960
207 975
208 209
208 210
208 273
208 280
208 331
208 343
208 410
208 434
208 489
208 524
208 622
208 651
208 800
208 906
209 244
209 285
209 370
209 424
209 490
209 634
209 651
209 657
209 683
209 889
209 891
209 893
209 911
210 244
210 403
210 410
210 524
210 538
210 608
210 612
210 628
210 769
210 802
210 842
211 213
211 214
211 215
211 218
211 219
211 451
211 485
211 613
211 633
211 697
211 702
211 865
211 902
211 932
211 933
211 944
211 957
212 252
212 305
212 381
212 382
212 384
212 387
212 390
212 398
212 558
212 830
212 879
212 915
212 922
212 928
213 214
213 215
213 218
213 219
213 220
213 474
213 547
213 633
213 697
213 782
213 824
213 922
213 933
213 966
214 216
214 219
214 220
214 367
214 450
214 474
214 498
214 633
214 697
214 887
214 933
214 955
214 971
215 218
215 219
215 220
215 276
215 474
215 539
215 574
215 633
215 697
215 847
215 884
216 218
216 219
216 220
216 474
216 590
216 629
216 633
216 728
216 753
216 933
216 943
217 401
217 428
217 444
217 445
217 446
217 447
217 448
217 450
217 493
217 498
217 560
217 581
217 648
217 768
217 818
217 848
217 926
217 972
218 219
218 220
218 239
218 243
218 360
218 474
218 514
218 530
218 633
218 728
218 918
219 220
219 474
219 523
219 540
219 603
219 692
219 697
219 875
219 933
220 248
220 337
220 474
220 633
220 659
220 697
220 783
220 820
220 858
220 992
221 222
221 223
221 226
221 423
221 457
221 595
221 849
221 851
221 930
221 943
221 959
222 225
222 226
222 282
222 320
222 336
222 811
222 882
223 225
223 226
223 228
223 330
223 378
223 402
223 478
223 636
223 645
223 738
223 811
223 823
223 898
223 937
223 971
224 290
224 446
224 668
224 787
224 809
224 908
225 228
225 284
225 309
225 425
225 481
225 487
225 515
225 624
225 653
225 715
225 811
225 833
225 869
226 228
226 370
226 561
226 797
226 811
226 912
226 924
227 267
227 344
227 414
227 416
227 420
227 669
227 688
227 764
227 803
227 914
227 941
227 994
228 268
228 282
228 292
228 361
228 439
228 510
228 583
228 641
228 722
228 731
228 811
228 907
229 301
229 466
229 515
229 581
229 666
229 760
229 822
229 854
229 911
229 912
229 913
229 914
229 917
229 918
229 920
229 979
229 984
230 245
230 248
230 445
230 465
230 539
230 541
230 572
230 637
230 761
231 232
231 235
231 236
231 238
231 240
231 437
231 481
231 583
231 691
231 860
231 915
231 922
231 933
231 965
232 234
232 235
232 236
232 238
232 275
232 286
232 309
232 370
232 387
232 459
232 492
232 501
232 506
232 634
232 642
232 693
232 945
232 966
233 289
233 300
233 403
233 592
233 646
233 686
233 703
233 943
233 949
233 968
234 235
234 236
234 238
234 240
234 252
234 292
234 441
234 459
234 619
234 675
234 770
234 856
234 858
235 238
235 240
235 335
235 356
235 459
235 470
235 554
235 691
235 972
236 238
236 240
236 459
236 503
236 509
236 542
236 556
236 592
236 803
236 913
237 241
237 244
237 306
237 338
237 377
237 386
237 489
237 539
237 582
237 583
237 584
237 586
237 587
237 589
237 590
237 657
237 662
237 729
237 756
237 818
237 837
237 967
237 968
238 240
238 261
238 405
238 408
238 419
238 742
238 825
239 335
239 350
239 353
239 483
239 584
239 765
240 274
240 335
240 459
240 503
240 507
240 534
240 861
241 243
241 246
241 247
241 249
241 285
241 293
241 432
241 433
241 528
241 552
241 605
241 664
241 977
242 388
242 400
242 512
242 540
242 636
242 844
242 883
242 904
243 246
243 247
243 249
243 250
243 257
243 346
243 371
243 376
243 406
243 433
243 443
243 482
243 528
243 607
243 664
243 725
243 914
244 410
244 413
244 594
244 651
244 683
244 750
244 827
244 889
245 300
245 367
245 481
245 512
245 592
245 668
245 683
245 686
245 722
245 741
245 853
245 873
245 975
246 250
246 447
246 528
246 664
246 939
246 941
247 249
247 250
247 281
247 303
247 344
247 433
247 542
247 614
247 664
247 736
247 841
247 951
247 978
248 262
248 408
248 587
248 668
248 760
248 761
248 994
249 250
249 278
249 309
249 433
249 528
249 612
249 657
249 664
249 792
249 884
250 298
250 433
250 466
250 528
250 607
250 664
250 683
250 772
250 876
250 880
250 881
250 954
251 297
251 337
251 343
251 378
251 446
251 475
251 589
251 601
251 605
251 643
251 653
251 658
251 659
251 695
251 887
251 918
251 991
252 253
252 281
252 305
252 309
252 381
252 382
252 384
252 385
252 387
252 390
252 430
252 481
252 532
252 558
252 559
252 630
252 671
252 849
252 954
252 998
253 284
253 320
253 398
253 402
253 444
253 445
253 446
253 447
253 448
253 449
253 498
253 531
253 552
253 603
253 648
253 707
253 768
254 380
254 439
254 441
254 528
254 833
254 897
254 914
254 938
254 948
255 256
255 257
255 417
255 544
255 556
255 787
255 892
255 990
256 257
256 258
256 541
256 617
256 633
256 690
256 861
256 916
256 924
256 965
256 990
257 258
257 362
257 776
257 856
257 949
257 990
258 419
258 457
258 589
258 786
258 808
258 844
258 990
259 278
259 665
259 890
259 915
259 921
259 965
260 376
260 435
260 529
260 612
260 617
260 755
260 841
260 843
260 845
260 847
260 848
260 849
260 850
261 262
261 263
261 266
261 267
261 269
261 270
261 383
261 494
261 653
261 659
261 733
261 745
261 860
261 923
261 951
261 961
262 263
262 264
262 265
262 266
262 267
262 269
262 270
262 383
262 441
262 512
262 754
262 755
262 779
262 907
262 928
262 970
263 264
263 265
263 269
263 270
263 383
263 400
263 468
263 631
263 663
263 671
263 695
263 780
263 782
263 809
263 858
263 903
263 942
263 970
264 265
264 267
264 269
264 270
264 284
264 375
264 470
264 531
264 607
264 853
264 881
264 970
265 266
265 267
265 269
265 270
265 467
265 522
265 692
265 697
265 842
265 970
266 267
266 269
266 270
266 297
266 437
266 693
266 721
266 821
266 919
266 941
266 970
266 999
267 269
267 270
267 383
267 767
267 794
267 862
267 908
267 932
267 949
267 1000
268 337
268 365
268 442
268 479
268 508
268 566
268 595
268 726
268 764
268 770
268 919
268 968
268 969
268 974
268 977
268 978
269 270
269 383
269 404
269 435
269 519
269 970
270 292
270 375
270 383
270 606
270 694
270 946
270 970
270 985
271 272
271 273
271 277
271 278
271 280
271 316
271 490
271 504
271 579
271 689
271 753
271 858
271 871
271 919
272 277
272 280
272 444
272 455
272 638
272 858
272 879
273 277
273 278
273 279
273 280
273 432
273 489
273 491
273 689
273 698
273 699
273 705
273 823
273 858
273 864
273 884
273 891
273 965
274 450
274 508
274 541
274 543
274 544
274 545
274 547
274 576
274 591
274 623
274 645
274 692
274 738
274 762
274 815
274 826
274 981
275 306
275 369
275 391
275 407
275 436
275 441
275 511
275 591
275 593
275 594
275 595
275 596
275 599
275 600
275 656
275 733
275 839
275 863
275 910
275 916
275 968
276 309
276 350
276 431
276 432
276 435
276 439
276 440
276 560
276 717
276 829
276 830
277 279
277 280
277 288
277 334
277 388
277 422
277 498
277 508
277 647
277 753
277 858
277 860
277 939
278 279
278 280
278 364
278 485
278 503
278 508
278 526
278 753
278 754
278 767
278 794
278 858
278 986
279 280
279 305
279 357
279 364
279 390
279 532
279 540
279 589
279 640
279 753
279 769
279 795
279 858
280 330
280 486
280 504
280 531
280 566
280 570
280 671
280 753
280 858
280 939
281 305
281 381
281 382
281 385
281 387
281 389
281 390
281 418
281 558
281 630
281 790
281 855
282 283
282 284
282 285
282 286
282 287
282 288
282 289
282 400
282 455
282 582
282 605
282 875
282 903
282 934
283 284
283 285
283 286
283 287
283 288
283 289
283 614
283 747
283 749
283 903
284 285
284 286
284 288
284 289
284 308
284 388
284 603
284 638
284 711
284 782
284 903
284 907
284 911
285 286
285 287
285 289
285 361
285 439
285 532
285 903
285 958
286 287
286 288
286 403
286 410
286 631
286 743
286 801
286 880
286 891
286 903
286 929
286 972
286 998
287 288
287 292
287 352
287 378
287 555
287 565
287 830
287 839
287 944
288 289
288 292
288 427
288 454
288 459
288 499
288 579
288 645
288 675
288 888
289 340
289 470
289 714
289 722
289 899
289 903
290 333
290 369
290 441
290 539
290 562
290 867
290 931
290 961
290 962
290 966
290 967
290 969
290 976
291 292
291 293
291 296
291 403
291 480
291 489
291 617
291 663
291 669
291 699
291 814
291 821
292 293
292 296
292 414
292 422
292 798
293 296
293 313
293 370
293 530
293 580
293 596
293 647
293 655
293 656
294 356
294 722
294 818
294 894
294 966
295 319
295 421
295 625
295 674
295 714
295 733
295 749
295 771
295 946
296 480
296 732
296 745
296 790
296 832
296 880
297 464
297 476
297 498
297 615
297 645
297 677
297 731
297 772
297 773
297 774
297 775
297 776
297 777
297 779
297 780
297 819
297 886
297 887
297 910
297 961
297 976
298 494
298 767
298 769
298 770
298 805
298 917
298 924
299 394
299 551
299 552
299 553
299 554
299 555
299 556
299 751
299 862
299 870
299 914
300 353
300 422
300 527
300 592
300 616
300 686
300 691
300 830
301 302
301 304
301 306
301 307
301 312
301 344
301 375
301 521
301 559
301 634
301 754
301 845
301 972
302 304
302 307
302 309
302 355
302 375
302 386
302 489
302 521
302 592
302 654
302 690
302 745
302 796
302 939
302 972
302 980
303 417
303 463
303 610
303 611
303 666
303 738
303 834
303 861
304 309
304 375
304 378
304 388
304 394
304 521
304 631
304 690
304 842
304 870
304 876
304 977
305 381
305 382
305 384
305 385
305 387
305 389
305 395
305 476
305 558
305 630
305 706
305 719
305 778
305 807
305 914
306 307
306 309
306 349
306 375
306 472
306 521
306 922
306 972
307 309
307 375
307 503
307 526
307 564
307 584
307 799
307 813
307 867
307 897
307 972
308 334
308 427
308 545
308 633
308 682
308 722
308 905
308 906
308 907
308 909
308 910
308 920
308 925
309 375
309 382
309 450
309 521
309 752
309 846
309 950
309 957
309 972
310 360
310 453
310 461
310 463
310 464
310 466
310 467
310 468
310 469
310 470
310 536
310 629
310 646
310 853
310 951
311 312
311 314
311 315
311 316
311 317
311 319
311 320
311 343
311 367
311 762
312 314
312 315
312 316
312 317
312 319
312 370
312 392
312 395
312 412
312 486
312 629
312 685
312 762
312 840
312 901
312 919
312 949
313 362
313 412
313 423
313 641
313 905
314 315
314 316
314 318
314 319
314 508
314 566
314 762
314 847
314 893
314 956
314 992
314 993
315 316
315 317
315 318
315 320
315 353
315 393
315 535
315 544
315 591
315 638
315 762
315 810
315 898
315 1000
316 317
316 318
316 319
316 320
316 407
316 415
316 485
316 488
316 504
316 547
316 624
316 723
316 762
316 880
316 882
316 902
316 914
316 948
316 965
316 982
316 998
317 318
317 319
317 320
317 354
317 509
317 536
317 710
317 762
317 873
318 319
318 320
318 515
318 548
318 577
318 854
318 886
319 320
319 408
319 473
319 507
319 540
319 549
319 622
319 656
319 722
319 750
319 762
319 912
319 977
320 349
320 519
320 759
320 762
320 792
320 820
320 926
320 945
320 961
321 353
321 482
321 520
321 623
321 625
321 626
321 627
321 628
321 630
321 659
321 687
321 796
321 870
321 961
321 996
322 324
322 325
322 326
322 328
322 329
322 330
322 405
322 418
322 516
322 550
322 577
322 640
323 361
323 362
323 363
323 365
323 367
323 370
323 412
323 506
323 534
323 557
323 590
323 683
323 894
324 325
324 326
324 328
324 329
324 345
324 386
324 482
324 585
324 754
324 820
324 857
324 891
324 892
324 938
325 329
325 330
325 383
325 508
325 550
325 729
325 811
325 901
325 910
326 328
326 330
326 394
326 484
326 527
326 550
326 566
326 616
326 698
327 502
327 508
327 617
327 723
327 731
327 754
327 755
327 756
327 759
327 760
327 788
327 858
327 984
328 329
328 330
328 331
328 407
328 478
328 619
328 706
328 745
328 989
329 330
329 383
329 482
329 485
329 896
329 958
329 963
330 353
330 388
330 403
330 532
330 550
330 966
331 334
331 336
331 337
331 339
331 340
331 358
331 427
331 443
331 455
331 696
331 750
331 767
331 781
331 805
331 824
331 922
331 965
332 358
332 496
332 511
332 513
332 514
332 515
332 518
332 520
332 603
332 634
332 833
332 972
333 369
333 516
333 518
333 562
333 589
333 886
333 925
333 945
333 961
333 962
333 963
333 965
333 966
333 967
333 969
333 1000
334 336
334 339
334 374
334 443
334 549
334 551
334 694
334 762
334 781
334 793
334 884
334 954
335 417
335 497
335 526
335 668
335 921
335 956
335 997
336 337
336 339
336 340
336 399
336 443
336 522
336 625
336 730
336 781
336 847
336 932
337 339
337 443
337 473
337 529
337 610
337 705
337 773
337 781
337 784
337 948
338 342
338 448
338 487
338 582
338 583
338 585
338 587
338 588
338 589
338 681
338 737
338 802
338 970
339 340
339 443
339 504
339 531
339 679
339 777
339 781
339 975
340 443
340 574
340 662
340 672
340 781
340 813
340 822
340 844
340 854
341 342
341 344
341 345
341 348
341 349
341 350
341 362
341 386
341 387
341 421
341 502
341 522
341 696
341 812
341 820
341 852
342 344
342 345
342 348
342 349
342 350
342 386
342 449
342 496
342 796
342 812
342 998
343 378
343 452
343 475
343 586
343 591
343 605
343 610
343 611
343 653
343 657
343 658
343 659
343 680
343 903
344 345
344 349
344 350
344 386
344 645
344 679
344 812
345 348
345 349
345 350
345 386
345 468
345 569
345 575
345 601
345 632
345 812
345 868
345 914
345 943
346 347
346 476
346 816
346 929
346 947
347 372
347 702
347 753
347 778
347 875
347 923
347 927
347 929
347 947
347 958
347 982
348 349
348 350
348 386
348 444
348 460
348 575
348 599
348 619
348 714
348 812
348 943
348 982
348 991
349 350
349 386
349 574
349 803
349 812
349 943
349 992
350 386
350 730
350 759
350 791
350 801
350 812
350 849
350 943
351 355
351 357
351 358
351 516
351 559
351 782
351 821
351 884
352 560
352 630
352 851
352 944
352 948
352 982
352 983
352 985
352 988
352 989
353 371
353 386
353 433
353 601
353 602
353 604
353 607
353 610
353 629
353 638
353 761
353 766
353 814
353 896
353 979
354 392
354 460
354 566
354 638
354 813
354 815
354 816
354 817
354 891
354 963
355 356
355 357
355 358
355 427
355 450
355 603
355 687
355 821
356 357
356 394
356 605
356 678
356 723
356 821
356 881
356 948
356 949
357 358
357 449
357 921
358 821
358 960
358 970
359 361
359 363
359 365
359 367
359 368
359 412
359 511
359 543
359 551
359 643
359 665
359 870
359 908
359 966
360 378
360 407
360 461
360 463
360 464
360 466
360 467
360 468
360 469
360 497
360 512
360 629
360 699
360 710
360 722
360 853
360 919
360 928
361 362
361 364
361 365
361 368
361 370
361 412
361 468
361 550
361 613
361 635
361 908
362 364
362 365
362 367
362 368
362 370
362 399
362 410
362 412
362 493
362 499
362 562
362 571
362 860
362 908
363 364
363 367
363 368
363 370
363 386
363 412
363 442
363 646
363 654
363 759
363 839
363 908
363 933
364 365
364 367
364 368
364 370
364 412
364 422
364 534
364 545
364 720
364 764
364 824
364 908
364 966
364 995
365 367
365 368
365 370
365 412
365 557
365 594
365 684
365 711
365 786
365 878
366 376
366 387
366 453
366 561
366 570
366 601
366 820
366 858
366 991
366 992
366 994
366 995
366 996
366 997
366 999
366 1000
367 368
367 370
367 375
367 412
367 447
367 450
367 511
367 538
367 562
367 736
367 743
367 859
368 370
368 412
368 590
368 631
368 689
368 878
369 441
369 562
369 659
369 662
369 687
369 689
369 717
369 726
369 880
369 961
369 962
369 963
369 966
369 967
369 969
369 980
370 412
370 444
370 636
370 695
370 774
370 908
371 372
371 373
371 374
371 377
371 380
371 480
371 793
371 831
371 832
371 869
371 874
372 373
372 374
372 377
372 379
372 380
372 489
372 520
372 559
372 792
372 818
372 865
372 874
372 875
372 928
373 374
373 376
373 377
373 380
373 398
373 433
373 492
373 558
373 574
373 874
373 914
373 966
374 376
374 377
374 379
374 380
374 566
374 712
374 832
374 865
374 874
375 392
375 705
375 827
375 972
375 994
376 377
376 380
376 444
376 607
376 664
376 725
376 832
376 874
376 882
376 906
377 379
377 380
377 418
377 615
377 627
377 644
377 874
377 946
378 386
378 434
378 438
378 445
378 475
378 538
378 576
378 604
378 605
378 613
378 635
378 653
378 657
378 658
378 659
378 899
378 959
379 380
379 475
379 527
379 832
379 854
379 874
379 964
380 444
380 480
380 500
380 587
380 683
380 690
380 741
380 793
380 874
380 876
380 948
380 994
380 997
381 382
381 384
381 387
381 389
381 390
381 469
381 558
381 583
381 630
381 693
381 845
381 918
381 936
381 951
381 971
381 974
382 384
382 385
382 387
382 389
382 390
382 432
382 558
382 630
382 694
382 838
382 869
382 910
383 471
383 517
383 801
383 816
383 827
383 883
383 985
384 385
384 389
384 390
384 403
384 423
384 466
384 558
384 728
384 789
384 933
385 387
385 390
385 411
385 558
385 630
385 687
385 758
385 771
385 978
385 994
386 414
386 466
386 500
386 533
386 540
386 553
386 740
386 768
386 812
386 912
387 389
387 390
387 513
387 544
387 558
387 608
387 630
387 680
387 774
387 883
387 977
388 603
388 672
388 675
388 676
388 679
388 680
388 709
388 742
388 819
389 390
389 558
389 580
389 630
389 884
390 400
390 445
390 471
390 491
390 510
390 517
390 558
390 630
390 644
390 909
390 933
391 393
391 394
391 395
391 397
391 400
391 422
391 437
391 468
391 472
391 508
391 537
391 581
391 591
391 603
391 660
391 668
391 693
391 702
391 719
391 840
391 925
391 981
392 441
392 470
392 638
392 752
392 770
392 813
392 815
392 817
392 819
392 840
392 845
392 856
393 394
393 395
393 397
393 400
393 422
393 481
393 553
393 581
393 660
393 691
393 720
393 722
393 735
393 739
393 779
393 809
393 861
393 863
393 879
393 888
393 923
393 949
394 395
394 397
394 413
394 422
394 450
394 587
394 660
394 667
394 883
394 923
395 397
395 400
395 422
395 581
395 607
395 656
395 660
395 693
395 754
395 841
395 923
395 965
396 463
396 472
396 473
396 477
396 478
396 479
396 490
396 501
396 655
396 673
396 736
396 823
397 422
397 497
397 522
397 581
397 613
397 923
397 954
398 444
398 446
398 447
398 448
398 498
398 648
398 747
398 752
398 768
398 793
398 849
399 422
399 423
399 565
399 684
399 831
399 835
399 836
399 837
399 839
399 840
399 961
400 475
400 581
400 582
400 660
400 743
400 784
400 837
400 844
400 869
400 923
400 949
401 431
401 546
401 551
401 552
401 553
401 554
401 556
401 560
401 577
401 625
401 650
401 761
401 763
402 403
402 405
402 406
402 408
402 409
402 456
402 553
402 608
402 650
402 671
402 723
402 875
402 927
403 405
403 406
403 408
403 409
403 536
403 541
403 589
403 610
403 669
403 692
403 699
403 730
403 761
403 944
404 447
404 493
404 557
404 583
404 636
404 641
404 644
404 646
404 647
404 649
404 794
404 831
404 858
405 406
405 408
405 409
405 466
405 608
405 631
405 666
405 667
405 829
405 862
405 871
406 408
406 433
406 608
406 683
406 746
406 805
406 812
406 823
406 845
406 969
406 991
407 472
407 537
407 559
407 846
407 857
407 858
407 868
407 949
407 951
407 952
407 953
407 954
407 955
407 956
407 957
407 958
407 960
408 409
408 495
408 608
408 726
408 932
408 953
409 487
409 608
409 627
409 636
409 655
409 688
409 722
409 965
410 561
410 651
410 680
410 743
410 818
410 889
410 916
410 922
411 413
411 414
411 416
411 425
411 471
411 641
411 669
411 675
411 702
411 715
411 816
411 854
412 417
412 439
412 481
412 482
412 496
412 749
412 870
412 908
413 414
413 416
413 420
413 454
413 598
413 669
413 688
413 692
413 702
413 854
413 904
413 966
414 416
414 420
414 494
414 638
414 669
414 683
414 688
414 726
414 732
414 791
414 817
414 854
414 918
414 956
414 996
415 436
415 467
415 523
415 524
415 525
415 526
415 529
415 621
415 685
415 761
415 895
416 420
416 462
416 669
416 680
416 688
416 702
416 854
416 923
416 949
416 952
416 991
416 993
417 544
417 564
417 722
417 950
417 970
418 425
418 504
418 547
418 681
418 683
418 684
418 689
418 900
418 929
419 424
419 425
419 426
419 427
419 429
419 430
419 512
419 643
419 751
419 757
419 987
420 421
420 620
420 669
420 688
420 721
420 790
420 791
421 674
421 690
421 733
421 852
421 927
422 581
422 660
422 843
422 923
422 943
422 993
423 497
423 790
423 989
424 425
424 426
424 427
424 428
424 429
424 430
424 698
424 757
424 773
424 982
424 987
425 426
425 427
425 428
425 429
425 430
425 436
425 465
425 512
425 757
425 932
425 987
426 427
426 429
426 430
426 493
426 512
426 568
426 641
426 722
426 757
426 801
426 841
426 995
427 428
427 429
427 430
427 431
427 457
427 509
427 525
427 639
427 682
427 702
427 757
427 816
427 987
428 429
428 512
428 542
428 583
428 704
428 724
428 812
428 863
428 987
429 430
429 512
429 593
429 838
429 855
429 942
429 987
430 512
430 757
430 772
430 906
430 987
430 993
431 432
431 435
431 436
431 437
431 438
431 439
431 440
431 450
431 458
431 544
431 626
431 794
432 434
432 435
432 436
432 437
432 438
432 439
432 440
432 454
432 497
432 532
432 690
432 841
432 925
432 932
433 528
433 540
433 664
433 700
433 714
433 899
433 913
433 938
434 435
434 436
434 437
434 439
434 440
434 739
434 807
434 923
435 436
435 437
435 438
435 440
435 451
435 639
435 654
436 437
436 438
436 439
436 440
436 467
436 472
436 522
436 688
436 896
436 908
436 966
437 438
437 439
437 440
437 521
437 545
437 605
437 644
437 655
437 667
437 907
438 439
438 440
438 452
438 566
438 652
438 765
439 440
439 674
439 846
439 890
439 986
440 832
440 901
440 936
441 469
441 487
441 499
441 562
441 701
441 864
441 962
441 963
441 965
441 966
441 967
441 969
442 489
442 534
442 596
442 629
442 712
442 766
442 860
442 936
442 964
442 975
442 977
442 980
443 541
443 571
443 727
443 762
443 781
443 815
443 823
443 860
444 445
444 446
444 447
444 448
444 449
444 498
444 556
444 648
444 697
444 768
444 906
444 994
445 446
445 447
445 448
445 449
445 450
445 538
445 648
445 768
445 929
446 447
446 449
446 556
446 579
446 638
446 768
447 449
447 450
447 474
447 498
447 543
447 558
447 648
447 729
447 747
447 768
447 846
447 870
448 449
448 450
448 498
448 522
448 525
448 611
448 627
448 648
448 723
448 768
448 925
448 952
448 985
449 450
449 491
449 498
449 608
449 727
449 748
449 768
449 917
449 953
450 498
450 602
450 648
450 667
450 691
450 740
450 757
450 768
450 817
450 844
450 858
450 930
450 999
451 454
451 455
451 456
451 458
451 460
451 593
451 650
451 679
451 694
451 829
451 998
452 499
452 519
452 612
452 707
452 865
452 886
452 964
453 456
453 457
453 458
453 460
453 581
453 601
453 632
453 686
453 724
453 871
453 923
453 998
454 456
454 457
454 458
454 584
454 638
454 810
454 839
454 877
454 998
455 456
455 457
455 460
455 559
455 620
455 677
455 733
455 900
455 911
455 998
456 457
456 458
456 586
456 646
456 657
456 736
456 751
456 755
456 759
456 998
457 458
457 460
457 507
457 559
457 590
458 460
458 462
458 570
458 998
459 510
459 577
459 586
459 676
459 875
459 876
459 947
459 958
459 980
460 489
460 649
460 721
460 810
460 854
460 936
460 998
461 463
461 467
461 468
461 470
461 504
461 534
461 573
461 614
461 666
461 853
461 961
461 978
461 981
462 465
462 491
462 522
462 548
462 558
462 571
462 573
462 576
462 580
462 581
462 646
462 895
462 914
463 464
463 465
463 467
463 468
463 469
463 470
463 479
463 593
463 629
463 632
463 726
463 751
463 915
463 990
464 466
464 468
464 469
464 470
464 481
464 528
464 629
464 776
464 853
464 901
464 931
464 996
465 571
465 572
465 573
465 575
465 576
465 580
465 740
465 895
465 954
466 467
466 468
466 469
466 470
466 478
466 579
466 592
466 679
466 771
466 798
466 853
466 967
466 997
467 468
467 469
467 588
467 589
467 606
467 732
467 851
467 853
467 1000
468 469
468 470
468 523
468 549
468 577
468 629
468 853
468 915
469 470
469 476
469 497
469 568
469 597
469 619
469 629
469 649
469 662
469 713
469 761
469 853
469 880
469 914
470 515
470 629
470 798
470 819
470 820
470 853
470 913
471 472
471 473
471 477
471 478
471 479
471 480
471 483
471 501
471 655
471 662
471 748
471 751
471 791
471 823
472 473
472 477
472 478
472 479
472 480
472 501
472 515
472 615
472 655
472 999
473 477
473 479
473 480
473 501
473 550
473 560
473 655
473 713
473 786
473 823
473 888
473 997
474 670
474 697
474 700
474 704
474 712
474 758
474 816
474 872
475 566
475 605
475 614
475 653
475 657
475 658
475 659
475 841
475 959
475 966
476 567
476 611
476 677
476 680
476 719
476 742
476 777
476 860
476 931
476 932
476 934
476 936
476 937
476 939
476 940
476 950
476 960
477 478
477 479
477 480
477 501
477 655
477 707
477 740
477 931
478 501
478 524
478 525
478 550
478 585
478 823
478 952
479 480
479 493
479 501
479 756
479 823
479 826
479 887
479 923
479 938
480 619
480 620
480 655
480 744
480 823
480 908
481 483
481 484
481 487
481 489
481 490
481 515
481 574
481 601
481 820
481 875
481 877
481 884
481 965
482 495
482 508
482 520
482 527
482 623
482 624
482 625
482 627
482 628
482 665
482 687
482 698
482 738
482 747
482 767
483 484
483 486
483 487
483 489
483 490
483 570
483 574
483 580
483 820
483 885
483 925
484 486
484 487
484 489
484 557
484 574
484 632
484 726
484 765
484 783
484 810
484 820
484 912
485 488
485 508
485 607
485 673
485 791
485 852
485 863
485 881
485 882
485 883
485 884
485 886
485 887
486 487
486 490
486 533
486 574
486 626
486 628
486 782
486 820
486 854
486 870
486 892
487 489
487 490
487 577
487 629
487 637
487 860
487 948
488 744
488 802
488 844
488 863
488 876
488 881
488 882
488 884
488 885
488 886
488 887
489 490
489 574
489 623
489 625
489 735
489 820
490 543
490 574
490 710
490 820
491 597
491 598
491 639
491 655
491 742
491 845
491 892
491 898
491 899
491 900
491 963
492 495
492 496
492 497
492 499
492 500
492 616
492 657
492 673
492 738
492 901
492 969
492 986
493 557
493 641
493 642
493 643
493 644
493 646
493 647
493 649
493 678
493 816
493 888
493 967
493 985
494 562
494 760
494 767
494 769
494 770
494 924
494 928
495 497
495 499
495 549
495 553
495 578
495 616
495 753
495 797
496 497
496 499
496 500
496 578
496 610
496 616
496 647
496 648
496 673
496 726
496 729
496 746
496 787
497 499
497 500
497 616
497 673
497 743
497 849
497 888
498 527
498 534
498 539
498 604
498 609
498 648
498 696
498 768
498 787
498 788
498 815
499 500
499 578
499 616
499 673
499 949
500 587
500 603
500 605
500 616
500 673
500 710
500 712
500 763
500 812
500 924
501 542
501 554
501 698
501 823
501 835
501 856
501 895
501 934
502 554
502 572
502 754
502 755
502 756
502 759
502 760
502 767
502 788
502 976
503 504
503 507
503 510
503 650
503 654
503 659
503 732
503 739
503 758
503 760
503 799
503 876
503 893
503 900
503 931
504 506
504 507
504 508
504 509
504 510
504 517
504 613
504 736
504 758
504 795
504 800
504 893
504 927
504 937
505 506
505 507
505 508
505 509
505 510
505 552
505 654
505 758
505 765
505 813
505 888
505 893
505 926
505 927
506 507
506 508
506 509
506 510
506 517
506 591
506 595
506 616
506 619
506 654
506 693
506 699
506 758
506 893
506 927
506 990
507 508
507 509
507 510
507 517
507 549
507 606
507 627
507 653
507 654
507 691
507 721
507 758
507 808
507 893
507 927
507 931
508 509
508 510
508 517
508 551
508 626
508 654
508 758
508 893
508 999
509 510
509 517
509 596
509 634
509 654
509 715
509 758
509 837
509 893
509 912
509 927
510 517
510 527
510 589
510 651
510 654
510 750
510 758
510 893
510 927
511 513
511 514
511 515
511 518
511 520
511 535
511 567
511 583
511 603
511 715
511 772
511 808
511 835
511 902
511 960
512 538
512 634
512 816
512 820
512 987
513 514
513 515
513 520
513 603
513 620
513 633
513 647
513 698
513 976
514 515
514 518
514 520
514 575
514 603
514 695
514 741
514 944
514 954
514 997
515 518
515 520
515 521
515 551
515 603
515 653
515 702
515 712
515 726
515 806
515 955
516 520
516 530
516 603
516 620
516 742
516 816
516 845
517 588
517 794
517 927
518 520
518 531
518 603
518 746
519 555
519 653
519 749
519 964
519 970
520 561
520 603
520 647
520 717
520 722
520 725
520 772
520 774
520 930
520 981
521 547
521 755
521 840
522 523
522 524
522 525
522 526
522 529
522 621
522 784
522 860
522 904
522 971
522 974
522 999
523 526
523 688
523 928
523 983
524 525
524 526
524 529
524 592
524 595
524 636
524 708
524 739
524 880
525 526
525 529
525 564
525 621
525 816
525 817
525 820
526 529
526 562
526 566
526 621
526 751
526 797
526 817
527 575
527 601
527 623
527 624
527 625
527 626
527 627
527 628
527 672
527 687
527 731
527 833
527 839
527 895
527 912
527 949
528 664
528 710
528 771
529 530
529 638
529 749
529 938
530 532
530 539
530 639
530 661
530 662
530 663
530 665
530 666
530 667
530 668
530 670
530 926
531 532
531 534
531 535
531 537
531 647
531 678
531 722
531 724
531 893
531 974
532 533
532 534
532 535
532 537
532 540
532 678
532 679
532 941
532 958
533 534
533 535
533 536
533 540
533 543
533 597
533 678
533 732
533 916
534 535
534 536
534 537
534 540
534 594
534 678
534 692
534 839
534 912
534 981
535 536
535 537
535 540
535 597
535 678
535 829
535 842
536 537
536 540
536 552
536 678
536 713
536 720
536 841
536 865
536 988
537 667
537 678
537 744
537 868
537 900
537 916
538 561
538 851
538 963
538 991
538 992
538 993
538 994
538 995
538 996
538 997
538 999
538 1000
539 645
539 661
539 662
539 665
539 666
539 667
539 668
539 670
539 835
540 577
540 845
540 937
540 983
541 542
541 543
541 544
541 546
541 547
541 548
541 645
541 646
541 858
541 872
541 962
542 543
542 544
542 546
542 547
542 548
542 549
542 559
542 595
542 601
542 645
542 654
542 977
543 544
543 546
543 547
543 548
543 549
543 645
543 655
543 670
543 784
543 844
543 910
543 928
543 986
544 545
544 548
544 549
544 559
544 584
544 684
544 767
544 841
544 858
545 546
545 547
545 548
545 549
545 588
545 645
545 777
545 789
545 881
546 547
546 548
546 549
546 563
546 645
546 762
546 886
547 548
547 549
547 682
547 845
548 584
548 645
548 671
548 743
548 793
548 804
548 942
548 955
549 645
549 675
549 809
549 900
549 912
550 598
550 714
550 871
551 552
551 553
551 554
551 555
551 556
551 560
551 600
551 742
551 832
551 913
551 950
552 553
552 554
552 555
552 556
552 560
552 630
552 672
552 870
552 945
553 554
553 555
553 556
553 738
553 942
553 978
554 555
554 556
554 645
554 768
554 984
554 989
555 556
555 560
555 603
555 639
555 726
555 755
555 833
555 996
556 560
556 629
556 686
556 894
557 611
557 660
557 678
557 690
557 901
557 931
557 932
557 934
557 935
557 936
557 938
557 939
557 940
558 630
558 921
559 566
559 579
559 658
559 719
559 846
559 951
559 952
559 953
559 954
559 955
559 956
559 957
559 958
559 959
559 960
560 658
560 722
560 725
560 730
560 922
561 643
561 823
561 886
561 991
561 992
561 993
561 994
561 996
561 997
561 999
561 1000
562 772
562 923
562 961
562 962
562 963
562 965
562 966
562 967
562 969
563 564
563 565
563 566
563 568
563 569
563 570
563 599
563 664
563 904
564 565
564 566
564 569
564 589
564 636
564 697
564 699
564 824
564 829
564 890
565 566
565 570
565 699
565 761
565 824
565 869
565 930
566 568
566 569
566 570
566 597
566 682
566 699
566 886
566 991
567 715
567 732
567 734
567 736
567 738
567 848
567 863
567 869
567 902
567 994
568 569
568 570
568 571
568 699
568 755
568 939
569 570
569 660
569 699
569 928
570 595
570 653
570 682
570 684
570 722
570 736
570 759
570 772
570 866
570 882
570 899
571 573
571 576
571 656
571 668
571 739
571 895
572 573
572 574
572 575
572 580
572 812
572 895
572 998
573 575
573 576
573 580
573 616
573 895
573 948
574 820
574 840
574 862
574 939
574 988
574 991
575 576
575 667
575 821
575 850
575 895
575 896
576 580
576 826
576 895
577 698
577 723
577 757
577 890
577 895
577 921
577 922
577 928
578 616
578 622
578 634
578 673
578 847
579 689
579 804
579 951
579 952
579 953
579 954
579 955
579 958
579 959
579 960
579 968
580 652
580 659
580 678
580 709
580 832
580 835
580 895
581 634
581 779
581 821
581 923
581 939
581 985
582 585
582 586
582 587
582 588
582 589
582 590
582 640
582 677
582 682
582 704
582 942
583 584
583 585
583 586
583 587
583 588
583 589
583 590
583 672
583 766
583 913
583 918
583 944
583 974
583 996
584 585
584 586
584 587
584 588
584 589
584 590
584 592
584 595
584 651
584 701
584 874
584 918
584 939
585 586
585 587
585 588
585 589
585 590
585 597
585 748
585 931
586 587
586 588
586 589
586 767
586 776
586 905
587 589
587 590
587 632
587 681
587 789
587 820
587 831
587 884
587 910
588 589
588 606
588 647
588 689
588 726
588 904
589 590
589 955
590 635
590 723
590 800
590 839
591 593
591 594
591 595
591 596
591 597
591 599
591 600
591 603
591 623
591 656
591 722
591 724
591 916
591 928
591 966
592 686
592 864
592 880
592 905
592 924
592 957
592 970
593 594
593 595
593 596
593 597
593 599
593 600
593 655
593 719
593 768
593 916
593 925
593 928
593 948
594 596
594 597
594 599
594 600
594 656
594 843
594 885
594 905
594 916
594 933
594 938
595 596
595 597
595 599
595 600
595 656
595 762
595 939
596 597
596 599
596 600
596 656
596 680
596 916
596 947
596 973
597 600
597 656
597 770
597 783
597 809
597 810
597 916
597 983
598 636
598 639
598 709
598 764
598 862
598 892
598 898
598 900
598 951
598 985
599 656
599 674
599 680
599 704
599 834
599 916
599 926
600 656
600 707
600 808
600 848
600 861
600 916
600 972
601 602
601 607
601 610
601 695
601 715
601 718
601 740
601 764
601 766
601 879
601 896
602 604
602 606
602 607
602 610
602 650
602 766
602 838
602 865
602 870
602 896
603 745
603 771
604 606
604 607
604 610
604 650
604 766
604 862
604 896
604 965
605 653
605 657
605 658
605 659
605 730
605 912
606 607
606 610
606 675
606 745
606 766
606 896
606 937
607 610
607 766
607 896
607 903
607 906
608 734
608 801
608 921
609 675
609 775
609 809
610 625
610 644
610 675
610 896
610 998
611 670
611 677
611 793
611 887
611 931
611 932
611 934
611 935
611 936
611 937
611 938
611 939
612 613
612 614
612 615
612 620
612 715
612 726
612 752
612 823
613 614
613 615
613 617
613 620
613 752
613 994
613 995
614 615
614 617
614 618
614 620
614 792
614 873
614 977
615 617
615 620
615 739
615 752
615 941
615 964
615 972
616 673
616 681
616 694
616 979
616 996
617 618
617 620
617 656
617 752
617 859
617 867
618 620
618 664
618 789
618 876
618 909
618 930
619 622
619 624
619 791
619 792
619 794
619 795
619 797
619 798
619 800
619 815
619 882
620 707
620 752
620 754
620 759
620 784
620 834
620 850
620 968
621 623
621 677
621 765
622 653
622 791
622 792
622 794
622 800
622 835
622 852
622 963
622 964
623 625
623 626
623 627
623 628
623 670
623 687
623 688
623 804
623 815
623 987
624 625
624 627
624 628
624 687
624 738
624 743
624 792
624 847
624 876
625 626
625 627
625 701
625 815
625 851
625 904
626 628
626 687
626 713
626 970
627 628
627 687
627 861
627 882
627 884
627 885
627 960
628 687
628 972
628 980
629 816
629 853
629 855
629 903
630 632
630 641
630 917
630 939
631 717
631 737
631 772
631 773
631 774
631 775
631 776
631 777
631 780
631 818
631 976
632 634
632 635
632 636
632 637
632 640
632 788
632 894
632 982
633 697
633 700
633 716
633 933
634 636
634 682
635 637
635 640
635 675
635 856
636 637
636 640
636 942
636 995
637 710
637 752
637 818
637 942
638 682
638 740
638 793
638 813
638 815
638 816
638 817
638 819
638 822
638 891
638 918
639 722
639 798
639 835
639 842
639 892
639 897
639 898
639 899
639 900
639 980
640 678
640 724
640 793
640 965
640 972
641 642
641 644
641 646
641 647
641 649
641 694
641 700
641 853
641 910
641 941
642 643
642 644
642 646
642 647
642 649
642 664
642 669
642 706
642 727
642 755
642 767
642 951
643 644
643 646
643 647
643 649
643 722
643 960
644 646
644 647
644 649
644 868
644 958
644 998
645 659
645 697
645 821
645 890
646 649
646 656
646 847
646 929
647 649
647 679
647 774
647 860
647 900
647 948
647 977
648 768
648 847
648 948
649 673
649 763
650 926
650 929
650 956
650 966
651 681
651 889
651 942
652 804
652 866
652 903
652 951
652 953
653 657
653 658
653 659
653 677
653 752
653 880
654 708
654 757
654 758
654 812
654 893
654 927
655 778
655 823
655 834
655 855
655 970
656 682
656 747
656 767
656 916
656 917
657 659
657 907
657 930
657 940
658 659
658 859
658 871
658 914
659 716
659 754
659 756
659 920
660 709
660 777
660 879
660 941
661 662
661 663
661 665
661 666
661 667
661 668
661 670
661 715
661 790
661 840
661 860
661 968
661 982
662 663
662 665
662 666
662 667
662 668
662 670
662 757
662 797
662 954
663 665
663 666
663 667
663 844
663 927
664 686
664 828
664 835
664 862
665 666
665 667
665 668
665 670
665 824
665 833
665 840
665 848
665 903
665 937
666 667
666 668
666 799
666 855
666 896
666 917
667 668
667 670
667 683
667 830
667 881
667 924
667 965
668 670
668 682
668 749
668 780
668 894
669 688
669 702
669 722
669 771
669 905
669 987
670 766
670 878
670 908
670 922
670 992
671 672
671 676
671 679
671 680
671 722
671 726
671 781
671 791
671 801
671 805
672 674
672 676
672 679
672 680
672 742
673 676
673 889
674 733
674 748
674 995
675 676
675 680
675 716
675 743
675 790
675 863
675 920
675 922
675 946
676 677
676 679
676 680
676 694
676 742
676 760
676 761
677 751
677 793
677 900
677 931
677 932
677 934
677 935
677 937
677 938
677 940
677 943
677 972
678 692
678 711
678 776
678 927
679 680
679 682
679 685
679 778
679 810
680 703
680 867
680 953
680 985
681 683
681 684
681 685
681 689
681 690
681 810
681 930
681 964
682 969
683 684
683 685
683 689
683 690
683 799
683 876
683 880
683 904
683 917
683 965
684 685
684 689
684 690
684 775
684 878
684 888
684 952
685 689
685 690
685 799
685 806
685 810
685 872
686 957
687 810
687 850
687 879
687 933
688 854
688 949
689 690
689 784
689 799
689 972
690 799
690 801
690 816
690 919
690 925
690 985
691 692
691 694
691 695
691 698
691 700
691 711
691 887
691 897
691 926
692 694
692 695
693 731
693 822
693 824
693 825
693 828
693 829
693 830
693 894
693 973
694 695
694 696
694 698
694 700
694 711
694 953
695 696
695 698
695 700
695 711
696 698
696 711
696 809
696 833
696 866
696 947
696 971
697 787
697 922
697 933
697 991
698 700
698 791
698 856
698 868
698 912
700 711
700 826
701 703
701 704
701 705
701 706
701 708
701 709
701 746
701 915
701 933
701 952
702 724
702 749
702 913
703 704
703 705
703 706
703 708
703 903
703 995
704 705
704 706
704 708
704 709
704 710
704 722
704 746
704 841
704 846
705 708
705 709
705 710
705 770
705 810
705 921
705 998
706 708
706 709
706 710
706 712
706 746
706 852
706 898
706 966
707 918
707 964
708 709
708 710
708 746
708 822
709 710
709 722
709 746
709 774
709 778
709 887
709 892
709 936
709 949
710 952
711 870
711 875
712 713
712 715
712 716
712 717
712 718
712 720
712 732
712 733
712 996
713 714
713 715
713 716
713 717
713 718
713 720
713 917
714 715
714 716
714 718
714 720
714 757
714 798
714 821
714 935
714 942
715 716
715 717
715 718
715 720
715 979
716 717
716 718
716 720
716 842
716 945
717 720
717 814
717 934
718 889
718 974
719 721
719 722
719 723
719 724
719 726
719 727
719 728
719 729
719 730
719 850
719 866
719 870
719 946
719 993
720 741
720 770
720 783
720 888
720 924
720 930
720 967
721 722
721 723
721 724
721 727
721 728
721 729
721 730
721 833
721 857
721 866
721 982
722 723
722 724
722 726
722 727
722 728
722 729
722 730
722 839
722 867
722 873
722 959
723 728
723 729
723 730
723 754
723 836
723 866
724 726
724 727
724 728
724 729
724 730
724 810
724 866
724 936
724 984
725 796
725 942
725 948
725 949
726 727
726 728
726 729
726 730
726 843
726 866
726 999
727 728
727 729
727 730
727 741
727 818
727 861
727 866
728 729
728 754
728 799
728 831
728 963
728 1000
729 730
729 766
729 770
729 772
729 823
729 845
729 866
730 740
730 779
730 866
730 873
730 879
731 732
731 734
731 736
731 737
731 738
731 739
731 740
731 759
731 902
731 942
732 734
732 735
732 736
732 737
732 738
732 739
732 740
732 808
732 827
732 902
732 910
732 976
733 810
733 814
733 873
733 880
733 901
733 959
733 978
734 736
734 737
734 738
734 739
734 844
734 889
734 902
735 736
735 737
735 738
735 739
735 756
735 795
735 809
735 812
735 873
735 902
736 737
736 739
736 740
736 784
736 853
736 876
736 902
737 738
737 739
737 740
737 902
737 941
738 739
738 740
738 990
739 740
739 844
739 902
739 906
740 883
740 902
740 957
740 969
740 972
741 743
741 745
741 747
741 748
741 749
741 750
741 868
742 791
742 881
742 894
742 910
743 744
743 745
743 747
743 749
743 750
743 812
743 819
743 863
743 868
743 895
743 978
744 745
744 747
744 748
744 749
744 750
744 868
744 876
744 995
745 747
745 748
745 749
745 750
745 868
746 820
746 985
747 748
747 749
747 750
747 827
747 868
748 749
748 750
748 817
748 846
748 868
748 883
748 948
749 750
749 865
749 868
749 921
750 762
750 868
750 887
751 981
752 794
752 843
752 907
753 781
753 788
753 802
753 818
753 882
754 755
755 756
755 759
755 760
755 805
755 874
755 913
756 759
756 760
756 788
756 842
757 804
757 814
758 893
758 927
758 950
759 760
759 788
759 829
759 980
760 788
760 827
762 841
762 893
762 984
763 861
763 862
763 865
763 867
763 923
763 940
763 969
764 790
764 952
764 962
764 974
764 975
764 977
764 978
764 980
765 796
765 902
766 896
766 906
766 965
767 769
767 770
767 924
769 770
769 785
769 812
769 971
769 985
771 772
771 773
771 774
771 775
771 776
771 777
771 779
771 780
771 832
771 976
771 996
772 773
772 774
772 775
772 776
772 777
772 780
772 860
772 976
772 980
773 774
773 775
773 776
773 777
773 818
773 872
773 908
773 909
773 973
773 976
773 993
774 776
774 777
774 779
774 780
774 928
774 976
774 995
775 776
775 779
775 780
775 929
775 938
775 970
776 777
776 779
776 780
776 837
776 911
777 779
777 976
778 803
778 837
778 881
779 780
779 892
779 949
779 973
779 976
780 840
780 898
780 904
780 940
780 976
781 924
782 783
782 784
782 785
782 786
782 787
782 789
782 790
782 872
782 893
782 905
782 920
783 784
783 785
783 787
783 789
783 790
784 785
784 786
784 787
784 789
784 790
784 847
784 989
785 786
785 787
785 789
785 790
785 871
786 787
786 789
786 790
787 789
787 790
787 952
787 964
788 948
789 790
789 858
789 945
790 917
790 927
791 792
791 794
791 795
791 797
791 798
791 845
791 862
791 1000
792 795
792 797
792 798
792 800
792 836
792 843
792 851
792 902
792 948
793 931
793 932
793 934
793 935
793 936
793 937
793 939
793 940
793 947
793 948
793 978
794 795
794 797
794 798
794 800
794 803
795 797
795 798
795 800
795 889
795 899
795 916
797 798
797 800
798 825
798 980
798 983
799 854
799 860
800 876
800 990
801 803
801 804
801 806
801 807
801 808
801 809
801 830
802 863
802 881
802 882
802 883
802 884
802 886
802 887
802 888
803 804
803 805
803 806
803 807
803 808
803 809
803 810
803 941
803 961
803 964
803 991
804 805
804 807
804 808
804 809
804 810
804 820
804 863
804 934
804 960
805 806
805 808
805 809
805 810
805 911
805 938
806 807
806 809
806 810
806 841
807 808
807 810
807 822
807 894
807 920
808 809
808 810
808 920
809 810
809 823
809 862
809 919
810 920
810 949
811 816
811 908
811 920
812 834
812 871
812 943
813 816
813 817
813 819
813 891
814 848
814 854
814 901
815 816
815 891
815 975
816 817
816 891
817 891
817 903
817 972
819 891
819 935
820 848
821 842
822 824
822 825
822 826
822 829
822 830
822 854
822 973
823 868
823 942
823 951
824 825
824 826
824 828
824 829
824 830
824 897
824 973
825 826
825 828
825 830
825 898
825 973
826 828
826 829
826 830
826 889
826 958
826 973
827 871
827 922
827 983
827 985
827 986
827 989
828 829
828 830
828 973
829 830
829 930
829 973
830 843
830 973
831 834
831 835
831 836
831 837
831 838
831 839
831 840
831 841
831 850
831 943
831 945
832 874
832 898
832 924
832 954
833 834
833 835
833 836
833 837
833 838
833 839
833 870
833 895
834 836
834 837
834 838
834 839
834 840
834 866
834 956
835 836
835 838
835 839
836 837
836 838
836 839
836 840
836 870
836 938
837 839
837 840
838 839
838 840
838 849
838 857
838 922
838 935
838 984
839 964
840 881
840 987
841 842
841 843
841 847
841 848
841 849
841 850
842 843
842 845
842 847
842 848
842 849
842 944
843 847
843 850
844 851
844 901
844 904
845 847
845 848
845 850
845 922
845 980
846 885
846 951
846 952
846 953
846 954
846 955
846 956
846 957
846 958
846 960
846 979
847 849
847 850
847 855
847 902
847 969
848 850
849 850
849 905
851 855
851 856
851 857
851 859
851 877
851 979
851 981
851 988
852 855
852 856
852 859
852 860
852 946
853 949
853 961
854 918
855 857
855 859
855 935
855 981
856 857
856 859
856 860
856 981
857 860
857 937
857 977
857 981
858 899
859 860
859 888
859 973
860 885
860 981
861 862
861 864
861 865
861 867
861 869
861 991
862 864
862 867
862 869
862 870
862 911
863 881
863 883
863 886
863 888
863 941
863 954
864 865
864 867
864 869
864 870
864 917
865 867
865 869
865 915
866 909
867 869
867 870
867 890
868 978
869 870
869 875
870 881
870 909
871 872
871 873
871 875
871 876
871 877
871 880
871 973
872 873
872 875
872 876
872 877
872 878
872 879
872 880
872 928
872 984
873 875
873 876
873 877
873 878
873 880
873 912
873 913
873 992
875 877
875 878
875 879
875 880
875 885
876 878
876 879
876 880
876 943
876 979
877 878
877 879
877 880
877 886
878 879
879 898
879 911
881 882
881 883
881 884
881 885
881 886
881 887
881 888
881 985
882 883
882 885
882 886
882 887
882 888
882 925
882 987
883 884
883 885
883 886
883 887
883 888
884 885
884 886
884 888
885 886
885 887
885 888
886 887
886 888
887 888
887 901
888 915
889 911
890 915
890 921
890 922
890 923
890 925
890 928
890 946
891 957
892 897
892 898
892 899
892 900
892 909
892 954
893 927
893 958
894 910
896 936
896 971
897 898
897 899
897 900
897 960
898 899
898 900
899 900
899 961
900 911
900 916
900 951
900 965
901 907
901 910
902 923
904 917
904 937
905 906
905 907
905 909
905 921
905 973
906 907
906 909
906 910
906 939
906 953
906 972
907 909
907 910
907 989
908 992
909 910
911 912
911 914
911 915
911 917
911 918
911 919
911 920
911 965
911 979
912 913
912 914
912 915
912 918
912 919
912 920
912 979
913 914
913 915
913 917
913 918
913 919
913 920
913 979
913 984
914 915
914 917
914 918
914 919
914 920
914 979
914 984
915 918
915 919
915 963
915 979
915 984
916 920
916 993
916 998
917 918
917 920
917 979
917 984
918 919
918 920
918 984
919 943
919 979
919 984
920 984
920 993
921 922
921 925
921 943
922 925
922 928
922 981
924 952
925 928
926 946
926 981
927 975
928 948
928 960
929 935
929 947
929 988
931 932
931 934
931 935
931 936
931 937
931 939
931 940
931 959
932 934
932 935
932 936
932 937
932 938
932 939
932 940
934 935
934 936
934 938
934 940
935 937
935 938
935 939
935 971
936 937
936 938
936 939
936 940
936 986
937 939
939 940
939 999
941 942
941 944
941 945
941 946
941 949
941 950
942 944
942 946
942 949
942 950
942 971
944 945
944 946
944 949
945 946
945 949
945 950
946 949
946 950
948 983
949 950
951 952
951 953
951 954
951 955
951 956
951 957
951 958
951 959
951 960
951 968
952 953
952 954
952 955
952 956
952 957
952 958
952 959
952 968
953 954
953 955
953 956
953 957
953 958
953 959
953 960
953 968
954 955
954 956
954 957
954 958
954 959
954 960
954 968
955 956
955 958
955 959
955 960
955 968
956 957
956 958
956 968
956 976
957 958
957 959
957 960
957 968
958 960
959 960
959 968
961 962
961 963
961 965
961 966
961 967
961 969
962 967
962 969
963 965
963 967
964 970
965 967
966 967
966 969
967 969
967 977
968 973
969 970
972 987
972 1000
974 975
974 977
974 980
975 978
976 987
977 978
977 980
978 980
979 984
980 999
982 983
982 986
982 988
982 989
983 985
983 986
983 988
983 989
985 986
985 988
985 989
986 988
986 989
988 989
991 992
991 993
991 994
991 995
991 996
991 997
991 999
991 1000
992 993
992 995
992 997
992 999
992 1000
993 994
993 995
993 996
993 997
993 999
994 995
994 996
994 997
994 999
994 1000
995 996
995 997
995 999
995 1000
996 997
996 999
996 1000
997 1000
999 1000
