1000 8680
1 4
1 10
1 120
1 214
1 292
1 552
1 612
1 768
1 920
1 938
1 944
2 151
2 280
2 317
2 369
2 408
2 461
2 481
2 482
2 483
2 484
2 485
2 486
2 487
2 488
2 489
2 490
2 577
2 617
2 748
2 801
2 854
2 858
2 911
3 7
3 10
3 81
3 648
3 716
3 847
3 914
3 915
3 917
3 926
4 5
4 7
4 10
4 185
4 292
4 556
4 587
4 704
4 707
4 771
4 798
4 882
4 895
4 897
5 7
5 82
5 243
5 251
5 292
5 538
5 548
5 658
5 681
6 531
6 532
6 533
6 534
6 535
6 536
6 537
6 538
6 539
6 548
6 602
6 789
6 799
6 831
6 943
7 98
7 238
7 257
7 347
7 352
7 377
7 430
7 495
7 666
7 681
7 688
8 143
8 380
8 426
8 500
8 571
8 573
8 574
8 577
8 578
8 588
8 632
8 673
8 759
8 805
8 861
8 916
8 995
9 119
9 285
9 367
9 433
9 445
9 557
9 598
9 611
9 612
9 613
9 615
9 617
9 618
9 619
9 620
9 658
9 758
9 924
9 927
10 40
10 71
10 120
10 249
10 269
10 292
10 319
10 441
10 484
10 496
10 601
10 938
11 12
11 13
11 16
11 17
11 18
11 19
11 98
11 199
11 217
11 310
11 326
11 374
11 498
11 597
11 710
11 994
11 995
12 13
12 16
12 17
12 18
12 19
12 241
12 287
12 383
12 434
12 580
12 616
12 657
12 980
13 16
13 18
13 19
13 20
13 211
13 228
13 298
13 434
13 454
13 476
13 505
13 523
13 783
13 853
13 970
14 40
14 47
14 49
14 456
14 492
14 501
14 502
14 503
14 506
14 507
14 508
14 509
14 575
14 610
14 698
14 749
14 775
14 874
14 897
14 931
14 935
14 942
14 974
15 203
15 271
15 273
15 275
15 276
15 277
15 278
15 280
15 324
15 410
15 435
15 447
15 508
15 516
15 525
15 559
15 561
15 800
15 871
15 998
16 18
16 19
16 56
16 102
16 212
16 227
16 434
16 524
16 686
16 898
16 966
17 18
17 19
17 29
17 67
17 122
17 195
17 434
17 598
17 671
17 815
17 956
18 20
18 51
18 57
18 236
18 335
18 373
18 434
18 624
18 859
18 879
18 881
18 927
18 952
19 20
19 227
19 424
19 485
19 498
19 574
19 584
19 614
19 645
19 757
19 863
19 866
19 904
19 934
20 238
20 241
20 305
20 375
20 392
20 434
21 45
21 79
21 102
21 104
21 105
21 107
21 110
21 142
21 143
21 290
21 484
21 598
21 789
21 848
22 25
22 26
22 28
22 30
22 154
22 159
22 369
22 376
22 498
22 554
22 593
22 641
22 645
22 913
22 974
23 24
23 25
23 26
23 28
23 114
23 231
23 234
23 295
23 330
23 408
23 461
23 553
23 642
23 698
23 838
23 887
23 911
23 918
23 939
24 25
24 26
24 28
24 30
24 132
24 213
24 250
24 254
24 446
24 531
24 661
24 713
24 812
25 28
25 60
25 149
25 380
25 425
25 498
25 537
25 546
25 550
25 564
25 602
25 806
25 868
25 913
26 28
26 30
26 145
26 238
26 259
26 380
26 498
26 635
26 695
26 723
26 753
26 881
26 945
27 114
27 138
27 156
27 212
27 214
27 215
27 217
27 218
27 220
27 274
27 321
27 438
27 480
28 334
28 357
28 367
28 543
28 551
28 578
28 718
28 721
28 761
28 808
28 857
28 983
29 237
29 267
29 323
29 337
29 582
29 584
29 631
29 633
29 634
29 635
29 637
29 639
29 719
29 730
29 731
29 856
29 870
30 58
30 423
30 474
30 498
31 74
31 92
31 274
31 434
31 441
31 442
31 443
31 450
31 568
31 804
31 842
31 870
31 894
31 923
31 925
32 154
32 174
32 365
32 368
32 404
32 407
32 480
32 621
32 698
32 741
32 743
32 849
32 886
32 920
32 931
32 932
32 933
32 936
32 937
32 939
32 940
32 966
32 981
33 34
33 35
33 36
33 37
33 38
33 39
33 40
33 61
33 79
33 162
33 172
33 281
33 576
33 605
33 612
33 637
33 678
33 762
33 811
33 824
33 939
33 984
33 985
34 35
34 36
34 38
34 40
34 144
34 197
34 234
34 368
34 373
34 390
34 433
34 523
34 538
34 576
34 778
34 787
34 820
34 831
34 916
34 984
35 37
35 38
35 40
35 74
35 120
35 144
35 185
35 245
35 270
35 504
35 576
35 581
35 586
35 594
35 613
35 708
35 716
35 732
35 759
35 792
35 796
35 824
35 879
35 984
36 37
36 39
36 40
36 292
36 399
36 451
36 512
36 530
36 621
36 679
36 685
36 701
36 749
36 824
36 910
36 984
37 38
37 40
37 129
37 149
37 239
37 423
37 427
37 604
37 611
37 626
37 805
37 824
37 842
37 853
37 975
37 984
38 40
38 107
38 112
38 209
38 260
38 300
38 324
38 335
38 567
38 727
38 806
38 899
38 984
38 1000
39 40
39 127
39 167
39 284
39 375
39 584
39 598
39 752
39 760
39 824
39 890
39 984
39 991
40 90
40 142
40 239
40 262
40 288
40 339
40 416
40 433
40 499
40 514
40 576
40 615
40 638
40 715
40 824
40 890
41 42
41 43
41 44
41 45
41 46
41 47
41 50
41 141
41 166
41 269
41 305
41 328
41 416
41 469
41 536
41 572
41 584
41 647
41 650
41 669
41 787
41 812
41 887
41 954
41 967
42 43
42 44
42 45
42 46
42 166
42 253
42 433
42 475
42 477
42 501
42 572
42 623
42 650
42 813
42 938
42 951
43 44
43 45
43 47
43 50
43 92
43 98
43 166
43 208
43 385
43 416
43 572
43 582
43 623
43 650
43 678
43 684
43 795
43 812
43 869
43 938
44 46
44 47
44 50
44 244
44 280
44 572
44 619
44 623
44 650
44 812
44 902
44 938
44 959
44 986
45 46
45 47
45 50
45 166
45 169
45 216
45 244
45 281
45 480
45 572
45 623
45 650
45 807
45 812
45 844
45 882
45 902
45 904
45 938
45 998
46 47
46 50
46 51
46 275
46 464
46 572
46 623
46 650
46 662
46 695
46 764
46 889
46 979
47 50
47 147
47 166
47 214
47 325
47 443
47 576
47 623
47 650
47 691
47 801
47 889
47 899
47 912
47 938
48 67
48 245
48 446
48 541
48 544
48 554
48 562
48 743
48 747
48 801
48 803
48 804
48 807
48 809
48 810
48 839
48 923
48 934
48 950
49 52
49 53
49 54
49 56
49 57
49 58
49 161
49 173
49 229
49 291
49 460
49 644
50 99
50 100
50 166
50 206
50 285
50 364
50 452
50 467
50 531
50 623
50 650
50 653
50 768
50 781
50 868
50 938
51 52
51 54
51 56
51 57
51 58
51 113
51 163
51 321
51 416
51 592
51 620
51 651
51 678
51 759
51 796
52 53
52 55
52 56
52 57
52 58
52 82
52 109
52 226
52 291
52 298
52 391
52 617
52 752
52 975
52 999
53 54
53 55
53 56
53 57
53 58
53 120
53 173
53 174
53 233
53 291
53 533
53 664
53 736
53 773
53 822
53 872
54 55
54 56
54 57
54 73
54 115
54 189
54 291
54 496
54 689
54 833
54 888
55 56
55 57
55 58
55 123
55 139
55 239
55 277
55 291
55 341
55 376
55 445
55 548
55 549
55 567
55 594
55 600
55 624
55 688
55 814
56 94
56 116
56 173
56 411
56 484
56 491
56 674
56 804
56 972
56 997
57 58
57 71
57 118
57 164
57 173
57 291
57 327
57 401
57 436
57 638
57 702
57 818
57 880
57 968
58 240
58 291
58 606
58 939
59 85
59 111
59 114
59 125
59 212
59 229
59 311
59 312
59 313
59 314
59 315
59 316
59 317
59 318
59 408
59 455
59 467
59 820
59 902
59 966
60 122
60 123
60 124
60 126
60 128
60 129
60 130
60 199
60 289
60 366
60 411
60 759
60 943
61 62
61 63
61 65
61 69
61 114
61 152
61 329
61 385
61 469
61 471
61 492
61 549
61 603
61 611
61 618
61 717
61 721
61 724
61 772
61 995
62 63
62 65
62 66
62 69
62 70
62 89
62 163
62 343
62 453
62 495
62 546
62 563
62 667
62 743
62 822
62 971
63 65
63 66
63 185
63 324
63 460
63 539
63 586
63 606
63 609
63 618
63 660
63 743
63 845
63 880
64 166
64 334
64 366
64 367
64 442
64 470
64 639
64 661
64 707
64 818
64 851
64 852
64 857
64 858
64 859
64 913
64 973
64 986
65 66
65 69
65 100
65 108
65 285
65 359
65 392
65 524
65 608
65 704
65 922
65 973
66 69
66 70
66 203
66 213
66 352
66 518
66 564
66 755
66 818
66 835
66 840
66 878
66 927
66 999
67 124
67 256
67 299
67 463
67 465
67 466
67 476
67 522
67 623
67 737
67 909
67 984
68 79
68 89
68 143
68 313
68 343
68 423
68 678
68 744
68 755
68 842
68 843
68 846
68 847
68 850
68 968
69 116
69 238
69 247
69 387
69 402
69 556
69 660
69 673
69 746
69 828
69 855
69 957
70 114
70 142
70 240
70 380
70 412
70 650
70 986
71 155
71 312
71 444
71 453
71 478
71 535
71 574
71 672
71 674
71 675
71 676
71 680
71 687
71 755
71 801
71 878
71 979
72 199
72 357
72 374
72 516
72 562
72 733
72 800
72 843
72 848
72 882
72 883
72 885
72 888
72 889
72 890
72 943
73 81
73 91
73 403
73 705
73 727
73 773
73 886
73 901
73 902
73 903
73 908
73 927
74 75
74 77
74 78
74 120
74 189
74 317
74 390
74 398
74 411
74 477
74 555
74 560
74 745
74 847
74 853
75 78
75 209
75 216
75 255
75 273
75 398
75 411
75 473
75 604
75 675
75 759
75 919
76 208
76 215
76 441
76 448
76 564
76 621
76 622
76 624
76 625
76 627
76 628
76 629
76 630
76 681
76 719
76 885
76 916
76 930
76 944
76 952
76 999
77 78
77 398
77 411
77 547
77 609
77 657
77 745
77 748
78 102
78 151
78 250
78 283
78 350
78 374
78 398
78 481
78 521
78 604
78 676
78 997
79 101
79 102
79 104
79 105
79 106
79 154
79 221
79 262
79 278
79 339
79 368
79 522
79 527
79 632
79 773
79 864
79 869
79 936
79 950
80 163
80 164
80 165
80 168
80 169
80 185
80 276
80 298
80 522
80 650
80 697
80 729
80 925
80 959
80 994
81 82
81 83
81 84
81 85
81 87
81 88
81 89
81 145
81 203
81 319
81 448
81 449
81 569
81 589
81 865
81 984
82 84
82 87
82 88
82 268
82 278
82 311
82 319
82 401
82 569
82 606
82 685
82 738
82 876
83 84
83 85
83 87
83 88
83 89
83 203
83 319
83 485
83 578
83 728
83 768
83 812
83 871
84 85
84 87
84 203
84 319
84 348
84 353
84 390
84 563
84 569
84 687
84 805
84 833
84 889
85 87
85 88
85 112
85 132
85 203
85 316
85 319
85 499
85 569
85 903
85 967
86 105
86 116
86 127
86 149
86 231
86 232
86 233
86 234
86 236
86 239
86 240
86 315
86 441
86 461
86 467
86 789
86 899
86 907
87 88
87 89
87 165
87 179
87 193
87 203
87 282
87 319
87 502
87 507
87 511
87 569
87 876
87 962
88 89
88 174
88 203
88 283
88 305
88 320
88 363
88 429
88 455
88 569
88 870
88 917
88 942
88 998
89 124
89 129
89 203
89 319
89 323
89 507
89 564
89 569
89 610
89 649
90 115
90 238
90 360
90 365
90 373
90 479
90 561
90 563
90 564
90 565
90 567
90 570
90 578
90 588
90 678
90 728
90 729
90 865
90 979
91 93
91 95
91 96
91 97
91 98
91 99
91 100
91 111
91 112
91 113
91 197
91 298
91 381
91 420
91 447
91 515
91 538
91 595
91 632
91 636
91 638
91 734
91 741
91 747
91 759
91 797
91 941
91 983
92 104
92 122
92 124
92 204
92 208
92 274
92 327
92 441
92 443
92 450
92 568
92 667
92 809
92 894
92 911
93 95
93 96
93 97
93 98
93 99
93 100
93 113
93 203
93 308
93 365
93 449
93 728
93 759
94 130
94 309
94 362
94 414
94 491
94 501
94 617
94 625
94 645
94 666
94 948
94 963
94 981
94 982
94 985
94 987
94 988
94 989
95 96
95 97
95 99
95 100
95 139
95 298
95 450
95 466
95 645
95 678
95 683
95 759
95 819
95 853
95 914
96 97
96 98
96 100
96 209
96 298
96 374
96 463
96 494
96 502
96 721
96 731
96 752
96 895
96 919
96 938
96 994
97 98
97 99
97 100
97 298
97 456
97 759
98 99
98 147
98 298
98 301
98 332
98 351
98 759
99 100
99 121
99 166
99 236
99 685
99 706
99 724
99 807
99 808
99 826
99 871
99 877
99 927
99 940
100 136
100 159
100 176
100 298
100 472
100 613
100 699
100 703
100 714
100 725
100 739
100 759
100 783
100 808
100 859
100 866
100 965
100 979
101 102
101 104
101 105
101 106
101 107
101 110
101 241
101 288
101 290
101 303
101 543
101 927
102 104
102 105
102 106
102 107
102 110
102 125
102 147
102 230
102 237
102 489
102 521
102 543
102 590
102 829
102 962
102 988
103 106
103 117
103 290
103 297
103 346
103 379
103 435
103 617
103 761
103 762
103 764
103 766
103 767
103 768
103 769
103 787
103 910
104 105
104 106
104 107
104 207
104 290
104 316
104 376
104 521
104 543
104 799
104 899
104 900
104 903
104 911
104 925
105 106
105 107
105 110
105 204
105 227
105 290
105 298
105 306
105 411
105 417
105 464
105 543
105 768
105 901
105 919
105 934
106 107
106 149
106 215
106 227
106 233
106 290
106 334
106 340
106 573
106 625
106 747
106 749
106 900
106 957
107 110
107 143
107 150
107 163
107 217
107 290
107 312
107 543
107 614
107 803
107 952
108 312
108 431
108 432
108 436
108 438
108 440
108 442
108 508
108 511
108 616
108 773
108 896
109 130
109 153
109 415
109 473
109 474
109 475
109 476
109 478
109 733
109 791
109 810
109 890
109 929
109 949
109 955
110 290
110 471
110 543
110 662
110 697
110 752
110 853
110 855
111 112
111 113
111 114
111 116
111 117
111 119
111 125
111 219
111 318
111 351
111 412
111 444
111 447
111 461
111 473
111 499
111 653
111 670
111 789
111 860
111 938
111 951
112 113
112 114
112 116
112 117
112 118
112 119
112 120
112 125
112 129
112 369
112 402
112 432
112 444
112 447
112 612
112 653
112 746
112 748
112 789
112 923
112 950
112 959
113 114
113 116
113 117
113 118
113 119
113 120
113 125
113 150
113 162
113 176
113 213
113 404
113 419
113 430
113 444
113 447
113 461
113 490
113 557
113 601
113 653
113 731
113 850
113 860
113 935
114 116
114 117
114 118
114 119
114 120
114 125
114 307
114 412
114 444
114 447
114 461
114 467
114 627
114 653
114 759
114 779
114 789
114 860
115 197
115 238
115 286
115 336
115 361
115 451
115 561
115 564
115 565
115 567
115 570
115 588
115 717
115 748
115 850
115 851
116 118
116 213
116 251
116 444
116 447
116 461
116 471
116 504
116 528
116 536
116 653
116 727
116 849
116 951
117 119
117 120
117 125
117 140
117 447
117 461
117 471
117 737
117 789
117 860
117 885
117 962
117 999
118 119
118 120
118 125
118 353
118 444
118 461
118 471
118 599
118 614
118 653
118 830
118 834
118 860
118 956
118 998
119 120
119 125
119 281
119 293
119 412
119 444
119 447
119 471
119 594
119 653
119 741
119 789
119 813
119 860
119 871
119 897
120 125
120 131
120 367
120 411
120 444
120 447
120 461
120 471
120 512
120 607
120 653
120 731
120 789
120 853
120 860
120 879
120 881
120 941
121 162
121 400
121 446
121 531
121 532
121 533
121 534
121 535
121 536
121 537
121 538
121 548
121 630
121 696
121 866
121 943
122 126
122 127
122 128
122 129
122 130
122 233
122 359
122 427
122 499
122 708
122 886
123 126
123 129
123 311
123 398
123 410
123 521
123 650
123 657
123 688
124 208
124 272
124 321
124 323
124 326
124 329
124 330
124 452
124 466
124 499
124 564
124 686
124 706
124 732
124 794
124 823
124 939
124 963
125 409
125 412
125 444
125 447
125 471
125 650
125 653
125 771
125 858
125 869
125 954
126 128
126 163
126 210
126 469
126 537
126 725
126 787
126 973
127 128
127 129
127 130
127 172
127 346
127 382
127 631
127 726
127 799
127 832
127 868
128 129
128 130
128 234
128 644
128 867
128 955
128 970
129 130
129 238
129 260
129 282
129 534
129 553
129 608
129 641
130 167
130 206
130 372
130 572
130 590
130 680
130 688
130 729
130 757
130 813
130 919
130 968
131 283
131 372
131 386
131 504
131 551
131 555
131 559
131 597
131 618
131 663
131 752
131 799
132 135
132 139
132 140
132 233
132 286
132 332
132 593
132 857
133 135
133 139
133 140
133 253
133 416
133 431
133 867
133 945
134 141
134 159
134 170
134 429
134 449
134 453
134 455
134 458
134 459
134 460
134 464
134 471
134 510
134 579
134 584
134 588
134 653
134 655
134 677
134 733
134 747
134 775
135 137
135 138
135 140
135 204
135 359
135 400
135 490
135 526
135 615
135 676
135 875
135 876
135 958
136 196
136 486
136 501
136 616
136 640
136 713
136 714
136 716
136 717
136 718
136 720
136 832
137 373
137 384
137 439
137 456
137 457
137 512
137 522
137 543
137 572
137 580
137 703
137 753
137 755
137 756
137 757
137 758
137 790
137 896
137 947
137 978
138 139
138 140
138 277
138 443
138 462
138 471
138 518
138 808
138 938
139 140
139 227
139 529
139 582
139 672
139 776
139 780
139 795
140 145
140 168
140 305
140 354
140 445
140 460
140 636
140 813
140 857
140 961
140 967
141 142
141 144
141 145
141 146
141 150
141 190
141 253
141 460
141 496
141 560
141 586
141 589
141 739
141 830
141 877
141 881
142 144
142 145
142 150
142 332
142 333
142 357
142 375
142 391
142 508
142 519
142 541
142 660
142 685
142 875
142 877
142 881
143 149
143 156
143 171
143 202
143 439
143 513
143 523
143 562
143 566
143 582
143 584
143 585
143 586
143 587
143 611
143 703
143 742
143 802
143 808
143 917
143 970
143 978
144 146
144 150
144 188
144 284
144 386
144 421
144 501
144 547
144 571
144 877
145 150
145 175
145 225
145 247
145 266
145 396
145 581
145 649
145 662
145 733
145 820
145 877
145 918
145 943
145 957
146 150
146 249
146 283
146 410
146 489
146 846
146 862
146 877
146 881
146 883
147 148
147 382
147 447
147 618
147 648
147 872
147 873
147 874
147 875
147 880
147 901
147 904
148 312
148 341
148 354
148 477
148 598
148 606
148 611
148 612
148 613
148 616
148 617
148 618
148 619
148 620
148 901
149 192
149 202
149 347
149 349
149 411
149 508
149 509
149 654
149 684
149 695
149 863
149 864
149 866
149 868
149 870
149 880
149 931
149 963
150 159
150 396
150 425
150 814
150 865
150 877
151 153
151 154
151 156
151 157
151 159
151 160
151 190
151 363
151 477
151 514
151 606
151 617
151 676
151 712
151 716
152 153
152 154
152 155
152 156
152 157
152 159
152 160
152 172
152 283
152 337
152 342
152 346
152 375
152 458
152 477
152 606
152 725
152 748
152 831
152 852
152 928
153 154
153 155
153 156
153 157
153 231
153 243
153 346
153 351
153 358
153 377
153 443
153 496
153 606
153 831
153 921
153 966
154 155
154 156
154 157
154 186
154 231
154 279
154 346
154 375
154 431
154 477
154 542
154 606
154 638
154 777
154 842
154 850
155 156
155 159
155 160
155 198
155 309
155 346
155 375
155 477
155 576
155 587
155 603
155 606
155 831
155 998
156 157
156 159
156 160
156 191
156 226
156 239
156 282
156 317
156 346
156 358
156 375
156 477
156 550
156 606
156 644
156 665
156 719
156 734
156 831
156 851
156 966
157 159
157 160
157 176
157 344
157 346
157 374
157 477
157 606
157 630
157 693
157 831
157 947
157 967
158 161
158 214
158 233
158 329
158 332
158 422
158 539
158 586
158 601
158 602
158 603
158 604
158 605
158 610
158 711
158 854
158 855
158 886
159 160
159 202
159 346
159 375
159 409
159 413
159 452
159 526
159 678
159 759
159 762
159 831
159 891
160 194
160 346
160 375
160 459
160 473
160 477
160 672
160 739
160 762
160 791
160 819
160 909
160 932
160 960
161 252
161 279
161 370
161 484
161 687
161 701
161 704
161 707
161 708
161 793
161 825
162 163
162 167
162 168
162 169
162 323
162 499
162 589
162 608
162 697
162 815
162 939
163 164
163 167
163 168
163 173
163 328
163 457
163 475
163 697
163 756
163 829
163 864
163 879
164 165
164 167
164 168
164 169
164 287
164 327
164 398
164 451
164 607
164 695
164 697
164 707
164 727
164 906
165 167
165 168
165 169
165 220
165 228
165 237
165 317
165 697
165 772
165 787
165 959
165 980
166 187
166 301
166 470
166 493
166 495
166 504
166 572
166 637
166 650
166 760
166 812
166 928
166 954
167 168
167 183
167 273
167 336
167 579
167 618
167 628
167 777
167 943
168 169
168 205
168 241
168 358
168 378
168 430
168 526
168 528
168 562
168 586
168 697
168 709
168 836
168 934
169 284
169 293
169 335
169 366
169 426
169 454
169 466
169 471
169 627
169 697
169 732
169 955
169 962
169 972
170 325
170 394
170 451
170 455
170 458
170 460
170 579
170 610
170 655
170 697
170 775
171 176
171 177
171 179
171 180
171 211
171 272
171 657
171 731
171 741
171 762
171 830
171 952
171 962
172 177
172 179
172 219
172 234
172 290
172 401
172 680
172 779
172 798
172 943
172 996
173 291
173 368
173 542
173 552
173 708
173 717
173 891
173 902
174 388
174 455
174 480
174 647
174 681
174 758
174 931
174 933
174 936
174 939
174 940
174 966
175 201
175 204
175 205
175 209
175 259
175 297
175 366
175 447
175 481
175 589
176 177
176 179
176 180
176 253
176 295
176 463
176 507
176 568
176 657
176 681
176 785
176 809
177 179
177 211
177 222
177 356
177 449
177 553
177 592
177 668
177 892
177 937
177 996
178 255
178 257
178 261
178 452
178 518
178 528
178 559
178 657
178 672
178 802
178 803
178 812
178 826
178 838
178 876
178 914
178 928
178 954
178 955
178 956
178 957
178 958
178 959
178 990
179 180
179 211
179 359
179 410
179 527
179 657
179 659
179 693
179 820
179 857
179 970
180 211
180 238
180 375
180 508
180 657
180 660
180 685
180 686
180 799
180 914
180 968
180 977
181 216
181 245
181 299
181 366
181 392
181 596
181 820
181 821
181 822
181 825
181 827
181 829
181 830
181 874
181 945
182 183
182 185
182 186
182 188
182 189
182 190
182 222
182 266
182 506
182 626
182 649
182 699
182 778
182 835
183 185
183 186
183 189
183 190
183 305
183 610
183 778
184 312
184 404
184 420
184 440
184 623
184 725
184 741
184 863
184 895
184 991
184 992
184 993
184 994
184 996
184 997
184 998
184 999
185 186
185 188
185 189
185 190
185 224
185 552
185 699
185 746
185 778
185 955
186 188
186 189
186 190
186 310
186 699
186 778
187 286
187 413
187 415
187 416
187 417
187 418
187 420
187 509
187 514
187 545
187 793
187 808
187 830
187 839
187 922
187 927
187 980
188 189
188 190
188 416
188 494
188 642
188 699
188 778
188 783
188 879
189 190
189 191
189 534
189 646
189 699
189 749
189 778
189 838
189 840
189 871
189 912
190 199
190 219
190 292
190 306
190 313
190 370
190 483
190 484
190 537
190 629
190 699
190 709
190 755
190 770
190 888
190 903
190 963
191 194
191 196
191 197
191 198
191 200
191 246
191 420
191 439
191 441
191 634
191 671
191 837
191 989
192 198
192 202
192 287
192 395
192 397
192 399
192 400
192 444
192 445
192 741
192 766
192 796
192 804
192 922
192 924
192 995
193 194
193 195
193 196
193 197
193 198
193 200
193 208
193 246
193 394
193 425
193 570
193 652
193 671
193 791
193 855
193 966
193 999
194 197
194 198
194 246
194 445
194 470
194 627
194 671
194 755
194 775
194 808
194 822
194 918
195 196
195 197
195 198
195 200
195 246
195 297
195 387
195 399
195 400
195 430
195 532
195 565
195 607
195 620
195 705
195 742
195 813
196 197
196 200
196 246
196 319
196 420
196 926
197 198
197 200
197 246
197 375
197 447
197 671
197 678
197 700
197 769
198 229
198 362
198 363
198 537
198 541
198 671
198 816
198 945
199 238
199 377
199 531
199 533
199 534
199 536
199 537
199 538
199 539
199 548
199 696
199 708
199 894
199 913
199 943
199 987
200 295
200 343
200 504
200 537
200 624
200 671
200 718
200 786
200 866
201 205
201 208
201 209
201 259
201 376
201 418
201 454
201 474
201 500
201 559
201 612
201 832
201 903
201 924
202 268
202 287
202 376
202 385
202 391
202 393
202 397
202 445
202 483
202 594
202 737
202 741
202 796
202 874
202 922
202 943
202 953
202 992
202 995
203 208
203 214
203 314
203 319
203 342
203 492
203 519
203 567
203 569
203 588
203 665
203 699
203 716
203 872
203 951
204 208
204 209
204 210
204 259
204 311
204 342
204 378
204 390
204 451
204 456
204 589
204 773
204 873
205 209
205 210
205 229
205 259
205 338
205 453
205 589
205 636
205 644
205 725
205 754
205 882
205 888
205 992
205 998
206 248
206 403
206 462
206 464
206 466
206 468
206 522
206 541
206 660
206 697
206 724
206 836
206 839
206 881
206 909
207 208
207 209
207 210
207 217
207 259
207 354
207 589
207 643
207 816
208 209
208 272
208 345
208 382
208 421
208 429
208 458
208 459
208 520
208 589
208 651
208 671
208 774
208 844
208 847
208 946
209 210
209 234
209 246
209 259
209 327
209 372
209 385
209 481
209 589
209 714
209 810
209 984
210 259
210 469
210 505
210 572
210 586
210 716
210 949
210 984
211 221
211 237
211 242
211 309
211 467
211 623
211 657
211 731
212 214
212 215
212 217
212 307
212 340
212 460
212 483
212 567
212 589
212 606
212 902
212 936
212 991
213 545
213 560
213 571
213 573
213 575
213 578
213 632
213 688
213 736
213 897
213 916
213 917
213 948
213 993
214 217
214 219
214 220
214 247
214 413
214 481
214 506
214 610
214 641
214 646
214 702
214 807
214 903
215 217
215 218
215 220
215 412
215 474
215 492
215 555
215 809
215 846
215 860
215 940
215 975
216 250
216 258
216 339
216 371
216 373
216 376
216 377
216 379
216 382
216 447
216 449
216 485
216 775
216 837
216 855
217 218
217 277
217 303
217 305
217 318
217 362
217 555
217 576
217 592
217 617
217 671
217 824
217 840
217 972
218 220
218 221
218 458
218 474
218 494
218 730
219 371
219 431
219 546
219 580
219 648
219 742
219 744
219 746
219 750
219 775
219 947
220 283
220 287
220 472
220 669
220 671
220 727
220 856
221 222
221 223
221 224
221 225
221 226
221 227
221 228
221 229
221 230
221 237
221 375
221 409
221 446
221 774
221 836
221 841
221 884
221 887
221 954
222 223
222 225
222 228
222 377
222 394
222 488
222 577
222 592
222 915
223 226
223 227
223 229
223 230
223 233
223 286
223 366
223 382
223 394
223 426
223 957
223 968
224 225
224 226
224 228
224 230
224 353
224 378
224 534
224 539
224 654
224 689
224 747
224 766
224 854
224 873
224 908
224 973
225 226
225 227
225 228
225 229
225 230
225 330
225 394
225 535
225 558
225 637
225 736
225 846
225 854
225 876
225 936
225 959
225 988
226 227
226 228
226 229
226 302
226 332
226 347
226 353
226 394
226 503
226 627
227 229
227 230
227 274
227 323
227 394
227 460
227 470
227 495
227 514
227 697
227 734
227 773
227 862
227 923
227 999
228 229
228 306
228 344
228 395
228 865
229 230
229 373
229 394
229 472
229 547
229 552
229 575
229 698
229 744
229 760
229 765
229 776
229 829
229 839
229 880
229 972
230 394
230 423
230 682
230 692
230 697
230 723
230 891
231 232
231 233
231 234
231 235
231 236
231 239
231 240
231 431
231 467
231 588
231 666
231 703
231 710
231 721
231 736
231 795
231 986
232 233
232 234
232 235
232 236
232 239
232 240
232 421
232 467
232 490
232 555
232 910
233 234
233 235
233 236
233 239
233 240
233 282
233 383
233 467
233 473
233 801
233 893
233 989
234 236
234 239
234 527
234 551
234 561
234 701
234 714
234 801
234 936
235 236
235 240
235 391
235 412
235 462
235 467
235 472
235 532
235 545
235 672
235 690
235 729
235 848
235 893
235 950
236 239
236 240
236 467
236 805
236 813
236 821
236 869
236 903
236 972
237 308
237 510
237 580
237 631
237 633
237 634
237 635
237 637
237 639
237 669
237 918
237 937
238 265
238 284
238 483
238 487
238 561
238 564
238 565
238 570
238 588
238 645
238 649
238 651
238 859
238 865
238 944
239 240
239 324
239 467
239 476
239 669
239 766
239 774
239 940
240 293
240 403
240 449
240 467
240 548
240 738
240 878
240 921
240 929
241 243
241 244
241 248
241 500
241 505
241 511
241 544
241 561
241 587
241 888
241 889
242 344
242 362
242 365
242 590
242 811
242 813
242 814
242 815
242 817
242 819
242 820
242 832
242 935
243 511
243 536
243 541
243 712
243 876
244 248
244 284
244 454
244 511
244 529
244 592
244 632
244 708
244 782
244 840
244 869
244 894
244 927
244 942
245 268
245 289
245 395
245 440
245 446
245 554
245 747
245 756
245 781
245 783
245 801
245 802
245 804
245 807
245 809
245 903
246 408
246 561
246 597
246 603
246 671
246 704
247 268
247 347
247 424
247 592
247 605
247 637
247 732
247 735
247 739
247 740
247 874
247 929
247 972
248 364
248 419
248 511
248 538
248 669
248 680
248 684
248 877
248 906
248 999
249 399
249 407
249 510
249 607
249 761
249 891
249 895
249 921
249 924
249 925
250 373
250 376
250 377
250 378
250 379
250 380
250 450
250 468
250 550
250 606
250 613
250 832
250 853
250 855
250 909
250 967
251 369
251 469
251 482
251 491
251 564
251 619
251 721
251 722
251 723
251 725
251 726
251 728
251 729
251 736
251 801
251 813
251 845
251 962
251 992
252 254
252 256
252 258
252 700
252 731
252 907
252 915
252 936
252 948
252 996
253 319
253 336
253 344
253 352
253 388
253 551
253 628
253 772
253 856
253 914
253 915
253 917
253 918
253 920
254 255
254 256
254 258
254 260
254 299
254 382
254 828
254 869
255 256
255 258
255 260
255 382
255 658
255 673
255 701
255 907
255 919
256 258
256 264
256 331
256 375
256 431
256 604
256 801
256 907
256 950
257 361
257 371
257 414
257 465
257 490
257 532
257 541
257 542
257 544
257 545
257 547
257 550
257 556
257 589
257 655
257 803
258 382
258 395
258 458
258 483
258 493
258 543
258 567
258 650
258 754
258 863
258 887
258 907
258 923
259 437
259 589
259 843
259 845
259 860
259 941
260 304
260 382
260 501
260 512
260 574
260 658
260 846
260 907
261 346
261 403
261 466
261 593
261 732
261 733
261 738
261 739
261 740
261 809
261 811
261 831
261 931
261 947
262 263
262 264
262 265
262 266
262 267
262 270
262 343
262 420
262 738
262 748
262 783
262 911
262 913
262 999
263 264
263 265
263 266
263 267
263 270
263 388
263 391
263 517
263 622
264 265
264 266
264 267
264 270
264 476
264 672
264 692
264 752
264 769
264 793
264 964
265 266
265 267
265 270
265 506
265 525
265 570
265 646
265 714
265 718
265 730
265 756
265 785
265 854
266 267
266 270
266 316
266 470
266 562
266 723
266 808
266 846
266 998
267 270
267 497
267 513
267 693
267 809
267 901
267 945
267 972
267 977
268 412
268 416
268 446
268 554
268 560
268 612
268 664
268 743
268 747
268 780
268 801
268 802
268 803
268 804
268 807
268 809
268 810
268 903
269 321
269 376
269 423
269 479
269 582
269 681
269 682
269 683
269 685
269 686
269 687
269 688
269 698
269 760
269 830
269 922
270 293
270 307
270 334
270 577
271 273
271 275
271 276
271 277
271 280
271 311
271 371
271 533
271 553
271 713
271 750
271 836
271 871
272 283
272 297
272 415
272 435
272 477
272 543
272 727
272 761
272 763
272 765
272 766
272 767
272 768
272 769
273 275
273 276
273 277
273 278
273 572
273 642
273 715
273 828
273 898
274 277
274 363
274 396
274 483
274 509
274 550
274 568
274 642
274 860
274 894
274 901
274 923
275 276
275 277
275 278
275 327
275 610
275 871
275 927
275 952
275 992
276 277
276 280
276 281
276 324
276 349
276 483
276 521
276 598
276 651
276 871
276 873
276 911
277 280
277 284
277 303
277 344
277 492
277 862
277 871
277 977
278 280
278 334
278 340
278 366
278 418
278 435
278 449
278 505
278 871
278 946
279 330
279 349
279 413
279 432
279 436
279 453
279 494
279 552
279 584
279 655
279 702
279 704
279 706
279 707
279 708
279 789
279 804
280 445
280 519
280 612
280 636
280 665
280 871
280 937
281 282
281 283
281 284
281 285
281 286
281 288
281 289
281 340
281 512
281 589
281 666
281 761
282 283
282 284
282 285
282 286
282 288
282 289
282 419
282 654
282 701
282 760
282 786
282 792
282 815
282 901
282 998
283 284
283 285
283 286
283 288
283 289
283 398
283 407
283 498
283 620
283 666
283 692
283 716
283 814
283 977
284 285
284 286
284 288
284 289
284 329
284 657
284 666
284 736
284 762
285 286
285 288
285 289
285 541
285 704
285 767
285 882
286 288
286 289
286 394
286 542
286 548
286 666
286 751
286 899
286 968
287 391
287 393
287 395
287 397
287 399
287 400
287 446
287 681
287 697
287 752
287 756
287 792
287 796
287 953
288 311
288 439
288 551
288 622
288 666
288 681
288 744
288 817
288 836
288 855
288 866
288 876
288 899
288 932
288 940
289 366
289 463
289 468
289 643
289 666
289 727
289 767
289 952
290 329
290 381
290 425
290 500
290 543
290 765
290 862
290 954
291 801
291 812
291 959
291 969
291 975
292 323
292 338
292 355
292 473
292 495
292 631
292 632
292 768
292 981
292 989
293 294
293 296
293 299
293 300
293 358
293 556
293 576
293 590
294 295
294 296
294 299
294 300
294 346
294 441
294 448
294 472
294 506
294 731
294 786
294 817
294 870
294 931
294 950
294 966
294 993
295 296
295 299
295 300
295 475
295 719
295 727
295 728
295 880
295 966
295 997
296 300
296 325
296 334
296 361
296 414
296 419
297 337
297 341
297 345
297 370
297 435
297 587
297 692
297 713
297 761
297 762
297 763
297 764
297 765
297 766
297 767
297 768
297 769
297 895
298 332
298 333
298 431
298 522
298 621
298 759
298 786
298 898
299 454
299 777
299 798
299 906
300 355
300 382
300 406
300 591
300 647
300 706
300 728
300 758
300 772
300 803
300 861
300 926
301 302
301 303
301 305
301 306
301 308
301 309
301 346
301 490
301 847
301 897
301 991
302 303
302 304
302 305
302 308
302 309
302 488
302 554
302 680
302 690
302 724
302 743
302 898
302 934
302 949
302 958
302 988
303 304
303 305
303 306
303 308
303 309
303 351
303 446
303 500
303 509
303 535
303 608
303 638
303 836
303 870
304 306
304 307
304 308
304 309
304 382
304 669
304 726
304 808
304 856
304 894
304 902
304 952
304 975
304 998
305 306
305 308
305 309
305 391
305 477
305 692
305 806
305 935
306 309
306 342
306 397
306 766
306 829
306 863
306 872
307 468
307 519
307 575
307 662
307 664
307 667
307 668
307 670
307 685
307 732
307 874
307 903
307 924
308 345
308 775
308 880
308 898
308 918
309 394
309 538
310 383
310 454
310 521
310 523
310 524
310 525
310 526
310 527
310 529
310 530
310 541
310 543
310 644
310 702
310 709
310 786
310 806
310 851
310 916
311 312
311 313
311 314
311 315
311 317
311 318
311 482
311 586
311 911
311 974
312 313
312 315
312 316
312 317
312 318
312 418
312 683
312 755
312 981
313 315
313 316
313 317
313 318
313 372
313 572
313 668
313 675
313 830
313 857
313 863
313 991
314 316
314 317
314 318
314 379
314 404
314 415
314 580
314 597
314 617
314 693
314 706
314 714
314 736
315 316
315 317
315 318
315 409
315 513
315 658
315 670
315 711
315 745
315 786
315 936
316 317
316 318
316 406
316 431
316 455
316 550
316 574
316 582
316 880
316 888
316 925
317 318
317 320
317 322
317 385
317 396
317 408
317 443
317 533
317 602
317 786
317 814
317 965
318 436
318 455
318 549
318 648
318 920
319 358
319 569
319 905
320 348
320 414
320 742
320 847
320 905
320 982
320 986
320 987
320 988
321 322
321 323
321 324
321 325
321 326
321 329
321 330
321 500
321 610
321 735
321 741
321 812
321 893
321 904
321 979
322 323
322 324
322 325
322 326
322 329
322 330
322 368
322 513
322 520
322 556
322 695
322 787
322 943
322 946
322 958
323 324
323 326
323 330
323 511
323 626
323 676
323 688
323 864
323 893
323 956
323 958
323 966
323 971
324 325
324 326
324 329
324 330
324 407
324 449
324 551
324 561
324 568
324 575
324 626
324 772
324 893
324 940
325 326
325 329
325 330
325 343
325 422
325 427
325 428
325 623
325 677
325 838
325 893
326 329
326 330
326 575
326 646
326 893
326 946
327 341
327 342
327 343
327 345
327 350
327 390
327 762
327 844
327 865
327 951
328 378
328 417
328 513
328 517
328 556
328 683
328 692
328 693
328 694
328 741
328 756
328 800
328 804
328 836
328 902
328 906
329 330
329 365
329 445
329 571
329 617
329 674
329 685
329 715
329 778
329 786
329 929
329 937
330 459
330 501
330 511
330 544
330 558
330 777
330 778
330 786
330 878
330 956
331 332
331 333
331 335
331 336
331 338
331 339
331 340
331 392
331 435
331 581
331 730
331 849
331 873
331 916
331 924
331 930
331 946
332 333
332 335
332 336
332 338
332 339
332 340
332 345
332 389
332 641
332 680
332 708
332 766
332 799
332 930
332 943
333 338
333 339
333 340
333 360
333 436
333 797
333 818
333 840
333 946
333 992
334 442
334 470
334 687
334 707
334 790
334 831
334 851
334 857
334 858
334 898
334 938
334 973
335 336
335 339
335 340
335 575
335 581
335 597
335 641
335 845
335 876
335 946
336 338
336 339
336 340
336 631
336 641
336 674
336 733
336 788
336 848
336 903
336 946
337 363
337 364
337 366
337 367
337 368
337 369
337 370
337 464
337 548
337 658
337 754
337 764
337 770
337 790
337 799
337 806
337 823
337 826
337 862
338 339
338 340
338 349
338 517
338 673
338 879
338 930
338 934
338 948
339 340
339 384
339 385
339 461
339 465
339 641
339 655
339 756
339 815
339 930
339 946
340 462
340 466
340 483
340 624
340 852
340 930
340 931
340 946
341 342
341 343
341 345
341 349
341 390
341 433
341 472
341 550
341 592
341 613
341 899
342 343
342 345
342 349
342 350
342 390
342 454
342 813
342 968
343 349
343 437
343 541
343 551
343 627
344 389
344 464
344 534
344 546
344 671
344 728
344 759
344 772
344 892
344 911
344 914
344 915
344 917
344 918
344 919
344 920
344 926
345 349
345 350
345 366
345 390
345 456
345 472
345 523
345 943
346 375
346 477
346 501
346 606
346 631
346 732
346 875
346 975
347 684
347 728
347 735
347 760
347 863
347 866
347 867
347 868
347 870
347 910
347 981
348 427
348 496
348 498
348 518
348 524
348 549
348 708
348 748
348 749
348 813
348 860
348 962
348 981
348 982
348 983
348 987
348 988
348 989
349 350
349 390
349 497
349 592
349 664
350 387
350 390
350 440
350 483
350 637
350 670
350 775
350 781
351 354
351 355
351 356
351 357
351 358
351 359
351 360
351 712
351 720
351 730
351 787
351 795
351 802
351 916
351 962
351 975
352 355
352 359
352 360
352 437
352 512
352 563
352 692
352 717
352 730
352 840
352 928
353 359
353 528
353 643
353 645
353 646
353 648
353 649
353 725
353 818
353 878
353 957
354 356
354 357
354 359
354 425
354 486
354 563
354 651
354 730
354 750
354 779
354 828
354 916
354 996
355 357
355 358
355 359
355 465
355 538
355 563
355 598
355 689
355 690
355 776
355 828
355 829
355 837
355 941
355 949
355 954
355 996
356 357
356 358
356 359
356 475
356 563
356 568
356 730
356 844
356 866
357 358
357 359
357 360
357 455
357 563
357 730
357 763
357 802
357 828
357 856
357 914
358 359
358 373
358 399
358 410
358 427
358 514
358 515
358 523
358 563
358 715
358 781
358 828
359 465
359 485
359 513
359 563
359 647
359 677
359 806
359 828
359 915
359 958
360 452
360 491
360 550
360 563
360 641
360 652
360 730
360 737
360 790
360 811
360 957
360 969
360 970
361 436
361 547
361 561
361 565
361 567
361 570
361 588
361 596
361 601
361 699
361 865
361 924
361 958
362 363
362 366
362 368
362 566
362 628
362 754
362 770
362 795
362 799
362 873
362 886
362 925
363 364
363 366
363 367
363 370
363 484
363 650
363 754
363 770
363 790
363 799
363 815
363 826
363 933
364 366
364 368
364 370
364 380
364 486
364 508
364 566
364 676
364 754
364 770
364 801
364 826
364 875
364 927
364 934
365 500
365 548
365 558
365 604
365 651
365 718
365 813
365 814
365 816
365 817
365 820
365 851
366 367
366 368
366 385
366 484
366 566
366 671
366 754
366 770
366 799
366 826
366 969
367 368
367 370
367 393
367 566
367 575
367 749
367 754
367 799
367 826
368 565
368 566
368 637
368 752
368 754
368 799
368 826
368 894
368 930
369 469
369 711
369 721
369 722
369 723
369 725
369 726
369 728
369 729
369 818
369 962
370 485
370 540
370 566
370 590
370 644
370 663
370 693
370 706
370 715
370 770
370 799
370 826
370 920
371 373
371 376
371 377
371 378
371 379
371 380
371 497
371 539
371 583
371 712
371 734
371 789
371 825
371 855
371 885
372 386
372 422
372 545
372 551
372 552
372 559
372 661
372 682
372 841
372 892
372 925
373 376
373 377
373 378
373 379
373 380
373 685
373 706
373 855
374 516
374 562
374 613
374 644
374 666
374 730
374 827
374 836
374 845
374 846
374 848
374 867
374 868
374 885
374 887
374 889
374 912
374 926
374 967
375 395
375 477
375 537
375 606
375 747
375 831
375 999
376 377
376 378
376 379
376 380
376 381
376 410
376 467
376 509
376 576
376 737
376 855
376 886
377 378
377 379
377 380
377 399
377 575
377 630
377 694
377 745
377 751
377 855
377 861
377 943
378 379
378 380
378 533
378 563
378 590
378 638
378 793
378 806
378 855
378 878
378 908
378 981
379 380
379 592
379 597
379 752
379 835
379 855
379 886
379 887
379 956
379 958
380 526
380 787
380 802
380 855
380 1000
381 384
381 389
381 517
381 548
381 640
381 691
381 763
381 821
381 856
382 460
382 466
382 507
382 527
382 606
382 844
382 907
382 923
382 966
382 972
383 454
383 521
383 523
383 524
383 525
383 526
383 527
383 529
383 530
383 644
383 702
383 772
383 806
383 858
384 385
384 389
384 509
384 583
384 689
384 691
384 696
384 700
384 806
384 856
384 905
385 388
385 389
385 478
385 483
385 519
385 525
385 579
385 599
385 602
385 612
385 691
385 797
386 418
386 445
386 504
386 534
386 552
386 555
386 557
386 559
386 572
386 796
386 841
386 890
386 892
386 908
386 970
387 551
387 589
387 593
387 703
387 749
387 762
387 845
387 884
387 961
387 964
387 967
387 969
388 389
388 390
388 402
388 633
388 691
388 713
388 783
388 800
388 840
388 852
388 856
388 873
388 913
389 539
389 575
389 634
389 656
389 691
389 745
389 761
389 764
389 839
389 853
389 856
389 930
389 992
390 407
390 449
390 481
390 523
390 524
390 708
390 943
391 393
391 397
391 400
391 445
391 505
391 623
391 737
391 741
391 752
391 920
391 922
391 953
391 969
391 995
392 524
392 580
392 581
392 675
392 687
392 741
392 776
392 821
392 822
392 825
392 829
392 830
392 884
392 951
392 1000
393 397
393 399
393 400
393 445
393 560
393 632
393 645
393 737
393 741
393 796
393 849
393 855
393 922
393 953
394 492
394 816
394 840
394 873
394 882
394 923
395 400
395 417
395 445
395 724
395 737
395 741
395 793
395 849
395 922
395 984
395 995
396 410
396 597
396 724
396 741
396 791
396 792
396 793
396 794
396 797
396 798
396 800
396 941
397 399
397 436
397 491
397 516
397 579
397 657
397 674
397 734
397 741
397 749
397 796
397 953
398 411
398 574
398 616
398 680
398 681
398 715
398 745
398 762
398 861
399 400
399 445
399 734
399 737
399 741
399 762
399 796
399 953
399 995
400 481
400 595
400 615
400 654
400 736
400 737
400 741
400 796
400 922
400 949
400 953
400 995
400 997
401 448
401 509
401 542
401 651
401 652
401 654
401 656
401 659
401 705
401 709
402 404
402 405
402 406
402 408
402 476
402 520
402 602
402 705
402 746
402 912
402 942
403 426
403 439
403 489
403 625
403 727
403 783
403 824
403 886
403 902
403 903
403 904
403 908
403 910
404 406
404 408
404 409
404 455
404 527
404 549
404 599
404 788
404 822
404 887
404 895
404 973
405 406
405 409
405 812
405 942
405 993
405 1000
406 408
406 409
406 493
406 529
406 685
406 776
406 935
407 435
407 444
407 510
407 593
407 640
407 831
407 853
407 909
407 913
407 921
407 923
408 409
408 424
408 567
408 745
408 942
409 412
409 482
409 503
409 553
409 584
409 692
409 942
409 943
410 553
410 592
410 594
410 595
410 596
410 597
410 599
410 600
410 791
410 795
410 823
410 901
410 998
411 487
411 577
411 745
412 420
412 444
412 447
412 457
412 471
412 524
412 604
412 653
412 697
412 789
412 860
412 959
413 416
413 417
413 418
413 420
413 482
413 513
413 549
413 558
413 616
413 808
413 896
413 900
414 643
414 721
414 781
414 929
414 981
414 982
414 985
414 986
414 987
414 989
415 416
415 417
415 420
415 576
415 599
415 808
415 910
415 933
416 417
416 418
416 420
416 442
416 683
416 728
416 740
416 801
416 868
416 912
417 420
417 573
417 575
417 782
417 808
418 420
418 432
418 616
418 801
418 808
418 922
419 621
419 653
419 724
419 792
419 793
419 794
419 797
419 800
420 424
420 457
420 538
420 637
420 808
420 842
420 932
420 941
420 957
421 423
421 425
421 426
421 427
421 428
421 429
421 496
421 591
421 692
421 952
422 549
422 601
422 602
422 603
422 604
422 605
422 607
422 608
422 609
422 610
422 626
422 711
422 865
422 951
423 424
423 426
423 429
423 443
423 530
423 532
423 562
423 814
423 952
423 973
423 983
424 425
424 426
424 427
424 428
424 429
424 430
424 478
424 482
424 638
424 705
424 797
424 918
424 952
424 986
424 998
425 428
425 429
425 509
425 513
425 660
425 672
425 675
425 952
425 955
425 966
426 428
426 430
426 736
426 773
426 866
426 931
426 952
426 956
427 429
427 430
427 451
427 502
427 676
427 705
427 952
427 962
428 429
428 430
428 436
428 477
428 674
428 740
428 849
428 909
428 952
429 543
429 603
429 698
429 748
429 816
429 867
429 896
429 952
430 431
430 504
430 768
430 812
430 952
430 984
430 987
431 432
431 436
431 439
431 452
431 594
431 731
431 773
431 889
431 933
431 980
432 436
432 437
432 438
432 439
432 527
432 551
432 668
432 684
432 722
432 773
432 964
433 515
433 517
433 614
433 638
433 646
433 776
433 814
433 818
433 840
433 853
433 854
433 891
433 896
433 898
433 899
433 932
434 529
434 704
434 949
435 454
435 476
435 577
435 639
435 761
435 762
435 763
435 764
435 765
435 766
435 767
435 769
435 912
435 987
436 437
436 439
436 579
436 773
436 781
436 857
436 966
437 438
437 439
437 440
437 479
437 500
437 623
437 644
437 666
437 794
437 870
438 439
438 440
438 499
438 568
438 634
438 706
438 773
439 440
439 512
439 525
439 642
439 715
439 769
439 773
439 912
440 686
440 773
440 905
441 443
441 450
441 568
441 695
441 771
441 790
441 803
441 844
441 866
441 894
442 470
442 818
442 834
442 851
442 852
442 859
443 450
443 503
443 545
443 894
443 900
444 447
444 461
444 471
444 587
444 653
444 789
444 802
444 851
444 933
445 503
445 629
445 671
445 722
445 730
445 737
445 741
445 774
445 858
445 907
445 922
445 932
445 953
445 995
446 513
446 554
446 743
446 747
446 801
446 802
446 803
446 809
446 810
446 822
447 461
447 471
447 484
447 569
447 653
447 781
447 789
447 860
447 912
447 924
447 937
447 950
448 518
448 601
448 604
448 605
448 607
448 609
448 610
448 659
448 706
448 711
448 946
449 453
449 458
449 459
449 460
449 475
449 590
449 775
449 901
449 913
449 944
449 989
450 459
450 466
450 568
450 804
450 894
450 962
451 453
451 455
451 458
451 460
451 579
451 677
451 707
451 775
451 795
451 879
452 470
452 645
452 935
452 954
452 955
452 957
452 958
452 959
452 960
452 990
452 996
453 455
453 458
453 460
453 463
453 480
453 515
453 579
453 637
453 677
453 767
453 920
454 486
454 490
454 524
454 525
454 527
454 529
454 530
454 545
454 558
454 582
454 644
454 709
454 714
454 768
454 806
455 458
455 566
455 579
455 669
455 677
455 722
455 775
455 835
456 492
456 503
456 505
456 507
456 508
456 509
456 629
456 682
456 719
456 749
456 838
456 897
456 902
456 964
456 1000
457 512
457 592
457 599
457 751
457 755
457 758
457 789
457 941
457 971
458 459
458 460
458 497
458 579
458 650
458 677
458 775
459 460
459 577
459 579
459 677
459 701
459 771
459 775
459 859
460 579
460 585
460 650
460 677
460 745
460 864
461 644
461 653
461 755
461 789
461 797
461 860
461 870
461 951
462 463
462 464
462 466
462 468
462 518
462 522
462 609
462 660
462 715
462 720
462 750
462 802
462 909
462 954
463 464
463 465
463 466
463 468
463 488
463 502
463 522
463 567
463 660
463 910
464 465
464 468
464 648
464 660
464 667
464 748
464 777
464 787
464 813
464 909
464 911
464 932
465 466
465 488
465 522
465 526
465 660
465 761
465 898
465 909
465 981
466 468
466 490
466 609
466 620
466 630
466 660
466 909
467 594
467 675
468 590
468 660
468 674
468 703
468 787
468 788
468 944
468 994
469 484
469 489
469 494
469 633
469 721
469 722
469 725
469 726
469 728
469 729
469 736
469 774
469 808
469 926
469 962
469 999
470 492
470 675
470 851
470 857
470 858
470 894
470 922
470 952
470 973
471 653
471 752
471 761
471 789
471 852
472 473
472 474
472 476
472 478
472 518
472 569
472 737
472 871
472 903
472 914
472 925
472 933
472 949
472 980
473 474
473 475
473 476
473 479
473 483
473 700
473 841
473 894
473 929
473 934
473 949
473 972
474 478
474 479
474 494
474 644
474 654
474 655
474 929
474 935
474 949
475 476
475 478
475 479
475 481
475 767
475 819
475 929
475 949
476 478
476 479
476 583
476 597
476 619
476 756
476 821
476 853
476 909
476 929
476 949
477 509
477 590
477 606
477 767
478 479
478 482
478 535
478 630
478 633
478 726
478 824
478 949
478 962
479 485
479 759
479 929
479 949
480 511
480 536
480 770
480 771
480 849
480 931
480 933
480 936
480 937
480 940
480 966
480 996
481 483
481 484
481 485
481 486
481 488
481 489
481 570
481 611
481 638
481 748
481 911
482 483
482 484
482 485
482 486
482 487
482 488
482 489
482 490
482 667
482 748
483 484
483 485
483 486
483 487
483 488
483 489
483 490
483 556
483 619
483 672
483 748
483 919
483 1000
484 485
484 486
484 487
484 488
484 490
484 748
484 829
484 842
485 486
485 487
485 488
485 489
485 490
485 571
485 586
485 740
485 748
485 790
485 846
485 861
485 891
485 944
486 487
486 488
486 489
486 490
486 496
486 593
486 748
486 827
486 830
486 941
487 488
487 489
487 490
487 579
487 675
487 748
487 781
487 820
487 932
487 998
488 489
488 660
488 695
488 748
488 933
489 490
489 668
489 976
490 503
490 512
490 612
490 742
490 751
490 788
490 895
491 493
491 494
491 495
491 496
491 497
491 499
491 500
491 557
491 622
491 663
491 665
491 713
491 791
492 501
492 502
492 503
492 505
492 506
492 507
492 508
492 509
492 578
492 738
492 749
492 773
492 897
493 494
493 495
493 496
493 497
493 500
493 540
493 547
493 663
493 665
493 747
493 891
493 965
493 998
494 495
494 496
494 497
494 499
494 540
494 563
494 583
494 663
494 665
494 857
494 901
495 496
495 499
495 500
495 540
495 663
495 734
495 773
495 788
495 823
495 978
496 500
496 522
496 536
496 540
496 558
496 561
496 562
496 665
496 668
496 846
496 907
497 499
497 500
497 663
497 665
497 862
497 890
497 915
497 923
497 952
497 961
498 605
498 646
498 692
498 693
499 540
499 629
499 665
499 691
499 812
500 540
500 545
500 546
500 600
500 637
500 663
500 665
500 673
500 703
500 759
501 502
501 506
501 507
501 508
501 509
501 510
501 614
501 620
501 749
501 762
501 856
501 1000
502 503
502 506
502 507
502 509
502 548
502 749
502 838
502 897
502 1000
503 505
503 506
503 507
503 508
503 509
503 581
503 639
503 749
503 774
503 984
504 551
504 552
504 555
504 557
504 559
504 841
504 892
505 506
505 507
505 509
505 709
505 746
505 749
505 790
505 897
505 978
505 1000
506 507
506 508
506 509
506 572
506 587
506 647
506 654
506 669
506 727
506 817
506 897
506 988
506 1000
507 508
507 509
507 647
507 652
507 895
507 897
508 509
508 749
508 801
508 833
508 868
508 897
508 981
508 1000
509 557
509 623
509 675
509 702
509 749
509 834
509 897
509 945
509 1000
510 655
510 674
510 756
510 847
510 869
510 921
510 923
510 924
510 925
510 966
510 997
511 519
511 543
511 714
511 760
511 784
511 816
511 833
511 853
511 860
511 862
511 918
511 925
511 968
512 751
512 752
512 753
512 756
512 757
512 758
512 776
512 782
513 582
513 583
513 584
513 585
513 590
513 605
513 677
513 767
513 865
513 868
513 970
513 978
514 520
514 528
514 553
514 699
514 825
514 932
515 614
515 703
515 853
515 891
515 896
515 899
515 900
515 959
515 980
516 562
516 744
516 751
516 848
516 882
516 883
516 885
516 887
516 888
516 889
516 926
517 688
517 694
517 695
517 700
517 759
517 809
517 904
518 519
518 641
518 660
518 669
518 717
518 977
519 520
519 537
519 669
519 697
519 729
519 744
519 804
519 837
519 919
519 932
520 669
520 811
521 523
521 524
521 525
521 526
521 529
521 644
521 806
521 866
521 928
521 950
522 586
522 660
522 703
522 720
522 754
522 788
522 909
522 984
523 524
523 525
523 526
523 527
523 529
523 530
523 644
523 709
523 806
523 861
524 526
524 527
524 529
524 543
524 564
524 709
524 774
524 806
524 820
524 973
525 526
525 527
525 529
525 614
525 644
525 709
525 717
525 782
525 806
525 909
525 939
526 527
526 529
526 530
526 558
526 644
526 677
526 709
526 739
526 806
526 817
526 997
527 530
527 555
527 640
527 644
527 888
528 642
528 643
528 645
528 646
528 648
528 649
528 874
528 899
528 980
529 540
529 644
529 677
529 700
529 709
529 806
529 921
529 942
530 585
530 624
530 644
530 709
530 758
530 806
530 987
531 532
531 533
531 534
531 536
531 537
531 538
531 539
531 540
531 624
531 696
531 718
531 743
531 776
531 805
531 814
531 835
531 879
531 887
531 943
532 533
532 534
532 536
532 537
532 538
532 548
532 890
532 891
532 943
533 534
533 535
533 538
533 539
533 548
533 626
533 696
533 730
533 758
533 842
533 943
534 536
534 538
534 539
534 696
534 731
534 805
534 922
534 936
534 943
535 536
535 537
535 538
535 539
535 548
535 597
535 635
535 696
535 740
535 770
535 940
535 943
535 984
536 537
536 538
536 539
536 548
536 655
536 696
536 771
536 798
536 828
537 538
537 548
537 552
537 605
537 636
537 696
537 731
537 943
537 985
538 539
538 548
538 558
538 739
538 781
538 791
538 865
538 922
538 925
538 943
538 956
539 544
539 548
539 696
539 709
539 917
539 943
540 578
540 587
540 594
540 663
540 665
540 924
541 542
541 545
541 546
541 550
541 686
541 803
542 544
542 546
542 547
542 550
542 618
542 642
542 864
542 969
543 572
543 845
544 545
544 546
544 547
544 550
544 680
544 713
544 861
544 878
544 906
544 948
545 550
545 597
545 647
545 704
545 725
545 735
545 931
545 976
545 982
546 547
546 550
546 661
546 745
546 864
546 932
546 990
547 550
547 613
547 763
547 932
547 988
547 992
547 998
548 560
548 572
548 696
548 760
548 943
549 558
549 575
549 615
549 711
549 811
549 813
549 814
549 815
549 816
549 819
549 923
549 967
550 615
550 629
550 694
550 762
550 814
550 883
550 930
550 988
551 552
551 555
551 557
551 559
551 567
551 607
551 627
551 835
551 892
552 555
552 559
552 560
552 612
552 740
552 883
552 885
552 892
552 918
553 556
553 592
553 659
553 692
553 693
553 695
553 698
553 700
553 906
554 642
554 665
554 670
554 677
554 743
554 747
554 802
554 804
554 807
554 810
555 557
555 559
555 683
555 747
555 794
555 841
555 853
555 892
555 930
556 646
556 693
556 698
556 700
556 701
556 709
556 758
556 759
556 773
556 802
556 888
556 906
556 955
557 559
557 668
557 687
557 718
557 841
557 892
558 568
558 671
558 699
558 745
558 811
558 813
558 814
558 815
558 816
558 817
558 819
558 820
558 955
559 566
559 607
559 623
559 683
559 714
559 772
559 841
559 879
559 890
559 892
559 918
560 571
560 573
560 575
560 577
560 632
560 681
560 696
560 861
560 916
560 941
561 564
561 565
561 567
561 570
561 582
561 588
561 596
561 630
561 747
561 865
561 988
562 758
562 845
562 848
562 883
562 887
562 888
562 889
562 890
562 941
562 961
562 989
563 629
563 730
563 755
563 786
563 828
563 909
563 922
563 939
564 567
564 570
564 865
564 924
565 567
565 570
565 596
565 661
565 697
565 838
565 865
565 887
565 916
565 980
565 996
566 652
566 694
566 749
566 754
566 770
566 799
566 826
566 846
567 570
567 588
567 618
567 682
567 740
567 854
567 865
567 937
568 894
569 643
569 694
569 791
569 854
570 865
570 925
570 927
571 573
571 574
571 575
571 576
571 577
571 690
571 832
571 861
571 916
571 925
571 967
572 623
572 796
572 810
572 812
572 892
572 938
573 574
573 575
573 577
573 578
573 606
573 632
573 687
573 711
573 783
573 861
573 874
573 916
573 966
574 575
574 578
574 623
574 629
574 632
574 738
574 861
574 985
574 989
575 577
575 710
575 799
575 861
575 916
575 937
575 988
576 646
576 706
576 726
576 728
576 824
576 984
577 622
577 632
577 690
577 709
577 858
577 861
577 916
577 932
578 632
578 656
578 861
578 916
579 604
579 617
579 677
579 775
580 642
580 656
580 742
580 746
580 750
580 768
580 827
580 832
580 872
580 995
581 596
581 638
581 821
581 822
581 827
581 829
581 830
581 950
581 975
582 583
582 585
582 587
582 590
582 710
582 728
582 735
582 745
582 829
582 938
582 970
582 978
583 584
583 585
583 586
583 587
583 590
583 607
583 638
583 688
583 729
583 800
583 809
583 828
583 854
583 866
583 970
583 978
584 585
584 586
584 590
584 602
584 792
584 843
584 881
584 970
584 978
585 586
585 587
585 590
585 778
585 830
585 925
585 970
585 978
585 986
586 587
586 612
586 634
586 684
586 723
586 970
586 978
586 987
586 1000
587 608
587 629
587 691
587 803
587 970
587 978
588 609
588 625
588 635
588 659
588 719
588 725
588 865
589 622
589 940
589 948
589 974
589 975
590 745
590 787
590 817
590 913
590 970
590 978
590 985
591 592
591 594
591 595
591 597
591 599
591 600
591 795
591 812
591 823
591 916
591 920
592 597
592 599
592 600
592 619
592 675
592 778
592 795
592 817
592 823
592 881
592 959
593 680
593 703
593 748
593 795
593 884
593 965
593 967
593 968
593 969
594 595
594 597
594 599
594 600
594 795
594 823
594 905
595 597
595 600
595 604
595 666
595 681
595 741
595 795
595 823
595 845
595 884
596 605
596 662
596 821
596 822
596 825
596 827
596 829
596 830
596 976
597 599
597 611
597 623
597 624
597 742
597 795
597 823
597 892
598 611
598 612
598 615
598 616
598 617
598 618
598 619
598 620
598 679
598 808
598 836
598 840
598 911
598 915
598 920
598 928
598 957
599 608
599 749
599 795
599 801
600 659
600 791
600 795
600 958
600 962
600 991
601 602
601 603
601 604
601 605
601 607
601 608
601 609
601 610
601 622
601 649
601 754
601 817
601 890
601 899
601 951
601 971
602 603
602 604
602 605
602 607
602 608
602 609
602 610
602 690
602 699
602 711
602 733
602 795
602 933
602 951
602 970
602 976
603 604
603 605
603 607
603 608
603 609
603 610
603 711
603 848
604 605
604 607
604 608
604 609
604 610
604 711
604 749
604 819
604 851
604 917
604 939
604 951
605 607
605 608
605 609
605 610
605 655
605 681
605 711
605 739
605 938
605 951
606 718
606 831
607 608
607 609
607 610
607 711
607 734
607 857
607 909
607 943
607 951
607 969
608 609
608 635
608 711
608 745
608 797
608 896
608 951
609 610
609 623
609 685
609 711
609 739
609 829
609 951
610 616
610 711
610 822
610 854
610 884
610 946
610 951
611 615
611 616
611 617
611 618
611 619
611 620
611 927
612 613
612 615
612 616
612 618
612 619
612 620
612 687
612 759
612 790
612 800
612 927
612 964
613 615
613 616
613 617
613 618
613 619
613 620
613 823
613 927
614 638
614 781
614 802
614 814
614 825
614 854
614 857
614 890
614 891
614 895
614 896
614 898
614 899
614 900
614 977
615 616
615 617
615 618
615 619
615 670
615 743
615 897
615 927
615 951
616 617
616 619
616 620
616 666
616 699
616 797
616 920
616 927
616 987
617 619
617 626
617 673
617 863
617 927
618 620
618 757
618 799
618 867
618 927
619 741
619 811
619 874
619 880
619 927
620 737
620 800
620 806
620 816
620 927
620 995
621 622
621 624
621 629
621 630
621 719
622 625
622 626
622 627
622 628
622 629
622 630
622 653
622 685
622 719
622 758
622 879
622 888
623 650
623 799
623 846
623 938
623 948
623 986
624 626
624 627
624 628
624 630
624 719
624 880
625 626
625 627
625 628
625 629
625 630
625 633
625 680
625 719
625 730
625 856
625 858
626 628
626 630
626 748
626 764
626 897
626 938
627 628
627 629
627 630
627 734
627 862
628 629
628 630
628 714
628 719
628 844
629 630
629 648
629 656
629 661
629 681
629 719
629 738
629 905
630 644
630 673
630 719
630 944
630 962
630 977
631 633
631 634
631 635
631 636
631 639
631 735
631 931
632 672
632 693
632 861
632 916
633 635
633 636
633 637
633 639
633 716
633 772
633 814
633 820
633 856
633 925
634 635
634 636
634 637
634 639
634 663
634 813
634 941
635 636
635 637
635 701
635 710
635 814
635 895
636 637
636 685
636 824
636 851
636 906
636 981
636 993
637 725
638 644
638 853
638 854
638 883
638 891
638 895
638 896
638 898
638 899
638 983
639 658
639 697
639 799
640 701
640 712
640 713
640 714
640 715
640 716
640 717
640 718
640 720
640 832
640 944
640 962
641 710
641 814
641 879
641 930
642 643
642 645
642 646
642 647
642 648
642 649
642 655
642 712
642 783
642 792
642 821
642 862
642 980
643 646
643 648
643 649
643 736
643 737
643 796
643 877
643 980
644 709
644 805
644 806
644 901
645 646
645 647
645 648
645 798
645 980
646 647
646 648
646 649
646 895
646 966
646 980
647 829
647 842
647 913
647 926
647 980
648 667
648 848
648 850
649 653
649 704
649 787
649 882
649 980
650 666
650 812
650 883
650 967
651 654
651 655
651 656
651 659
651 733
652 655
652 656
652 658
652 659
652 841
653 789
653 821
653 860
653 975
654 655
654 656
654 658
654 707
654 711
654 880
655 656
655 659
655 677
655 747
655 900
656 659
656 707
656 798
656 801
656 945
657 849
658 659
658 728
658 804
658 844
658 847
658 862
658 871
658 994
659 731
659 858
659 913
659 985
660 920
661 662
661 664
661 667
661 668
661 670
661 753
661 764
661 798
661 860
661 878
661 950
662 664
662 667
662 668
662 681
662 830
662 874
662 882
662 985
663 724
663 747
663 813
663 820
663 837
664 667
664 668
664 670
664 678
664 733
664 765
664 945
665 916
666 714
666 832
667 668
667 687
667 988
668 670
668 694
669 739
669 846
669 907
669 932
669 967
670 695
670 741
670 943
671 691
671 837
671 910
671 923
672 673
672 674
672 676
672 677
672 678
672 679
672 680
672 700
672 787
672 901
672 977
672 979
673 674
673 675
673 676
673 678
673 679
673 680
673 689
673 708
673 752
673 792
673 979
674 675
674 676
674 678
674 679
674 680
674 913
674 979
675 676
675 678
675 704
675 758
675 842
675 937
675 977
675 979
676 679
676 680
676 707
676 928
677 761
677 775
677 776
677 956
678 679
678 680
678 837
678 960
678 976
678 978
679 692
679 979
680 713
680 815
680 909
680 954
681 683
681 686
681 687
681 688
681 690
681 760
681 842
681 882
681 893
681 922
682 683
682 685
682 686
682 687
682 688
682 760
682 937
683 685
683 686
683 687
683 688
683 690
683 758
683 760
683 827
683 902
684 688
684 704
684 741
684 862
684 863
684 864
684 866
684 867
684 868
684 870
684 920
685 686
685 687
685 688
685 690
685 718
685 760
685 785
685 799
685 827
686 687
686 690
686 835
687 760
687 858
687 876
688 760
688 883
688 992
689 721
689 725
689 726
689 728
689 729
689 743
689 916
689 962
690 760
690 800
690 805
691 761
691 770
691 856
691 909
692 693
692 695
692 700
692 850
692 906
692 998
693 695
693 698
693 700
693 716
693 763
693 875
693 906
694 695
694 700
694 722
694 768
694 896
694 906
694 978
695 700
695 766
695 790
695 889
695 906
696 705
696 935
696 943
696 986
697 727
697 848
697 863
697 909
697 973
698 700
698 703
698 929
698 959
698 973
698 995
699 705
699 898
699 924
700 770
700 788
700 906
701 702
701 704
701 705
701 706
701 707
701 725
701 825
701 932
701 982
702 704
702 705
702 706
702 708
702 816
702 817
702 952
702 969
703 707
703 729
703 737
703 884
703 961
703 963
703 964
703 967
703 968
704 705
705 706
705 707
705 708
705 767
705 777
705 842
705 970
706 708
706 768
706 793
706 810
707 714
707 920
707 937
707 993
708 985
709 793
709 806
709 824
709 992
710 772
710 774
710 776
710 777
710 834
710 912
710 987
711 951
711 976
712 713
712 714
712 715
712 717
712 718
712 720
712 816
713 716
713 717
713 718
713 720
713 832
713 927
713 972
714 715
714 716
714 717
714 718
714 720
714 811
714 832
714 891
715 716
715 717
715 718
715 720
715 832
716 717
716 718
716 720
716 827
716 832
716 835
717 718
717 803
717 832
718 795
718 832
718 856
718 989
719 792
719 834
719 902
719 970
720 738
720 832
721 722
721 723
721 725
721 726
721 728
721 731
721 736
721 744
721 758
721 807
721 822
722 723
722 725
722 728
722 736
722 898
722 953
722 962
723 725
723 728
723 729
723 746
723 892
723 962
724 738
724 791
724 792
724 794
724 797
724 800
724 864
724 932
725 728
725 729
725 736
725 775
725 918
725 934
725 951
725 962
725 968
726 728
726 736
726 815
726 823
726 920
726 962
726 979
727 739
727 750
727 901
727 902
727 903
727 904
727 908
727 910
728 736
728 781
728 826
728 831
729 736
729 781
729 839
729 991
730 756
730 798
730 828
730 856
730 900
731 733
731 734
731 735
731 738
731 739
731 740
732 735
732 740
732 757
733 734
733 735
733 738
733 739
733 740
733 884
734 738
734 739
734 740
734 776
734 794
735 738
735 739
735 879
736 773
736 785
736 893
736 901
736 925
736 928
736 973
736 983
737 741
737 790
737 796
737 922
737 952
737 953
737 957
737 976
738 739
738 927
739 740
739 852
739 947
739 983
740 795
740 907
741 796
741 891
741 922
741 953
741 961
741 969
741 991
741 995
742 746
742 750
742 788
743 755
743 789
743 795
743 801
743 802
743 803
743 804
743 807
743 809
743 810
743 824
743 828
743 830
745 775
745 884
745 887
745 954
746 750
746 796
747 801
747 802
747 803
747 804
747 807
747 810
747 826
747 949
749 897
749 903
749 986
750 838
751 752
751 753
751 755
751 756
751 757
751 758
751 834
752 753
752 755
752 757
752 758
752 805
753 755
753 757
753 758
753 886
754 755
754 765
754 770
754 799
754 826
754 863
754 873
754 940
754 942
754 961
755 756
755 939
756 757
756 758
756 798
756 863
757 758
757 847
757 909
758 793
758 879
759 856
759 968
759 972
761 762
761 763
761 764
761 765
761 766
761 768
761 769
761 800
761 878
762 763
762 764
762 765
762 766
762 767
762 769
762 822
762 984
762 991
762 998
763 764
763 765
763 766
763 767
763 768
763 769
763 988
764 765
764 766
764 768
764 769
764 801
764 885
764 961
765 766
765 767
765 769
765 770
765 798
765 799
765 822
766 767
766 768
766 769
766 778
766 782
766 811
766 833
766 850
766 959
766 991
767 768
767 769
767 829
767 897
767 925
768 769
768 896
769 787
769 838
769 897
769 907
769 922
769 929
770 799
770 938
770 956
771 772
771 776
771 779
771 912
771 927
772 774
772 776
772 777
772 779
772 780
772 806
773 842
773 897
774 776
774 777
774 779
774 780
774 912
775 796
775 870
775 895
775 974
776 779
776 780
776 912
776 924
776 951
777 779
777 912
778 997
779 780
779 814
779 854
779 912
779 945
779 981
780 831
781 782
781 783
781 784
781 785
781 786
781 788
781 840
781 978
782 783
782 784
782 785
782 786
782 787
782 788
782 790
782 862
782 894
782 915
782 955
783 786
783 787
783 788
784 786
784 787
784 788
784 940
785 786
785 787
785 788
785 790
786 788
786 790
786 794
786 999
787 788
787 790
788 862
788 973
789 824
789 831
789 860
789 976
790 879
790 972
791 793
791 794
791 797
791 798
791 847
792 793
792 798
792 800
792 806
792 844
792 863
792 873
792 939
792 988
793 794
793 798
794 797
794 798
794 800
794 838
794 929
794 981
795 924
796 922
796 927
796 953
796 995
797 800
797 894
797 948
797 983
798 800
798 862
798 944
799 826
799 834
800 826
801 803
801 804
801 805
801 809
801 810
801 911
802 803
802 804
802 807
802 809
802 810
802 833
802 839
802 969
802 985
803 804
803 807
803 809
803 810
803 911
804 809
804 810
805 843
805 849
805 905
805 934
805 956
805 971
805 974
805 975
805 977
805 990
806 811
806 815
806 869
806 939
806 943
806 999
807 809
807 810
808 820
808 852
808 901
808 978
809 860
809 951
810 849
810 872
810 889
811 813
811 814
811 815
811 817
811 819
811 820
812 870
812 981
813 814
813 815
813 816
813 817
813 819
813 820
813 888
813 944
813 977
813 994
814 815
814 816
814 817
814 819
814 820
814 863
815 816
815 817
815 819
815 820
815 912
815 961
816 817
816 819
816 820
816 883
816 887
816 985
816 988
817 819
818 851
818 852
818 857
818 858
818 859
818 973
819 820
819 896
820 833
820 863
820 866
821 822
821 825
821 827
821 829
821 873
822 825
822 827
822 829
822 830
822 836
822 897
822 971
823 831
823 949
824 891
824 903
824 973
824 984
825 829
825 851
825 978
826 952
826 985
827 829
827 830
828 944
829 830
829 910
830 909
830 940
830 953
831 981
832 848
832 900
833 835
833 836
833 837
833 839
833 869
833 942
833 959
834 835
834 836
834 837
834 839
834 840
834 869
834 872
834 937
834 992
835 837
835 839
835 866
835 869
836 837
836 839
836 840
836 869
836 951
837 839
837 840
837 869
837 874
838 928
838 954
838 955
838 956
838 958
838 959
838 990
839 840
839 869
841 916
841 980
842 843
842 844
842 846
842 857
842 942
843 844
843 847
843 850
843 898
843 918
843 935
844 846
844 847
844 850
844 875
845 883
845 885
845 887
845 888
845 889
845 890
845 905
845 924
845 926
845 967
846 847
846 850
846 929
847 850
847 854
848 882
848 883
848 885
848 887
848 888
848 889
848 890
848 901
848 926
848 997
848 1000
849 850
849 931
849 933
849 936
849 939
849 966
851 852
851 857
851 858
851 859
851 916
851 973
851 976
852 858
852 859
852 973
852 991
853 854
853 891
853 895
853 896
853 899
853 900
854 891
854 895
854 896
854 899
854 900
855 961
856 916
857 858
857 859
857 915
857 973
858 859
858 973
859 887
859 973
861 869
861 916
862 863
862 864
862 867
862 870
862 951
862 981
863 864
863 867
863 868
863 870
863 907
863 941
864 866
864 867
864 868
864 876
864 918
866 867
866 868
866 870
867 868
867 870
868 898
868 941
868 957
869 925
870 917
870 934
872 873
872 874
872 875
872 876
872 878
872 879
872 880
872 901
873 874
873 875
873 876
873 878
873 879
873 880
873 901
874 875
874 876
874 878
874 879
874 880
874 988
875 876
875 878
875 879
875 981
876 877
876 879
876 880
877 881
877 997
877 999
878 879
878 880
878 919
879 880
880 887
880 970
881 911
882 885
882 887
882 890
882 908
882 926
883 885
883 888
883 890
884 917
884 963
884 965
884 968
884 969
885 887
885 890
885 926
885 956
886 901
886 902
886 903
886 904
886 908
886 910
886 918
887 888
887 889
887 890
887 893
887 978
888 889
888 890
888 926
889 890
889 926
889 936
890 913
890 915
890 926
891 895
891 896
891 898
891 900
892 932
893 922
893 935
893 941
895 896
895 897
895 898
895 900
895 945
896 898
896 899
896 900
896 918
897 978
897 981
897 1000
899 900
901 902
901 903
901 904
901 908
901 910
901 919
902 903
902 904
902 910
902 963
903 904
903 908
903 910
903 914
904 910
904 971
904 979
905 934
905 971
905 972
905 975
905 977
905 995
906 969
906 992
907 942
907 990
908 910
908 933
908 986
910 930
910 985
911 917
911 918
911 919
911 920
911 934
911 983
912 923
912 937
912 949
913 915
913 921
913 923
913 924
913 925
913 933
914 915
914 917
914 918
914 919
914 920
914 967
915 917
915 918
915 919
915 920
916 970
916 972
917 918
917 919
917 920
918 919
918 920
918 944
918 971
919 926
919 944
919 960
921 923
921 924
921 925
921 952
922 951
922 953
922 971
923 924
923 925
924 925
924 932
925 951
925 976
927 969
928 935
928 954
928 955
928 956
928 957
928 958
928 959
928 960
928 990
929 946
929 949
930 946
931 933
931 936
931 937
931 939
931 940
931 966
931 993
933 936
933 937
933 940
933 972
934 972
934 974
934 975
934 976
934 977
935 954
935 955
935 956
935 957
935 958
935 959
935 960
935 990
936 937
936 939
936 940
936 966
936 986
937 939
937 940
937 966
938 947
939 940
939 946
939 966
940 966
940 973
940 981
941 944
941 950
944 945
944 947
944 950
945 947
945 948
945 950
945 989
947 948
947 950
948 950
948 970
949 963
949 1000
950 974
950 977
951 963
951 985
951 994
953 956
954 955
954 956
954 957
954 959
954 960
954 990
955 956
955 957
955 958
955 959
955 990
956 957
956 959
956 960
956 990
957 958
957 959
957 960
958 959
958 960
958 990
959 990
960 989
961 963
961 964
961 965
961 967
961 969
963 964
963 965
963 968
963 969
964 965
964 968
964 978
965 967
965 968
965 969
966 988
966 999
967 969
968 979
971 974
971 975
971 976
971 977
972 974
972 975
972 976
972 977
972 987
972 989
972 991
974 975
974 976
974 977
975 976
976 977
978 997
981 982
981 983
981 985
981 986
981 987
981 988
981 989
982 985
982 987
982 988
982 989
983 985
983 986
983 987
983 989
985 986
985 987
985 988
985 989
985 997
986 987
987 988
987 989
987 992
988 989
989 995
990 1000
991 992
991 993
991 994
991 996
991 997
991 998
991 999
992 993
992 996
992 998
993 994
993 997
993 998
993 999
994 996
994 999
996 997
996 998
996 999
997 998
997 999
998 999
