1000 8742
1 3
1 4
1 6
1 7
1 9
1 10
1 122
1 159
1 196
1 223
1 322
1 374
1 559
1 703
1 769
1 799
1 985
2 163
2 238
2 495
2 621
2 629
2 696
2 752
2 753
2 754
2 756
2 757
2 759
2 770
2 772
2 819
2 844
3 4
3 6
3 7
3 8
3 9
3 10
3 159
3 261
3 322
3 349
3 598
3 618
3 703
3 872
3 928
3 950
3 988
4 6
4 7
4 8
4 10
4 50
4 111
4 155
4 159
4 322
4 442
4 454
4 462
4 564
4 584
4 703
4 879
5 31
5 75
5 133
5 134
5 137
5 145
5 233
5 337
5 450
5 598
5 658
5 665
5 775
5 780
5 853
5 873
5 880
5 914
6 7
6 8
6 9
6 10
6 11
6 120
6 159
6 322
6 363
6 430
6 459
6 590
6 703
6 744
6 911
7 8
7 9
7 10
7 27
7 159
7 292
7 322
7 390
7 462
7 703
7 872
7 909
7 976
7 985
8 9
8 10
8 157
8 159
8 309
8 322
8 354
8 402
8 430
8 490
8 578
8 590
8 656
8 703
8 859
9 10
9 146
9 159
9 590
9 630
9 671
9 676
9 783
9 792
9 882
9 916
9 922
10 74
10 85
10 159
10 294
10 322
10 328
10 378
10 493
10 565
10 703
10 952
11 12
11 16
11 17
11 18
11 19
11 20
11 135
11 206
11 280
11 437
11 453
11 470
11 633
11 665
11 721
11 778
11 954
11 998
12 17
12 18
12 20
12 202
12 279
12 305
12 385
12 489
12 578
12 627
12 665
12 717
12 900
12 954
13 17
13 29
13 92
13 150
13 174
13 215
13 293
13 383
13 587
13 682
13 891
13 892
13 894
13 895
13 897
13 899
13 900
14 55
14 317
14 365
14 393
14 527
14 535
14 738
14 791
14 793
14 797
14 798
14 799
14 800
14 825
14 842
14 891
14 898
14 915
14 916
14 986
15 72
15 91
15 93
15 94
15 96
15 97
15 98
15 100
15 372
15 504
15 586
15 592
15 748
15 812
15 868
15 896
15 956
15 967
16 17
16 18
16 20
16 470
16 591
16 632
16 665
16 844
16 954
17 18
17 19
17 56
17 143
17 154
17 250
17 470
17 635
17 665
17 822
17 954
17 956
18 19
18 28
18 69
18 79
18 128
18 185
18 240
18 269
18 353
18 475
18 508
18 621
18 665
18 692
18 711
18 809
18 864
18 954
19 20
19 71
19 116
19 470
19 635
19 665
19 679
19 790
19 803
20 222
20 235
20 244
20 325
20 384
20 433
20 665
20 746
20 789
20 815
20 827
20 841
20 862
20 874
20 929
20 954
21 34
21 149
21 163
21 165
21 166
21 167
21 168
21 196
21 214
21 217
21 347
21 425
21 436
21 444
21 484
21 555
21 651
21 737
21 754
21 766
21 829
21 873
21 956
22 141
22 143
22 147
22 150
22 151
22 205
22 215
22 300
22 394
22 398
22 400
22 469
22 682
22 901
22 987
23 24
23 25
23 27
23 28
23 29
23 30
23 139
23 172
23 255
23 370
23 557
23 644
23 664
23 674
23 837
23 969
24 25
24 26
24 27
24 28
24 29
24 30
24 45
24 97
24 139
24 172
24 227
24 255
24 655
24 663
24 743
24 759
24 954
24 993
25 26
25 28
25 29
25 30
25 38
25 133
25 139
25 172
25 249
25 412
25 416
25 471
25 550
25 605
25 649
25 757
25 781
25 825
25 933
25 974
26 27
26 29
26 30
26 48
26 109
26 139
26 172
26 205
26 255
26 262
26 423
26 520
26 521
26 734
26 859
27 29
27 30
27 117
27 139
27 157
27 172
27 255
27 312
27 390
27 482
27 492
27 516
27 529
27 630
27 637
27 735
27 886
28 29
28 139
28 172
28 255
28 270
28 370
28 534
28 635
28 667
28 747
28 796
28 807
28 974
28 978
29 30
29 172
29 476
29 542
29 634
29 639
29 656
29 684
29 726
29 907
29 993
30 70
30 139
30 172
30 216
30 255
30 584
30 788
30 828
30 899
30 935
31 32
31 34
31 36
31 38
31 39
31 125
31 140
31 169
31 201
31 322
31 466
31 701
31 744
31 791
31 817
31 861
31 863
31 981
32 34
32 36
32 38
32 39
32 179
32 284
32 352
32 789
32 817
32 946
33 44
33 125
33 137
33 141
33 298
33 344
33 398
33 492
33 495
33 496
33 497
33 498
33 499
33 500
33 529
33 550
33 684
33 883
33 943
33 955
34 36
34 38
34 39
34 156
34 207
34 396
34 416
34 431
34 472
34 575
34 653
34 758
34 872
34 896
34 954
34 969
34 983
34 987
34 989
35 38
35 159
35 232
35 541
35 580
35 585
35 588
35 679
35 700
35 867
35 889
35 913
35 947
35 959
35 962
35 975
36 116
36 252
36 388
36 420
36 636
36 726
36 973
37 46
37 178
37 182
37 190
37 248
37 256
37 338
37 349
37 638
37 759
37 762
37 763
37 764
37 765
37 769
37 936
37 962
38 39
38 222
38 270
38 334
38 375
38 489
38 630
38 711
38 852
38 958
38 969
39 40
39 87
39 417
39 434
39 439
39 615
39 695
39 995
40 66
40 117
40 167
40 252
40 431
40 507
40 563
40 766
40 860
40 942
41 57
41 151
41 153
41 155
41 156
41 157
41 160
41 184
41 339
41 406
41 463
41 483
41 503
41 620
41 690
41 760
41 764
41 831
42 43
42 45
42 47
42 48
42 49
42 50
42 54
42 124
42 125
42 187
42 232
42 288
42 369
42 524
42 549
42 562
42 612
42 650
42 728
42 931
42 976
42 990
43 45
43 47
43 48
43 49
43 275
43 288
43 291
43 428
43 470
43 483
43 543
43 678
43 706
43 729
43 898
43 906
44 114
44 344
44 364
44 398
44 413
44 415
44 456
44 494
44 495
44 496
44 497
44 498
44 499
44 527
44 529
44 531
44 550
44 584
44 626
44 891
44 944
45 47
45 49
45 50
45 127
45 176
45 230
45 284
45 288
45 338
45 383
45 426
45 448
45 483
45 495
45 509
45 537
45 546
45 575
45 595
45 601
45 792
45 832
45 872
46 100
46 171
46 172
46 256
46 338
46 380
46 423
46 575
46 621
46 640
46 762
46 763
46 765
46 768
46 769
46 824
46 837
46 891
46 899
46 916
46 936
47 48
47 49
47 50
47 77
47 145
47 172
47 279
47 283
47 288
47 340
47 453
47 457
47 483
47 501
47 557
47 781
47 833
47 835
47 995
47 997
48 49
48 50
48 151
48 275
48 314
48 354
48 398
48 483
48 500
48 673
48 749
48 843
49 50
49 288
49 334
49 339
49 377
49 382
49 394
49 396
49 461
49 786
49 819
49 884
49 916
49 956
50 110
50 129
50 173
50 174
50 288
50 320
50 327
50 375
50 423
50 454
50 483
50 675
50 775
50 820
50 912
51 53
51 54
51 57
51 60
51 98
51 234
51 265
51 311
51 333
51 387
51 633
51 711
51 770
51 830
51 970
51 978
52 53
52 54
52 55
52 57
52 59
52 60
52 77
52 218
52 234
52 387
52 421
52 436
52 447
52 581
52 659
52 674
52 688
52 694
52 890
52 901
52 914
53 55
53 56
53 57
53 59
53 60
53 62
53 97
53 234
53 283
53 285
53 387
53 659
53 947
53 967
54 55
54 59
54 130
54 234
54 243
54 244
54 264
54 319
54 361
54 387
54 469
54 541
54 621
54 659
54 886
54 951
55 59
55 156
55 234
55 285
55 380
55 574
55 605
55 659
55 699
55 727
56 59
56 60
56 95
56 120
56 269
56 315
56 348
56 387
56 394
56 563
56 581
56 639
56 643
56 659
56 849
56 871
56 949
56 958
57 59
57 60
57 76
57 85
57 234
57 263
57 387
57 453
57 542
57 668
57 900
57 997
58 127
58 306
58 442
58 443
58 445
58 447
58 448
58 449
58 481
58 585
58 602
58 622
58 650
58 837
58 865
58 914
59 60
59 234
59 265
59 387
59 414
59 486
59 553
59 658
59 659
59 817
59 854
59 893
59 913
59 952
59 953
59 967
60 70
60 234
60 260
60 268
60 387
60 439
60 488
60 491
60 657
60 659
60 690
60 724
60 793
61 192
61 193
61 196
61 197
61 198
61 244
61 273
61 361
61 488
61 499
61 530
61 745
61 771
62 65
62 67
62 68
62 70
62 153
62 292
62 367
62 378
62 486
62 612
62 637
62 749
62 857
62 872
62 947
62 964
63 64
63 99
63 181
63 183
63 186
63 189
63 190
63 240
63 301
63 346
63 375
63 669
63 942
63 963
64 65
64 67
64 70
64 99
64 114
64 116
64 136
64 237
64 302
64 368
64 565
64 612
64 630
64 872
64 932
65 67
65 68
65 70
65 114
65 216
65 230
65 453
65 612
65 637
65 669
65 866
65 872
65 887
65 995
66 140
66 173
66 252
66 401
66 506
66 651
66 695
66 725
66 847
66 855
66 856
66 857
66 859
66 860
66 905
66 981
67 68
67 70
67 119
67 128
67 160
67 170
67 238
67 261
67 265
67 599
67 612
67 637
67 649
67 683
67 780
67 872
67 906
67 962
67 973
68 70
68 403
68 424
68 612
68 637
68 848
68 866
68 872
68 881
68 920
68 931
69 149
69 160
69 420
69 541
69 542
69 543
69 545
69 547
69 645
69 664
69 667
69 727
69 734
69 789
69 865
69 993
70 114
70 145
70 160
70 173
70 331
70 603
70 612
70 637
70 720
70 836
70 872
70 874
70 935
70 949
70 960
70 977
71 73
71 74
71 75
71 76
71 77
71 78
71 80
71 189
71 220
71 236
71 482
71 486
71 604
71 807
71 989
72 101
72 102
72 104
72 105
72 106
72 107
72 108
72 109
72 181
72 254
72 321
72 339
72 340
72 452
72 491
72 588
72 601
72 707
72 924
72 974
73 74
73 75
73 76
73 77
73 78
73 79
73 178
73 242
73 281
73 382
73 433
73 474
73 549
73 635
73 717
73 761
73 777
73 881
73 895
74 75
74 76
74 77
74 78
74 79
74 80
74 101
74 102
74 143
74 315
74 317
74 382
74 435
74 482
74 568
74 576
74 601
74 791
74 986
75 76
75 77
75 78
75 79
75 80
75 168
75 245
75 309
75 322
75 344
75 482
75 544
75 593
75 705
75 833
75 931
76 77
76 78
76 79
76 100
76 128
76 382
76 482
76 577
76 845
77 78
77 79
77 80
77 89
77 187
77 282
77 291
77 366
77 382
77 386
77 482
77 519
77 625
77 631
77 871
77 969
77 995
78 79
78 80
78 95
78 194
78 303
78 314
78 382
78 459
78 482
78 529
78 614
78 623
78 630
78 940
79 80
79 84
79 382
79 457
79 482
79 671
79 698
79 792
79 838
79 888
80 201
80 340
80 400
80 482
80 544
80 594
80 722
81 82
81 83
81 84
81 86
81 87
81 89
81 90
81 306
81 392
81 400
81 401
81 403
81 406
81 423
81 493
81 570
81 600
81 628
81 634
81 665
81 933
81 978
82 83
82 84
82 86
82 87
82 88
82 89
82 90
82 171
82 301
82 378
82 400
82 422
82 493
82 555
82 623
82 655
82 664
82 723
82 924
82 964
83 87
83 88
83 90
83 244
83 267
83 274
83 327
83 328
83 400
83 493
83 573
83 604
83 808
83 918
83 991
84 86
84 89
84 90
84 139
84 197
84 400
84 493
84 572
84 614
84 683
84 838
84 984
84 995
85 111
85 205
85 211
85 230
85 237
85 289
85 341
85 342
85 345
85 346
85 347
85 357
85 425
85 439
85 445
85 569
85 828
85 835
85 918
86 87
86 88
86 89
86 100
86 271
86 400
86 416
86 493
86 521
86 523
86 555
86 649
86 759
86 937
87 88
87 89
87 90
87 97
87 158
87 197
87 220
87 252
87 268
87 400
87 493
87 524
87 578
87 604
87 966
87 969
88 89
88 90
88 177
88 180
88 189
88 294
88 371
88 376
88 493
88 500
88 530
88 540
88 647
88 682
88 735
88 791
88 926
89 90
89 197
89 239
89 240
89 462
89 493
89 511
89 548
89 721
89 765
89 899
89 973
90 116
90 133
90 183
90 279
90 300
90 388
90 493
90 610
90 827
90 897
90 905
90 996
91 93
91 94
91 96
91 97
91 98
91 100
91 211
91 237
91 372
91 396
91 441
91 443
91 451
91 455
91 491
91 586
91 592
91 667
91 735
91 782
91 864
91 949
92 116
92 211
92 215
92 243
92 256
92 280
92 509
92 720
92 788
92 886
92 891
92 892
92 893
92 894
92 895
92 897
92 899
92 900
92 955
92 985
93 98
93 100
93 145
93 167
93 205
93 372
93 450
93 499
93 583
93 586
93 592
93 620
93 801
93 819
93 849
93 860
93 867
93 880
93 991
94 96
94 97
94 98
94 100
94 159
94 168
94 258
94 372
94 383
94 396
94 463
94 524
94 569
94 574
94 578
94 586
94 592
94 782
94 880
95 102
95 132
95 190
95 203
95 323
95 348
95 352
95 499
95 533
95 727
95 731
95 852
95 902
95 903
95 905
95 906
95 907
95 909
95 910
95 926
96 98
96 100
96 114
96 166
96 174
96 371
96 372
96 552
96 586
96 802
96 902
96 980
96 988
97 98
97 100
97 372
97 488
97 525
97 535
97 586
97 592
97 614
97 782
97 874
97 903
97 912
98 183
98 323
98 363
98 462
98 586
98 589
98 592
98 618
98 782
98 993
99 374
99 375
99 376
99 377
99 378
99 379
99 476
99 521
99 626
99 640
99 719
99 725
99 749
99 881
100 112
100 296
100 372
100 546
100 576
100 586
100 592
100 773
100 782
100 783
100 801
100 910
101 102
101 103
101 104
101 106
101 107
101 108
101 109
101 110
101 149
101 246
101 491
101 497
101 574
101 588
101 615
101 632
101 736
101 740
101 809
101 865
101 965
102 103
102 104
102 105
102 106
102 108
102 109
102 110
102 149
102 237
102 325
102 411
102 491
102 588
102 655
102 678
102 710
102 717
102 753
102 936
103 104
103 106
103 107
103 108
103 109
103 110
103 162
103 257
103 412
103 457
103 491
103 529
103 588
103 696
103 763
103 769
103 809
104 106
104 107
104 109
104 110
104 204
104 221
104 250
104 354
104 360
104 430
104 443
104 526
104 530
104 682
104 720
104 736
104 770
104 773
104 853
105 106
105 107
105 123
105 186
105 207
105 380
105 425
105 453
105 491
105 588
106 107
106 109
106 110
106 136
106 223
106 231
106 396
106 409
106 491
106 588
106 785
106 905
106 910
106 949
107 108
107 147
107 178
107 204
107 340
107 347
107 373
107 412
107 430
107 491
107 542
107 588
107 657
107 665
107 727
107 755
107 764
107 841
107 941
107 956
107 982
108 301
108 382
108 432
108 433
108 460
108 466
108 491
108 506
108 519
108 525
108 588
108 781
108 874
108 875
108 919
109 186
109 215
109 344
109 443
109 491
109 565
109 574
109 588
109 743
109 828
109 833
109 857
109 866
109 922
109 960
110 114
110 356
110 388
110 418
110 491
110 581
110 588
110 690
110 731
110 761
110 768
110 772
111 112
111 115
111 116
111 118
111 119
111 120
111 143
111 252
111 310
111 345
111 358
111 419
111 478
111 551
111 584
111 740
111 839
111 942
112 115
112 116
112 117
112 118
112 119
112 120
112 286
112 353
112 358
112 436
112 454
112 478
112 584
112 618
112 645
112 787
112 926
113 115
113 116
113 118
113 120
113 127
113 166
113 231
113 287
113 355
113 358
113 393
113 423
113 584
113 691
113 692
113 701
114 218
114 231
114 239
114 357
114 397
114 457
114 467
114 612
114 637
114 659
114 741
114 872
114 996
115 116
115 118
115 119
115 120
115 163
115 170
115 175
115 252
115 326
115 375
115 478
115 584
115 849
116 118
116 119
116 120
116 236
116 358
116 478
116 500
116 584
116 827
116 898
116 925
116 957
117 160
117 265
117 321
117 324
117 325
117 326
117 327
117 329
117 330
117 371
117 431
117 603
117 611
117 642
117 668
117 674
117 778
117 790
117 812
118 120
118 340
118 478
118 584
118 615
118 774
118 874
118 975
119 120
119 222
119 229
119 319
119 478
119 528
119 584
119 753
119 825
120 168
120 251
120 411
120 478
120 584
120 634
120 695
120 771
120 788
120 812
120 818
121 122
121 123
121 124
121 126
121 127
121 130
121 365
121 623
121 716
121 876
121 891
121 912
122 123
122 124
122 126
122 127
122 128
122 129
122 130
122 245
122 287
122 365
122 552
122 654
122 658
122 666
122 707
122 759
122 787
122 826
122 911
122 912
122 976
123 124
123 126
123 127
123 130
123 145
123 208
123 306
123 322
123 552
123 727
123 782
123 785
123 846
123 899
123 912
123 983
124 126
124 127
124 129
124 130
124 174
124 238
124 270
124 293
124 303
124 382
124 491
124 552
124 559
124 561
124 564
124 588
124 667
124 724
124 853
124 880
124 911
124 913
124 966
125 141
125 253
125 568
125 663
125 676
125 732
125 734
125 735
125 736
125 738
125 739
125 740
126 127
126 128
126 129
126 130
126 138
126 301
126 319
126 442
126 541
126 552
126 605
126 638
126 709
126 844
126 912
126 962
127 129
127 130
127 187
127 281
127 400
127 721
127 860
127 912
128 129
128 130
128 286
128 297
128 329
128 337
128 493
128 550
128 552
128 588
128 730
128 756
128 823
128 912
128 913
128 967
129 130
129 134
129 326
129 382
129 463
129 497
129 552
129 801
129 952
129 953
130 162
130 263
130 401
130 502
130 536
130 552
130 558
130 758
130 789
130 884
130 912
131 134
131 137
131 159
131 393
131 450
131 454
131 504
131 600
131 688
131 710
131 742
131 775
132 136
132 159
132 197
132 199
132 202
132 204
132 205
132 207
132 209
132 308
132 313
132 876
133 134
133 208
133 280
133 306
133 487
133 631
133 765
133 775
133 828
133 866
133 917
133 951
134 239
134 244
134 249
134 461
134 464
134 523
134 673
134 775
134 796
134 971
135 172
135 277
135 351
135 361
135 368
135 463
135 477
135 500
135 566
135 651
135 655
135 658
135 660
135 667
135 683
135 772
135 853
135 955
136 208
136 290
136 373
136 425
136 472
136 473
136 474
136 475
136 476
136 479
136 480
136 548
136 608
136 662
136 668
137 408
137 450
137 699
137 706
137 773
137 775
138 240
138 288
138 392
138 501
138 504
138 508
138 520
138 735
138 736
138 843
138 845
138 847
138 848
138 936
138 938
138 976
139 158
139 186
139 255
139 411
139 502
139 543
139 730
139 775
139 911
140 145
140 158
140 201
140 314
140 315
140 318
140 320
140 366
140 579
140 606
140 624
140 640
140 804
140 825
140 854
140 894
141 142
141 143
141 145
141 147
141 150
141 194
141 204
141 223
141 422
141 604
141 987
142 143
142 147
142 150
142 157
142 166
142 318
142 341
142 343
142 447
142 451
142 469
142 487
142 629
142 708
142 715
142 774
142 956
142 987
143 145
143 147
143 157
143 165
143 298
143 375
143 385
143 401
143 504
143 621
143 644
143 901
143 917
143 926
143 960
143 987
143 997
144 243
144 324
144 451
144 466
144 538
144 550
144 566
144 671
144 672
144 673
144 675
144 677
144 678
144 680
144 747
144 830
144 935
144 942
144 960
145 193
145 204
145 350
145 364
145 465
145 654
145 692
145 875
145 901
145 953
146 210
146 433
146 483
146 582
146 583
146 585
146 589
146 648
146 853
147 223
147 241
147 267
147 410
147 498
147 532
147 593
147 597
147 620
147 650
147 667
147 706
147 799
147 811
147 901
147 973
147 987
147 995
148 482
148 575
148 632
148 633
148 635
148 636
148 638
148 639
148 664
148 667
148 675
148 691
148 932
149 184
149 191
149 541
149 542
149 543
149 545
149 547
149 549
149 595
149 607
149 667
149 824
149 846
149 895
150 221
150 274
150 322
150 414
150 496
150 646
150 720
150 837
150 885
150 901
150 933
150 974
150 987
151 152
151 153
151 155
151 156
151 160
151 237
151 254
151 488
151 777
152 155
152 156
152 190
152 248
152 285
152 286
152 351
152 390
152 445
152 451
152 523
152 643
152 661
152 696
152 819
152 895
152 965
153 157
153 160
153 232
153 321
153 381
153 465
153 535
153 558
153 564
153 589
153 680
153 726
153 792
153 853
153 953
154 258
154 331
154 332
154 334
154 439
154 527
154 543
154 570
154 585
154 679
154 681
154 705
154 851
154 865
154 942
155 157
155 160
155 173
155 213
155 400
155 450
155 461
155 539
155 593
155 703
155 740
156 157
156 280
156 331
156 370
156 443
156 573
156 828
156 851
156 907
156 973
156 976
157 160
157 202
157 214
157 289
157 423
157 430
157 432
157 498
157 595
157 606
157 641
157 786
157 810
157 860
157 892
157 986
158 210
158 262
158 280
158 305
158 323
158 501
158 654
158 663
158 666
158 668
158 669
158 670
158 839
158 898
159 288
159 322
159 394
159 481
159 512
159 536
159 618
159 644
159 703
159 965
160 196
160 459
160 956
160 991
160 999
161 201
161 267
161 311
161 401
161 406
161 442
161 467
161 506
161 725
161 851
161 855
161 856
161 857
161 859
161 860
161 930
162 195
162 238
162 260
162 263
162 311
162 401
162 452
162 580
162 581
162 590
162 663
162 683
162 773
162 811
162 858
162 883
162 885
162 886
162 889
162 926
162 964
163 165
163 166
163 167
163 168
163 170
163 247
163 263
163 397
163 444
163 464
163 487
163 523
163 575
163 591
163 737
163 841
163 956
163 979
163 985
164 179
164 351
164 430
164 442
164 445
164 447
164 448
164 481
164 528
164 941
165 166
165 167
165 168
165 170
165 444
165 487
165 659
165 737
165 934
165 995
166 167
166 168
166 170
166 173
166 186
166 250
166 282
166 336
166 411
166 444
166 463
166 470
166 495
166 583
166 737
166 827
166 938
166 952
167 169
167 325
167 405
167 408
167 444
167 485
167 511
167 542
167 841
168 170
168 283
168 369
168 402
168 444
168 601
168 692
168 737
168 770
168 969
169 390
169 452
169 454
169 455
169 456
169 457
169 458
169 608
169 613
169 622
169 798
169 850
169 939
169 998
170 178
170 197
170 212
170 214
170 224
170 338
170 377
170 410
170 444
170 470
170 639
170 702
170 804
170 859
171 173
171 174
171 176
171 177
171 180
171 186
171 279
171 291
171 302
171 331
171 360
171 364
171 442
171 450
171 473
171 483
171 540
171 578
171 620
171 708
171 920
171 939
171 974
171 979
172 255
172 257
172 267
172 476
172 485
173 174
173 176
173 177
173 180
173 194
173 201
173 302
173 341
173 360
173 602
173 672
173 708
173 925
173 942
174 176
174 177
174 180
174 302
174 360
174 452
174 476
174 535
174 563
174 667
174 708
174 739
174 857
175 293
175 296
175 297
175 298
175 299
175 360
175 454
175 506
175 589
175 646
175 652
176 180
176 234
176 250
176 317
176 388
176 470
176 522
176 528
176 596
176 657
176 708
176 767
176 852
176 934
177 180
177 202
177 302
177 311
177 360
177 406
177 427
177 466
177 500
177 563
177 595
177 607
177 689
177 708
177 709
177 728
177 740
177 846
177 873
178 179
178 236
178 457
178 483
178 500
178 693
178 695
178 698
178 869
178 952
178 969
178 985
178 994
179 236
179 313
179 381
179 394
179 420
179 609
179 620
179 693
179 695
179 698
179 699
179 721
179 768
180 203
180 267
180 302
180 360
180 417
180 495
180 708
180 736
180 875
180 911
181 183
181 186
181 188
181 201
181 234
181 301
181 691
181 747
181 767
181 943
181 963
182 229
182 231
182 233
182 237
182 239
182 314
182 329
182 402
182 473
182 482
182 487
182 703
182 709
182 716
182 802
182 823
182 861
183 185
183 186
183 188
183 189
183 190
183 301
183 382
183 407
183 468
183 532
183 546
183 564
183 654
183 922
183 963
183 993
183 994
184 193
184 217
184 331
184 418
184 542
184 545
184 547
184 549
184 555
184 719
184 936
185 186
185 188
185 190
185 300
185 301
185 341
185 348
185 382
185 421
185 603
185 678
185 723
185 776
185 786
185 856
185 858
185 917
185 979
186 188
186 190
186 210
186 301
186 397
186 497
186 620
186 827
186 944
186 963
186 967
187 199
187 253
187 312
187 337
187 351
187 352
187 356
187 357
187 361
187 371
187 398
187 562
187 767
187 817
187 871
187 990
188 189
188 423
188 491
188 493
188 812
188 854
188 963
189 190
189 301
189 347
189 441
189 464
189 790
189 963
190 294
190 721
190 933
190 963
190 975
190 998
191 195
191 196
191 197
191 198
191 229
191 234
191 273
191 348
191 361
191 362
191 459
191 505
191 530
191 614
191 625
191 673
191 771
191 784
191 788
191 795
191 812
191 817
191 883
191 938
192 193
192 196
192 197
192 267
192 273
192 276
192 308
192 361
192 368
192 370
192 512
192 559
192 593
192 610
192 771
192 891
192 928
192 982
193 196
193 197
193 198
193 220
193 273
193 361
193 530
193 573
193 577
193 610
193 649
193 704
193 745
193 771
193 812
193 833
193 844
193 872
193 945
194 242
194 247
194 362
194 363
194 364
194 367
194 368
194 369
194 443
194 651
194 674
194 736
194 753
194 846
194 946
194 983
195 196
195 197
195 198
195 273
195 321
195 361
195 530
195 562
195 588
195 601
195 701
195 768
195 771
195 978
195 994
196 197
196 273
196 314
196 426
196 435
196 462
196 480
196 530
196 565
196 805
196 996
197 198
197 244
197 256
197 259
197 273
197 303
197 361
197 432
197 446
197 483
197 920
198 273
198 361
198 392
198 530
198 596
198 632
198 656
198 771
198 989
199 202
199 204
199 205
199 207
199 237
199 379
199 546
199 551
199 826
199 877
199 957
200 229
200 250
200 381
200 411
200 412
200 413
200 415
200 416
200 417
200 420
200 517
200 622
200 647
200 810
200 902
200 913
200 929
200 970
200 992
201 231
201 233
201 235
201 237
201 402
201 452
201 511
201 536
201 626
201 751
201 802
201 861
201 882
201 947
202 204
202 205
202 206
202 207
202 209
202 242
202 248
202 295
202 302
202 347
202 538
202 546
202 799
202 805
202 906
202 922
203 213
203 317
203 348
203 441
203 514
203 628
203 666
203 727
203 902
203 903
203 905
203 906
203 907
203 909
203 910
203 946
204 205
204 206
204 209
204 337
204 362
204 454
204 546
204 609
205 209
205 244
205 287
205 334
205 408
205 427
205 525
205 546
205 548
205 635
205 715
205 844
206 207
206 209
206 546
206 747
206 763
206 957
207 439
207 447
207 489
207 524
207 628
207 658
207 678
207 686
207 832
207 866
208 350
208 353
208 369
208 373
208 398
208 453
208 469
208 474
208 475
208 476
208 477
208 479
208 480
208 548
208 662
208 865
208 872
208 878
209 292
209 309
209 417
209 546
209 760
209 949
210 215
210 282
210 308
210 357
210 581
210 620
210 641
210 643
210 645
210 650
210 654
210 839
210 909
211 253
211 341
211 342
211 345
211 346
211 347
211 349
211 419
211 471
211 478
211 526
211 621
211 623
211 634
211 828
211 830
211 965
212 214
212 217
212 218
212 219
212 220
212 234
212 364
212 469
212 594
212 640
212 681
212 683
212 742
212 787
212 837
212 886
212 935
213 250
213 305
213 425
213 479
213 484
213 485
213 486
213 488
213 489
213 552
213 690
213 733
213 750
213 775
213 825
213 932
213 953
214 217
214 218
214 219
214 227
214 276
214 309
214 313
214 333
214 431
214 432
214 434
214 742
214 759
214 835
214 915
214 935
214 943
214 990
215 280
215 296
215 311
215 399
215 432
215 450
215 518
215 891
215 892
215 894
215 895
215 897
215 899
215 900
215 934
215 946
215 966
216 256
216 351
216 355
216 357
216 359
216 371
216 414
216 428
216 452
216 475
216 493
216 516
216 562
216 600
216 625
216 687
216 817
216 990
216 991
217 218
217 219
217 220
217 251
217 365
217 671
217 742
217 768
217 823
217 824
217 931
217 935
218 219
218 220
218 263
218 318
218 392
218 421
218 464
218 585
218 754
218 768
218 778
218 814
218 914
218 935
218 963
219 220
219 297
219 422
219 739
219 742
219 804
219 865
220 458
220 567
220 602
220 742
220 748
220 762
220 831
220 928
220 935
220 986
220 1000
221 222
221 224
221 226
221 227
221 228
221 229
221 273
221 286
221 405
221 452
221 518
221 539
221 644
221 758
221 784
221 865
221 870
221 926
221 931
222 224
222 226
222 228
222 229
222 340
222 413
222 530
222 654
222 677
222 787
222 849
222 855
222 934
223 230
223 281
223 291
223 403
223 406
223 408
223 501
223 551
223 625
223 961
224 226
224 227
224 228
224 229
224 402
224 405
224 461
224 575
224 917
225 423
225 531
225 532
225 533
225 534
225 536
225 539
225 540
225 609
225 625
225 691
225 814
225 839
225 840
225 981
225 983
225 990
226 227
226 228
226 229
226 282
226 405
226 508
226 718
226 856
226 998
227 228
227 229
227 375
227 405
227 519
227 545
227 738
227 792
227 933
227 957
227 968
228 229
228 334
228 354
228 405
228 501
228 582
228 676
228 682
228 751
229 354
229 374
229 438
229 518
229 669
229 733
229 753
229 824
229 958
230 285
230 296
230 542
230 682
230 683
230 687
230 690
230 734
230 782
230 829
230 893
231 235
231 237
231 239
231 344
231 371
231 381
231 402
231 473
231 564
231 606
231 607
231 659
231 690
231 802
231 838
231 861
231 907
231 912
231 982
232 288
232 328
232 444
232 544
232 551
232 561
232 563
232 565
232 566
232 568
232 569
232 626
232 701
232 714
232 781
232 789
232 807
232 830
232 966
233 235
233 237
233 239
233 312
233 325
233 365
233 402
233 802
233 809
233 846
233 861
234 286
234 387
234 488
234 587
234 609
234 659
234 716
234 836
234 884
235 237
235 239
235 314
235 391
235 402
235 473
235 479
235 531
235 592
235 612
235 723
235 748
235 757
235 779
235 802
235 849
235 861
235 872
235 896
236 354
236 611
236 692
236 693
236 695
236 697
236 698
236 699
236 861
237 340
237 402
237 412
237 463
237 473
237 643
237 663
237 696
237 861
237 910
238 242
238 274
238 356
238 420
238 464
238 664
238 751
238 776
238 777
238 778
238 780
238 823
238 857
238 943
239 246
239 325
239 402
239 459
239 473
239 538
239 590
239 606
239 628
239 723
239 788
239 802
239 861
239 951
240 520
240 549
240 557
240 841
240 844
240 845
240 847
240 848
240 938
241 244
241 246
241 248
241 343
241 488
241 573
241 635
241 644
241 693
241 824
241 825
241 882
241 964
242 414
242 433
242 551
242 714
242 721
242 722
242 723
242 724
242 726
242 728
242 729
242 730
242 790
242 951
243 245
243 246
243 247
243 335
243 343
243 377
243 489
243 506
243 644
243 653
243 724
243 758
243 761
243 874
243 876
243 889
243 950
243 953
243 964
244 245
244 247
244 248
244 395
244 483
244 567
244 596
244 644
244 774
244 964
245 246
245 247
245 248
245 289
245 343
245 529
245 557
245 582
245 644
245 739
245 787
245 871
245 964
245 967
246 247
246 343
246 429
246 565
246 644
246 715
246 761
246 913
246 964
247 248
247 334
247 343
247 370
247 463
247 495
247 644
247 665
247 680
247 761
247 785
247 833
247 864
247 888
247 947
247 975
247 1000
248 343
248 359
248 700
248 761
248 811
248 879
248 903
248 964
249 255
249 400
249 416
249 431
249 576
249 615
249 673
249 795
249 809
249 871
249 873
249 875
249 876
249 877
249 879
249 880
249 889
249 938
250 315
250 369
250 373
250 381
250 411
250 412
250 413
250 414
250 415
250 416
250 417
250 418
250 419
250 420
250 452
250 602
250 625
250 647
250 768
250 858
251 253
251 257
251 259
251 260
251 328
251 333
251 396
251 497
251 660
251 792
251 842
251 955
252 262
252 291
252 392
252 610
252 702
252 704
252 705
252 706
252 710
252 896
252 987
253 254
253 257
253 259
253 260
253 328
253 333
253 725
253 792
253 808
253 888
253 926
253 951
253 953
254 257
254 259
254 260
254 275
254 328
254 333
254 388
254 395
254 402
254 423
254 473
254 669
254 679
254 792
254 933
255 288
255 453
255 676
255 700
255 873
255 952
256 274
256 276
256 283
256 338
256 356
256 383
256 422
256 481
256 651
256 653
256 658
256 715
256 762
256 763
256 765
256 768
256 769
256 929
256 934
256 936
257 259
257 260
257 268
257 298
257 328
257 333
257 427
257 508
257 628
257 810
257 942
258 300
258 331
258 332
258 334
258 336
258 467
258 565
258 570
258 599
258 615
258 624
258 679
258 751
258 763
258 771
258 824
258 862
258 945
259 260
259 328
259 333
259 339
259 354
259 385
259 572
259 792
259 899
259 942
260 299
260 326
260 328
260 677
260 729
260 792
260 915
261 262
261 263
261 265
261 267
261 269
261 270
261 317
261 445
261 606
261 615
261 677
261 678
261 714
261 740
261 880
262 263
262 264
262 265
262 269
262 373
262 457
262 606
262 663
262 987
263 264
263 265
263 266
263 267
263 269
263 606
263 719
263 752
263 779
263 817
263 899
263 916
263 936
263 975
264 265
264 266
264 267
264 269
264 270
264 295
264 606
264 640
264 800
265 266
265 267
265 269
265 270
265 485
265 648
265 687
265 939
265 958
266 267
266 269
266 270
266 388
266 555
266 606
266 626
266 694
266 709
266 728
267 269
267 270
267 442
267 549
267 605
267 606
267 669
267 693
267 711
267 717
267 801
267 870
267 972
268 277
268 278
268 279
268 427
268 487
268 595
268 629
268 805
268 871
268 878
269 270
269 287
269 390
269 408
269 445
269 467
269 581
269 606
269 914
270 436
270 578
270 606
270 645
270 652
270 686
270 725
270 751
271 275
271 276
271 277
271 278
271 279
271 487
271 505
271 651
271 669
271 716
271 736
271 819
271 878
272 400
272 430
272 457
272 602
272 749
272 762
272 868
272 921
272 923
272 924
272 925
272 926
272 927
272 929
272 946
272 980
273 361
273 364
273 530
273 660
273 667
273 771
274 306
274 358
274 463
274 464
274 466
274 467
274 468
274 518
274 708
274 872
274 927
274 931
275 276
275 277
275 278
275 279
275 594
275 816
275 845
275 878
275 899
275 920
275 935
275 944
275 967
276 277
276 278
276 279
276 286
276 322
276 481
276 487
276 507
276 514
276 564
276 567
276 616
276 652
276 767
276 929
277 278
277 279
277 418
277 487
277 507
277 566
277 721
277 743
277 787
278 281
278 289
278 290
278 367
278 454
278 458
278 484
278 487
278 559
278 668
278 713
278 755
278 836
278 878
278 918
279 371
279 487
279 602
279 718
279 859
279 878
279 898
279 944
280 369
280 393
280 677
280 861
280 891
280 892
280 893
280 894
280 895
280 897
280 899
280 900
280 925
281 287
281 300
281 403
281 406
281 407
281 408
281 410
281 420
281 491
281 551
281 573
281 596
281 597
281 795
281 815
281 822
281 887
282 283
282 284
282 287
282 290
282 316
282 329
282 396
282 406
282 408
282 443
282 556
282 572
282 623
282 678
282 712
282 757
283 284
283 285
283 286
283 287
283 290
283 295
283 316
283 473
283 855
284 286
284 287
284 290
284 295
284 316
284 395
284 511
284 614
284 631
284 712
284 784
284 808
284 847
284 865
284 874
284 909
284 982
285 286
285 287
285 290
285 295
285 497
285 556
285 712
285 797
285 845
285 879
285 889
285 998
286 290
286 295
286 316
286 430
286 471
286 510
286 601
286 682
287 290
287 301
287 316
287 367
287 375
287 437
287 566
287 731
287 873
287 887
288 400
288 457
288 538
288 824
288 859
289 299
289 317
289 393
289 488
289 493
289 510
289 513
289 571
289 574
289 580
289 622
289 624
289 751
289 772
289 861
289 920
289 927
289 932
290 295
290 316
290 383
290 510
290 513
290 657
290 690
290 718
290 856
290 884
291 308
291 365
291 435
291 436
291 454
291 488
291 564
291 641
291 650
291 680
291 839
291 867
291 924
292 293
292 294
292 296
292 297
292 298
292 299
292 334
292 458
292 493
292 531
292 574
292 605
292 646
292 880
292 891
293 294
293 296
293 297
293 298
293 338
293 493
293 503
293 522
293 652
293 704
293 761
293 827
294 297
294 299
294 402
294 409
294 444
294 503
294 506
294 678
294 760
294 819
294 834
294 859
294 878
294 905
295 305
295 326
295 377
295 395
295 636
295 712
295 729
295 736
295 865
295 891
295 976
296 297
296 298
296 299
296 530
296 598
296 646
296 652
296 676
296 798
296 947
297 298
297 299
297 646
297 652
297 713
297 732
297 942
297 959
298 510
298 525
298 639
298 646
298 649
298 652
298 752
298 834
298 938
298 961
299 380
299 512
299 646
299 652
299 680
299 877
299 995
300 411
300 427
300 484
300 485
300 486
300 488
300 489
300 648
300 781
300 932
300 935
300 972
301 436
301 861
301 927
301 942
301 963
301 968
302 535
302 552
302 585
302 655
302 727
302 858
302 923
303 345
303 408
303 454
303 600
303 601
303 602
303 603
303 604
303 608
303 610
303 716
303 824
304 305
304 306
304 309
304 578
304 590
304 655
304 756
304 830
304 889
304 996
305 307
305 309
305 318
305 539
305 856
305 888
306 307
306 309
306 412
306 465
306 548
306 573
306 744
306 750
306 799
306 808
306 938
307 362
307 450
307 497
307 574
307 636
307 737
308 376
308 523
308 641
308 643
308 650
308 767
308 790
308 899
309 385
309 403
309 597
309 710
309 802
309 929
310 321
310 391
310 393
310 394
310 395
310 397
310 399
310 409
310 420
310 433
310 586
310 661
310 734
310 770
310 811
310 826
310 914
311 384
311 452
311 474
311 565
311 590
311 608
311 637
311 741
311 766
311 811
311 858
311 882
311 883
311 887
311 889
311 939
312 428
312 445
312 486
312 576
312 617
312 623
312 624
312 625
312 626
312 628
312 629
312 630
312 692
312 724
312 999
313 314
313 315
313 319
313 320
313 366
313 389
313 395
313 506
313 510
313 545
313 559
313 646
313 788
313 832
313 836
313 938
313 989
314 315
314 318
314 319
314 320
314 366
314 662
314 700
314 820
314 826
314 836
314 854
314 858
314 956
314 970
315 318
315 320
315 393
315 402
315 484
315 683
315 744
315 778
315 789
315 803
315 836
316 368
316 379
316 401
316 424
316 531
316 712
316 882
316 993
317 436
317 510
317 571
317 574
317 575
317 579
317 580
317 585
317 741
317 751
317 763
317 769
317 833
317 854
317 879
318 319
318 320
318 366
318 385
318 511
318 658
318 663
318 836
318 946
319 320
319 366
319 630
319 668
319 745
319 768
319 786
319 836
319 848
320 407
320 441
320 482
320 532
320 675
320 783
320 810
320 820
320 836
320 875
320 934
321 324
321 325
321 327
321 330
321 388
321 415
321 563
321 619
321 747
321 794
321 812
322 347
322 703
322 813
322 829
323 438
323 452
323 453
323 454
323 455
323 457
323 561
323 622
323 630
323 644
323 725
323 804
323 850
324 325
324 326
324 327
324 329
324 330
324 340
324 351
324 642
324 662
324 696
324 806
324 812
324 862
325 326
325 327
325 329
325 330
325 547
325 573
325 578
325 633
325 642
325 737
325 744
325 853
325 868
325 870
325 891
325 950
326 327
326 329
326 348
326 442
326 468
326 642
326 660
326 812
327 329
327 430
327 572
327 580
327 642
327 654
327 706
327 800
327 812
328 333
328 455
328 467
328 474
328 544
328 584
328 668
328 713
328 748
328 792
328 865
329 508
329 600
329 642
329 707
329 812
329 885
329 886
329 949
330 384
330 402
330 545
330 546
330 642
330 742
330 812
330 926
330 956
330 964
331 332
331 335
331 336
331 338
331 395
331 449
331 570
331 617
331 679
331 681
331 824
331 864
332 334
332 335
332 336
332 374
332 570
332 623
332 679
332 696
332 707
332 875
332 895
333 355
333 414
333 446
333 472
333 487
333 510
333 636
333 680
333 760
333 792
333 805
333 845
333 944
334 335
334 336
334 546
334 570
334 679
334 689
334 783
334 819
334 900
335 336
335 513
335 570
335 589
335 652
335 679
335 785
335 958
336 355
336 554
336 669
336 679
336 764
336 893
336 930
336 998
337 351
337 355
337 356
337 357
337 359
337 371
337 447
337 562
337 651
337 755
337 771
337 811
337 816
337 817
337 883
337 996
338 415
338 471
338 579
338 763
338 764
338 765
338 769
338 787
339 398
339 408
339 514
339 553
339 607
339 625
339 770
339 800
339 869
339 953
339 955
339 956
339 958
339 959
339 960
340 435
340 467
340 553
340 807
340 814
340 815
340 816
340 819
340 820
340 974
341 342
341 345
341 346
341 347
341 349
341 357
341 363
341 545
341 575
341 592
341 688
341 724
341 828
341 977
341 997
342 345
342 346
342 347
342 350
342 384
342 422
342 442
342 497
342 686
342 732
342 769
342 828
342 935
343 422
343 505
343 542
343 564
343 761
343 803
343 860
343 866
343 893
343 909
343 949
343 961
343 964
344 495
344 496
344 497
344 499
344 500
344 527
344 550
344 725
344 727
344 869
345 347
345 349
345 418
345 525
345 578
345 582
345 716
345 745
345 826
345 846
346 347
346 350
346 363
346 480
346 656
346 687
346 736
347 349
347 350
347 653
347 732
347 747
347 777
347 802
347 828
347 973
348 361
348 413
348 669
348 690
348 821
348 852
348 903
348 905
348 906
348 907
348 909
348 910
348 916
348 964
349 350
349 530
349 549
349 828
349 848
349 862
350 455
350 462
350 615
350 828
351 352
351 355
351 356
351 357
351 359
351 371
351 432
351 506
351 562
351 688
351 767
351 817
351 857
351 990
352 355
352 357
352 359
352 371
352 435
352 466
352 504
352 562
352 739
352 740
352 767
352 817
352 849
352 990
353 363
353 370
353 383
353 384
353 385
353 389
353 415
353 432
353 796
353 864
354 577
354 584
354 587
354 631
354 783
354 784
354 785
354 786
354 787
354 788
354 789
354 831
355 357
355 359
355 371
355 399
355 469
355 491
355 527
355 597
355 602
355 812
355 817
355 880
355 938
355 990
356 357
356 359
356 371
356 425
356 479
356 529
356 562
356 767
356 817
356 990
357 367
357 371
357 392
357 472
357 562
357 656
357 699
357 767
357 817
357 990
358 478
358 786
358 800
358 893
359 361
359 371
359 554
359 562
359 576
359 629
359 687
359 767
359 817
360 400
360 402
360 508
360 620
360 708
360 974
360 991
361 474
361 483
361 530
361 718
361 728
361 771
361 879
362 364
362 365
362 367
362 624
362 690
362 756
362 846
362 862
362 893
363 364
363 365
363 367
363 368
363 407
363 483
363 683
363 689
363 859
363 887
364 365
364 367
364 368
364 369
364 558
364 587
364 606
364 617
364 646
364 814
365 367
365 368
365 369
365 400
365 602
365 747
365 827
365 957
365 965
366 480
366 492
366 514
366 545
366 651
366 658
366 821
366 836
366 995
367 368
367 369
367 383
367 449
367 504
367 575
367 588
367 608
367 748
367 811
367 817
367 831
367 865
367 924
368 369
368 430
368 457
368 649
368 786
368 839
368 885
369 440
369 731
369 755
369 788
369 804
369 832
369 871
369 884
370 383
370 384
370 385
370 386
370 389
370 390
370 428
370 489
370 531
370 561
370 674
370 796
370 846
370 888
370 999
371 376
371 390
371 521
371 562
371 621
371 751
371 767
371 914
371 990
372 411
372 480
372 508
372 563
372 592
372 724
372 782
372 977
373 388
373 428
373 460
373 472
373 475
373 477
373 479
373 480
373 510
373 533
373 548
373 620
373 662
373 692
373 741
373 833
373 904
374 375
374 376
374 377
374 378
374 379
374 380
374 427
374 462
374 474
374 521
374 534
374 640
374 738
374 784
374 849
374 857
374 881
374 936
374 990
375 377
375 378
375 379
375 380
375 405
375 443
375 521
375 881
376 377
376 378
376 379
376 380
376 458
376 521
376 616
376 640
376 712
376 881
377 379
377 380
377 383
377 515
377 521
377 640
377 716
377 786
377 881
377 957
377 967
378 379
378 380
378 406
378 521
378 535
378 639
378 691
378 881
379 380
379 578
379 635
379 640
379 866
379 881
379 930
379 955
380 441
380 521
380 534
380 605
380 630
380 640
380 654
380 701
381 411
381 412
381 415
381 416
381 417
381 418
381 419
381 420
381 561
381 570
381 661
381 787
382 482
383 385
383 386
383 387
383 388
383 389
383 434
383 560
383 597
383 796
384 386
384 389
384 390
384 504
384 532
384 600
384 796
384 866
384 869
385 386
385 387
385 389
385 390
385 408
385 447
385 547
385 656
385 663
385 727
385 742
385 766
385 796
385 801
385 932
385 989
386 388
386 390
386 438
386 555
386 711
386 945
387 541
387 601
387 634
387 659
387 674
387 753
387 891
387 979
387 983
388 390
388 395
388 459
388 575
388 576
388 796
388 820
389 390
389 449
389 467
389 469
389 620
389 729
389 758
389 784
389 793
389 796
389 832
389 860
389 972
390 415
390 513
390 528
390 622
390 718
390 789
390 796
390 912
390 932
390 941
391 394
391 395
391 397
391 399
391 433
391 534
391 870
392 619
392 663
392 704
392 705
392 706
392 896
392 1000
393 394
393 433
393 508
393 538
393 668
393 679
393 716
393 775
393 966
394 395
394 397
394 399
394 433
394 529
394 673
394 724
394 885
394 982
395 397
395 429
395 433
395 550
395 635
395 671
395 773
395 859
395 923
395 950
395 988
396 512
396 513
396 514
396 515
396 516
396 517
396 518
396 674
396 783
396 870
397 399
397 402
397 573
397 850
397 962
397 988
398 492
398 494
398 495
398 496
398 497
398 498
398 499
398 500
398 527
398 550
398 779
398 864
398 934
399 433
399 485
399 550
399 905
399 989
400 628
400 681
400 691
400 721
400 769
401 506
401 522
401 535
401 675
401 693
401 695
401 725
401 806
401 838
401 851
401 855
401 857
401 860
402 421
402 432
402 473
402 478
402 523
402 581
402 689
402 771
402 802
402 861
402 980
403 406
403 408
403 410
403 551
403 599
403 811
403 886
404 422
404 522
404 523
404 526
404 528
404 529
404 531
404 551
404 563
404 674
404 769
404 835
405 490
405 579
405 850
405 974
405 988
406 407
406 408
406 410
406 422
406 551
406 626
406 691
406 787
406 844
406 865
406 904
406 998
407 408
407 410
407 433
407 450
407 551
407 561
407 920
408 410
408 450
408 481
408 505
408 551
408 590
408 685
408 691
408 710
408 935
409 438
409 465
409 711
409 800
409 962
409 965
409 968
409 969
409 975
410 419
410 475
410 497
410 583
410 593
410 674
410 937
410 994
411 412
411 415
411 416
411 417
411 418
411 419
411 420
411 460
411 580
411 595
411 622
411 661
411 692
411 874
411 910
411 970
411 982
411 989
412 413
412 416
412 418
412 419
412 420
412 458
412 647
412 661
412 671
412 758
412 963
412 970
413 415
413 416
413 417
413 419
413 420
413 647
413 661
413 724
413 743
413 809
413 835
413 926
413 927
413 990
414 419
414 425
414 471
414 620
414 721
414 722
414 723
414 724
414 726
414 728
414 729
415 417
415 418
415 419
415 420
415 433
415 466
415 506
415 640
415 647
415 661
415 665
415 711
415 782
415 797
415 901
415 970
416 417
416 418
416 419
416 420
416 429
416 572
416 641
416 647
416 681
416 717
416 920
417 418
417 419
417 420
417 463
417 477
417 584
417 607
417 621
417 647
417 661
417 714
417 970
418 419
418 420
418 468
418 537
418 538
418 647
418 661
418 664
418 714
418 794
419 462
419 532
419 568
419 588
419 634
419 647
419 661
419 705
419 784
419 970
419 985
420 482
420 533
420 622
420 643
420 647
420 661
420 719
420 728
420 855
420 970
421 423
421 424
421 425
421 426
421 427
421 429
421 430
421 462
421 675
421 729
421 773
421 880
421 913
422 423
422 424
422 425
422 426
422 427
422 429
422 430
422 493
422 619
422 732
422 773
422 865
422 879
422 913
422 961
423 424
423 425
423 426
423 427
423 429
423 430
423 482
423 484
423 494
423 621
423 711
423 754
423 773
423 841
423 865
423 913
423 989
424 425
424 429
424 557
424 730
424 750
424 773
424 777
424 784
424 865
424 913
425 426
425 427
425 462
425 492
425 580
425 598
425 605
425 657
425 673
425 713
425 721
425 732
425 743
425 769
425 773
425 793
425 806
425 865
425 913
426 428
426 429
426 430
426 583
426 592
426 662
426 773
426 913
427 429
427 457
427 530
427 798
427 819
427 825
427 865
428 553
428 623
428 624
428 626
428 629
428 630
429 430
429 558
429 591
429 626
429 655
429 672
429 676
429 773
429 865
429 913
430 685
430 732
430 821
430 865
430 913
430 969
431 432
431 435
431 436
431 437
431 438
431 439
431 440
431 525
431 546
431 585
431 604
431 623
431 808
431 847
431 897
431 987
432 434
432 435
432 437
432 439
432 440
432 447
432 475
432 554
432 568
432 715
432 792
433 449
433 809
433 897
434 437
434 438
434 439
434 440
434 525
434 527
434 534
434 702
434 972
435 436
435 437
435 438
435 439
435 440
435 525
435 644
435 722
435 965
436 437
436 438
436 439
436 440
436 450
436 546
436 812
436 887
437 438
437 439
437 464
437 520
437 525
437 540
437 771
437 778
437 828
437 869
438 439
438 440
438 525
438 673
438 711
438 784
438 830
438 867
438 946
439 440
439 525
439 692
439 736
439 933
439 975
440 525
440 612
440 675
440 803
441 519
441 581
441 648
441 689
441 711
441 728
441 743
441 744
441 745
441 746
441 748
441 750
441 783
441 784
441 873
442 445
442 447
442 449
442 578
442 603
442 619
442 775
442 908
443 445
443 448
443 449
443 454
443 455
443 481
443 537
443 544
443 603
443 623
443 741
443 960
444 536
444 641
444 737
444 778
444 920
445 447
445 448
445 449
445 481
445 571
445 585
445 789
446 471
446 577
446 611
446 613
446 615
446 616
446 617
446 618
446 619
446 712
446 795
446 801
446 888
446 896
446 951
446 974
447 448
447 449
447 481
447 538
447 578
447 678
447 728
447 750
447 800
447 837
447 886
448 449
448 481
448 953
448 961
449 569
449 578
449 668
449 671
450 775
450 788
450 849
450 915
451 501
451 502
451 503
451 505
451 507
451 508
451 509
451 547
451 634
451 749
451 915
451 947
451 966
452 453
452 454
452 455
452 456
452 458
452 520
452 607
452 622
452 744
452 845
452 850
452 941
452 965
453 454
453 455
453 456
453 458
453 512
453 622
453 643
453 781
453 850
453 903
453 936
453 991
454 455
454 456
454 605
454 622
454 715
454 764
454 865
455 456
455 457
455 458
455 477
455 488
455 622
455 665
455 674
455 704
455 850
456 457
456 458
456 524
456 583
456 622
456 632
456 634
456 850
456 859
456 902
457 458
457 492
457 557
457 584
457 622
457 694
457 729
457 778
457 850
457 914
457 929
458 465
458 622
458 646
458 651
458 653
458 701
458 717
458 801
458 850
458 859
458 911
459 656
459 688
459 786
459 862
459 863
459 864
459 866
459 867
459 868
459 869
459 870
460 542
460 624
460 721
460 722
460 723
460 726
460 729
460 730
460 790
460 796
460 974
460 998
461 463
461 464
461 466
461 467
461 468
461 701
461 853
461 961
462 506
462 725
462 839
462 851
462 855
462 856
462 857
462 859
462 860
462 872
463 464
463 466
463 467
463 491
463 533
463 578
463 621
463 623
463 712
463 876
464 466
464 468
464 687
464 696
464 802
464 859
464 918
464 956
465 485
465 824
465 893
465 961
465 967
465 968
465 969
465 975
466 467
466 468
466 565
466 982
467 468
467 485
467 570
467 647
467 675
467 721
467 813
467 851
467 992
468 545
468 581
468 598
468 606
468 696
468 780
468 822
468 938
468 949
469 501
469 533
469 606
469 862
469 994
469 995
469 996
469 997
469 998
469 999
469 1000
470 473
470 566
470 595
470 640
470 714
470 813
470 845
470 954
471 607
471 726
471 770
471 822
471 880
471 955
471 956
471 957
471 959
472 477
472 479
472 480
472 548
472 634
472 662
472 680
472 748
472 815
472 873
472 946
473 523
473 622
473 708
473 802
473 837
473 861
473 903
474 477
474 479
474 480
474 548
474 575
474 618
474 662
474 679
474 688
474 849
474 931
474 980
475 476
475 477
475 479
475 480
475 485
475 548
475 596
475 662
475 694
475 723
475 778
475 790
476 477
476 479
476 480
476 548
476 678
476 691
476 693
476 984
477 479
477 480
477 548
477 564
477 662
477 682
477 700
477 722
478 532
478 584
478 841
479 480
479 548
479 555
479 662
479 663
479 677
479 709
479 715
479 729
479 816
480 623
480 662
480 787
481 578
481 703
481 763
481 895
481 981
482 501
482 561
482 570
482 606
482 639
482 823
482 1000
483 558
483 622
483 919
484 485
484 486
484 488
484 489
484 502
484 528
484 733
484 801
484 880
484 922
484 932
484 975
484 977
485 486
485 488
485 496
485 508
485 562
485 736
485 782
485 816
485 829
485 931
485 932
486 488
486 489
486 490
486 530
486 772
486 856
486 932
487 578
487 665
487 676
487 703
487 878
487 882
487 899
488 489
488 490
488 506
488 639
488 850
488 872
488 899
488 932
488 943
489 490
489 670
489 672
489 717
489 730
489 804
489 813
489 924
489 932
489 936
490 545
490 593
490 788
490 807
490 932
490 937
491 588
491 620
491 638
491 769
491 862
491 999
492 494
492 495
492 496
492 497
492 498
492 500
492 513
492 516
492 527
492 550
492 595
492 611
492 777
492 804
492 986
492 989
493 632
493 694
494 495
494 496
494 497
494 499
494 500
494 527
494 550
494 561
494 579
494 646
494 655
494 987
495 496
495 497
495 498
495 499
495 500
495 527
495 548
495 550
495 557
495 562
495 587
495 851
496 498
496 500
496 527
496 550
496 609
496 689
496 745
497 498
497 499
497 500
497 527
497 550
497 602
497 686
497 738
497 747
497 751
497 773
498 499
498 500
498 515
498 533
498 540
498 551
498 755
498 763
499 500
499 527
499 550
499 635
499 682
499 806
499 960
500 527
500 550
500 591
500 628
500 657
500 750
500 874
500 878
500 930
501 502
501 503
501 505
501 507
501 508
501 524
501 584
501 634
501 642
501 654
501 656
501 698
501 699
501 749
501 842
501 879
501 880
501 890
501 892
501 915
501 921
501 943
501 947
502 505
502 507
502 509
502 634
502 639
502 652
502 749
502 836
502 862
502 915
502 947
502 966
503 505
503 507
503 508
503 509
503 534
503 597
503 664
503 685
503 749
503 754
503 915
503 947
503 966
503 969
504 520
504 721
504 841
504 843
504 844
504 845
504 847
504 848
504 888
504 938
504 997
505 507
505 508
505 510
505 634
505 726
505 749
505 915
505 958
505 962
505 966
505 980
506 671
506 733
506 851
506 855
506 856
506 857
506 937
507 508
507 509
507 719
507 723
507 730
507 749
507 791
507 860
507 915
507 947
507 966
507 984
508 509
508 603
508 634
508 657
508 694
508 749
508 829
508 836
508 915
508 947
508 966
508 968
508 969
509 552
509 634
509 749
509 830
509 844
509 900
509 915
509 947
509 966
510 570
510 571
510 574
510 575
510 579
510 580
510 588
510 598
510 658
510 762
510 772
510 854
510 858
510 884
510 960
511 512
511 513
511 514
511 515
511 516
511 517
511 573
511 674
511 707
511 743
511 992
512 513
512 514
512 515
512 516
512 517
512 518
512 573
512 648
512 674
512 705
512 707
513 514
513 515
513 516
513 517
513 518
513 580
513 674
513 694
513 870
513 931
513 977
514 515
514 517
514 518
514 563
514 674
514 677
514 707
514 718
514 786
514 839
514 908
515 516
515 517
515 518
515 541
515 638
515 650
515 655
515 672
515 707
515 792
515 846
516 517
516 518
516 540
516 561
516 674
516 707
516 749
516 772
516 811
517 656
517 662
517 674
517 707
517 775
517 869
518 520
518 631
518 633
518 674
518 707
518 713
518 779
519 550
519 581
519 628
519 691
519 741
519 743
519 744
519 745
519 746
519 747
519 748
519 924
520 615
520 739
520 816
520 828
520 841
520 843
520 844
520 847
520 848
520 849
520 967
521 570
521 640
521 711
521 728
521 881
521 957
521 990
522 524
522 528
522 529
522 558
522 559
522 726
522 732
522 777
522 851
522 965
523 524
523 526
523 528
523 529
523 660
523 770
523 807
523 820
523 840
523 876
524 526
524 528
524 529
524 555
524 556
524 567
524 646
524 700
524 917
524 945
524 985
525 548
525 574
525 637
525 783
525 785
525 787
525 863
525 891
526 549
526 551
526 555
526 610
526 713
526 871
526 902
527 592
527 690
527 744
527 791
527 902
527 931
528 529
528 555
528 648
528 689
528 968
529 868
530 545
530 551
530 617
530 771
530 774
530 886
530 900
530 966
531 532
531 533
531 534
531 536
531 537
531 539
531 540
531 756
531 760
531 823
531 837
532 534
532 536
532 539
532 540
532 666
532 830
532 855
532 896
533 534
533 539
533 540
533 708
533 964
533 979
533 983
533 994
534 536
534 537
534 539
534 540
534 725
534 790
534 840
534 981
535 689
535 791
535 793
535 794
535 797
535 798
535 799
535 800
535 841
535 842
535 852
535 882
535 951
535 992
536 537
536 539
536 673
536 945
536 981
537 539
537 540
537 623
537 670
537 691
537 757
537 825
537 935
537 981
537 986
538 553
538 554
538 667
538 694
538 834
538 923
539 592
539 613
539 897
539 926
539 937
539 945
539 981
540 617
540 670
540 677
540 718
540 814
540 981
541 542
541 543
541 545
541 547
541 549
541 606
541 619
541 625
541 634
541 638
541 667
541 713
541 791
542 543
542 545
542 547
542 614
542 632
542 863
542 903
542 995
543 545
543 547
543 549
543 575
543 619
543 667
543 683
543 736
543 835
544 561
544 564
544 565
544 566
544 567
544 568
544 569
544 664
544 701
544 804
544 815
544 839
544 931
544 942
545 547
545 549
545 689
545 773
545 819
545 871
546 745
546 756
546 908
546 989
547 548
547 549
547 804
547 827
547 895
548 662
549 559
549 667
549 773
549 856
549 976
550 777
550 824
550 861
551 666
551 782
551 822
551 938
552 578
552 624
552 797
552 909
552 912
553 557
553 559
553 616
553 635
553 954
553 955
554 557
554 558
554 559
554 560
554 694
554 831
554 902
554 933
554 957
554 978
555 808
555 852
556 572
556 673
556 694
556 803
556 804
556 805
556 807
556 808
556 810
556 821
556 893
556 949
556 961
557 558
557 560
557 667
557 789
557 864
557 909
558 559
558 560
558 605
558 618
558 647
558 704
558 724
558 859
558 941
559 620
559 666
559 761
559 943
559 953
559 990
560 635
560 665
560 669
560 736
560 798
560 902
560 909
560 952
560 958
561 564
561 566
561 567
561 568
561 569
561 597
561 605
561 701
562 817
562 829
563 564
563 566
563 567
563 568
563 569
563 701
563 709
563 719
563 737
563 833
564 565
564 566
564 568
564 569
564 701
564 709
564 918
565 567
565 568
565 569
565 701
565 709
565 742
565 814
565 843
565 896
565 950
566 567
566 569
566 575
566 598
566 648
566 701
566 709
566 894
567 568
567 569
567 620
567 701
567 709
567 712
567 762
567 947
568 569
568 615
568 701
568 709
568 769
568 784
568 898
569 709
569 752
569 851
569 863
569 987
570 637
570 679
570 774
570 957
571 574
571 580
571 604
571 729
571 737
571 751
571 756
571 854
571 924
571 973
572 645
572 671
572 694
572 766
572 801
572 803
572 804
572 805
572 818
572 914
573 596
573 601
573 602
573 603
573 604
573 605
573 608
573 609
573 675
574 575
574 579
574 580
574 751
574 809
574 875
575 579
575 580
575 725
575 859
576 597
576 707
576 809
576 866
576 871
576 873
576 875
576 876
576 877
576 879
576 880
577 781
577 783
577 784
577 787
577 788
577 789
577 795
578 635
578 917
578 962
579 580
579 678
579 751
579 842
579 854
579 871
579 895
579 956
579 999
580 645
580 747
580 854
580 909
581 689
581 704
581 741
581 743
581 744
581 745
581 746
581 747
581 748
581 750
581 819
581 885
581 887
582 583
582 585
582 587
582 589
582 648
582 698
582 723
582 993
583 587
583 589
583 648
583 749
583 797
583 938
583 999
584 588
584 787
584 1000
585 587
585 589
585 648
585 661
585 717
585 758
585 951
586 592
586 618
586 626
586 763
586 782
586 912
587 589
587 648
587 957
587 965
587 981
588 670
588 801
588 816
589 648
589 792
589 806
589 937
589 984
589 985
590 811
590 849
590 858
590 882
590 883
590 885
590 886
590 887
590 889
590 939
590 984
591 593
591 595
591 596
591 597
591 598
591 599
591 600
591 629
591 673
591 806
591 971
591 986
592 628
592 684
592 695
592 699
592 737
592 782
592 860
593 594
593 595
593 596
593 597
593 598
593 600
593 656
593 685
593 731
593 956
594 595
594 597
594 598
594 599
594 600
594 605
594 712
594 904
594 972
595 596
595 598
595 600
595 802
595 858
595 896
596 597
596 599
596 600
596 710
596 785
596 786
596 815
597 600
597 680
597 921
597 941
597 962
598 599
598 600
598 672
598 699
598 786
598 792
598 808
599 600
599 672
599 993
600 649
600 700
600 719
600 754
600 783
600 870
600 889
600 950
601 603
601 604
601 605
601 608
601 609
601 610
601 820
601 842
601 935
601 952
601 995
602 605
602 608
602 609
602 610
603 604
603 605
603 608
603 609
603 610
603 647
603 961
603 1000
604 609
604 610
604 631
604 708
604 747
604 772
604 824
604 950
604 957
605 608
605 649
605 889
605 921
605 957
606 631
606 679
606 814
607 653
607 762
607 769
607 844
607 891
607 919
607 953
607 955
607 956
607 957
607 958
607 959
607 960
608 609
608 610
608 796
608 797
608 861
609 656
609 707
609 886
611 613
611 615
611 618
611 619
611 637
611 761
611 795
611 888
611 951
612 637
612 725
612 817
612 1000
613 616
613 618
613 680
613 795
613 888
613 951
614 739
614 886
614 971
614 972
614 974
614 977
614 978
614 979
615 616
615 619
615 624
615 671
615 743
615 876
615 888
615 951
616 617
616 618
616 619
616 704
616 720
616 771
616 805
616 951
617 618
617 653
617 789
617 795
617 888
617 904
617 952
618 619
618 781
618 847
618 864
618 888
618 965
618 979
618 984
619 636
619 795
619 832
619 888
619 951
619 974
620 683
620 713
620 715
620 717
620 718
620 720
620 877
620 904
620 909
620 913
621 696
621 752
621 754
621 755
621 756
621 757
621 759
621 760
621 764
621 839
621 888
621 908
621 925
622 833
622 877
622 904
622 937
622 971
622 981
623 624
623 625
623 626
623 628
623 629
623 630
623 658
623 702
623 990
624 625
624 626
624 628
624 629
624 630
624 802
624 807
624 817
624 953
624 966
625 626
625 628
625 630
625 752
625 770
625 960
626 628
626 630
626 733
626 809
626 886
626 953
627 673
627 711
627 784
627 792
627 845
627 941
627 942
627 944
627 945
627 946
627 948
627 949
627 950
627 957
627 994
628 630
628 701
628 789
628 886
628 949
629 664
629 716
629 927
630 705
630 725
630 785
630 813
630 898
630 902
630 906
630 996
631 632
631 635
631 636
631 638
631 639
631 770
631 774
631 826
631 994
632 633
632 635
632 636
632 664
632 670
632 713
632 720
632 765
632 800
632 867
632 885
633 635
633 636
633 638
633 664
633 847
634 651
634 679
634 749
634 869
634 947
634 966
635 636
635 639
635 664
635 711
635 886
635 899
635 993
636 638
636 639
636 664
636 756
637 677
637 766
637 796
637 813
637 820
637 872
638 639
638 643
638 705
638 989
639 686
639 767
639 811
639 856
639 862
639 880
639 886
639 903
639 969
640 881
640 941
640 991
640 993
641 643
641 645
641 649
641 650
641 698
641 839
642 812
642 886
642 965
642 988
643 645
643 649
643 650
643 839
643 934
643 957
643 987
643 992
644 723
644 735
644 761
644 920
645 649
645 650
645 654
645 694
645 750
645 951
645 1000
646 652
646 728
646 772
646 778
647 661
647 761
647 772
647 820
647 873
647 970
648 811
648 837
648 958
648 989
649 650
649 655
649 839
649 864
649 871
649 894
650 783
650 787
650 810
650 839
650 919
650 970
651 655
651 657
651 658
651 660
651 691
651 729
651 850
651 853
652 682
652 854
652 908
653 657
653 660
653 732
653 745
653 837
653 853
653 905
653 976
653 991
654 663
654 666
654 668
654 670
654 780
654 856
654 898
655 657
655 658
655 660
655 667
655 691
655 706
655 759
655 765
655 787
655 873
656 659
656 723
656 786
656 862
656 863
656 864
656 866
656 867
656 868
656 869
656 951
657 658
657 660
657 691
657 853
657 922
657 995
658 660
658 691
658 724
658 765
658 791
658 853
658 987
659 722
659 838
660 691
660 784
660 813
660 830
660 853
661 701
661 784
661 829
661 835
661 860
661 886
661 890
661 970
662 682
662 698
662 806
662 952
663 666
663 668
663 669
663 696
663 824
663 882
663 898
663 950
664 716
664 757
664 760
664 767
665 881
665 890
665 950
665 954
666 668
666 670
666 828
666 872
666 898
666 901
668 669
668 670
668 803
668 820
668 898
668 914
668 943
668 968
669 670
669 682
669 898
670 823
670 838
670 893
670 898
670 942
670 979
670 985
671 672
671 673
671 677
671 678
671 680
671 778
671 830
671 890
672 675
672 677
672 678
672 688
672 732
673 675
673 677
673 717
673 728
673 830
674 707
674 709
674 827
674 848
674 968
674 999
675 677
675 678
675 794
676 731
676 732
676 734
676 735
676 736
676 738
676 739
677 680
677 773
677 854
677 903
678 830
679 721
679 806
679 908
680 842
680 908
680 975
681 682
681 683
681 684
681 687
681 707
681 871
681 921
681 928
682 683
682 684
682 685
682 687
682 688
682 743
682 825
682 829
682 845
682 925
682 928
682 976
683 684
683 685
683 686
683 829
683 847
683 928
684 687
684 688
684 829
684 878
684 928
685 687
685 688
685 703
685 721
685 829
685 928
686 687
686 688
686 705
686 730
686 738
686 805
686 829
686 902
686 928
687 688
687 789
687 829
687 928
688 764
688 904
688 931
689 718
689 733
689 741
689 743
689 744
689 745
689 746
689 747
689 748
689 750
689 759
689 832
689 867
690 717
690 826
690 831
690 834
690 835
690 837
690 838
690 884
691 886
692 693
692 695
692 697
692 699
692 946
693 697
693 698
693 699
693 765
693 768
693 815
693 870
693 962
693 970
694 766
694 801
694 803
694 804
694 805
694 806
694 807
694 808
694 810
694 814
694 873
694 935
695 697
695 698
695 699
695 800
695 905
695 940
696 754
696 755
696 756
696 757
696 758
696 760
696 887
697 698
697 704
697 747
697 843
697 900
697 901
698 711
698 767
698 876
698 925
698 929
698 932
698 956
699 725
699 757
699 769
700 711
700 805
700 936
700 941
700 942
700 944
700 945
700 946
700 949
700 950
701 709
701 721
701 735
701 752
702 704
702 705
702 706
702 710
702 712
702 783
702 799
702 832
702 900
703 717
703 793
703 847
703 864
703 921
704 705
704 706
704 710
704 778
704 789
704 823
704 896
704 907
705 706
705 751
705 896
706 710
706 813
706 884
706 896
706 941
706 978
707 715
707 998
708 773
708 865
708 913
709 934
710 896
710 958
710 962
710 968
711 840
711 900
711 941
711 944
711 945
711 946
711 948
711 949
711 950
712 798
712 849
713 714
713 715
713 716
713 717
713 718
713 720
713 904
713 983
714 715
714 716
714 717
714 719
714 720
714 813
714 852
714 904
715 716
715 717
715 718
715 862
716 717
716 718
716 719
716 720
716 728
716 755
716 771
716 815
716 840
716 904
717 718
717 720
717 726
717 762
717 966
717 981
718 739
718 904
718 928
719 745
719 866
719 904
719 950
719 976
720 904
721 722
721 723
721 724
721 726
721 728
721 729
721 730
721 790
721 818
721 890
722 723
722 724
722 726
722 729
722 730
722 785
722 790
723 724
723 726
723 728
723 729
723 730
723 790
723 801
723 946
724 726
724 728
724 790
724 821
724 908
724 968
724 980
724 984
724 1000
725 851
725 855
725 857
725 859
725 860
726 730
726 757
726 790
726 945
727 840
727 852
727 903
727 905
727 906
727 909
727 910
728 729
728 730
728 790
728 804
728 819
728 939
729 730
729 754
729 783
729 814
729 924
730 790
730 842
730 915
731 734
731 735
731 736
731 739
731 764
731 854
731 904
731 941
731 968
732 733
732 736
732 738
732 740
732 746
732 810
733 735
733 736
733 738
733 739
733 740
733 815
733 994
734 735
734 738
734 739
734 740
734 760
734 840
734 923
734 961
735 736
735 738
735 739
735 740
735 806
735 915
736 739
736 740
736 905
737 827
737 855
737 976
738 740
738 777
739 740
739 804
739 920
739 972
740 776
740 845
740 869
741 743
741 744
741 746
741 747
741 750
741 782
741 785
741 989
742 757
742 935
742 996
743 744
743 745
743 750
743 980
743 989
744 745
744 750
744 846
744 935
744 942
745 746
745 747
745 748
745 750
745 924
745 952
746 747
746 748
746 750
746 771
746 790
746 878
746 896
746 920
747 750
747 758
747 933
747 954
747 979
748 767
748 993
749 788
749 915
749 947
749 966
750 777
750 926
751 854
751 935
751 988
752 753
752 754
752 755
752 756
752 757
752 759
752 760
752 871
752 908
752 936
753 754
753 755
753 756
753 757
753 758
753 759
753 760
753 770
753 908
754 755
754 756
754 757
754 758
754 759
754 761
754 802
754 806
754 869
754 908
754 966
755 756
755 757
755 758
755 760
755 762
755 851
755 908
755 979
755 988
756 757
756 758
756 759
756 760
756 908
757 758
757 759
757 760
758 759
758 760
758 764
758 871
758 878
758 888
758 897
758 908
759 760
759 782
759 880
759 908
759 912
759 992
760 830
760 908
761 765
761 783
761 964
762 763
762 764
762 765
762 768
762 769
762 808
762 848
762 936
763 765
763 768
763 769
763 936
763 975
764 765
764 768
764 769
764 908
764 983
765 768
765 769
765 936
765 955
765 978
766 780
766 801
766 803
766 804
766 805
766 806
766 808
766 810
766 914
766 959
766 994
767 817
767 943
767 990
768 769
768 847
768 936
768 941
769 936
770 899
770 953
770 956
770 957
770 959
770 960
771 825
771 997
772 774
772 776
772 778
772 779
772 780
772 783
772 943
772 969
772 989
772 993
773 787
773 855
773 865
773 881
773 913
774 776
774 777
774 778
774 779
774 838
774 907
774 914
774 943
774 993
775 812
775 899
775 965
776 777
776 779
776 780
776 789
776 872
776 943
776 993
777 779
777 780
777 852
777 943
778 779
778 780
778 943
778 990
778 993
779 780
779 916
779 954
779 957
779 993
780 819
780 852
780 943
781 783
781 787
781 788
781 789
781 846
781 873
781 914
781 916
781 975
782 845
782 925
783 784
783 785
783 788
783 789
783 846
783 986
783 997
784 787
784 788
784 789
784 796
784 846
784 857
784 913
785 787
785 788
785 789
785 846
786 798
786 862
786 863
786 864
786 866
786 867
786 868
786 869
786 870
786 987
787 788
787 789
787 846
788 789
788 846
788 929
789 846
790 868
790 918
790 972
791 793
791 794
791 797
791 799
791 842
791 861
791 876
791 916
791 980
792 819
792 961
793 794
793 797
793 799
793 800
793 860
793 874
793 914
793 916
793 998
794 798
794 799
794 800
794 842
794 861
794 916
794 960
795 815
795 816
795 888
795 916
795 951
796 816
796 829
796 892
796 932
796 958
797 799
797 800
797 851
797 916
798 799
798 800
798 867
798 916
798 942
798 989
799 800
799 805
799 838
799 839
799 842
799 868
799 916
800 825
800 904
800 916
801 803
801 804
801 805
801 807
801 848
801 857
801 867
801 870
801 914
801 963
802 861
803 804
803 805
803 806
803 808
803 810
803 914
803 940
803 961
803 991
804 806
804 807
804 808
804 810
804 907
804 914
804 974
804 978
805 807
805 810
805 914
806 810
806 841
806 914
807 808
807 810
807 822
807 848
807 914
808 810
808 820
808 849
808 914
809 816
809 818
809 871
809 873
809 874
809 875
809 877
809 879
809 880
810 914
811 820
811 858
811 883
811 885
811 886
811 887
811 889
811 932
811 947
811 957
813 890
813 982
813 983
813 984
813 986
813 988
814 815
814 816
814 818
814 819
814 820
814 876
814 987
815 816
815 818
815 819
815 820
815 884
815 927
816 818
816 819
816 820
816 884
816 982
817 831
817 990
818 819
818 820
818 884
818 896
818 958
818 981
819 884
819 986
820 865
820 884
820 930
821 823
821 824
821 825
821 826
821 837
821 840
821 910
821 955
822 823
822 824
822 825
822 826
822 827
822 912
823 824
823 825
823 826
823 827
823 901
824 826
824 827
824 861
824 892
824 922
824 929
825 826
825 904
825 993
826 827
826 874
826 948
826 992
827 850
828 976
829 928
829 971
831 833
831 834
831 835
831 837
831 838
831 956
831 996
832 833
832 834
832 835
832 836
832 837
832 838
832 859
833 835
833 837
833 838
833 888
834 835
834 837
834 838
834 842
834 847
834 898
834 944
834 992
835 837
835 950
835 965
836 910
837 838
837 898
838 984
839 853
839 931
840 893
840 941
840 942
840 945
840 946
840 949
840 950
841 843
841 844
841 845
841 847
841 849
841 938
841 990
842 864
842 916
842 927
843 845
843 847
843 849
843 910
843 962
843 973
843 988
844 845
844 848
844 849
844 884
844 938
844 992
845 848
845 849
845 938
845 956
846 996
847 848
847 849
847 929
847 931
847 938
848 849
848 938
849 908
849 935
849 942
849 992
850 944
851 855
851 856
851 857
851 860
851 910
852 854
852 903
852 905
852 906
852 907
852 909
852 910
853 1000
855 856
855 857
855 860
855 882
855 917
856 857
856 859
856 920
856 969
857 859
857 860
857 867
857 879
857 983
857 993
858 863
858 882
858 883
858 885
858 886
858 939
858 944
859 860
861 867
861 982
862 863
862 866
862 867
862 869
862 977
863 866
863 867
863 868
863 869
863 870
863 926
863 977
864 866
864 867
864 868
864 869
865 896
865 936
865 952
865 990
866 868
866 869
866 870
866 917
867 868
867 869
867 927
868 869
868 870
869 870
869 976
870 884
870 989
871 873
871 874
871 875
871 879
871 880
871 984
872 896
873 874
873 875
873 876
873 877
873 879
873 880
874 875
874 877
874 879
874 990
875 877
875 880
875 956
875 991
876 877
876 879
876 880
876 998
877 961
879 880
879 894
879 938
879 970
880 888
880 912
880 958
881 974
882 883
882 885
882 886
882 887
882 939
883 885
883 886
883 887
883 939
883 961
883 991
885 886
885 931
885 939
886 887
886 889
886 939
887 920
887 939
887 976
888 951
888 961
888 965
889 939
889 963
889 964
890 982
890 983
890 984
890 985
890 986
890 988
890 989
891 892
891 893
891 894
891 895
891 897
891 899
891 951
892 893
892 894
892 895
892 897
892 899
892 900
892 950
892 992
893 894
893 895
893 897
893 900
893 979
894 899
894 900
894 951
895 897
895 900
897 899
897 900
898 930
899 900
900 905
900 933
900 961
900 988
901 987
902 905
902 907
902 909
902 910
903 905
903 906
903 909
903 910
905 906
905 907
905 909
905 910
906 907
906 909
907 909
907 910
907 912
909 910
909 921
909 984
911 916
911 917
912 934
912 994
915 947
916 942
917 919
917 920
917 952
917 957
917 977
918 919
918 920
918 952
919 920
919 952
921 922
921 923
921 924
921 925
921 926
921 927
921 929
921 930
922 923
922 925
922 926
922 927
922 929
923 926
923 927
923 929
923 930
923 951
924 926
924 929
924 930
925 926
925 929
925 930
926 927
926 929
926 930
927 929
927 930
927 933
928 995
929 930
929 990
931 933
931 934
931 980
933 934
933 937
933 940
933 996
935 981
937 940
937 956
937 960
938 943
941 942
941 944
941 945
941 946
941 948
941 949
941 968
942 944
942 945
942 948
942 949
942 950
943 993
944 945
944 946
944 950
944 951
945 946
945 948
945 949
945 950
945 960
946 949
946 950
946 976
947 969
948 949
949 950
950 977
952 984
953 955
953 956
953 957
953 958
953 959
953 994
955 956
955 957
955 959
955 960
955 986
956 957
956 958
956 959
956 966
957 958
957 960
958 959
958 960
958 968
959 960
959 969
960 967
961 965
961 967
961 969
961 975
961 976
962 965
962 967
962 968
962 969
962 975
965 967
965 968
965 969
967 968
968 969
968 975
969 975
971 973
971 974
971 976
971 977
971 978
971 979
972 973
972 976
972 977
972 978
972 979
972 980
973 974
973 976
973 977
973 978
973 979
974 976
974 978
974 979
974 980
975 998
976 979
976 980
977 978
977 979
977 980
978 979
978 980
979 980
981 987
982 984
982 986
982 988
982 989
983 984
983 986
983 988
983 994
984 985
984 986
984 988
984 989
985 986
985 989
986 989
988 989
988 994
991 992
991 994
991 995
991 996
991 997
991 998
991 1000
992 994
992 995
992 996
992 997
992 998
992 1000
994 995
994 996
994 998
994 999
994 1000
995 996
995 997
995 999
995 1000
996 997
996 999
996 1000
997 998
997 1000
998 999
998 1000
999 1000
