1000 8568
1 3
1 5
1 6
1 7
1 8
1 9
1 10
1 260
1 266
1 481
1 499
1 521
1 621
1 627
1 630
1 663
1 744
2 3
2 4
2 5
2 6
2 7
2 8
2 9
2 10
2 137
2 186
2 220
2 571
2 583
2 638
2 699
2 718
2 843
2 901
2 931
3 4
3 5
3 6
3 7
3 8
3 9
3 10
3 308
3 343
3 500
3 506
3 678
3 711
3 944
4 5
4 6
4 7
4 10
4 45
4 97
4 164
4 428
4 513
4 573
4 611
4 765
4 838
4 875
4 995
5 6
5 7
5 8
5 9
5 10
5 15
5 330
5 394
5 530
5 554
5 616
5 715
5 744
5 755
5 758
5 791
5 845
5 912
5 943
5 983
6 7
6 8
6 9
6 10
6 293
6 496
6 711
6 972
7 8
7 10
7 72
7 150
7 419
7 687
7 690
7 696
8 13
8 56
8 69
8 146
8 258
8 298
8 320
8 342
8 488
8 534
8 575
8 707
9 10
9 131
9 236
9 389
9 427
9 603
9 620
9 742
9 751
9 786
9 799
9 913
9 921
9 947
9 964
10 71
10 85
10 353
10 470
10 769
10 862
10 909
11 12
11 13
11 14
11 15
11 16
11 17
11 18
11 19
11 20
11 60
11 64
11 80
11 119
11 215
11 260
11 382
11 502
11 894
12 13
12 15
12 18
12 19
12 20
12 148
12 152
12 656
12 659
12 676
12 866
12 939
12 980
13 14
13 15
13 16
13 17
13 19
13 20
13 238
13 359
13 481
13 819
13 998
14 15
14 16
14 17
14 19
14 20
14 48
14 105
14 127
14 190
14 216
14 326
14 499
14 501
14 813
14 915
14 961
15 18
15 19
15 147
15 196
15 237
15 284
15 364
15 459
15 549
15 570
15 602
15 608
15 890
16 18
16 19
16 20
16 113
16 311
16 393
16 471
16 541
16 628
16 737
16 754
16 912
16 947
17 18
17 20
17 335
17 759
17 987
18 76
18 142
18 197
18 260
18 329
18 419
18 451
18 852
19 20
19 143
19 220
19 428
19 458
19 464
19 571
19 579
19 611
19 659
19 674
19 699
19 701
19 760
19 763
19 868
19 936
19 940
19 984
20 57
20 70
20 239
20 344
20 397
20 407
20 682
20 723
20 990
21 22
21 23
21 24
21 25
21 26
21 27
21 28
21 29
21 30
21 208
21 434
21 442
21 450
21 473
21 508
21 520
21 564
21 609
21 869
21 907
21 936
21 943
22 23
22 24
22 26
22 27
22 28
22 29
22 30
22 245
22 266
22 345
22 356
22 568
22 798
22 825
23 24
23 25
23 26
23 27
23 28
23 29
23 30
23 86
23 201
23 263
23 369
23 375
23 644
23 890
23 945
24 25
24 26
24 27
24 29
24 30
24 257
24 597
24 885
24 911
24 917
25 26
25 27
25 28
25 29
25 30
25 34
25 50
25 145
25 358
25 360
25 401
25 483
25 512
25 539
25 546
25 598
25 856
26 27
26 28
26 29
26 30
26 32
26 261
26 279
26 335
26 461
27 28
27 29
27 30
27 166
27 223
27 273
27 367
27 427
27 457
27 523
27 649
27 737
27 774
27 961
27 981
28 29
28 30
28 34
28 102
28 184
28 220
28 231
28 387
28 395
28 604
29 30
29 38
29 105
29 460
29 486
29 734
29 805
30 60
30 249
30 516
30 644
30 776
30 937
30 961
31 32
31 33
31 34
31 35
31 37
31 38
31 39
31 40
31 93
31 118
31 125
31 158
31 161
31 164
31 182
31 294
31 333
31 370
31 465
31 526
31 554
31 622
31 628
31 691
31 692
32 33
32 34
32 35
32 36
32 37
32 38
32 39
32 69
32 84
32 219
32 324
32 489
32 521
32 560
32 571
32 583
32 685
32 918
32 978
33 34
33 35
33 36
33 38
33 39
33 40
33 126
33 136
33 337
33 539
33 796
33 798
33 813
33 833
34 38
34 40
34 84
34 91
34 97
34 141
34 154
34 233
34 247
34 262
34 341
34 365
34 608
34 689
34 696
34 963
34 994
35 36
35 37
35 38
35 40
35 155
35 294
35 421
35 465
35 594
35 607
35 915
35 939
35 968
36 37
36 38
36 40
36 194
36 211
36 316
36 341
36 472
36 567
36 616
36 743
36 746
36 937
37 39
37 40
37 265
37 485
37 561
37 689
37 713
37 739
37 813
38 40
38 120
38 135
38 150
38 207
38 250
38 309
38 393
38 407
38 462
38 827
38 971
38 981
39 40
39 168
39 207
39 257
39 336
39 486
39 489
39 492
39 602
39 745
39 786
39 794
39 817
39 933
40 57
40 381
40 393
40 556
40 652
40 753
41 42
41 43
41 44
41 45
41 47
41 48
41 50
41 68
41 245
41 270
41 513
41 560
41 610
41 625
41 632
41 765
41 783
42 43
42 44
42 46
42 47
42 48
42 50
42 226
42 258
42 360
42 368
42 492
42 840
42 995
43 45
43 47
43 48
43 49
43 98
43 296
43 324
43 387
43 392
43 395
43 430
43 449
43 485
43 505
43 593
43 652
43 720
43 850
43 876
43 896
43 938
44 45
44 46
44 49
44 241
44 532
44 606
44 640
44 674
45 46
45 48
45 49
45 215
45 370
45 477
45 827
45 920
46 47
46 48
46 49
46 50
46 225
46 342
46 522
46 596
46 724
46 740
46 778
47 49
47 50
47 51
47 192
47 193
47 317
47 344
47 370
47 380
47 452
47 474
47 536
47 602
47 785
47 851
48 50
48 54
48 176
48 257
48 258
48 378
48 417
48 557
48 559
48 667
48 810
48 907
48 916
48 947
49 50
49 80
49 171
49 185
49 196
49 239
49 367
49 371
49 616
49 639
49 663
49 725
49 909
50 211
50 220
50 347
50 628
50 817
50 862
50 955
51 54
51 55
51 56
51 57
51 58
51 59
51 62
51 144
51 185
51 216
51 351
51 678
51 681
51 686
51 772
51 797
51 910
51 949
51 968
52 53
52 54
52 55
52 56
52 57
52 58
52 59
52 60
52 106
52 118
52 296
52 435
52 460
52 470
52 475
52 478
52 560
52 648
52 685
52 795
52 803
52 922
52 944
53 54
53 55
53 56
53 57
53 58
53 60
53 66
53 70
53 139
53 196
53 308
53 353
53 691
54 55
54 56
54 57
54 58
54 59
54 60
54 197
54 357
54 421
54 448
54 450
54 635
54 810
54 949
55 56
55 57
55 58
55 59
55 60
55 322
55 639
55 768
55 813
55 837
55 917
55 927
55 999
56 57
56 58
56 59
56 60
56 88
56 140
56 304
56 327
56 351
56 367
56 400
56 405
56 475
56 584
56 594
56 598
56 637
56 829
56 919
56 959
57 58
57 60
57 116
57 189
57 215
57 221
57 608
58 60
58 81
58 120
58 147
58 177
58 375
58 535
58 628
58 765
58 895
59 60
59 74
59 212
59 227
59 257
59 284
59 367
59 459
59 465
59 485
59 491
59 651
59 686
59 711
59 811
59 959
60 290
60 301
60 639
60 653
60 671
61 62
61 63
61 64
61 68
61 70
61 115
61 141
61 319
61 334
61 335
61 414
61 478
61 502
61 633
61 705
61 722
61 816
61 844
61 895
62 63
62 65
62 66
62 67
62 68
62 69
62 70
62 128
62 160
62 299
62 308
62 388
62 570
62 805
62 909
62 967
62 998
63 65
63 66
63 67
63 68
63 70
63 240
63 245
63 311
63 516
63 736
63 738
63 752
63 836
63 901
64 65
64 67
64 68
64 69
64 117
64 214
64 242
64 273
64 623
64 644
64 655
64 740
64 804
64 949
64 960
64 984
65 66
65 67
65 68
65 69
65 70
65 113
65 129
65 322
65 434
65 803
65 867
65 915
66 67
66 68
66 69
66 70
66 97
66 193
66 690
66 960
67 68
67 137
67 190
67 352
67 390
67 406
67 454
67 484
67 814
67 921
67 997
67 999
67 1000
68 69
68 70
68 171
68 316
68 357
68 532
68 717
68 753
68 882
68 891
68 950
69 70
69 405
69 566
69 602
69 759
69 891
70 186
70 189
70 365
70 453
70 859
71 73
71 74
71 76
71 77
71 78
71 79
71 80
71 343
71 366
71 454
71 505
71 868
71 968
72 73
72 74
72 76
72 77
72 78
72 79
72 80
72 104
72 158
72 191
72 387
72 392
72 447
72 449
72 465
72 466
72 474
72 693
72 932
73 74
73 76
73 77
73 78
73 80
73 92
73 218
73 266
73 315
73 561
73 628
73 686
73 910
74 75
74 76
74 77
74 78
74 79
74 80
74 106
74 270
74 278
74 299
74 357
74 374
74 425
74 439
74 476
74 480
74 487
74 512
74 616
74 779
74 862
74 930
74 941
74 954
74 979
75 76
75 77
75 78
75 79
75 215
75 289
75 295
75 328
75 513
75 662
75 725
75 826
75 964
76 77
76 78
76 79
76 80
76 135
76 140
76 243
76 262
76 323
76 401
76 566
76 656
76 709
76 871
77 79
77 80
77 131
77 141
77 193
77 255
77 317
77 362
77 457
77 517
77 996
78 79
78 80
78 102
78 168
78 237
78 285
78 412
78 433
78 514
78 581
78 778
78 781
78 912
79 90
79 472
79 591
79 724
79 773
79 932
80 181
80 422
80 733
80 803
80 861
80 924
81 83
81 84
81 85
81 86
81 87
81 88
81 89
81 90
81 165
81 419
81 434
81 477
81 563
81 719
81 931
81 959
82 83
82 84
82 85
82 86
82 87
82 88
82 89
82 90
82 321
82 829
83 84
83 85
83 86
83 87
83 88
83 89
83 90
83 98
83 211
83 375
83 502
83 542
83 630
83 646
83 704
83 855
83 898
83 938
84 85
84 86
84 88
84 89
84 336
84 409
84 604
84 686
84 796
84 859
84 887
84 991
85 86
85 87
85 88
85 89
85 196
85 242
85 366
85 560
85 699
85 822
85 867
85 914
85 918
85 979
86 87
86 88
86 89
86 90
86 239
86 312
86 376
86 377
86 385
86 535
86 542
86 833
86 982
87 88
87 89
87 90
87 144
87 438
87 596
87 825
87 947
87 993
88 89
88 135
88 264
88 273
88 461
88 545
88 597
88 624
88 736
88 797
88 822
88 914
88 992
89 90
89 111
89 145
89 557
89 607
89 871
90 323
90 336
90 461
90 803
90 840
90 975
91 92
91 93
91 94
91 96
91 97
91 98
91 99
91 100
91 165
91 209
91 344
91 396
91 467
91 524
91 599
91 702
91 705
91 776
91 963
92 93
92 94
92 95
92 96
92 97
92 98
92 99
92 100
92 132
92 168
92 176
92 262
92 316
92 332
92 536
92 576
92 771
92 784
93 95
93 96
93 97
93 99
93 100
93 190
93 206
93 368
93 411
93 417
93 422
93 440
93 506
93 723
93 754
93 802
93 819
93 865
93 928
93 966
94 95
94 97
94 98
94 99
94 100
94 168
94 474
94 543
94 569
94 598
94 771
94 880
95 96
95 97
95 99
95 100
95 300
95 321
95 346
95 386
95 394
95 435
95 522
95 622
95 732
95 773
95 836
95 898
96 100
96 167
96 221
96 282
96 383
96 491
96 507
96 722
96 948
97 98
97 100
97 197
97 242
97 398
97 429
97 435
97 468
97 609
97 670
97 692
97 758
97 763
97 828
97 851
97 949
98 99
98 100
98 245
98 368
98 416
98 557
98 569
98 771
98 806
98 831
99 275
99 292
99 343
99 357
99 423
99 427
99 610
99 615
99 619
99 679
99 760
100 182
100 316
100 351
100 583
100 868
100 947
101 102
101 103
101 104
101 105
101 106
101 107
101 108
101 109
101 110
101 160
101 205
101 225
101 327
101 411
101 836
101 966
102 104
102 105
102 106
102 107
102 108
102 109
102 110
102 223
102 252
102 402
102 407
102 458
102 481
102 567
102 628
102 639
102 677
102 764
102 855
102 870
103 104
103 105
103 106
103 107
103 108
103 110
103 192
103 450
103 458
103 728
103 785
103 842
103 953
104 105
104 106
104 107
104 108
104 110
104 115
104 132
104 315
104 378
104 770
104 868
104 877
104 912
104 938
104 975
105 107
105 108
105 109
105 110
105 169
105 235
105 410
105 412
105 473
105 657
105 828
105 835
105 867
105 883
106 108
106 109
106 110
106 453
106 513
106 561
106 582
106 627
106 653
106 819
106 849
106 976
107 108
107 109
107 279
107 516
107 637
107 652
107 935
108 109
108 110
108 170
108 354
108 486
108 518
108 565
108 577
108 803
109 110
109 364
109 535
109 607
109 614
109 786
109 837
109 928
109 972
110 241
110 310
110 389
110 639
110 706
111 112
111 113
111 116
111 117
111 118
111 119
111 120
111 136
111 146
111 163
111 286
111 452
111 761
111 762
111 786
111 819
111 985
112 114
112 115
112 117
112 118
112 119
112 120
112 211
112 344
112 372
112 752
112 898
113 114
113 115
113 116
113 117
113 118
113 119
113 120
113 273
113 314
113 565
113 666
113 813
113 863
113 868
113 882
113 895
113 942
114 115
114 116
114 117
114 119
114 120
114 132
114 159
114 199
114 233
114 413
114 493
114 640
114 667
114 856
115 116
115 117
115 118
115 120
115 130
115 185
115 219
115 230
115 270
115 313
115 427
115 429
115 444
115 465
115 471
115 477
115 790
115 805
115 854
115 890
115 925
116 117
116 118
116 119
116 120
116 152
116 161
116 354
116 396
116 526
116 606
116 712
116 761
116 836
116 841
116 923
116 966
117 118
117 119
117 120
117 187
117 205
117 383
117 454
117 471
117 512
117 555
117 793
117 966
118 119
118 120
118 281
118 356
118 492
118 687
118 701
118 882
118 950
118 999
119 120
119 161
119 276
119 325
119 548
119 767
119 965
120 196
120 208
120 286
120 397
120 626
120 656
120 697
120 944
121 122
121 123
121 124
121 125
121 126
121 127
121 128
121 129
121 359
121 615
121 862
121 917
122 123
122 125
122 126
122 128
122 129
122 155
122 198
122 270
122 297
122 686
122 699
122 746
122 985
123 124
123 125
123 126
123 127
123 128
123 305
123 321
123 369
123 380
123 705
123 814
123 994
123 996
124 125
124 126
124 128
124 129
124 130
124 161
124 270
124 412
124 452
124 589
124 621
124 637
124 821
124 846
124 959
124 970
125 126
125 127
125 128
125 129
125 130
125 134
125 203
125 221
125 253
125 318
125 320
125 341
125 348
125 445
125 446
125 470
125 717
125 969
126 129
126 130
126 218
126 249
126 286
126 314
126 315
126 392
126 456
126 529
126 561
126 577
126 645
126 709
126 742
126 755
127 128
127 129
127 327
127 347
127 913
127 951
127 973
127 999
128 130
128 155
128 314
128 446
128 493
128 544
128 714
128 826
128 980
129 130
129 285
129 341
129 409
129 428
129 447
129 662
129 729
129 778
130 149
130 264
130 285
130 393
130 521
130 587
131 132
131 133
131 134
131 135
131 136
131 138
131 139
131 140
131 177
131 247
131 259
131 329
131 381
131 440
131 536
131 637
131 763
131 888
131 955
132 133
132 134
132 135
132 136
132 140
132 363
132 428
132 587
132 664
132 732
132 800
132 906
132 996
133 134
133 135
133 136
133 137
133 138
133 139
133 140
133 199
133 301
133 353
133 403
133 450
133 516
133 560
133 845
133 935
134 135
134 137
134 138
134 153
134 164
134 212
134 234
134 335
134 408
134 568
134 592
134 632
134 728
134 807
134 839
134 892
134 896
134 976
135 136
135 137
135 138
135 139
135 140
135 190
135 593
135 653
135 964
135 967
136 137
136 138
136 140
136 240
136 476
136 633
136 787
136 821
136 860
137 138
137 139
137 140
137 164
137 232
137 463
137 471
137 668
137 698
137 847
138 139
138 140
138 142
138 200
138 211
138 218
138 466
138 535
138 556
138 743
138 797
138 832
139 140
139 315
139 334
139 363
139 366
139 535
139 553
139 885
139 939
140 315
140 610
140 618
140 749
140 922
140 970
141 142
141 143
141 144
141 145
141 146
141 148
141 149
141 150
141 229
141 403
141 472
141 744
141 787
141 803
141 804
141 884
141 903
141 951
142 143
142 144
142 145
142 146
142 148
142 149
142 150
142 228
142 450
142 496
142 559
142 592
142 736
142 740
142 797
142 878
142 961
142 994
143 144
143 145
143 146
143 147
143 148
143 149
143 167
143 293
143 330
143 444
143 519
143 556
143 609
143 624
143 679
143 901
144 145
144 146
144 147
144 149
144 150
144 233
144 359
144 392
144 446
144 641
144 667
144 726
144 744
144 767
144 778
144 863
144 960
145 146
145 147
145 148
145 150
145 231
145 308
145 411
145 491
145 496
145 518
145 592
146 149
146 150
146 245
146 364
146 391
146 403
146 416
146 423
146 596
146 632
146 720
146 818
146 827
146 850
146 892
147 149
147 150
147 279
147 347
147 378
147 396
147 516
147 546
147 686
147 763
147 817
148 149
148 150
148 155
148 300
148 314
148 377
148 443
148 619
148 714
148 802
148 819
148 865
148 989
149 150
149 175
149 347
149 563
149 621
149 645
149 710
149 816
150 308
150 359
150 446
150 558
150 592
150 665
150 827
150 865
151 153
151 154
151 155
151 156
151 157
151 159
151 160
151 250
151 341
151 410
151 473
151 509
151 529
151 604
151 676
151 747
151 793
151 812
151 827
151 886
152 153
152 154
152 155
152 157
152 158
152 159
152 160
152 204
152 209
152 269
152 273
152 331
152 390
152 474
152 690
152 862
152 895
152 909
153 154
153 155
153 156
153 157
153 158
153 159
153 160
153 173
153 199
153 240
153 453
153 465
153 655
153 734
153 768
153 781
153 831
153 836
153 968
154 155
154 156
154 157
154 158
154 159
154 210
154 229
154 250
154 405
154 434
154 475
154 535
154 557
154 563
154 953
154 998
155 156
155 158
155 159
155 160
155 199
155 215
155 316
155 319
155 578
155 589
155 687
155 724
155 762
155 935
155 983
156 158
156 160
156 194
156 339
156 565
156 600
156 722
156 853
156 855
156 861
156 876
156 892
156 921
156 949
156 975
157 159
157 160
157 254
157 381
157 392
157 417
157 639
157 695
158 159
158 160
158 200
158 341
158 387
158 414
158 496
158 515
158 575
158 670
158 720
158 827
158 830
158 877
158 982
159 160
159 455
159 585
159 597
159 623
159 674
159 734
159 737
160 224
160 243
160 274
160 293
160 355
160 358
160 410
160 532
160 707
160 953
160 988
161 162
161 163
161 165
161 166
161 167
161 169
161 170
161 294
161 308
161 375
161 384
161 492
161 521
161 524
161 687
161 765
161 910
161 937
161 967
161 976
161 997
162 163
162 164
162 165
162 166
162 168
162 169
162 509
162 513
162 559
162 604
162 611
162 744
162 771
162 804
162 842
163 164
163 165
163 167
163 168
163 170
163 190
163 550
163 603
163 709
163 775
163 915
163 944
164 165
164 168
164 169
164 170
164 378
164 426
164 457
164 513
164 530
164 599
165 166
165 167
165 168
165 169
165 170
165 318
165 411
165 546
165 607
165 624
165 739
165 903
166 167
166 169
166 170
166 373
166 459
166 545
166 817
166 941
166 970
167 169
167 269
167 399
167 539
167 600
167 605
167 683
167 868
167 959
168 169
168 408
168 509
168 579
168 641
168 676
168 719
168 754
169 307
169 765
169 995
170 215
170 273
170 334
170 388
170 575
170 602
170 697
170 783
170 935
171 173
171 174
171 175
171 176
171 177
171 178
171 179
171 180
171 315
171 358
171 531
171 538
171 567
171 638
171 852
171 932
171 994
172 173
172 175
172 176
172 177
172 179
172 180
172 320
172 334
172 489
172 509
172 982
173 174
173 175
173 176
173 177
173 179
173 180
173 384
173 427
173 487
173 496
173 644
173 688
173 735
173 737
173 780
173 790
173 981
174 175
174 176
174 178
174 179
174 180
174 224
174 356
174 357
174 363
174 400
174 454
174 470
174 563
174 704
174 870
174 900
174 991
175 176
175 177
175 178
175 179
175 180
175 389
175 448
175 537
175 639
175 704
175 760
175 804
175 830
175 902
175 944
176 178
176 179
176 187
176 313
176 444
176 486
176 645
176 686
176 690
176 721
176 811
176 816
176 916
177 178
177 179
177 246
177 348
177 352
177 519
177 539
177 548
177 565
177 712
177 725
177 813
177 963
177 968
177 998
178 179
178 180
178 182
178 231
178 301
178 328
178 507
178 613
178 645
178 674
178 754
179 180
179 414
179 521
179 524
179 758
179 784
179 829
179 871
179 914
180 201
180 463
180 564
180 682
180 740
180 764
181 183
181 184
181 185
181 187
181 188
181 189
181 190
181 421
181 560
181 564
181 765
181 792
181 804
181 805
181 869
182 183
182 184
182 185
182 186
182 188
182 190
182 233
182 279
182 328
182 441
182 459
182 576
182 624
182 670
182 736
182 920
183 185
183 186
183 187
183 188
183 189
183 224
183 258
183 310
183 425
183 520
183 546
183 554
183 737
183 739
183 811
183 861
184 185
184 187
184 188
184 189
184 190
184 304
184 323
184 360
184 384
184 586
184 871
184 896
184 932
184 949
185 186
185 187
185 188
185 189
185 190
185 281
185 315
185 380
185 462
185 482
185 551
185 594
185 816
185 821
185 940
185 948
185 977
185 994
186 187
186 188
186 189
186 190
186 619
186 658
186 666
186 694
186 781
186 855
187 188
187 189
187 190
187 409
187 501
187 539
187 664
187 690
187 721
187 945
187 997
188 189
188 190
188 425
188 691
188 922
189 190
189 253
189 304
189 442
189 505
189 513
189 874
189 931
189 953
189 962
190 444
190 526
190 570
190 920
190 922
190 946
190 957
191 192
191 193
191 194
191 195
191 196
191 197
191 199
191 200
191 281
191 603
191 894
191 942
192 194
192 195
192 197
192 198
192 199
192 200
192 480
192 517
192 667
192 730
192 937
192 943
193 195
193 197
193 198
193 199
193 469
193 638
193 866
194 195
194 196
194 197
194 199
194 200
194 243
194 406
194 507
194 548
194 613
194 734
194 736
194 741
194 747
194 857
194 972
195 196
195 197
195 199
195 200
195 226
195 285
195 302
195 541
195 573
195 587
195 641
195 749
195 953
195 984
196 199
196 200
196 231
196 269
196 291
196 293
196 298
196 611
196 754
196 771
196 949
197 198
197 199
197 200
197 258
197 378
197 510
197 516
197 633
197 646
197 658
197 738
197 810
197 944
198 199
198 200
198 573
198 595
198 712
198 848
198 859
199 200
199 300
199 403
199 685
199 759
199 779
199 841
199 873
199 951
200 360
200 389
200 398
200 476
200 497
200 625
200 633
200 650
200 816
201 202
201 205
201 206
201 207
201 208
201 210
201 313
201 540
201 685
201 755
201 981
201 989
202 203
202 204
202 205
202 206
202 208
202 209
202 210
202 245
202 369
202 379
202 417
202 433
202 438
202 445
202 522
202 549
202 565
202 731
202 807
202 808
202 853
203 204
203 205
203 207
203 208
203 210
203 292
203 499
203 510
203 591
203 602
203 648
203 696
203 773
203 986
204 205
204 206
204 207
204 208
204 209
204 210
204 362
204 371
204 462
204 647
204 680
204 766
204 905
204 940
204 963
205 206
205 208
205 210
205 216
205 229
205 323
205 461
205 620
205 771
205 853
205 962
206 207
206 208
206 209
206 210
206 249
206 407
206 475
206 498
206 566
206 569
206 570
206 808
207 209
207 210
207 327
207 407
207 494
207 516
207 520
207 607
207 697
207 763
207 767
207 799
207 844
208 210
208 233
208 240
208 269
208 432
208 434
208 698
208 851
208 906
209 210
209 225
209 249
209 252
209 364
209 436
209 645
209 717
209 739
209 845
210 243
210 260
210 296
210 470
210 475
210 477
210 492
210 517
210 620
210 818
210 930
210 986
211 213
211 214
211 215
211 216
211 217
211 218
211 219
211 220
211 296
211 309
211 328
211 335
211 474
211 479
211 524
211 622
211 732
211 854
212 213
212 214
212 215
212 216
212 217
212 218
212 219
212 220
212 264
212 298
212 339
212 363
212 464
212 541
212 606
212 745
212 811
212 903
212 979
213 214
213 215
213 216
213 217
213 218
213 219
213 220
213 343
213 610
213 650
213 851
213 897
213 907
213 967
213 996
214 215
214 216
214 218
214 219
214 220
214 398
214 475
214 493
214 520
214 577
214 604
214 729
214 790
214 818
214 824
214 825
214 964
215 217
215 218
215 219
215 231
215 253
215 373
215 436
215 621
215 662
215 696
216 217
216 218
216 219
216 220
216 269
216 354
216 388
216 413
216 476
216 542
216 586
216 976
217 218
217 219
217 220
217 431
217 518
217 571
217 645
217 671
217 793
218 220
218 261
218 393
218 435
218 605
218 762
218 791
218 848
218 902
218 955
218 967
219 220
219 250
219 322
219 723
219 939
219 993
219 997
220 266
220 335
220 345
220 434
220 666
220 690
220 776
220 859
220 864
221 222
221 223
221 224
221 226
221 227
221 228
221 229
221 230
221 490
221 527
221 766
221 802
222 223
222 224
222 225
222 226
222 227
222 228
222 229
222 230
222 238
222 425
222 453
222 528
222 660
222 688
222 695
222 749
222 855
222 964
222 1000
223 224
223 225
223 226
223 227
223 228
223 229
223 417
223 428
223 429
223 465
223 475
223 740
223 933
223 952
224 225
224 226
224 227
224 228
224 229
224 230
224 358
224 405
224 490
224 607
224 697
224 958
225 226
225 230
225 319
225 457
225 806
225 850
226 227
226 228
226 229
226 230
226 459
226 500
226 533
226 632
226 857
227 228
227 229
227 230
227 368
227 528
227 738
227 884
227 965
228 229
228 230
228 701
228 967
229 230
229 264
229 327
229 350
229 428
229 523
229 551
229 652
229 715
229 746
229 901
230 231
230 400
230 441
230 491
230 659
230 788
230 963
231 232
231 233
231 234
231 235
231 236
231 238
231 406
231 491
231 581
231 711
231 760
231 773
231 797
232 234
232 235
232 236
232 237
232 238
232 239
232 240
232 268
232 777
232 851
232 865
233 234
233 235
233 236
233 237
233 238
233 239
233 308
233 348
233 371
233 377
233 414
233 573
233 639
233 658
233 684
233 867
233 877
233 889
233 992
234 235
234 236
234 237
234 238
234 239
234 240
234 365
234 427
234 480
234 526
234 529
234 539
234 694
234 851
234 867
235 236
235 237
235 239
235 240
235 392
235 658
235 734
235 757
235 771
235 870
236 238
236 239
236 240
236 258
236 340
236 397
236 489
236 786
236 979
237 238
237 239
237 316
237 317
237 351
237 380
237 394
237 654
237 997
238 239
238 240
238 286
238 430
238 633
238 762
238 770
238 864
239 240
239 260
239 284
239 301
239 414
239 424
239 525
239 546
239 561
239 650
239 686
239 945
240 682
240 761
240 771
240 855
240 954
241 242
241 243
241 244
241 245
241 246
241 247
241 248
241 249
241 250
241 346
241 411
241 493
241 504
241 526
241 707
241 778
241 833
241 965
242 244
242 245
242 246
242 247
242 250
242 254
242 289
242 452
242 548
242 575
242 720
242 786
242 806
242 889
243 244
243 245
243 246
243 247
243 248
243 250
243 298
243 342
243 346
243 401
243 582
243 643
243 682
243 721
243 865
243 917
244 245
244 246
244 247
244 248
244 250
244 612
244 788
244 875
244 955
244 992
245 247
245 248
245 324
245 532
245 614
245 619
245 626
245 810
245 997
246 247
246 248
246 249
246 250
246 270
246 509
246 513
246 646
246 662
246 871
247 248
247 249
247 250
247 289
247 299
247 407
247 410
247 432
247 480
247 499
247 781
247 802
247 871
247 979
248 249
248 250
248 288
248 415
248 516
248 916
248 960
248 984
249 250
249 518
249 575
249 631
249 910
250 259
250 350
250 622
250 823
250 917
251 252
251 253
251 254
251 255
251 256
251 257
251 258
251 260
251 325
251 443
251 546
251 567
251 597
251 640
251 745
251 752
251 785
251 832
251 983
252 253
252 256
252 257
252 258
252 259
252 260
252 400
252 458
252 526
252 640
252 824
252 867
253 254
253 256
253 257
253 258
253 259
253 260
253 378
253 394
253 440
253 579
253 640
253 681
253 717
253 794
254 255
254 256
254 257
254 258
254 259
254 338
254 477
254 556
254 697
254 717
254 770
254 833
255 256
255 257
255 260
255 275
255 343
255 466
255 494
255 624
255 634
255 723
255 768
255 778
255 815
255 880
256 257
256 258
256 259
256 260
256 291
256 364
256 426
256 495
256 504
256 571
256 585
256 590
256 888
256 933
256 944
256 975
257 258
257 259
257 260
257 454
257 494
257 734
258 259
258 260
258 266
258 409
258 465
258 674
258 764
259 260
259 278
259 332
259 405
259 694
259 783
259 842
259 858
259 966
259 979
260 292
261 262
261 264
261 265
261 266
261 267
261 270
261 398
261 763
261 839
261 860
261 907
262 263
262 264
262 265
262 266
262 268
262 270
262 293
262 380
262 406
262 419
262 444
262 627
262 701
263 264
263 265
263 266
263 267
263 269
263 270
263 297
263 477
263 501
263 544
263 599
263 607
263 691
263 807
264 265
264 266
264 267
264 268
264 269
264 270
264 485
264 692
265 267
265 268
265 269
265 270
265 279
265 413
265 442
265 483
265 752
265 814
265 845
265 964
265 977
266 268
266 270
266 337
266 493
266 515
266 615
266 661
266 710
266 761
266 800
266 836
266 946
267 268
267 269
267 270
267 295
267 415
267 626
267 748
267 844
268 269
268 389
268 423
268 710
268 761
268 928
269 270
269 732
270 683
270 685
270 775
270 983
271 272
271 273
271 274
271 275
271 276
271 277
271 278
271 280
271 316
271 418
271 422
271 566
271 711
271 718
271 870
271 894
271 999
272 273
272 275
272 276
272 277
272 279
272 280
272 319
272 594
272 753
272 761
272 927
273 274
273 278
273 279
273 392
273 488
273 511
273 787
273 972
274 275
274 276
274 277
274 278
274 279
274 280
274 318
274 340
274 430
274 437
274 482
274 501
274 907
274 922
274 978
275 277
275 278
275 279
275 280
275 584
275 714
275 854
275 960
275 985
275 990
276 277
276 279
276 280
276 325
276 420
276 573
276 684
276 702
276 797
276 904
276 955
277 279
277 527
277 733
277 808
277 909
277 941
277 999
278 279
278 280
278 542
278 667
278 698
278 824
278 913
279 280
279 332
279 391
279 432
279 472
279 514
279 529
279 770
280 421
280 472
280 633
280 751
281 283
281 284
281 285
281 286
281 287
281 288
281 289
281 290
281 297
281 397
281 470
281 570
281 571
281 614
281 850
281 853
281 865
281 971
281 982
282 283
282 284
282 285
282 287
282 290
282 523
282 566
282 596
282 615
282 693
282 797
282 814
282 827
283 284
283 285
283 286
283 287
283 288
283 289
283 290
283 359
283 395
283 506
283 518
283 661
283 784
283 786
284 285
284 286
284 287
284 288
284 289
284 290
284 337
284 425
284 558
284 735
284 919
285 286
285 287
285 288
285 289
285 290
285 299
285 352
285 383
285 406
285 472
285 558
285 604
285 673
285 780
286 288
286 289
286 290
286 292
286 387
286 466
286 820
287 288
287 289
287 290
287 399
287 409
287 440
287 874
287 917
287 936
288 289
288 290
288 297
288 452
288 543
288 583
288 872
288 912
289 290
289 450
289 490
289 703
289 719
289 798
289 827
289 841
289 882
289 930
289 942
290 340
290 353
290 473
290 537
290 786
290 826
290 918
291 292
291 293
291 294
291 295
291 298
291 299
291 300
291 378
291 458
291 584
291 822
291 982
292 293
292 294
292 295
292 297
292 298
292 300
292 343
292 490
292 892
292 899
292 904
292 922
292 935
292 969
293 294
293 295
293 296
293 298
293 299
293 300
293 529
293 765
293 893
293 938
294 295
294 297
294 299
294 364
294 400
294 541
294 589
294 630
294 753
294 807
294 831
294 935
295 296
295 297
295 298
295 299
295 300
295 527
295 562
295 676
295 754
295 800
295 831
295 840
295 856
295 869
295 956
296 297
296 298
296 299
296 718
296 822
296 875
296 960
297 298
297 299
297 304
297 330
297 348
297 359
297 420
297 469
297 728
297 796
297 831
297 894
297 975
298 299
298 300
298 333
298 399
298 624
298 860
299 300
299 308
299 578
299 604
299 629
299 671
300 322
300 383
300 504
300 763
300 815
300 951
301 302
301 303
301 304
301 306
301 308
301 309
301 310
301 323
301 526
301 527
301 551
302 303
302 304
302 305
302 306
302 307
302 308
302 310
302 455
302 507
302 960
303 304
303 305
303 306
303 307
303 308
303 309
303 310
303 348
303 750
304 305
304 307
304 309
304 310
304 314
304 520
304 594
304 623
304 748
304 964
304 982
304 999
305 306
305 307
305 308
305 309
305 310
305 424
305 730
305 874
305 975
305 992
306 307
306 309
306 310
306 477
306 499
306 511
306 531
306 698
306 718
306 791
306 856
306 891
306 899
306 900
307 308
307 309
307 310
307 602
307 724
307 743
307 751
307 769
307 822
308 309
308 310
308 339
308 391
308 412
308 442
308 568
308 596
308 697
308 770
308 971
309 310
309 333
309 335
309 412
309 438
309 572
309 575
309 642
309 669
309 726
309 917
310 609
310 813
310 841
310 962
310 1000
311 313
311 314
311 315
311 316
311 317
311 318
311 319
311 354
311 376
311 392
311 526
311 538
311 543
311 692
311 712
311 794
311 812
312 314
312 315
312 316
312 317
312 318
312 319
312 320
312 364
312 529
312 618
312 628
312 796
312 856
313 314
313 315
313 316
313 317
313 318
313 319
313 320
313 505
313 590
313 641
313 721
313 857
314 315
314 316
314 318
314 320
314 346
314 368
314 456
314 535
314 551
314 701
314 805
315 317
315 318
315 319
315 320
315 596
315 682
315 750
315 764
315 811
316 318
316 319
316 320
316 632
316 648
316 770
316 800
316 962
317 320
317 324
317 404
317 467
317 584
317 613
317 916
317 950
318 320
318 357
318 976
319 320
319 372
319 618
319 631
319 668
319 734
319 796
319 892
319 893
319 899
319 906
319 926
320 323
320 361
320 451
320 467
320 479
320 656
320 926
320 959
320 987
321 322
321 323
321 324
321 326
321 327
321 328
321 329
321 493
321 563
321 746
321 791
321 938
321 967
322 323
322 324
322 326
322 327
322 328
322 329
322 330
322 446
322 517
322 567
322 624
322 734
322 771
322 962
323 324
323 325
323 327
323 329
323 330
323 343
323 429
323 432
323 447
323 562
323 596
323 729
324 325
324 326
324 327
324 328
324 391
324 475
324 581
324 632
324 699
324 715
324 785
324 838
324 859
324 872
325 326
325 329
325 373
325 450
325 499
325 542
325 600
325 613
325 665
325 786
325 917
326 327
326 328
326 329
326 330
326 551
326 558
326 634
326 644
326 760
326 775
327 328
327 329
327 351
327 552
327 594
327 727
327 823
327 938
327 952
328 329
328 428
328 482
328 535
328 762
328 799
328 883
329 330
329 333
329 434
329 557
329 653
329 725
329 982
330 349
330 351
330 914
330 982
331 332
331 333
331 334
331 335
331 338
331 339
331 427
331 445
331 871
332 333
332 334
332 335
332 336
332 338
332 340
332 492
332 532
332 756
332 794
332 804
332 860
332 907
332 968
333 334
333 335
333 336
333 338
333 339
333 362
333 395
333 449
333 605
333 669
333 801
333 932
333 951
334 335
334 337
334 338
334 339
334 340
334 379
334 587
334 861
334 864
335 336
335 337
335 338
335 339
335 340
335 364
335 509
335 571
335 590
335 658
335 689
335 759
336 338
336 340
336 377
336 390
336 417
336 455
336 573
336 691
336 777
336 855
336 912
336 936
337 338
337 339
337 340
337 434
337 505
337 572
337 586
337 655
337 911
338 339
338 392
338 434
338 489
338 490
338 537
338 571
338 720
338 752
338 955
339 340
339 631
339 669
339 862
339 874
340 550
340 617
340 958
340 972
340 987
341 343
341 344
341 345
341 346
341 348
341 376
341 417
341 441
341 567
341 683
342 346
342 347
342 348
342 349
342 350
342 418
342 432
342 551
342 725
342 835
342 890
342 922
343 345
343 346
343 347
343 348
343 349
343 350
343 433
343 628
343 717
343 907
343 956
344 346
344 348
344 349
344 350
344 570
344 610
344 737
344 746
344 832
344 875
344 949
345 346
345 347
345 348
345 349
345 350
345 373
345 527
345 662
345 794
345 831
345 834
345 907
345 997
346 347
346 348
346 349
346 350
346 588
346 862
347 348
347 349
347 575
347 647
347 652
347 808
347 884
347 964
348 349
348 350
348 372
348 414
348 649
348 670
348 847
349 350
349 412
349 491
349 509
349 550
349 601
349 602
349 661
349 791
349 852
349 878
349 913
349 948
350 496
350 509
350 557
350 579
350 651
350 791
350 943
350 945
350 965
350 969
351 352
351 353
351 354
351 355
351 356
351 357
351 358
351 359
351 360
351 455
351 751
351 873
351 901
352 353
352 354
352 355
352 356
352 358
352 359
352 360
352 386
352 442
352 462
352 630
352 665
352 719
352 814
352 821
352 834
352 846
353 354
353 357
353 358
353 359
353 360
353 561
353 876
354 355
354 356
354 358
354 359
354 580
354 725
354 730
354 829
354 887
354 925
355 356
355 357
355 358
355 359
355 360
355 425
355 483
355 591
355 784
355 801
355 915
356 357
356 358
356 359
356 360
356 508
356 606
356 889
356 969
357 358
357 360
357 416
357 581
357 627
357 642
357 688
357 735
357 812
357 995
358 407
358 546
358 552
358 582
358 703
359 360
359 390
359 558
359 633
359 769
359 868
360 393
360 420
360 448
360 495
360 506
360 531
360 589
360 684
360 860
360 966
361 362
361 363
361 364
361 366
361 367
361 369
361 609
361 735
361 780
361 832
361 882
361 947
362 363
362 364
362 365
362 367
362 368
362 369
362 370
362 584
362 696
362 792
362 828
363 364
363 365
363 366
363 367
363 368
363 369
363 370
363 435
363 581
363 585
363 589
363 635
363 838
363 862
364 365
364 366
364 367
364 369
364 370
364 373
364 428
364 455
364 548
364 699
364 700
364 738
364 775
364 825
364 852
364 901
364 933
365 366
365 367
365 369
365 421
365 433
365 526
365 693
365 850
366 367
366 368
366 369
366 370
366 530
366 554
366 739
366 746
366 747
366 939
367 368
367 369
367 370
367 426
367 798
368 369
368 370
368 380
368 584
368 586
368 690
368 814
369 370
369 625
369 767
369 976
369 1000
370 422
370 461
370 730
370 792
371 372
371 373
371 374
371 375
371 376
371 377
371 378
371 379
371 397
371 583
371 897
372 373
372 374
372 375
372 376
372 377
372 379
372 380
372 419
372 507
372 581
372 629
372 703
372 724
373 377
373 379
373 380
373 396
373 560
373 746
373 838
373 877
373 915
374 375
374 376
374 377
374 379
374 380
374 452
374 500
374 505
374 547
374 606
374 629
374 776
374 868
375 376
375 377
375 380
375 420
375 495
375 523
375 560
375 572
375 684
375 733
375 742
375 758
375 791
376 377
376 378
376 379
376 380
376 423
376 508
376 855
376 868
376 996
377 378
377 379
377 380
377 432
377 442
377 482
377 609
377 670
377 686
377 875
377 999
378 379
378 380
378 428
378 476
378 483
378 549
378 562
378 628
378 839
379 380
379 383
379 446
379 605
379 612
379 618
379 647
379 894
380 413
380 537
380 789
380 839
380 965
381 382
381 383
381 384
381 385
381 386
381 387
381 388
381 389
381 390
381 426
381 471
381 492
381 533
381 570
381 772
382 384
382 385
382 386
382 387
382 388
382 390
382 507
382 686
382 713
382 767
382 912
382 918
382 951
382 957
383 384
383 385
383 386
383 387
383 388
383 390
383 423
383 525
383 527
383 622
383 710
383 739
383 806
383 925
383 982
384 385
384 387
384 388
384 389
384 390
384 431
384 496
384 663
384 805
384 878
384 998
385 386
385 387
385 388
385 389
385 390
385 562
385 650
385 712
385 768
385 836
386 387
386 390
386 547
386 664
386 724
386 759
386 806
386 887
387 388
387 389
387 390
387 461
387 469
387 485
387 571
388 389
388 390
388 653
388 662
388 767
388 795
388 824
389 390
389 399
389 403
389 555
389 700
390 489
390 629
391 392
391 393
391 394
391 395
391 396
391 397
391 400
391 431
391 549
391 561
391 628
391 673
391 703
391 722
391 756
391 759
391 951
391 977
392 393
392 394
392 395
392 396
392 400
392 456
392 576
392 643
392 666
392 671
393 394
393 395
393 396
393 397
393 400
393 409
393 417
393 431
393 449
393 481
393 532
393 632
393 770
393 794
393 805
393 886
393 897
394 395
394 396
394 397
394 398
394 400
394 434
394 449
394 720
394 879
394 911
394 926
395 396
395 398
395 399
395 400
395 551
395 558
395 677
395 822
395 874
395 967
396 397
396 399
396 400
396 419
396 444
396 475
396 507
396 915
397 399
397 400
397 656
397 690
397 884
397 959
397 971
397 996
398 400
398 506
398 579
398 587
398 709
398 753
398 765
398 782
398 883
399 400
399 407
399 453
399 651
399 791
399 948
399 956
399 989
400 406
400 438
400 480
400 490
400 559
400 621
400 748
400 775
401 403
401 404
401 406
401 407
401 408
401 409
401 410
401 611
401 888
401 980
402 403
402 404
402 406
402 407
402 408
402 409
402 410
402 450
402 453
402 507
402 525
402 597
402 618
402 689
402 709
402 810
402 930
403 404
403 405
403 406
403 407
403 410
403 475
403 545
403 595
403 782
403 790
403 820
403 877
404 405
404 406
404 407
404 408
404 409
404 410
404 625
404 914
405 406
405 407
405 409
405 410
405 423
405 554
405 623
405 886
406 407
406 409
406 410
406 455
406 828
407 408
407 409
407 410
407 449
407 566
407 580
407 813
407 864
407 967
408 409
408 585
408 672
408 772
409 410
409 552
409 577
409 582
409 823
409 854
409 875
409 933
409 964
410 445
410 572
410 620
410 694
410 920
411 412
411 413
411 414
411 415
411 416
411 418
411 419
411 420
411 636
411 670
411 703
411 715
411 763
411 775
411 805
411 849
412 414
412 415
412 416
412 417
412 418
412 420
412 564
412 790
412 863
412 866
412 892
412 901
413 415
413 417
413 418
413 419
413 778
413 904
413 908
413 911
414 415
414 416
414 419
414 493
414 574
414 596
414 928
415 416
415 417
415 418
415 420
415 789
415 807
416 418
416 419
416 420
416 454
416 495
416 583
416 590
416 617
416 847
416 964
416 999
417 418
417 419
417 420
417 777
417 784
417 854
417 923
417 967
418 420
418 463
418 500
418 600
419 420
419 499
419 771
419 856
419 881
419 893
419 999
420 455
420 494
420 607
420 653
420 700
420 710
420 752
420 755
420 925
421 423
421 426
421 427
421 428
421 430
421 568
421 570
421 599
421 655
421 685
421 753
421 765
421 849
421 974
422 423
422 424
422 425
422 426
422 427
422 428
422 429
422 466
422 473
422 516
422 686
422 765
422 791
422 809
422 851
422 931
422 938
422 968
422 995
423 425
423 426
423 427
423 428
423 430
423 525
423 607
423 761
423 882
424 425
424 426
424 428
424 429
424 628
424 730
424 763
424 801
424 808
424 904
424 925
424 963
424 988
425 426
425 427
425 429
425 431
425 518
425 613
425 623
425 648
425 692
425 792
425 985
426 427
426 428
426 429
426 430
426 632
426 639
426 669
426 695
426 727
426 739
426 799
426 885
427 429
427 677
427 854
427 874
427 887
427 893
427 905
428 429
428 430
428 576
428 672
428 808
428 921
429 761
429 918
429 948
429 988
429 991
430 446
430 538
430 544
430 590
430 641
430 777
430 961
430 990
431 433
431 434
431 435
431 438
431 439
431 456
431 551
431 594
431 792
431 836
431 988
432 433
432 434
432 435
432 436
432 437
432 440
432 481
432 706
432 786
432 787
432 864
433 436
433 437
433 438
433 439
433 440
433 467
433 542
433 552
433 573
433 705
433 796
434 435
434 436
434 438
434 440
434 541
434 569
434 671
434 961
435 436
435 437
435 438
435 439
435 440
435 483
435 558
435 588
435 589
435 653
435 677
435 790
435 986
436 437
436 438
436 439
436 586
436 653
436 931
437 438
437 440
437 457
437 463
437 575
437 592
437 667
437 722
437 765
438 439
438 440
438 458
438 594
438 722
438 744
438 780
438 816
438 845
439 440
439 513
439 582
439 663
439 718
439 885
439 936
440 616
440 801
440 838
440 865
441 442
441 443
441 444
441 445
441 446
441 448
441 449
441 450
441 493
441 509
441 605
441 826
441 901
441 937
441 969
442 443
442 444
442 445
442 446
442 449
442 450
442 715
442 868
443 444
443 445
443 446
443 447
443 448
443 449
443 450
443 490
443 531
443 776
443 808
443 838
444 446
444 447
444 448
444 449
444 450
444 673
444 759
444 761
444 859
444 888
445 447
445 448
445 449
445 450
445 485
445 785
446 447
446 448
446 449
446 450
446 456
446 531
446 555
447 448
447 449
447 450
447 507
447 520
447 640
447 691
447 768
447 893
447 990
448 449
448 450
448 522
448 609
448 611
448 786
449 450
449 694
449 910
449 924
450 463
450 552
450 565
450 754
450 771
450 785
450 931
451 452
451 453
451 455
451 456
451 459
451 460
451 502
451 713
451 806
451 914
451 976
452 453
452 455
452 456
452 457
452 459
452 460
452 643
452 656
452 938
453 454
453 455
453 456
453 457
453 460
453 555
453 598
453 621
453 697
453 701
453 760
453 797
453 817
453 857
453 885
453 958
454 455
454 456
454 457
454 458
454 460
454 501
454 509
454 782
454 834
454 900
454 931
454 947
454 955
454 974
454 981
455 457
455 458
455 460
455 530
455 558
455 615
455 658
455 679
455 911
455 984
456 457
456 460
456 548
456 611
457 460
457 480
457 485
457 643
457 647
457 680
457 688
457 691
457 694
457 863
457 891
457 967
458 554
458 657
458 936
458 990
459 460
459 515
459 570
459 582
459 595
459 886
459 918
459 970
460 543
460 577
460 731
460 751
460 842
460 975
461 462
461 463
461 464
461 465
461 466
461 467
461 468
461 469
461 470
461 613
461 642
461 665
461 727
461 771
461 801
461 993
462 463
462 464
462 465
462 466
462 467
462 468
462 469
462 470
462 818
462 838
462 874
463 464
463 465
463 468
463 469
463 601
463 602
463 662
463 729
464 465
464 466
464 467
464 468
464 493
464 585
464 597
464 758
464 907
464 965
465 466
465 467
465 468
465 470
465 649
465 747
465 784
465 800
465 821
465 986
466 467
466 468
466 469
466 470
466 547
466 624
466 694
466 794
466 949
467 469
467 470
467 562
467 568
467 612
467 856
468 469
468 470
468 487
468 784
468 822
468 872
468 913
468 967
469 470
469 567
469 783
469 968
470 474
470 676
470 878
470 879
470 981
471 472
471 473
471 474
471 475
471 476
471 477
471 479
471 480
471 879
471 936
471 984
472 473
472 474
472 475
472 476
472 477
472 478
472 479
472 480
472 635
472 717
472 788
472 948
472 974
473 474
473 475
473 476
473 477
473 478
473 479
473 480
473 543
473 636
473 677
473 680
473 843
473 846
473 847
473 953
474 475
474 476
474 477
474 478
474 479
474 480
474 545
474 718
474 769
474 845
474 892
475 476
475 477
475 478
475 479
475 480
475 717
475 749
475 803
475 980
476 477
476 478
476 479
476 480
476 558
476 584
476 747
476 982
477 479
477 480
477 745
477 785
477 796
477 821
478 480
478 496
478 575
478 828
478 846
478 868
478 935
478 964
478 1000
479 480
479 496
479 503
479 538
479 547
479 843
479 924
479 977
480 484
480 547
480 738
480 763
480 905
481 482
481 483
481 484
481 487
481 488
481 489
481 490
481 568
481 614
481 749
481 835
481 897
481 917
481 997
482 484
482 485
482 486
482 487
482 488
482 489
482 490
482 491
482 689
482 704
482 758
482 800
482 920
483 485
483 486
483 487
483 488
483 490
483 652
483 895
483 970
484 486
484 487
484 488
484 489
484 490
484 549
484 603
484 638
484 791
484 898
484 912
484 919
485 486
485 487
485 488
485 489
485 490
485 566
485 598
485 649
485 770
485 874
485 981
486 487
486 488
486 489
486 490
486 543
486 694
486 827
487 489
487 490
487 583
487 655
487 717
487 725
488 489
488 490
488 523
488 601
488 667
488 710
488 731
488 762
488 859
488 867
488 932
488 950
488 966
489 490
489 521
489 578
489 710
489 763
489 857
489 874
490 645
490 661
490 1000
491 492
491 493
491 494
491 495
491 496
491 497
491 499
491 500
491 588
491 605
491 641
491 759
491 835
491 929
492 494
492 495
492 496
492 497
492 498
492 499
492 500
492 535
492 539
492 889
492 900
493 494
493 495
493 496
493 497
493 498
493 499
493 500
493 626
493 749
494 495
494 496
494 497
494 498
494 499
494 500
494 606
494 609
494 643
494 676
494 867
494 913
494 957
495 496
495 497
495 498
495 499
495 500
495 694
495 698
495 811
495 838
495 941
495 943
496 497
496 498
496 499
496 794
497 498
497 499
497 500
497 512
497 535
497 615
497 627
497 698
497 720
497 824
497 897
497 937
497 950
498 499
498 500
498 595
498 641
498 667
498 761
498 967
499 500
499 685
499 723
500 502
500 701
500 720
500 722
500 752
500 796
500 969
500 995
501 502
501 503
501 504
501 505
501 506
501 507
501 508
501 509
501 510
501 550
501 783
501 855
502 503
502 506
502 690
502 726
502 936
503 505
503 506
503 508
503 509
503 525
503 526
503 544
503 577
503 625
503 809
503 880
503 983
504 505
504 506
504 507
504 508
504 509
504 510
504 601
504 667
504 685
504 798
505 506
505 507
505 508
505 509
505 510
505 599
505 610
505 677
505 704
505 746
505 773
505 901
506 507
506 508
506 509
506 522
506 591
506 739
506 898
506 969
506 978
506 997
507 508
507 509
507 510
507 562
507 696
507 878
507 881
507 931
507 980
508 510
508 605
508 743
508 775
508 895
509 618
509 630
509 719
509 780
509 809
509 887
509 909
509 980
510 549
510 637
511 512
511 513
511 514
511 516
511 517
511 519
511 520
511 607
511 751
511 814
511 861
511 964
511 1000
512 513
512 514
512 517
512 518
512 519
512 520
512 776
512 790
512 809
512 820
512 877
513 514
513 515
513 516
513 517
513 518
513 519
513 520
513 651
513 663
513 669
513 699
513 941
513 995
514 515
514 516
514 518
514 520
514 543
515 516
515 518
515 519
515 599
515 650
515 874
516 517
516 518
516 519
516 520
516 710
516 866
516 894
516 925
517 518
517 519
517 520
517 653
517 810
517 817
518 519
518 520
518 568
518 788
518 934
518 989
519 520
519 570
519 623
519 650
519 683
519 725
519 829
520 648
520 716
520 763
521 522
521 523
521 525
521 527
521 528
521 529
521 569
521 606
521 659
521 700
521 729
521 739
521 749
521 973
522 523
522 524
522 525
522 526
522 527
522 528
522 529
522 530
522 754
522 840
522 892
523 524
523 525
523 526
523 527
523 528
523 529
523 608
523 695
523 733
524 525
524 526
524 527
524 528
524 529
524 530
524 557
524 569
524 584
524 644
524 677
524 705
524 835
524 954
524 971
525 526
525 527
525 528
525 529
525 530
525 681
525 763
525 764
525 807
525 878
525 953
525 974
525 976
526 527
526 528
526 529
526 530
526 667
526 728
526 841
526 849
526 963
527 529
527 530
527 566
527 631
527 828
527 912
527 915
527 990
528 529
528 530
528 889
528 909
529 614
529 651
529 730
530 648
530 685
530 757
530 884
530 995
531 532
531 533
531 535
531 536
531 537
531 538
531 539
531 540
531 739
531 784
531 966
532 533
532 535
532 537
532 538
532 539
532 540
532 541
532 670
532 671
532 904
532 998
533 534
533 535
533 536
533 538
533 539
533 540
533 544
533 589
533 662
533 798
533 799
534 535
534 536
534 537
534 540
534 663
534 838
534 845
534 949
535 537
535 539
535 540
535 573
535 576
535 694
535 820
535 884
535 968
535 994
536 537
536 538
536 539
536 540
536 549
536 572
536 649
536 699
536 701
536 857
536 867
536 879
536 983
537 539
537 540
537 665
537 702
537 721
537 829
537 957
537 988
538 540
538 605
538 670
538 672
538 748
538 809
539 540
539 728
539 795
539 802
539 839
540 649
540 749
540 953
541 542
541 544
541 545
541 546
541 547
541 548
541 549
541 550
541 589
541 696
541 730
541 773
541 825
541 855
541 947
542 543
542 544
542 545
542 546
542 547
542 548
542 549
542 550
542 574
542 721
542 873
543 544
543 545
543 546
543 547
543 548
543 549
543 550
543 730
543 752
543 821
543 954
544 545
544 547
544 548
544 549
544 550
545 546
545 548
545 549
545 596
545 667
545 721
545 731
545 841
546 547
546 549
546 550
546 674
546 727
546 809
546 933
547 549
547 550
547 672
547 739
547 746
547 795
547 933
547 951
548 549
548 550
548 590
548 679
548 697
549 550
549 558
549 621
549 758
549 892
549 1000
550 595
550 615
550 651
550 920
550 928
550 981
551 552
551 553
551 554
551 555
551 556
551 559
551 568
551 893
551 932
551 986
552 553
552 555
552 557
552 558
552 559
552 560
552 585
552 612
552 653
552 728
553 554
553 556
553 557
553 558
553 560
553 561
553 628
553 803
554 555
554 557
554 559
554 560
554 854
554 978
555 556
555 557
555 558
555 559
555 560
555 574
555 791
555 792
555 879
555 966
556 557
556 558
556 559
556 560
556 656
556 717
557 559
557 560
557 596
557 735
557 792
557 826
557 853
557 872
557 875
558 559
558 576
558 620
559 576
559 638
559 668
559 729
559 833
560 613
560 818
560 862
561 563
561 564
561 565
561 566
561 567
561 568
561 569
561 886
561 952
561 978
561 993
562 563
562 564
562 566
562 567
562 568
562 569
562 570
562 690
562 717
562 739
562 746
562 792
562 796
562 806
562 953
562 979
563 564
563 565
563 566
563 567
563 569
563 570
563 708
563 709
563 772
563 797
563 849
564 565
564 566
564 567
564 568
564 569
564 570
564 657
564 675
564 680
564 708
564 801
564 831
564 991
564 992
565 566
565 567
565 568
565 570
565 583
565 628
565 741
565 815
566 567
566 568
566 570
566 676
566 942
567 568
567 569
567 570
567 612
567 659
567 668
568 569
568 674
569 575
569 623
569 720
569 749
570 657
570 844
570 906
571 572
571 573
571 574
571 576
571 577
571 578
571 580
571 675
571 808
571 875
571 987
572 573
572 574
572 575
572 576
572 578
572 579
572 580
572 582
572 591
572 653
572 668
572 727
573 574
573 575
573 576
573 577
573 579
573 580
573 620
573 753
573 790
573 821
573 896
573 942
573 984
574 575
574 576
574 577
574 578
574 580
574 756
574 949
574 974
575 576
575 578
575 579
575 580
575 589
575 734
575 763
575 876
575 928
576 577
576 578
576 579
576 580
576 615
576 820
576 879
576 912
577 578
577 579
577 580
577 606
577 659
577 964
578 962
579 580
579 621
579 852
579 974
580 656
580 744
580 808
580 837
580 914
581 582
581 583
581 585
581 586
581 587
581 588
581 589
581 590
581 607
581 647
581 711
581 751
581 843
581 980
581 988
582 583
582 584
582 585
582 586
582 587
582 588
582 589
582 590
582 703
582 718
582 814
582 822
582 837
582 969
582 989
583 584
583 585
583 586
583 587
583 588
583 589
583 590
583 637
583 761
583 947
584 586
584 587
584 588
584 589
584 590
584 754
584 881
584 901
585 586
585 587
585 588
585 589
585 590
585 720
585 752
585 769
585 924
586 587
586 588
586 589
586 619
587 588
587 589
587 590
587 740
588 589
588 590
588 597
588 712
588 747
588 904
588 967
589 590
589 680
589 715
590 830
590 939
591 593
591 594
591 597
591 598
591 600
591 780
591 906
591 973
592 593
592 594
592 595
592 596
592 597
592 599
592 600
592 787
593 594
593 595
593 596
593 597
593 599
593 600
593 644
593 783
593 791
593 793
593 909
593 971
594 595
594 596
594 597
594 598
594 599
594 600
594 674
594 699
594 832
594 932
595 596
595 597
595 598
595 599
595 600
595 676
595 739
595 790
595 851
596 597
596 598
596 599
596 600
596 644
596 660
596 724
596 743
596 938
596 974
597 598
597 599
597 600
597 811
597 861
597 914
597 981
598 599
598 600
598 668
598 692
598 796
598 872
599 600
599 620
599 814
599 940
600 830
600 965
600 968
601 603
601 604
601 605
601 606
601 607
601 608
601 610
601 958
601 960
602 603
602 604
602 605
602 606
602 607
602 608
602 609
602 610
602 755
602 776
602 808
602 904
602 930
603 604
603 605
603 607
603 608
603 609
603 610
603 686
603 701
603 908
604 605
604 606
604 607
604 608
604 609
604 610
604 640
604 722
604 751
604 958
605 606
605 607
605 608
605 609
605 706
605 862
605 909
606 607
606 608
606 609
606 610
606 645
606 679
606 693
606 979
607 608
607 609
607 610
607 714
607 834
607 974
608 610
608 695
608 946
608 971
609 610
610 679
610 924
611 612
611 613
611 614
611 615
611 616
611 618
611 619
611 620
611 661
611 839
611 949
611 965
612 613
612 614
612 616
612 618
612 620
612 631
612 636
612 681
612 881
613 614
613 615
613 616
613 618
613 619
613 620
613 634
613 752
613 838
613 993
614 616
614 618
614 619
614 620
614 663
614 673
614 898
614 906
614 985
615 616
615 617
615 619
615 651
615 675
615 757
615 801
615 940
615 992
616 617
616 618
616 619
616 620
616 860
617 618
617 619
617 620
617 649
617 668
617 809
618 619
618 620
618 665
618 750
618 765
618 933
619 620
619 701
619 704
619 733
619 817
619 938
620 759
620 764
620 961
620 981
621 622
621 624
621 625
621 626
621 627
621 629
621 652
621 768
621 904
621 946
622 623
622 624
622 625
622 626
622 627
622 628
622 629
622 630
622 650
622 685
622 745
622 754
622 797
622 938
622 994
623 624
623 625
623 626
623 627
623 628
623 629
623 646
623 827
623 841
623 879
624 625
624 626
624 628
624 629
624 630
624 643
624 806
624 964
624 974
625 626
625 627
625 628
625 629
625 630
625 643
625 774
625 807
625 909
626 627
626 630
626 778
626 960
627 628
627 629
627 630
627 659
627 690
627 714
627 961
627 986
628 629
628 630
628 664
628 710
628 833
628 857
628 908
629 630
629 709
629 934
630 755
630 817
630 873
631 632
631 633
631 634
631 635
631 636
631 637
631 638
631 639
631 640
631 832
631 926
631 940
631 944
632 633
632 634
632 635
632 636
632 637
632 638
632 639
632 839
632 901
633 634
633 636
633 637
633 638
633 639
633 640
633 679
633 740
633 780
634 635
634 636
634 637
634 639
634 640
634 641
634 788
634 938
634 963
634 976
635 636
635 637
635 638
635 640
635 663
635 773
635 849
635 997
636 639
636 640
636 873
637 638
637 724
637 985
638 639
638 647
638 698
638 925
639 781
639 816
639 939
641 644
641 645
641 646
641 648
641 649
641 650
641 784
641 842
641 930
642 643
642 644
642 645
642 646
642 647
642 648
642 649
642 650
642 712
642 932
643 644
643 646
643 647
643 648
643 649
643 650
643 818
643 861
644 645
644 646
644 647
644 650
644 666
644 706
644 886
644 919
644 946
645 646
645 647
645 648
645 649
645 650
645 738
645 800
646 647
646 648
646 649
646 650
646 670
646 710
646 750
646 821
646 936
647 649
647 650
647 858
647 945
647 973
647 991
648 650
648 861
648 875
648 903
648 948
648 985
649 650
649 852
649 859
649 976
649 982
650 746
650 749
650 893
651 652
651 653
651 654
651 655
651 656
651 657
651 659
651 660
651 706
651 765
651 810
651 867
651 868
651 919
652 653
652 654
652 655
652 656
652 658
652 659
652 660
652 721
652 734
652 799
652 909
652 976
653 654
653 655
653 656
653 658
653 659
653 660
653 679
653 827
653 851
653 867
653 977
654 655
654 656
654 658
654 659
654 709
654 814
654 873
654 876
654 880
654 950
654 999
655 656
655 657
655 659
655 660
655 785
655 830
655 884
655 908
656 657
656 658
656 660
656 726
656 881
656 900
657 658
657 660
657 876
658 660
658 750
659 729
659 878
660 738
660 857
660 932
660 987
661 663
661 665
661 667
661 668
661 669
661 670
661 899
661 904
661 944
662 664
662 665
662 666
662 667
662 668
662 669
662 670
662 740
662 849
662 895
662 932
663 664
663 665
663 668
663 669
663 670
663 850
664 665
664 666
664 667
664 668
664 669
664 670
664 673
664 749
664 763
664 777
664 825
665 668
665 670
665 683
665 757
666 668
666 669
666 670
666 728
666 944
666 991
666 999
667 668
667 669
667 670
667 837
667 891
667 945
668 670
668 853
668 883
669 670
669 702
669 766
669 832
669 981
669 1000
670 674
670 707
670 708
670 857
670 883
670 986
671 672
671 673
671 677
671 678
671 680
671 805
671 848
671 899
672 674
672 675
672 676
672 679
672 816
673 674
673 676
673 677
673 678
673 679
673 680
673 767
673 996
674 675
674 678
674 679
674 680
674 902
674 964
675 676
675 677
675 678
675 679
675 680
675 698
675 702
675 720
675 967
676 677
676 679
676 680
676 812
676 910
676 992
677 678
677 679
677 680
678 679
678 680
678 684
678 704
678 782
678 844
678 904
678 992
679 785
679 879
679 974
679 978
680 697
680 797
680 937
680 956
680 1000
681 682
681 684
681 685
681 686
681 687
681 688
681 689
681 690
681 716
681 799
681 833
681 834
681 919
682 683
682 684
682 685
682 686
682 687
682 688
682 690
683 685
683 686
683 687
683 688
683 689
683 690
683 692
683 766
683 804
683 866
683 984
684 686
684 687
684 688
684 689
684 690
684 753
684 774
684 782
684 885
685 686
685 687
685 688
685 690
685 742
685 906
685 934
685 976
685 993
686 690
686 745
686 761
686 975
686 979
686 984
687 688
687 773
687 903
687 1000
688 689
688 690
688 760
688 778
688 801
688 913
689 690
689 697
689 791
689 811
690 813
690 856
690 924
691 692
691 693
691 694
691 695
691 696
691 697
691 698
691 700
691 823
691 942
692 695
692 696
692 697
692 698
692 699
692 767
692 773
692 910
692 912
693 694
693 695
693 697
693 699
693 700
693 788
693 808
693 840
693 855
693 995
694 695
694 696
694 698
694 699
694 700
694 732
694 746
695 696
695 697
695 698
695 699
695 731
695 752
695 901
696 698
696 700
696 895
697 698
697 699
697 700
697 787
698 699
698 700
698 829
698 950
699 700
699 735
699 796
699 895
699 947
700 833
700 850
700 966
701 703
701 704
701 705
701 706
701 708
701 709
701 710
701 716
701 847
701 862
701 916
701 953
701 969
702 704
702 705
702 706
702 707
702 708
702 709
702 775
702 791
702 838
702 947
702 988
703 704
703 705
703 707
703 708
703 709
703 710
703 728
703 911
704 705
704 708
704 709
704 710
704 807
705 706
705 707
705 709
705 808
705 943
706 707
706 708
706 709
706 710
706 715
706 872
707 708
707 710
707 772
708 709
708 710
708 751
708 926
709 710
709 771
709 830
709 959
710 811
710 854
710 968
711 712
711 713
711 715
711 716
711 717
711 718
711 719
711 720
711 763
711 849
711 950
712 713
712 714
712 715
712 716
712 717
712 720
712 734
712 735
712 782
712 834
712 851
712 882
712 916
712 945
712 954
712 983
713 714
713 715
713 716
713 720
713 807
713 887
714 715
714 717
714 719
714 720
714 779
714 830
714 868
714 996
715 716
715 717
715 718
715 719
715 753
716 717
716 718
716 719
716 734
716 851
716 859
716 897
717 718
717 719
717 790
718 719
718 720
718 739
718 865
718 868
718 900
719 773
719 919
719 970
720 835
720 907
720 958
721 722
721 723
721 724
721 725
721 726
721 727
721 728
721 730
721 748
721 849
722 724
722 725
722 726
722 728
722 730
722 932
722 938
722 976
723 724
723 725
723 726
723 727
723 728
723 729
723 730
723 767
723 807
723 842
723 874
724 725
724 726
724 727
724 729
724 730
724 831
724 989
725 727
725 728
725 729
725 730
725 734
725 778
726 727
726 729
726 730
726 752
726 877
727 728
727 729
727 730
727 732
727 796
728 729
728 730
728 774
728 865
728 922
729 730
729 772
730 796
730 919
730 983
731 732
731 733
731 734
731 735
731 736
731 737
731 739
732 733
732 734
732 736
732 737
732 738
732 739
732 781
732 823
733 735
733 736
733 737
733 738
733 739
733 740
733 825
733 877
734 735
734 737
734 738
734 739
734 764
734 807
734 903
734 908
734 932
735 736
735 737
735 739
735 807
736 737
736 738
736 739
736 740
736 801
736 808
736 921
737 740
737 851
737 880
737 919
738 739
738 740
738 789
738 847
738 979
739 740
739 798
739 889
739 916
740 887
740 937
740 963
740 968
740 986
741 743
741 744
741 746
741 747
741 748
741 749
741 784
741 815
741 903
741 949
742 743
742 745
742 747
742 748
742 749
742 750
743 744
743 745
743 746
743 747
743 748
743 749
743 806
743 824
743 857
743 875
744 745
744 746
744 747
744 750
744 802
744 937
745 746
745 748
745 749
745 750
745 863
746 748
746 750
746 942
747 824
747 945
747 963
748 749
748 750
748 926
749 750
749 969
749 995
750 851
750 872
750 989
751 752
751 753
751 754
751 757
751 758
751 759
751 760
751 833
751 916
751 968
752 753
752 754
752 755
752 756
752 758
752 759
752 760
753 754
753 756
753 758
753 759
753 969
754 756
754 757
754 759
754 760
754 839
754 981
754 998
755 756
755 757
755 758
755 759
755 849
755 887
755 901
756 757
756 758
756 759
756 760
756 912
756 919
756 952
757 758
757 759
757 760
757 773
757 777
757 779
757 925
757 963
758 759
758 760
758 779
758 834
759 802
760 770
761 764
761 765
761 766
761 768
761 769
761 770
762 763
762 764
762 765
762 767
762 768
762 769
762 770
762 943
762 975
762 978
763 764
763 765
763 766
763 767
763 768
763 769
763 770
763 800
763 807
763 891
763 903
763 905
764 765
764 766
764 767
764 769
764 770
764 795
764 799
764 837
764 981
765 766
765 767
765 768
765 769
765 770
766 767
766 768
766 769
766 770
766 828
766 840
766 966
767 768
767 769
767 770
767 780
767 783
767 910
767 978
767 988
768 769
768 770
768 813
768 815
768 850
768 886
768 988
769 907
769 948
770 787
770 977
771 774
771 775
771 776
771 777
771 778
771 779
771 780
771 912
771 927
771 951
771 995
772 773
772 774
772 775
772 776
772 777
772 780
772 930
773 774
773 775
773 776
773 777
773 778
773 779
773 780
773 955
774 776
774 777
774 778
774 779
774 787
774 812
774 821
774 912
775 776
775 778
775 779
775 780
775 862
775 875
775 975
775 983
776 777
776 778
776 779
776 780
776 838
776 871
776 940
776 966
777 778
777 779
777 780
777 816
778 779
778 862
779 780
779 819
779 864
779 868
779 881
780 908
781 782
781 783
781 784
781 785
781 786
781 787
781 788
781 789
781 790
781 854
782 783
782 784
782 785
782 786
782 787
782 788
782 789
782 790
782 802
782 907
782 982
783 784
783 786
783 788
783 789
783 790
783 891
783 964
783 966
784 785
784 786
784 788
784 790
785 786
785 788
785 789
785 790
785 869
785 960
786 787
786 788
786 789
786 790
786 801
786 904
787 788
787 790
787 896
787 897
788 789
788 790
788 826
788 855
788 863
788 868
788 891
788 906
789 790
789 826
789 947
790 804
790 897
790 946
791 792
791 793
791 794
791 795
791 796
791 797
791 798
791 799
791 800
791 850
791 955
792 793
792 794
792 795
792 796
792 799
792 800
792 900
792 911
792 929
792 937
792 976
793 794
793 795
793 796
793 797
793 799
793 800
793 970
794 795
794 796
794 797
794 798
794 799
794 800
794 929
794 977
795 796
795 797
795 798
795 800
795 832
795 914
796 797
796 799
796 800
796 879
797 799
798 799
798 807
798 966
798 983
799 800
799 816
799 879
801 803
801 804
801 805
801 807
801 809
801 810
802 803
802 804
802 805
802 806
802 807
802 810
802 846
802 959
802 968
803 804
803 806
803 807
803 808
803 810
803 817
803 950
803 987
804 805
804 806
804 807
804 808
804 809
804 810
805 806
805 807
805 808
805 809
805 810
805 827
805 899
806 807
806 808
806 979
807 808
807 809
807 810
807 947
808 809
808 856
808 954
809 917
811 812
811 813
811 814
811 815
811 816
811 817
811 818
811 820
811 946
811 953
811 965
811 984
812 814
812 815
812 816
812 817
812 820
813 814
813 815
813 817
813 818
813 819
813 820
813 935
814 816
814 817
814 818
814 819
814 820
814 841
814 849
814 855
815 816
815 818
815 819
815 820
816 817
816 818
816 819
816 820
816 867
817 818
817 819
817 850
817 882
818 819
818 820
818 847
818 879
818 887
818 949
819 835
820 878
821 824
821 825
821 828
821 829
821 830
821 841
821 867
821 998
822 823
822 824
822 825
822 826
822 827
822 830
822 837
823 824
823 825
823 828
823 829
823 830
823 846
823 914
823 946
823 957
824 825
824 826
824 827
824 828
824 829
824 830
824 941
824 944
824 1000
825 826
825 827
825 828
825 829
825 830
825 831
825 868
826 827
826 828
826 830
826 918
826 995
827 828
827 829
827 830
827 906
828 855
828 871
828 906
829 839
830 993
831 832
831 834
831 835
831 836
831 837
831 838
831 839
831 840
831 850
832 833
832 834
832 835
832 836
832 837
832 838
832 839
832 840
832 847
832 975
832 997
833 834
833 835
833 836
833 838
833 840
833 876
833 964
833 980
834 835
834 836
834 837
834 838
835 837
835 838
835 840
835 876
835 882
835 955
836 837
836 838
836 839
836 962
837 838
837 839
837 905
838 839
838 938
838 965
839 840
839 870
840 919
841 842
841 843
841 844
841 845
841 846
841 847
841 849
841 850
841 854
841 994
842 843
842 844
842 845
842 846
842 847
842 848
842 849
842 850
842 935
843 845
843 846
843 847
843 848
843 849
843 850
844 845
844 847
844 848
844 849
844 850
845 847
845 848
845 849
845 937
845 967
846 848
846 849
846 850
846 926
846 992
847 848
847 850
847 883
848 849
848 850
848 963
848 980
849 850
849 911
849 932
849 972
850 904
851 852
851 853
851 854
851 855
851 856
851 857
851 858
851 859
851 860
852 853
852 854
852 855
852 856
852 858
852 859
852 860
852 942
852 959
853 855
853 856
853 857
853 858
853 859
853 860
853 863
853 941
853 989
854 856
854 857
854 858
854 859
854 860
854 892
854 913
854 921
855 856
855 857
855 859
855 860
855 931
855 949
856 857
856 858
856 859
856 866
856 882
857 858
857 859
857 860
857 959
858 860
859 860
859 963
860 949
861 862
861 863
861 864
861 865
861 866
861 867
861 868
861 869
861 870
862 863
862 864
862 865
862 866
862 867
862 868
862 869
862 986
863 864
863 865
863 866
863 867
863 868
863 869
863 870
863 880
863 985
864 865
864 867
864 868
864 869
864 929
864 969
865 866
865 867
865 868
865 869
865 870
865 897
865 967
865 974
866 867
866 868
866 869
866 870
866 951
867 869
867 870
868 869
868 870
868 876
868 880
868 993
869 870
869 979
869 989
870 935
871 872
871 873
871 874
871 875
871 877
871 878
871 879
871 880
871 976
871 1000
872 873
872 875
872 876
872 877
872 878
872 880
872 992
872 1000
873 874
873 875
873 878
873 880
873 902
874 876
874 877
874 878
874 880
874 925
875 876
875 877
875 878
875 880
876 877
876 878
876 879
876 880
876 895
876 897
876 942
876 982
877 878
877 880
877 924
878 879
878 903
880 971
881 882
881 883
881 884
881 885
881 886
881 888
881 889
881 890
881 962
882 883
882 884
882 885
882 887
882 889
882 890
882 909
883 884
883 885
883 887
883 888
883 889
883 890
883 922
884 885
884 886
884 887
884 888
884 889
884 890
885 886
885 887
885 888
885 889
885 890
885 931
885 934
885 970
885 993
886 887
886 888
886 889
886 890
886 966
887 888
887 889
887 890
888 889
888 890
888 929
888 980
889 890
891 893
891 896
891 897
891 898
891 899
891 900
891 959
892 894
892 895
892 897
892 898
892 899
892 900
892 916
892 932
893 895
893 896
893 897
893 898
893 899
893 900
894 895
894 897
894 899
894 900
894 932
895 896
895 898
895 899
895 900
896 897
896 898
896 899
896 900
897 898
897 900
897 939
897 959
898 899
898 900
899 900
900 980
901 902
901 903
901 905
901 908
901 909
901 910
901 912
901 947
902 903
902 904
902 905
902 906
902 907
902 910
903 904
903 905
903 906
903 907
903 908
903 909
903 910
903 946
903 999
904 905
904 906
904 908
904 909
904 938
904 981
905 906
905 907
905 909
905 910
905 995
906 907
906 908
906 909
906 910
906 958
906 987
907 908
907 909
907 910
907 962
908 909
908 910
908 928
908 956
910 945
911 912
911 913
911 915
911 916
911 917
911 918
911 919
911 920
911 941
912 913
912 914
912 915
912 916
912 918
912 919
912 996
913 915
913 916
913 917
913 918
913 919
913 920
913 945
914 915
914 916
914 917
914 918
914 919
914 920
915 916
915 917
915 918
915 919
916 918
916 919
916 936
917 918
917 919
917 920
918 919
918 920
920 997
921 922
921 923
921 924
921 925
921 926
921 929
921 930
921 957
921 982
922 923
922 924
922 927
922 928
922 929
922 930
923 924
923 925
923 927
923 928
923 929
923 930
923 996
924 925
924 927
924 928
924 929
924 930
924 958
925 926
925 927
925 928
925 929
925 930
925 980
926 927
926 928
926 929
926 930
927 928
927 929
927 930
927 972
928 930
929 930
929 933
930 945
930 985
931 932
931 933
931 934
931 935
931 936
931 938
931 939
932 933
932 934
932 936
932 937
932 938
932 939
932 940
932 949
933 935
933 936
933 937
933 938
933 939
933 940
933 944
934 935
934 936
934 937
934 938
934 939
934 940
934 959
934 995
935 937
935 939
935 940
935 975
936 937
936 938
936 939
936 940
936 944
937 938
937 939
937 940
938 939
938 940
939 940
941 942
941 945
941 946
941 948
941 949
941 950
942 943
942 944
942 952
942 978
942 983
943 946
943 947
943 948
943 950
944 945
944 946
944 948
944 949
945 947
945 948
945 949
945 950
945 956
946 947
946 948
946 949
947 949
947 950
947 980
948 949
948 950
949 950
950 964
950 1000
951 954
951 956
951 957
951 958
951 960
951 989
951 990
952 953
952 954
952 955
952 956
952 958
952 959
952 960
953 955
953 956
953 957
953 958
953 959
953 960
953 967
954 955
954 956
954 958
955 958
955 959
955 967
956 957
956 958
956 960
957 958
957 959
957 960
958 959
958 960
959 960
961 963
961 964
961 967
961 968
961 969
961 970
962 963
962 964
962 965
962 966
962 967
962 968
962 970
963 965
963 966
963 967
963 968
963 969
963 970
964 965
964 966
964 967
964 969
964 970
964 983
965 966
965 967
965 968
965 969
965 970
966 967
966 968
966 969
966 970
966 1000
967 968
967 970
968 969
969 970
971 972
971 974
971 975
971 976
971 977
971 978
971 979
971 980
972 973
972 974
972 975
972 976
972 977
972 978
972 979
972 980
973 974
973 975
973 976
973 980
974 975
974 978
974 979
975 977
975 978
975 979
975 980
976 978
976 979
976 980
977 978
977 979
977 980
978 979
978 980
979 980
981 982
981 983
981 984
981 986
981 987
981 988
981 990
982 984
982 986
982 987
982 988
982 989
982 990
983 984
983 985
983 986
983 987
983 988
983 989
983 990
984 987
984 988
984 989
984 990
985 987
985 988
985 989
985 990
986 987
986 988
986 989
986 993
987 988
987 989
987 990
987 996
988 989
988 990
989 990
991 993
991 995
991 998
991 999
991 1000
992 993
992 994
992 995
992 997
992 999
992 1000
993 994
993 996
993 997
993 999
994 995
994 997
994 999
994 1000
995 997
995 998
995 999
995 1000
996 997
996 998
996 999
996 1000
997 1000
998 999
998 1000
999 1000
