1000 8674
1 2
1 3
1 4
1 6
1 7
1 8
1 9
1 10
1 136
1 306
1 430
1 461
1 687
2 3
2 4
2 5
2 6
2 7
2 8
2 9
2 10
2 12
2 16
2 55
2 277
2 306
2 334
2 472
2 512
2 530
2 642
2 769
2 784
2 904
3 5
3 7
3 8
3 10
3 155
3 334
3 478
3 480
3 576
3 593
3 713
4 6
4 7
4 8
4 9
4 112
4 217
4 461
4 507
4 563
4 642
4 657
5 6
5 7
5 9
5 10
5 82
5 85
5 175
5 315
5 393
5 435
5 545
5 667
5 717
5 771
6 7
6 8
6 10
6 11
6 15
6 57
6 74
6 244
6 411
6 435
6 523
6 638
6 658
6 664
6 684
6 721
6 815
6 836
6 875
6 879
6 987
7 8
7 9
7 10
7 71
7 89
7 128
7 294
7 316
7 375
7 444
7 576
7 640
7 652
7 692
7 693
7 714
7 948
8 9
8 24
8 79
8 91
8 599
8 947
8 969
9 663
10 61
10 198
10 343
10 398
10 408
10 428
10 497
10 547
10 552
10 619
10 679
10 693
10 750
10 778
10 849
10 888
10 931
10 942
11 12
11 13
11 14
11 15
11 16
11 17
11 18
11 19
11 20
11 28
11 189
11 223
11 234
11 378
11 450
11 725
11 969
11 986
12 13
12 15
12 16
12 18
12 19
12 20
12 196
12 206
12 268
12 345
12 397
12 467
13 14
13 15
13 16
13 17
13 20
13 507
14 15
14 16
14 17
14 18
14 19
14 46
14 66
14 195
14 210
14 232
14 430
14 460
14 536
14 783
14 874
14 923
14 932
14 960
14 966
14 982
15 16
15 17
15 19
15 20
15 108
15 130
15 132
15 271
15 291
15 454
15 502
15 530
15 561
15 687
15 778
15 819
15 831
15 914
16 17
16 18
16 19
16 20
16 34
16 67
16 123
16 196
16 723
16 901
17 18
17 19
17 20
17 49
17 136
17 282
17 396
17 461
17 615
17 706
17 993
18 19
18 20
18 25
18 47
18 206
18 292
18 558
18 663
18 700
18 763
18 777
18 936
19 20
19 25
19 239
19 329
19 423
19 441
19 542
19 549
19 581
19 719
19 827
19 876
19 888
20 70
20 168
20 414
20 445
20 728
20 751
20 777
20 827
20 938
21 22
21 23
21 24
21 25
21 27
21 28
21 29
21 97
21 205
21 227
21 277
21 369
21 687
21 872
22 23
22 24
22 25
22 26
22 27
22 28
22 29
22 30
22 41
22 153
22 211
22 395
22 539
22 641
22 880
22 884
22 903
23 24
23 25
23 26
23 27
23 28
23 29
23 30
23 40
23 221
23 320
23 350
23 361
23 454
23 484
23 626
23 638
23 719
23 821
24 25
24 26
24 27
24 28
24 29
24 30
24 44
24 133
24 229
24 322
24 630
24 961
25 26
25 27
25 28
25 29
25 30
25 48
25 130
25 846
25 915
25 959
26 27
26 28
26 30
26 70
26 101
26 149
26 164
26 168
26 275
26 279
26 317
26 354
26 592
26 650
26 774
26 822
26 826
26 988
26 990
27 28
27 29
27 30
27 329
27 335
27 521
27 530
27 573
27 640
27 829
27 980
28 29
28 30
28 213
28 330
28 423
28 481
28 646
28 817
28 999
29 30
29 129
29 142
29 326
29 468
29 505
29 625
29 641
29 681
29 714
29 799
29 814
29 916
30 161
30 242
30 273
30 274
30 282
30 519
30 530
30 631
30 747
30 787
30 886
30 969
30 970
30 992
31 33
31 34
31 35
31 36
31 37
31 39
31 40
31 98
31 109
31 325
31 585
31 721
31 752
31 808
31 898
32 34
32 35
32 36
32 37
32 38
32 39
32 40
32 52
32 115
32 348
32 418
32 420
32 588
32 719
32 737
32 786
32 866
32 873
32 875
32 939
32 951
33 34
33 35
33 36
33 37
33 38
33 39
33 40
33 53
33 71
33 333
33 380
33 647
33 761
33 851
33 903
34 35
34 36
34 37
34 38
34 39
34 40
34 157
34 189
34 212
34 337
34 461
34 504
34 613
34 657
34 680
34 709
34 815
35 36
35 37
35 38
35 39
35 40
35 72
35 100
35 322
35 623
35 748
35 801
35 852
35 919
36 37
36 38
36 39
36 58
36 103
36 164
36 246
36 609
36 828
36 884
36 965
37 38
37 39
37 40
37 51
37 147
37 167
37 204
37 471
37 513
37 673
37 762
37 952
38 39
38 40
38 81
38 318
38 351
38 689
38 695
38 737
38 795
39 40
39 229
39 269
39 463
39 616
39 726
39 860
39 944
39 994
40 49
40 161
40 299
40 348
40 360
40 397
40 429
40 445
40 446
40 535
40 737
40 809
40 813
40 980
41 42
41 43
41 44
41 46
41 47
41 48
41 49
41 54
41 86
41 102
41 125
41 235
41 437
41 599
41 805
41 921
41 938
42 44
42 45
42 46
42 47
42 48
42 49
42 50
42 186
42 188
42 264
42 291
42 302
42 307
42 378
42 466
42 505
42 509
42 600
42 668
42 861
42 891
42 949
43 45
43 46
43 47
43 48
43 50
43 498
43 515
43 745
43 790
43 820
43 985
44 45
44 46
44 47
44 48
44 49
44 50
44 60
44 108
44 126
44 176
44 361
44 428
44 468
44 803
44 817
44 911
44 990
45 46
45 47
45 48
45 49
45 50
45 110
45 441
45 500
45 512
45 538
45 865
45 974
46 47
46 48
46 49
46 93
46 157
46 180
46 288
46 294
46 310
46 379
46 462
46 513
46 631
46 735
46 776
46 837
47 48
47 130
47 150
47 240
47 360
47 426
47 437
47 583
47 697
47 733
47 779
47 944
48 49
48 50
48 260
48 338
48 428
48 448
48 472
48 531
48 587
48 624
48 692
48 727
48 773
48 791
48 820
48 861
48 894
48 969
48 985
49 264
49 292
49 296
49 304
49 404
49 441
49 529
49 599
49 637
49 674
49 740
49 866
49 1000
50 123
50 199
50 224
50 460
50 468
50 748
50 800
50 980
51 52
51 53
51 54
51 55
51 57
51 58
51 59
51 60
51 99
51 113
51 179
51 215
51 302
51 365
51 433
51 767
52 55
52 56
52 57
52 58
52 59
52 60
52 166
52 200
52 241
52 274
52 275
52 363
52 393
52 498
52 722
52 786
52 835
52 852
53 54
53 55
53 56
53 57
53 58
53 59
53 60
53 76
53 291
53 322
53 358
53 952
54 55
54 56
54 58
54 59
54 60
54 232
54 247
54 409
54 591
54 791
55 57
55 58
55 59
55 60
55 203
55 265
55 279
55 346
55 382
55 393
55 470
55 550
55 593
55 792
55 963
55 988
56 58
56 60
56 79
56 233
56 269
56 390
56 507
56 843
56 906
56 952
56 964
57 58
57 60
57 150
57 236
57 644
57 656
57 690
57 702
57 994
58 181
58 318
58 380
58 542
58 690
58 740
58 802
59 60
59 114
59 369
59 506
59 896
60 71
60 216
60 322
60 551
60 651
61 62
61 64
61 65
61 66
61 67
61 68
61 69
61 70
61 110
61 139
61 142
61 156
61 679
61 704
61 830
62 65
62 66
62 67
62 68
62 70
62 155
62 255
62 325
62 363
62 389
62 420
62 558
62 644
62 805
62 817
62 914
63 64
63 66
63 68
63 69
63 70
63 108
63 144
63 268
63 287
63 314
63 337
63 437
63 446
63 618
63 753
63 830
63 964
64 65
64 66
64 67
64 68
64 69
64 80
64 172
64 246
64 247
64 299
64 304
64 374
64 442
64 499
64 550
64 705
64 749
64 801
64 847
64 891
65 67
65 68
65 69
65 70
65 255
65 267
65 397
65 410
65 429
65 599
65 614
65 630
65 635
65 658
65 667
65 737
65 796
65 853
65 974
65 990
66 68
66 69
66 70
66 82
66 125
66 213
66 263
66 325
66 451
66 568
66 643
66 779
66 930
67 68
67 69
67 70
67 363
67 365
67 531
67 687
67 819
67 895
67 906
68 69
68 70
68 115
68 413
68 557
69 70
69 125
69 187
69 627
69 677
69 893
70 83
70 96
70 294
70 366
70 433
70 729
70 733
70 835
70 856
70 915
71 72
71 74
71 75
71 76
71 77
71 78
71 79
71 80
71 116
71 213
71 324
71 595
71 919
71 945
72 73
72 75
72 76
72 77
72 78
72 80
72 248
72 309
72 333
72 546
72 570
72 868
72 873
72 885
73 74
73 76
73 77
73 79
73 177
73 232
73 415
73 439
73 514
73 592
73 789
73 811
73 847
74 75
74 76
74 80
74 117
74 184
74 229
74 244
74 297
74 408
74 468
74 646
74 799
74 889
74 905
74 977
75 77
75 78
75 80
75 106
75 190
75 202
75 587
75 592
75 621
75 622
75 645
75 647
75 901
75 956
76 77
76 79
76 171
76 201
76 243
76 252
76 334
76 338
76 607
76 621
76 669
76 728
76 940
77 78
77 79
77 80
77 97
77 194
77 231
77 313
77 373
77 431
77 507
77 509
77 513
77 584
77 670
77 977
78 79
78 103
78 234
78 458
78 568
78 903
78 912
78 929
78 952
78 999
79 133
79 339
79 349
79 368
79 414
79 534
79 643
79 783
79 939
79 947
80 218
80 607
80 699
80 724
80 837
80 932
80 941
81 82
81 83
81 86
81 87
81 88
81 89
81 90
81 305
81 584
81 634
81 798
81 867
81 941
81 945
82 83
82 84
82 85
82 86
82 87
82 88
82 89
82 90
82 108
82 357
82 512
82 584
82 611
82 662
82 783
82 787
82 896
82 902
82 908
82 909
83 85
83 86
83 87
83 88
83 89
83 90
83 166
83 197
83 399
83 495
83 551
83 758
83 832
83 931
84 85
84 86
84 87
84 88
84 90
84 92
84 230
84 352
84 548
84 600
84 610
84 630
84 723
84 779
84 786
84 981
85 86
85 87
85 88
85 89
85 149
85 208
85 447
85 536
85 549
85 836
86 87
86 88
86 89
86 470
86 577
86 593
86 609
86 960
87 88
87 89
87 90
87 101
87 104
87 124
87 172
87 175
87 251
87 288
87 292
87 425
87 440
87 663
87 828
87 850
87 910
87 932
88 90
88 115
88 230
88 243
88 276
88 416
88 417
88 811
88 813
88 875
88 890
89 90
89 110
89 249
89 319
89 395
89 455
89 590
89 600
89 827
90 149
90 194
90 199
90 245
90 685
90 738
90 820
90 859
90 964
90 976
91 92
91 93
91 94
91 95
91 96
91 97
91 98
91 99
91 100
91 125
91 180
91 188
91 248
91 291
91 560
91 777
91 805
91 852
91 991
92 93
92 96
92 97
92 98
92 99
92 100
92 225
92 241
92 246
92 288
92 360
92 435
92 445
92 450
92 475
92 507
92 565
92 595
92 797
92 799
92 930
92 943
93 94
93 95
93 96
93 97
93 99
93 100
93 609
93 740
93 841
93 885
93 962
93 977
94 95
94 96
94 97
94 98
94 99
94 101
94 182
94 300
94 356
94 448
94 524
94 686
94 695
94 744
94 774
94 802
94 827
94 842
94 847
94 910
95 96
95 97
95 98
95 99
95 100
95 134
95 153
95 320
95 322
95 612
95 631
95 964
95 978
96 97
96 99
96 100
96 133
96 276
96 385
96 433
96 442
96 733
96 883
97 99
97 100
97 304
97 410
97 596
97 679
97 866
97 902
97 1000
98 99
98 240
98 625
98 630
98 706
98 715
98 903
99 100
99 159
99 160
99 164
99 283
99 297
99 428
99 464
99 756
99 786
99 817
99 978
100 250
100 332
100 339
100 350
100 648
100 712
100 741
101 105
101 106
101 107
101 108
101 109
101 110
101 179
101 203
101 605
102 103
102 104
102 105
102 106
102 107
102 108
102 109
102 110
102 156
102 329
102 459
102 601
102 613
102 752
102 808
102 829
102 887
102 905
102 906
102 909
103 104
103 105
103 106
103 107
103 108
103 109
103 224
103 250
103 352
103 394
103 400
103 701
103 729
103 750
103 775
103 844
104 105
104 107
104 108
104 110
104 164
104 313
104 388
104 601
104 628
104 790
104 921
105 108
105 109
105 110
105 151
105 161
105 221
105 231
105 267
105 329
105 518
105 792
105 977
106 107
106 108
106 109
106 110
106 200
106 315
106 359
106 384
106 409
106 467
106 553
106 576
106 752
106 846
106 948
106 969
107 108
107 109
107 308
107 371
107 406
107 462
107 484
107 588
107 640
107 770
107 847
107 891
107 975
107 992
108 109
108 125
108 214
108 236
108 249
108 371
108 385
108 423
108 478
108 605
108 656
108 827
109 110
109 136
109 274
109 328
109 495
109 547
109 686
109 848
110 140
110 172
110 208
110 544
110 618
110 778
110 809
110 830
110 831
111 112
111 113
111 114
111 116
111 117
111 118
111 119
111 120
111 318
111 381
111 409
111 430
111 482
111 551
111 671
111 711
111 771
111 804
111 861
111 871
111 962
112 113
112 115
112 116
112 117
112 119
112 120
112 200
112 224
112 298
112 423
112 607
112 664
112 859
113 114
113 115
113 116
113 117
113 118
113 119
113 120
113 371
113 686
113 725
113 727
113 898
113 935
113 980
113 981
114 115
114 116
114 117
114 118
114 119
114 120
114 295
114 303
114 353
114 358
114 366
114 441
114 527
114 561
114 667
115 116
115 431
115 437
115 488
115 505
115 761
115 782
115 783
115 796
115 898
115 930
116 117
116 119
116 158
116 323
116 435
116 468
116 627
116 632
116 709
116 768
116 871
116 891
116 915
117 118
117 119
117 120
117 224
117 270
117 364
117 649
117 811
117 975
118 120
118 289
118 495
118 707
118 774
118 819
118 907
118 976
119 120
119 209
119 327
119 459
119 662
119 807
119 823
119 933
120 293
120 340
120 447
120 503
120 540
120 675
120 859
120 889
120 957
120 992
121 123
121 124
121 126
121 127
121 128
121 129
121 130
121 132
121 421
121 651
121 700
121 706
121 761
121 866
121 943
122 123
122 124
122 125
122 128
122 130
122 141
122 154
122 227
122 248
122 270
122 512
122 521
122 614
122 776
122 816
122 941
122 958
123 125
123 126
123 127
123 148
123 168
123 176
123 363
123 547
123 564
123 634
123 643
123 797
123 871
124 125
124 128
124 129
124 130
124 151
124 420
124 496
124 547
124 561
124 666
124 878
124 890
124 937
124 997
125 126
125 127
125 128
125 129
125 424
125 486
125 598
125 663
125 778
125 953
125 973
126 127
126 128
126 129
126 130
126 218
126 341
126 345
126 742
126 828
126 829
126 953
127 128
127 129
127 130
127 209
127 217
127 398
127 677
127 727
127 737
127 997
128 129
128 130
128 540
128 621
128 696
128 825
128 901
129 130
129 456
129 511
129 588
129 680
129 740
129 767
129 773
129 777
130 187
130 272
130 363
130 562
131 132
131 133
131 134
131 135
131 136
131 137
131 138
131 139
131 140
131 146
131 183
131 459
131 773
131 959
132 134
132 135
132 137
132 138
132 139
132 140
132 180
132 269
132 486
132 533
132 575
132 735
133 134
133 135
133 136
133 137
133 139
133 140
133 206
133 224
133 225
133 227
133 551
133 803
134 137
134 138
134 139
134 140
134 151
134 303
134 452
134 454
134 567
134 722
134 759
135 136
135 137
135 139
135 254
135 284
135 378
135 505
135 649
135 781
135 904
136 137
136 138
136 139
136 140
136 174
136 253
136 406
136 506
136 511
136 523
136 549
136 611
136 645
136 876
136 917
136 950
137 138
137 139
137 140
137 203
137 391
137 480
137 614
137 628
137 635
137 715
137 959
138 139
138 140
138 212
138 234
138 510
138 620
138 623
138 629
138 707
138 839
138 866
138 868
138 913
138 924
138 954
139 140
139 154
139 571
139 605
139 667
140 168
140 189
140 223
140 524
140 721
140 825
140 829
140 951
140 986
141 142
141 144
141 145
141 146
141 147
141 148
141 149
141 150
141 293
141 348
141 418
141 649
141 707
141 797
142 143
142 144
142 145
142 146
142 147
142 148
142 149
142 150
142 180
142 216
142 287
142 289
142 439
142 717
142 849
142 929
143 145
143 146
143 148
143 149
143 150
143 315
143 464
143 821
143 985
143 989
144 145
144 147
144 148
144 149
144 150
144 188
144 200
144 202
144 297
144 315
144 427
144 499
144 697
144 765
144 966
144 976
144 985
145 146
145 147
145 148
145 149
145 150
145 304
145 396
145 416
145 417
145 535
145 575
145 633
145 836
145 993
146 147
146 148
146 150
146 303
146 422
146 466
146 478
146 594
146 653
146 710
146 772
146 947
146 954
147 149
147 150
147 559
147 606
147 745
147 802
147 826
147 846
147 859
148 149
148 150
148 303
148 336
148 580
148 805
148 896
148 905
148 948
149 150
149 189
149 484
149 562
150 353
150 461
150 549
150 675
150 873
150 891
150 906
150 948
151 152
151 153
151 154
151 155
151 156
151 158
151 159
151 160
151 405
151 629
151 928
151 953
152 153
152 154
152 155
152 157
152 158
152 159
152 160
152 196
152 217
152 242
152 361
152 378
152 628
152 645
152 732
152 807
152 881
153 154
153 155
153 156
153 157
153 158
153 159
153 160
153 203
153 364
153 475
153 504
153 597
153 755
153 807
153 815
153 828
153 855
153 885
153 887
153 891
154 156
154 157
154 159
154 160
154 191
154 211
154 409
154 424
154 614
154 711
154 715
154 838
154 860
154 861
154 978
155 156
155 158
155 159
155 160
155 260
155 328
155 331
155 547
155 550
155 565
155 626
155 651
155 680
155 681
155 724
155 818
155 829
155 901
155 962
155 985
155 995
156 157
156 158
156 286
156 318
156 374
156 398
156 491
156 510
156 886
156 897
156 954
156 990
157 158
157 159
157 160
157 308
157 342
157 363
157 388
157 397
157 413
157 615
157 680
157 700
157 743
157 794
157 921
157 949
157 969
158 159
158 160
158 186
158 191
158 257
158 364
158 414
158 544
158 690
158 771
158 877
158 895
158 907
158 938
159 160
159 272
159 334
159 366
159 493
159 525
159 532
159 567
159 756
159 822
159 927
160 284
160 309
160 437
160 471
160 656
160 729
160 750
160 871
160 954
161 162
161 163
161 164
161 165
161 166
161 168
161 170
161 372
161 380
161 466
161 551
161 759
161 900
161 984
162 163
162 165
162 166
162 167
162 169
162 170
162 184
162 291
162 302
162 347
162 391
162 441
162 626
162 734
162 772
162 794
162 856
162 974
163 164
163 166
163 167
163 169
163 170
163 202
163 331
163 363
163 436
163 697
163 707
163 758
163 797
163 811
163 996
164 166
164 167
164 168
164 170
164 332
164 457
164 682
164 757
164 802
165 168
165 169
165 170
165 271
165 532
165 618
165 677
166 167
166 168
166 169
166 186
166 279
166 321
166 334
166 540
166 543
166 773
166 810
166 832
166 863
166 995
167 168
167 170
167 250
167 380
167 665
167 873
167 877
167 935
167 977
168 169
168 182
168 192
168 307
168 381
168 494
168 545
168 550
168 564
168 576
168 748
168 755
168 874
168 987
169 170
169 183
169 270
169 400
169 484
169 508
169 555
169 612
169 692
169 703
169 794
169 803
169 889
169 915
170 200
170 260
170 330
170 484
170 576
170 591
170 995
171 173
171 174
171 175
171 176
171 177
171 178
171 179
171 180
171 197
171 255
171 297
171 324
171 362
171 365
171 447
171 504
171 506
171 555
171 666
171 763
171 936
171 944
172 174
172 175
172 176
172 177
172 178
172 179
172 180
172 249
172 300
172 474
172 534
172 597
172 625
172 679
172 698
172 897
172 963
173 174
173 177
173 178
173 179
173 180
173 216
173 482
173 810
173 842
173 848
174 175
174 176
174 177
174 178
174 179
174 180
174 387
174 482
174 497
174 927
175 176
175 177
175 178
175 179
175 180
175 248
175 389
175 393
175 589
175 697
175 917
175 921
176 177
176 178
176 179
176 180
176 406
176 439
176 716
176 789
177 178
177 180
177 262
177 356
177 384
177 499
177 600
177 678
177 827
177 844
177 945
177 974
178 179
178 210
178 408
178 622
178 709
178 799
178 982
179 180
179 187
179 255
179 515
179 527
179 595
179 670
179 705
179 742
179 967
180 182
180 424
180 512
180 674
180 707
180 743
180 810
180 858
180 873
180 886
180 890
180 994
181 182
181 184
181 185
181 186
181 187
181 188
181 189
181 190
181 344
181 353
181 417
181 482
181 576
181 786
181 893
182 183
182 185
182 186
182 187
182 189
182 190
182 264
182 594
182 605
182 633
182 675
182 764
182 898
183 185
183 186
183 187
183 188
183 189
183 190
183 257
183 480
183 497
183 541
183 610
183 615
183 691
183 733
183 814
183 982
184 185
184 187
184 189
184 190
184 217
184 231
184 289
184 306
184 473
184 546
184 842
184 926
185 186
185 187
185 188
185 189
185 429
185 601
185 677
185 819
186 187
186 188
186 274
186 398
186 485
186 920
187 188
187 190
187 242
187 268
187 316
187 364
187 471
187 756
187 781
187 920
188 189
188 190
188 330
188 371
188 413
188 431
188 464
188 527
188 531
188 547
188 581
188 599
188 700
188 751
189 190
189 210
189 243
189 398
189 674
189 805
189 827
189 859
189 867
190 215
190 397
190 402
190 503
190 541
190 620
190 669
190 754
190 773
190 932
191 193
191 194
191 195
191 196
191 197
191 199
191 200
191 209
191 292
191 296
191 491
191 553
191 658
191 667
191 696
191 745
191 881
191 899
192 193
192 194
192 196
192 197
192 198
192 199
192 460
192 491
192 516
192 526
192 631
192 950
193 194
193 195
193 196
193 197
193 199
193 200
193 239
193 303
193 506
194 195
194 196
194 197
194 198
194 199
194 200
194 215
194 248
194 272
194 467
194 556
194 620
194 659
194 697
195 197
195 198
195 199
195 200
195 360
195 412
195 682
195 864
196 197
196 198
196 199
196 200
196 261
196 318
196 363
196 529
196 530
196 587
196 597
196 669
196 780
197 198
197 199
197 200
197 211
197 417
197 484
197 543
197 709
197 963
197 1000
198 199
198 200
198 201
198 293
198 328
198 342
198 485
198 549
198 609
198 668
198 722
198 750
198 798
198 1000
199 200
199 265
199 267
199 384
199 410
199 558
199 717
199 850
199 861
199 866
199 896
199 920
199 967
200 203
200 385
200 693
200 754
201 202
201 203
201 204
201 207
201 208
201 210
201 255
201 409
201 468
201 582
201 620
201 891
201 958
201 976
202 203
202 204
202 205
202 207
202 208
202 209
202 210
202 250
202 482
202 979
203 204
203 205
203 206
203 207
203 208
203 210
203 360
203 527
203 536
203 606
203 680
203 705
203 738
203 753
203 834
203 956
204 205
204 206
204 210
204 372
204 390
204 418
204 781
204 812
204 853
204 973
204 990
205 206
205 207
205 208
205 209
205 279
205 366
205 404
205 423
205 909
205 933
206 207
206 209
206 239
206 387
206 620
206 775
206 917
207 210
207 220
207 329
207 513
207 593
207 692
208 210
208 323
208 448
208 545
208 578
208 582
208 631
208 661
208 741
208 808
208 863
208 914
209 210
209 432
209 451
209 638
209 723
209 784
209 804
209 809
209 915
209 944
209 983
209 990
210 264
210 432
210 457
210 497
210 546
210 679
210 760
210 815
210 843
211 212
211 213
211 214
211 215
211 216
211 217
211 218
211 220
211 234
211 305
211 357
211 478
211 812
212 213
212 214
212 216
212 218
212 220
212 229
212 295
212 427
212 473
212 488
212 748
212 791
212 904
212 914
213 214
213 215
213 216
213 217
213 218
213 220
213 285
213 363
213 417
213 523
213 567
213 630
213 718
213 883
213 948
214 215
214 216
214 217
214 218
214 219
214 220
214 262
214 609
214 874
215 216
215 217
215 218
215 219
215 320
215 435
215 567
215 771
215 792
216 217
216 219
216 405
216 452
216 601
216 630
216 652
216 671
216 734
216 800
217 218
217 219
217 220
217 684
217 752
217 758
217 790
217 916
218 219
218 220
218 228
218 340
218 378
218 413
218 563
218 580
218 936
218 959
218 996
219 220
219 288
219 354
219 429
219 510
219 719
219 782
219 860
219 917
219 923
220 250
220 390
220 802
220 869
220 931
220 952
220 978
221 222
221 223
221 224
221 226
221 228
221 229
221 252
221 280
221 333
221 532
221 593
221 617
221 641
221 912
222 223
222 224
222 225
222 226
222 227
222 228
222 229
222 230
222 339
222 511
222 632
222 653
222 751
222 835
222 857
222 872
222 887
222 920
223 224
223 225
223 226
223 227
223 228
223 229
223 241
223 587
223 800
223 922
223 956
224 225
224 228
224 229
224 230
224 324
224 339
224 372
224 379
224 458
224 521
224 570
224 662
224 775
224 850
224 893
224 925
225 226
225 227
225 228
225 229
225 230
225 415
225 499
225 533
225 705
225 721
225 731
225 861
225 947
225 951
226 227
226 228
226 229
226 274
226 320
226 369
226 409
226 470
226 518
226 549
226 569
226 668
226 773
226 877
226 911
226 940
226 948
226 988
227 229
227 230
227 251
227 747
227 921
228 230
228 318
228 319
228 519
228 557
228 632
228 760
229 230
229 518
230 291
230 315
230 518
230 571
230 783
230 790
230 855
230 891
230 907
231 232
231 233
231 234
231 236
231 237
231 238
231 239
231 240
231 242
231 364
231 642
231 647
231 650
231 728
231 733
231 783
231 964
232 234
232 238
232 239
232 363
232 752
232 805
232 808
232 887
233 234
233 235
233 237
233 238
233 239
233 240
233 401
233 455
233 580
233 743
233 836
233 983
233 989
234 236
234 237
234 238
234 365
234 613
234 817
234 834
234 999
235 236
235 237
235 238
235 291
235 407
235 533
235 750
235 853
235 881
235 910
236 237
236 240
236 286
236 369
236 430
236 466
236 490
236 491
236 577
236 635
236 640
236 706
237 238
237 239
237 259
237 363
237 440
237 486
237 553
237 555
237 570
237 673
237 727
237 736
237 841
238 239
238 240
238 243
238 244
238 254
238 376
238 437
238 639
238 778
238 802
238 864
238 910
238 942
239 240
239 533
239 597
239 656
239 662
239 781
239 792
239 820
240 301
240 398
240 429
240 529
240 592
240 679
240 814
240 907
240 940
240 978
241 242
241 243
241 246
241 247
241 248
241 249
241 250
241 426
241 460
241 705
241 734
241 786
241 927
242 243
242 244
242 245
242 246
242 247
242 249
242 250
242 295
242 528
242 583
242 614
242 765
243 244
243 245
243 246
243 248
243 249
243 250
243 273
243 293
243 311
243 359
243 360
243 539
243 553
243 710
243 713
243 787
243 959
244 245
244 246
244 247
244 249
244 250
244 325
244 340
244 419
244 442
244 451
244 452
244 504
244 646
244 665
244 756
244 767
244 809
244 874
244 913
244 926
244 943
245 246
245 247
245 248
245 249
245 250
245 263
245 290
245 375
245 509
245 532
245 626
245 737
245 761
245 912
245 962
245 966
246 247
246 248
246 249
246 250
246 380
246 395
246 470
246 659
246 756
246 785
247 248
247 249
247 250
247 270
247 298
247 346
247 347
247 855
248 250
248 756
248 794
248 953
248 964
249 401
249 452
249 513
249 535
249 567
249 583
249 646
249 889
249 942
249 955
249 978
250 282
250 294
250 397
250 483
250 663
250 695
250 773
250 862
250 909
250 947
251 252
251 253
251 255
251 256
251 257
251 258
251 259
251 260
251 266
251 334
251 392
251 608
251 869
252 253
252 254
252 255
252 256
252 257
252 258
252 260
252 372
252 440
252 472
252 473
252 489
252 527
252 567
252 686
252 773
252 849
252 990
253 254
253 255
253 256
253 257
253 258
253 259
253 260
253 317
253 342
253 462
253 580
253 604
253 616
253 619
253 684
253 893
253 919
254 256
254 257
254 258
254 259
254 260
254 335
254 357
254 410
254 479
254 666
254 856
254 899
255 256
255 257
255 258
255 259
255 260
255 376
255 384
255 409
255 510
255 727
255 866
255 919
256 257
256 258
256 259
256 461
256 465
256 551
256 666
256 760
256 931
256 977
257 258
257 259
257 260
257 262
257 367
257 725
258 350
258 376
258 396
258 439
258 711
258 830
258 973
259 260
259 271
259 527
259 547
259 712
259 723
259 956
260 276
260 315
260 375
260 543
260 709
261 262
261 263
261 264
261 265
261 267
261 268
261 269
261 270
261 339
261 411
261 436
261 457
261 572
261 644
261 652
261 771
261 893
262 263
262 265
262 266
262 267
262 270
262 318
262 326
262 516
262 741
262 820
262 902
262 958
262 972
262 981
262 984
263 264
263 265
263 266
263 267
263 268
263 269
263 270
263 276
263 307
263 314
263 407
263 535
263 603
263 769
263 804
263 813
264 265
264 266
264 268
264 270
264 366
264 513
264 545
264 680
264 705
264 810
264 902
265 266
265 268
265 269
265 270
265 348
265 651
265 775
265 800
265 847
265 990
266 269
266 270
266 317
266 478
266 525
266 633
266 890
266 953
266 981
266 996
267 268
267 270
267 284
267 357
267 384
267 452
267 740
267 762
267 945
267 976
268 269
268 270
268 465
268 568
268 909
268 990
269 270
269 432
269 445
269 459
269 542
269 622
269 815
270 469
270 490
270 787
270 804
271 272
271 273
271 274
271 275
271 276
271 277
271 278
271 279
271 280
271 337
271 358
271 362
271 412
271 503
271 585
271 951
272 273
272 275
272 276
272 277
272 278
272 279
272 280
272 360
272 435
272 452
272 585
272 639
272 826
272 844
272 886
272 909
273 274
273 275
273 276
273 277
273 278
273 279
273 280
273 284
273 327
273 534
273 693
273 753
273 809
273 883
274 275
274 276
274 277
274 278
274 398
274 634
274 764
274 771
274 875
275 276
275 277
275 278
275 279
275 491
275 666
275 742
275 831
275 854
275 891
276 278
276 279
276 283
276 286
276 318
276 351
276 477
276 523
276 596
276 770
276 779
276 975
276 977
277 278
277 279
277 280
277 287
277 364
277 416
277 488
277 523
277 575
277 617
277 636
277 644
277 750
277 830
277 916
278 279
278 280
278 329
278 340
278 404
278 521
278 524
278 645
278 838
278 853
278 882
278 954
278 960
279 289
279 341
279 486
279 492
279 703
279 780
279 903
279 904
279 969
280 313
280 354
280 419
280 473
280 556
280 581
280 672
280 693
280 809
280 857
280 917
281 282
281 284
281 285
281 287
281 288
281 289
281 290
281 471
281 516
281 557
281 578
281 639
281 841
281 895
281 985
282 283
282 284
282 285
282 286
282 287
282 288
282 566
282 656
282 660
282 700
282 805
282 874
282 932
283 284
283 285
283 286
283 287
283 288
283 289
283 290
283 308
283 438
283 626
283 774
283 833
284 285
284 287
284 290
284 339
284 407
284 551
284 691
284 858
284 995
285 288
285 320
285 410
285 451
285 468
285 477
285 547
285 580
285 606
285 621
285 647
285 669
285 721
285 743
286 287
286 288
286 289
286 290
286 295
286 397
286 463
286 527
286 685
286 732
286 932
287 288
287 289
287 290
287 362
287 653
287 916
287 962
288 289
288 290
288 388
288 553
288 714
288 756
288 921
288 942
288 978
288 979
289 290
289 422
289 498
289 577
289 605
289 808
289 953
290 319
290 678
290 709
290 727
290 741
290 781
290 911
290 932
291 293
291 294
291 295
291 296
291 297
291 298
291 299
291 511
291 550
291 627
291 689
291 755
291 770
291 795
291 864
291 945
291 987
291 990
292 293
292 294
292 295
292 296
292 297
292 298
292 299
292 300
292 344
292 414
292 495
292 605
292 658
292 705
292 826
292 899
292 988
293 294
293 295
293 296
293 297
293 299
293 300
293 334
293 386
293 389
293 592
293 850
293 851
293 933
293 980
294 295
294 296
294 297
294 298
294 299
294 300
294 380
294 403
294 612
294 625
294 725
294 981
295 296
295 297
295 298
295 300
295 363
295 395
295 430
295 491
295 583
295 629
295 775
295 817
295 833
295 918
295 924
295 984
296 297
296 298
296 299
296 300
296 431
296 611
296 650
296 783
296 854
296 889
296 998
297 299
297 300
297 301
297 345
297 715
297 754
297 766
297 828
297 854
297 865
297 870
297 889
298 299
298 300
298 303
298 431
298 484
298 685
298 875
299 300
299 309
299 338
299 375
300 302
300 306
300 767
301 302
301 304
301 305
301 306
301 310
301 379
301 380
301 427
301 505
301 528
301 533
301 534
301 549
301 561
301 576
301 624
301 765
301 793
301 961
302 303
302 304
302 305
302 306
302 307
302 308
302 309
302 310
302 720
302 800
303 304
303 306
303 307
303 308
303 309
303 367
303 546
303 693
303 695
303 831
303 929
303 970
303 985
304 305
304 306
304 310
304 365
304 503
304 570
304 631
304 658
304 715
304 774
304 800
305 306
305 309
305 442
305 490
305 509
305 521
305 524
305 667
305 679
305 685
305 788
305 799
305 935
305 955
305 961
305 992
306 308
306 309
306 310
306 541
306 715
306 844
306 902
306 957
306 962
306 978
306 990
307 308
307 309
307 310
307 324
307 337
307 339
307 410
307 483
307 621
307 632
307 645
307 757
308 309
308 310
308 354
308 461
308 633
308 713
308 749
308 784
308 793
308 945
309 310
309 427
309 463
309 505
309 523
309 614
309 724
310 501
310 522
310 613
310 624
310 644
310 678
310 685
310 719
310 729
310 742
310 881
310 923
311 312
311 313
311 314
311 315
311 316
311 317
311 318
311 319
311 320
311 413
311 551
311 605
311 626
311 641
311 674
311 690
311 886
311 899
311 919
312 313
312 314
312 315
312 317
312 318
312 319
312 320
312 438
312 514
312 540
312 908
312 918
312 929
312 958
312 971
313 315
313 317
313 319
313 320
313 442
313 567
313 584
313 591
313 646
313 656
313 752
313 776
313 884
313 930
314 315
314 316
314 317
314 318
314 320
314 374
314 501
314 722
314 844
315 316
315 317
315 319
315 320
315 371
315 425
315 508
315 639
315 834
316 318
316 320
316 368
316 384
316 431
316 466
316 496
316 507
316 560
316 608
316 641
316 752
316 772
316 776
316 815
316 887
316 959
317 318
317 319
317 320
317 374
317 380
317 443
317 446
317 622
317 631
317 706
317 746
317 754
317 878
318 319
318 320
318 357
318 387
318 502
318 672
318 699
318 920
319 359
319 452
319 468
319 470
319 686
319 740
319 982
320 419
320 559
320 575
320 636
320 671
320 691
320 947
320 966
321 322
321 323
321 324
321 325
321 327
321 328
321 329
321 330
321 347
321 360
321 383
321 568
321 817
321 982
321 991
322 324
322 325
322 327
322 328
322 329
322 330
322 714
323 324
323 325
323 327
323 328
323 330
323 336
323 380
323 440
323 453
323 526
323 545
323 898
323 909
323 963
323 984
323 986
324 325
324 490
324 654
324 698
325 326
325 328
325 329
325 415
325 488
325 493
325 601
325 740
325 943
326 327
326 328
326 329
326 330
326 349
326 354
326 612
326 640
326 701
326 848
326 852
327 328
327 329
327 422
327 429
327 433
327 441
327 551
327 733
327 750
327 815
327 837
327 962
327 982
327 988
328 329
328 562
328 602
328 611
328 644
328 677
328 790
328 906
329 330
329 471
329 540
329 612
329 675
329 724
329 761
329 837
329 979
330 356
330 401
330 904
331 332
331 333
331 335
331 337
331 339
331 358
331 424
331 483
331 540
331 632
331 689
331 752
331 827
331 925
331 931
332 333
332 334
332 335
332 336
332 337
332 338
332 340
332 542
332 597
332 699
332 740
333 334
333 335
333 337
333 338
333 339
333 340
333 513
333 554
333 649
333 746
333 790
334 335
334 337
334 338
334 339
334 340
334 400
334 434
334 531
334 735
334 841
334 846
335 336
335 337
335 338
335 339
335 501
335 565
335 642
335 649
336 337
336 339
336 340
336 520
336 568
336 601
336 607
336 826
337 338
337 339
337 340
337 408
337 546
337 556
337 594
337 633
337 648
337 678
337 713
337 735
337 865
337 887
337 918
338 339
338 407
338 499
338 561
338 782
338 805
338 807
338 960
339 340
339 406
339 515
339 591
339 674
339 916
339 926
339 964
340 452
340 752
340 773
340 951
340 995
341 342
341 343
341 344
341 345
341 346
341 347
341 348
341 349
341 396
341 473
341 756
341 784
341 825
341 848
341 900
341 966
341 977
342 344
342 345
342 346
342 347
342 349
342 350
342 359
342 384
342 603
342 867
342 959
343 344
343 345
343 346
343 347
343 348
343 349
343 460
343 499
343 622
343 669
343 689
343 933
344 345
344 346
344 347
344 348
344 349
344 350
344 396
344 522
344 527
344 612
344 708
344 800
344 890
344 945
344 966
345 346
345 347
345 348
345 349
345 350
345 373
345 397
345 458
345 480
345 485
345 490
345 502
345 584
345 631
345 727
345 907
346 349
346 350
346 384
346 395
346 609
346 695
346 746
346 973
347 348
347 349
347 350
347 396
347 677
347 763
347 817
347 844
348 349
348 350
348 673
348 733
348 765
348 862
348 937
348 942
349 412
349 421
349 442
349 443
349 458
349 639
349 653
349 695
349 861
349 883
350 491
350 513
350 557
350 560
350 601
350 757
351 352
351 353
351 354
351 355
351 356
351 358
351 509
351 529
351 686
351 983
352 353
352 355
352 356
352 358
352 359
352 360
352 386
352 388
352 651
352 658
352 680
352 685
352 694
352 875
352 878
352 909
352 970
353 354
353 355
353 356
353 357
353 359
353 360
353 474
353 611
353 646
353 664
353 706
353 977
353 986
353 989
354 355
354 357
354 358
354 359
354 414
354 492
354 870
354 953
354 955
355 357
355 358
355 359
355 561
355 614
355 792
355 873
355 907
355 940
356 357
356 358
356 359
356 408
356 780
356 781
356 856
356 947
356 960
356 998
357 358
357 359
357 360
357 388
357 452
357 593
357 604
357 685
357 690
357 761
357 785
357 793
357 801
357 942
358 359
358 360
358 522
358 548
358 734
358 758
358 842
358 900
359 360
359 367
359 498
359 499
359 599
359 606
359 610
359 611
359 745
359 928
360 401
360 479
360 502
360 515
360 581
360 607
360 642
360 745
360 866
360 990
361 362
361 363
361 364
361 365
361 366
361 367
361 369
361 370
361 531
361 632
361 648
361 667
361 671
361 861
362 364
362 365
362 366
362 367
362 368
362 369
362 370
362 521
362 704
362 737
362 749
362 751
363 364
363 365
363 367
363 370
363 384
363 503
363 556
363 631
363 700
363 761
363 763
363 887
363 943
364 366
364 367
364 368
364 369
364 370
364 466
364 511
364 558
364 600
364 711
364 849
364 898
364 909
364 992
365 367
365 368
365 370
365 391
365 557
365 653
365 921
365 974
366 367
366 368
366 369
366 489
366 743
366 969
367 368
367 369
367 553
367 650
367 684
367 931
367 941
367 942
367 950
368 369
368 370
368 463
368 518
368 635
368 763
368 806
368 831
368 834
368 896
368 918
368 932
369 370
369 375
369 534
369 636
369 709
369 811
370 602
370 719
370 801
370 940
370 943
371 372
371 373
371 374
371 375
371 376
371 377
371 378
371 379
371 380
371 517
371 562
371 788
371 797
371 954
372 373
372 374
372 376
372 377
372 378
372 380
372 432
372 480
372 857
372 869
372 891
372 950
372 986
373 374
373 375
373 376
373 377
373 378
373 379
373 380
373 495
373 572
373 706
374 375
374 376
374 378
374 379
374 380
374 441
374 500
374 560
374 644
374 697
374 754
374 818
374 852
375 376
375 377
375 378
375 379
375 380
375 599
375 800
375 875
375 961
376 377
376 378
376 379
376 427
376 513
376 667
376 734
376 798
376 957
377 378
377 379
377 380
377 460
377 534
377 548
377 590
377 740
377 940
378 379
378 380
378 418
378 422
378 486
378 502
378 557
378 558
378 575
378 603
378 828
378 899
379 380
379 451
379 473
379 532
379 560
379 570
379 693
379 946
380 453
380 478
380 483
380 601
380 641
380 650
380 686
380 893
380 926
381 382
381 383
381 384
381 385
381 386
381 387
381 389
381 390
381 598
381 607
381 783
381 938
381 992
382 383
382 384
382 385
382 386
382 387
382 388
382 390
382 488
382 701
382 733
382 791
382 921
383 384
383 385
383 386
383 388
383 390
383 418
383 449
383 457
383 562
383 788
383 940
383 942
383 943
384 385
384 386
384 387
384 388
384 389
384 390
384 399
384 896
384 907
385 386
385 387
385 388
385 389
385 509
385 517
385 807
385 927
385 954
386 387
386 388
386 389
386 392
386 404
386 485
386 489
386 586
386 613
386 724
386 876
386 913
387 389
387 390
387 401
387 427
387 460
387 464
387 504
387 652
387 707
387 749
387 764
387 771
388 390
388 524
388 561
388 709
388 710
388 927
389 462
389 568
390 409
390 445
390 544
390 620
390 840
390 972
391 392
391 393
391 394
391 395
391 396
391 398
391 400
391 405
391 553
391 598
391 719
391 765
391 781
391 821
392 394
392 395
392 396
392 398
392 399
392 400
392 481
392 632
392 664
392 689
392 911
393 394
393 395
393 396
393 397
393 398
393 399
393 400
393 486
393 589
393 699
393 966
394 395
394 396
394 397
394 398
394 399
394 400
394 449
394 484
394 574
394 630
394 631
394 882
394 892
394 905
394 932
395 397
395 398
395 399
395 400
395 418
395 423
395 478
395 559
395 643
395 947
396 397
396 398
396 399
396 400
396 417
396 424
396 552
396 711
397 399
397 400
397 438
397 439
397 493
397 498
397 653
397 741
397 785
397 793
397 977
397 981
398 399
398 429
398 467
398 516
398 563
398 566
398 580
398 615
398 629
398 978
399 400
399 476
399 558
399 661
399 689
399 719
399 742
399 806
399 847
399 947
399 974
400 517
400 627
400 653
400 686
400 751
400 845
400 852
400 985
401 402
401 403
401 404
401 405
401 407
401 408
401 409
401 410
401 413
401 529
401 536
401 558
401 667
401 865
401 874
401 884
401 975
402 403
402 404
402 405
402 406
402 407
402 408
402 409
402 410
402 505
402 531
402 781
403 405
403 406
403 407
403 408
403 409
403 410
403 437
403 467
403 477
403 481
403 547
403 783
403 818
403 918
403 946
404 406
404 407
404 408
404 409
404 410
404 440
404 495
404 573
404 636
404 667
404 728
404 937
404 971
404 984
405 406
405 408
405 409
405 410
405 586
405 658
405 702
405 714
405 862
405 900
405 926
406 408
406 409
406 410
406 698
406 813
406 915
406 975
406 986
406 991
407 408
407 409
407 410
407 501
407 635
407 651
407 745
407 808
408 409
408 410
408 444
408 451
408 480
408 505
408 513
408 533
408 641
409 410
409 415
409 439
409 598
409 711
409 915
410 641
410 697
410 719
410 979
411 412
411 413
411 415
411 416
411 417
411 418
411 419
411 420
411 664
411 902
412 413
412 415
412 416
412 417
412 418
412 419
412 420
412 876
412 906
412 970
413 414
413 415
413 416
413 417
413 418
413 419
413 420
413 568
413 597
413 714
413 762
413 764
414 415
414 416
414 417
414 418
414 419
414 420
414 436
414 474
414 482
414 518
414 723
414 762
414 817
414 907
415 416
415 417
415 418
415 419
415 420
415 891
416 417
416 418
416 419
416 423
416 621
416 632
416 806
416 907
416 927
417 418
417 419
417 420
417 594
417 706
417 806
417 838
418 420
418 527
418 528
418 627
418 686
418 853
418 998
419 420
419 595
419 596
419 666
419 726
419 982
419 993
419 994
420 502
420 533
420 534
420 602
420 616
420 651
420 758
420 944
421 422
421 423
421 424
421 425
421 426
421 427
421 428
421 429
421 430
421 512
421 562
421 622
421 744
421 753
421 827
421 848
421 859
421 880
421 986
422 423
422 424
422 425
422 427
422 428
422 429
422 430
422 601
422 611
422 633
422 647
422 754
422 790
422 910
423 425
423 426
423 428
424 425
424 426
424 427
424 429
424 430
424 431
424 479
424 528
424 610
424 643
424 686
424 723
424 880
425 426
425 428
425 430
425 453
425 485
425 566
425 574
425 707
425 851
426 427
426 428
426 429
426 430
426 471
427 428
427 429
427 430
427 444
427 474
427 485
427 528
427 684
427 786
428 429
428 430
428 452
428 505
428 807
428 844
429 467
429 650
429 657
429 671
429 844
429 879
429 890
429 953
430 514
430 526
430 539
430 651
430 748
430 827
431 432
431 433
431 434
431 435
431 436
431 437
431 438
431 439
431 440
431 706
431 747
431 772
432 433
432 434
432 435
432 436
432 437
432 438
432 439
432 440
432 500
432 624
432 958
433 434
433 435
433 436
433 437
433 438
433 439
433 568
433 582
433 617
433 701
433 833
433 953
433 978
434 435
434 436
434 438
434 439
434 470
434 473
434 486
434 711
434 935
434 959
435 436
435 437
435 439
435 443
435 586
435 655
435 657
436 437
436 438
436 440
436 451
436 597
436 629
436 737
436 804
436 859
437 438
437 439
437 440
437 932
438 439
438 440
438 465
438 622
438 658
438 694
438 727
438 750
439 440
439 550
439 651
439 882
439 948
440 615
440 917
440 923
440 924
440 946
441 442
441 443
441 444
441 445
441 447
441 448
441 450
441 578
441 703
441 760
441 856
442 443
442 445
442 446
442 447
442 448
442 449
442 450
442 472
442 505
442 586
442 633
442 848
442 936
443 444
443 445
443 447
443 448
443 450
443 454
443 593
443 616
443 683
443 863
443 896
443 909
443 922
443 956
444 445
444 447
444 449
444 479
444 549
444 567
444 680
444 729
445 446
445 447
445 448
445 449
445 557
445 631
445 636
445 873
446 447
446 448
446 450
446 471
446 713
446 792
447 448
447 449
447 450
447 481
447 666
447 810
447 973
448 449
448 450
448 499
448 714
448 737
448 873
448 884
448 994
449 474
449 641
449 701
449 890
449 903
449 930
449 1000
450 551
450 582
450 662
450 814
451 453
451 454
451 455
451 456
451 457
451 458
451 459
451 460
451 516
451 540
451 551
451 559
451 697
451 702
451 897
452 453
452 454
452 455
452 457
452 458
452 459
452 460
452 548
452 665
452 797
452 938
453 454
453 455
453 457
453 458
453 459
453 460
453 529
453 531
453 592
453 595
453 699
453 783
453 907
454 455
454 456
454 457
454 459
454 493
454 708
454 716
454 724
454 726
454 746
454 752
455 456
455 457
455 458
455 459
455 460
455 587
455 721
455 783
455 800
455 808
456 457
456 458
456 460
456 511
456 589
456 668
456 721
457 458
457 459
457 530
457 555
457 589
457 619
457 626
457 648
457 713
457 715
457 998
458 460
458 710
458 806
458 824
458 866
459 460
459 511
459 667
459 677
459 690
459 781
459 845
459 870
459 887
459 959
460 567
460 582
460 729
460 754
461 462
461 463
461 464
461 465
461 466
461 467
461 468
461 469
461 470
461 473
461 510
461 624
461 653
461 848
461 876
462 463
462 464
462 465
462 466
462 467
462 468
462 469
462 470
462 506
462 523
462 548
462 585
462 932
462 983
463 464
463 465
463 466
463 468
463 469
463 470
463 593
463 642
463 915
463 995
464 466
464 468
464 470
464 474
464 519
464 632
464 653
464 692
464 695
464 841
464 853
464 868
465 468
465 469
465 470
465 611
465 978
465 990
466 467
466 468
466 469
466 470
466 472
466 562
466 708
466 903
466 923
466 946
467 469
467 470
467 478
467 507
467 535
467 578
467 853
468 469
468 470
468 486
468 534
468 634
468 699
468 718
468 790
468 917
469 470
469 511
469 615
469 682
470 481
470 670
470 701
470 799
470 893
470 988
471 472
471 474
471 475
471 476
471 477
471 479
471 520
471 632
471 759
472 473
472 474
472 475
472 477
472 478
472 479
472 549
472 590
472 659
472 698
472 895
472 900
473 474
473 477
473 479
473 480
474 477
474 478
474 479
474 480
474 497
474 519
474 667
474 718
474 770
474 939
474 967
474 976
475 476
475 477
475 478
475 480
475 490
475 666
475 781
475 819
475 855
475 886
475 941
476 477
476 478
476 479
476 480
476 549
476 553
476 689
476 693
476 759
476 942
476 954
477 478
477 479
477 480
477 601
477 685
477 693
477 861
478 479
478 480
478 524
478 552
478 679
479 480
479 596
479 703
479 719
479 720
479 773
479 819
479 926
480 584
480 589
480 633
480 696
480 890
480 938
481 482
481 483
481 484
481 485
481 486
481 487
481 488
481 489
481 490
481 496
481 671
482 483
482 484
482 485
482 486
482 488
482 490
482 748
482 806
482 835
482 919
483 485
483 486
483 487
483 489
483 490
483 631
483 670
483 735
483 820
483 852
484 485
484 486
484 487
484 488
484 489
484 634
484 807
485 486
485 487
485 488
485 490
485 537
485 543
485 583
485 635
485 992
486 487
486 489
486 490
486 500
486 507
486 532
486 620
486 848
486 933
487 488
487 489
487 490
487 500
487 579
487 678
487 689
487 798
487 839
487 863
487 922
488 489
488 661
488 712
488 803
488 815
489 490
489 596
489 703
489 723
490 526
490 583
490 714
490 781
491 492
491 493
491 494
491 495
491 497
491 498
491 499
491 500
492 493
492 494
492 495
492 496
492 497
492 498
492 499
492 500
492 574
492 595
492 603
492 761
492 823
493 494
493 495
493 497
493 499
493 500
493 560
493 601
493 643
493 652
493 758
493 817
493 833
493 953
494 498
494 499
494 500
494 508
494 560
494 671
494 763
494 888
494 892
494 903
495 496
495 497
495 498
495 500
495 589
495 597
495 757
495 766
495 912
495 916
495 943
496 497
496 499
496 500
496 602
496 696
496 714
496 757
496 940
496 996
497 498
497 499
497 500
497 705
497 787
497 794
497 920
497 996
498 499
498 500
498 504
498 506
498 662
498 754
498 794
498 817
498 825
498 869
498 898
498 958
499 500
499 689
499 697
499 728
499 821
499 841
499 869
499 876
500 520
500 594
500 721
500 884
500 984
501 503
501 504
501 505
501 506
501 507
501 508
501 509
501 510
501 604
501 664
501 685
501 691
501 699
501 865
502 503
502 504
502 505
502 508
502 509
502 510
502 535
502 772
502 850
502 851
502 872
502 924
502 951
502 961
502 965
503 504
503 506
503 507
503 508
503 509
503 510
503 595
503 602
503 687
503 800
503 861
503 892
504 505
504 506
504 507
504 508
504 509
504 512
504 835
504 944
504 952
505 506
505 507
505 508
505 648
505 732
505 811
505 833
505 986
506 507
506 508
506 509
506 510
506 552
506 674
506 685
507 508
507 509
507 510
507 531
507 623
507 908
508 509
508 510
508 581
508 588
508 590
508 725
508 735
508 805
508 811
508 855
508 989
508 993
509 510
509 516
509 578
509 596
509 725
509 739
509 794
509 969
510 547
510 619
510 679
510 748
510 760
510 895
510 974
511 512
511 514
511 515
511 516
511 517
511 518
511 519
511 520
511 527
511 686
511 694
511 703
511 882
511 896
511 934
512 513
512 514
512 515
512 516
512 517
512 518
512 519
512 520
512 553
512 574
512 677
512 759
512 856
512 899
513 514
513 515
513 516
513 517
513 518
513 519
513 520
513 679
514 515
514 517
514 518
514 519
514 680
514 719
514 807
514 824
514 828
514 860
514 909
515 516
515 517
515 519
515 520
515 628
515 755
516 518
516 519
516 520
516 773
516 914
516 973
516 975
517 518
517 519
517 520
517 586
517 633
517 658
517 715
517 805
517 819
517 875
517 905
517 986
518 519
518 520
518 606
518 682
518 862
519 705
519 710
520 592
520 936
520 951
521 522
521 523
521 525
521 526
521 527
521 528
521 529
521 530
521 665
521 714
521 734
521 800
521 956
521 960
522 523
522 524
522 525
522 526
522 527
522 528
522 529
522 530
522 620
522 705
522 706
522 736
522 775
522 812
522 842
523 525
523 527
523 528
523 529
523 530
523 595
523 863
523 880
523 950
524 525
524 526
524 527
524 528
524 529
524 530
524 568
524 582
524 590
524 621
524 663
524 730
524 854
524 926
525 526
525 527
525 528
525 607
525 717
525 967
526 527
526 528
526 529
526 530
526 615
526 717
526 740
527 581
527 965
527 991
528 530
528 593
528 810
529 530
529 826
529 836
529 908
530 646
530 863
530 966
530 976
531 532
531 533
531 534
531 535
531 536
531 537
531 538
531 539
531 540
531 644
531 658
531 729
531 813
531 928
531 994
532 533
532 534
532 535
532 536
532 537
532 538
532 729
532 750
532 821
532 909
533 534
533 536
533 537
533 555
533 681
534 535
534 537
534 538
534 539
534 540
534 564
534 780
534 783
534 787
534 874
534 917
535 536
535 537
535 538
535 539
535 540
535 798
535 813
535 855
535 872
536 537
536 538
536 539
536 540
536 709
536 951
537 538
537 584
537 669
537 848
537 854
538 539
538 540
538 692
538 863
539 540
539 734
539 842
540 567
540 695
540 822
540 853
540 955
541 542
541 544
541 545
541 546
541 547
541 548
541 549
541 550
541 604
541 614
541 638
541 755
541 756
541 890
541 917
541 1000
542 544
542 545
542 546
542 547
542 549
542 550
542 581
542 692
542 852
542 922
543 545
543 546
543 547
543 548
543 549
543 550
543 553
543 637
543 685
543 719
543 725
543 750
543 897
544 545
544 546
544 547
544 550
544 579
544 777
544 979
544 989
545 546
545 547
545 549
545 550
545 595
545 603
546 547
546 549
546 550
546 580
546 622
546 874
547 548
547 549
547 550
547 572
547 743
547 744
547 764
547 967
548 550
548 558
548 633
548 639
548 640
548 655
548 681
548 718
548 778
548 842
548 976
549 550
549 568
549 586
549 701
549 812
549 877
550 737
550 797
550 815
550 856
550 952
551 552
551 553
551 556
551 557
551 558
551 559
551 560
551 627
551 709
551 791
551 815
551 901
552 553
552 554
552 555
552 556
552 557
552 558
552 559
552 560
552 599
552 848
552 857
552 858
552 944
552 945
552 961
552 966
553 554
553 556
553 557
553 559
553 728
553 888
553 921
553 998
554 555
554 557
554 558
554 559
554 560
554 575
554 627
554 758
554 836
554 905
554 941
554 973
555 556
555 557
555 558
555 559
555 606
555 768
555 832
555 856
555 890
555 916
556 557
556 558
556 559
556 560
556 580
556 640
556 716
556 782
556 804
557 558
557 560
557 594
557 723
557 809
557 827
558 560
558 606
558 631
558 744
558 841
558 855
558 856
558 917
558 988
558 999
559 560
559 634
559 666
559 678
559 750
559 783
560 617
560 887
560 944
561 562
561 564
561 565
561 566
561 567
561 601
561 649
561 711
561 732
561 737
561 902
561 987
562 563
562 564
562 565
562 566
562 567
562 568
562 569
562 570
562 879
563 564
563 566
563 567
563 569
563 570
563 658
564 565
564 567
564 568
564 569
564 577
564 591
564 858
564 909
564 914
564 983
565 566
565 567
565 568
565 569
565 639
565 788
565 821
566 568
566 569
566 570
566 679
566 698
566 882
566 905
566 924
567 568
567 569
567 570
567 680
567 713
567 714
568 569
568 570
568 630
568 687
568 710
568 773
568 803
569 570
569 649
569 701
569 939
569 994
570 602
570 624
570 710
570 774
570 823
571 572
571 573
571 574
571 575
571 577
571 578
571 579
571 580
571 605
571 718
571 736
571 874
571 924
572 574
572 575
572 578
572 579
572 580
572 648
572 743
572 750
572 834
573 574
573 575
573 576
573 578
573 580
573 998
574 575
574 576
574 577
574 578
574 579
574 580
574 694
574 698
574 887
574 932
575 576
575 579
575 615
575 778
575 874
575 928
575 988
575 999
576 577
576 578
576 579
576 580
576 620
576 634
576 639
576 721
576 792
577 578
577 579
577 580
577 682
577 714
577 849
577 916
577 966
577 999
578 580
578 610
578 663
578 689
578 690
578 729
578 818
578 995
579 580
579 588
579 649
579 804
579 919
579 976
579 989
580 896
580 968
580 985
580 998
581 583
581 585
581 586
581 587
581 588
581 589
581 590
581 963
582 583
582 584
582 585
582 586
582 587
582 588
582 589
582 590
582 707
583 584
583 585
583 586
583 587
583 589
583 590
583 808
583 933
584 585
584 586
584 587
584 589
584 590
584 597
584 774
584 872
584 909
584 918
584 962
585 587
585 588
585 589
585 590
585 796
585 835
585 901
586 588
586 589
586 590
586 621
586 681
586 682
586 694
587 588
587 589
587 590
587 777
587 804
587 896
587 915
588 590
588 698
588 722
588 794
588 849
589 590
589 646
589 665
589 707
589 867
589 892
589 910
590 616
590 767
590 815
590 970
591 592
591 593
591 594
591 596
591 597
591 598
591 599
591 600
591 669
591 748
592 593
592 594
592 595
592 596
592 597
592 598
592 599
592 600
593 594
593 595
593 596
593 597
593 598
593 599
593 600
593 728
593 770
593 809
593 886
593 892
593 901
593 960
594 595
594 596
594 597
594 598
594 599
594 600
594 662
594 665
594 790
594 849
595 596
595 597
595 598
595 600
595 698
595 722
595 749
595 785
596 598
596 599
596 600
596 769
596 821
596 973
596 996
597 598
597 599
598 599
598 600
598 728
598 754
599 773
600 732
600 882
601 602
601 603
601 604
601 605
601 606
601 607
601 609
601 610
601 744
601 888
602 603
602 604
602 605
602 606
602 608
602 609
602 610
602 773
603 604
603 606
603 607
603 608
603 609
603 631
603 779
603 810
603 880
603 924
603 938
604 605
604 606
604 607
604 610
604 672
604 741
604 816
605 608
605 609
605 645
605 703
605 723
605 791
605 922
605 962
606 607
606 940
607 672
607 736
607 822
607 974
608 610
608 627
608 657
608 682
608 762
608 873
608 889
608 941
609 623
609 753
609 855
609 864
610 616
610 628
610 632
610 799
610 805
610 856
610 941
611 612
611 614
611 615
611 616
611 618
611 619
611 766
611 864
611 868
611 930
611 968
611 993
612 614
612 616
612 617
612 619
612 620
612 779
612 796
613 614
613 615
613 616
613 617
613 618
613 619
613 620
613 655
613 845
613 887
614 615
614 616
614 617
614 618
614 619
614 729
614 957
615 616
615 617
615 618
615 620
615 656
615 713
615 898
615 962
616 618
616 619
616 620
616 630
616 756
616 763
616 822
616 901
616 953
617 618
617 619
617 620
617 895
617 973
618 619
618 620
618 647
618 784
619 620
619 694
619 822
619 942
619 968
620 890
620 927
621 622
621 625
621 626
621 627
621 629
621 630
621 847
621 891
621 892
622 624
622 625
622 626
622 628
622 629
622 630
622 724
622 766
622 801
622 903
622 927
623 624
623 626
623 627
623 628
623 629
623 630
623 677
623 735
623 791
623 981
624 625
624 626
624 627
624 628
624 629
624 630
624 715
624 731
624 827
624 934
624 959
625 627
625 628
625 629
625 645
625 731
625 828
625 867
625 874
625 981
626 627
626 628
626 629
626 638
626 641
626 901
626 945
627 628
627 629
627 633
627 752
627 866
628 629
628 630
628 874
628 897
628 952
629 630
629 761
629 914
629 926
629 1000
630 662
630 707
630 843
630 887
630 954
630 975
631 633
631 634
631 636
631 637
631 639
631 640
631 884
631 939
631 978
631 980
632 633
632 634
632 635
632 636
632 637
632 638
632 640
632 691
632 930
633 634
633 635
633 636
633 637
633 638
633 639
633 729
633 822
633 834
633 957
633 990
634 636
634 639
634 722
634 776
634 781
634 823
634 929
635 636
635 637
635 638
635 639
635 640
635 713
635 782
635 800
635 837
636 637
636 639
636 640
636 652
636 740
636 766
636 879
636 927
637 638
637 639
637 640
637 824
637 872
637 882
637 891
637 918
638 639
638 820
638 886
639 695
639 972
639 986
640 647
640 696
640 885
640 917
641 643
641 644
641 645
641 647
641 648
641 649
641 650
641 825
641 970
642 643
642 644
642 646
642 647
642 648
642 649
642 650
642 740
642 785
642 873
643 644
643 645
643 646
643 647
643 649
643 650
643 791
643 794
643 860
643 927
643 931
643 999
644 645
644 646
644 647
644 648
644 649
644 731
644 787
644 892
644 950
645 646
645 647
645 649
645 731
645 781
645 915
645 990
646 647
646 648
646 649
646 650
646 683
646 778
646 879
647 648
647 649
647 650
647 677
647 982
647 999
648 650
648 705
648 948
649 650
649 870
650 673
650 713
650 778
650 812
650 886
650 929
651 652
651 653
651 654
651 655
651 658
651 659
651 660
651 690
652 653
652 654
652 656
652 657
652 658
652 659
652 660
652 668
652 718
652 788
652 789
652 882
652 979
653 654
653 657
653 658
653 659
653 684
653 747
653 946
654 655
654 656
654 657
654 658
654 660
654 665
654 700
654 862
654 968
654 972
655 656
655 657
655 658
655 659
655 660
655 682
655 711
655 898
655 908
655 963
655 966
655 989
656 657
656 658
656 659
656 660
656 760
656 841
657 659
657 660
657 784
657 785
657 889
658 659
658 785
659 660
659 685
659 753
660 733
661 663
661 664
661 665
661 666
661 668
661 669
661 676
661 716
661 961
662 663
662 664
662 665
662 666
662 667
662 668
662 669
662 670
662 678
662 922
663 664
663 665
663 666
663 667
663 668
663 669
663 670
663 753
663 801
663 858
663 863
663 877
663 892
664 665
664 666
664 667
664 668
664 669
664 670
664 849
664 858
665 666
665 667
665 668
665 669
665 670
665 776
665 856
665 861
665 897
665 923
666 698
666 847
666 848
666 928
667 668
667 669
667 689
667 716
667 726
667 820
667 927
667 961
667 979
668 670
668 958
669 670
669 684
669 761
669 878
669 892
669 917
669 928
669 970
670 712
670 904
670 947
671 672
671 673
671 674
671 675
671 676
671 677
671 678
671 722
671 893
672 673
672 674
672 675
672 677
672 678
672 680
672 753
672 806
672 929
673 674
673 675
673 676
673 677
673 678
673 679
673 680
673 699
673 899
674 675
674 676
674 677
674 678
674 679
674 680
674 701
674 745
674 820
674 839
674 917
674 932
674 987
675 676
675 678
675 680
675 757
675 799
676 677
676 679
676 680
676 879
676 885
676 945
676 967
677 678
677 680
677 831
677 853
677 951
678 679
678 680
678 702
678 729
678 810
678 899
678 924
679 680
679 723
679 868
679 947
680 738
680 777
680 880
681 682
681 683
681 685
681 686
681 687
681 688
681 689
681 690
681 830
681 978
682 687
682 689
682 690
683 685
683 686
683 688
683 690
684 686
684 687
684 688
684 689
684 690
684 748
684 793
684 808
685 686
685 688
685 690
685 758
685 831
686 687
686 689
686 690
687 688
687 689
687 707
687 818
688 689
688 690
688 771
688 815
688 883
688 916
688 950
689 690
689 875
689 941
690 787
690 910
690 969
690 985
691 692
691 693
691 694
691 697
691 698
691 810
691 840
691 933
692 693
692 694
692 697
692 698
692 699
692 736
692 873
693 694
693 695
693 696
693 700
693 771
693 982
694 695
694 696
694 698
694 699
694 700
694 701
694 717
694 724
694 763
694 783
694 796
694 927
694 968
695 696
695 697
695 698
695 699
695 700
695 763
695 831
695 832
695 861
696 698
696 699
696 700
696 746
697 698
697 699
697 700
697 809
697 822
698 699
698 700
698 714
698 765
698 766
698 793
698 826
698 965
699 700
699 733
700 776
700 862
701 702
701 703
701 706
701 709
701 727
701 913
702 703
702 706
702 707
702 708
702 709
702 710
702 795
702 857
702 894
702 905
702 920
703 704
703 705
703 706
703 707
703 708
703 709
703 710
703 823
703 989
704 705
704 706
704 707
704 708
704 709
704 710
704 745
704 942
704 961
705 706
705 707
705 708
705 709
705 710
705 740
705 789
705 894
705 909
706 708
706 709
706 710
706 719
706 822
706 957
706 958
707 708
707 710
707 754
707 836
707 877
707 954
707 958
708 709
708 820
708 867
708 902
708 966
709 710
709 712
709 740
709 791
709 818
709 825
709 845
709 864
710 722
710 786
710 828
710 936
710 984
710 996
711 712
711 713
711 714
711 715
711 716
711 717
711 718
711 719
711 855
712 713
712 714
712 717
712 718
712 719
712 720
712 780
712 787
712 851
712 972
713 714
713 715
713 716
713 717
713 718
713 719
713 917
713 972
714 715
714 716
714 717
714 718
714 720
714 791
714 827
714 980
715 716
715 717
715 718
715 719
715 720
715 743
715 921
715 1000
716 717
716 718
716 719
716 720
716 901
716 931
716 954
716 985
717 718
717 719
717 720
717 781
717 853
717 936
718 719
718 720
718 737
718 829
719 720
719 852
719 905
719 949
720 723
720 762
721 723
721 724
721 725
721 726
721 727
721 729
721 730
721 732
721 797
721 827
721 841
721 847
721 895
721 984
722 723
722 725
722 726
722 727
722 728
722 730
722 786
722 806
722 829
722 939
722 951
723 724
723 725
723 726
723 728
723 729
723 730
723 744
723 818
723 912
723 967
724 726
724 727
724 729
724 730
724 770
724 785
724 822
724 966
725 726
725 727
725 728
725 729
725 730
725 804
726 727
726 728
726 729
726 735
726 777
727 728
727 730
727 737
727 865
727 897
728 729
728 730
728 841
729 730
729 860
729 921
730 784
730 785
730 812
730 852
730 930
731 732
731 733
731 734
731 735
731 736
731 737
731 738
731 739
731 740
731 862
732 733
732 734
732 735
732 737
732 740
732 794
732 843
733 735
733 736
733 737
733 738
733 739
733 740
733 967
733 983
734 735
734 736
734 737
734 794
734 864
734 899
735 737
735 738
735 739
735 740
735 824
735 915
736 739
736 740
736 768
736 803
736 862
736 918
736 933
736 957
737 738
737 739
737 740
737 867
737 874
737 902
737 905
737 938
738 739
738 742
738 834
738 932
738 959
738 967
739 743
739 790
739 955
739 966
739 972
739 1000
741 743
741 744
741 745
741 747
741 748
741 749
741 750
741 787
741 794
741 939
741 959
742 743
742 744
742 745
742 746
742 748
742 749
742 750
742 899
742 905
743 744
743 745
743 746
743 747
743 748
743 749
743 750
743 775
743 914
743 917
744 745
744 746
744 748
744 750
744 801
744 822
744 826
744 847
744 924
744 970
745 746
745 748
745 750
745 833
745 919
745 983
746 747
746 748
746 749
746 807
746 860
747 748
747 749
747 750
747 766
747 803
747 834
748 749
748 750
748 837
748 840
748 882
748 965
749 750
749 804
749 822
749 927
749 934
750 835
750 883
750 910
750 990
751 753
751 754
751 755
751 756
751 757
751 758
751 759
751 760
751 839
751 847
751 869
752 753
752 754
752 755
752 756
752 760
752 969
752 977
753 755
753 756
753 757
753 758
753 759
753 760
753 1000
754 755
754 756
754 757
754 758
754 759
754 760
755 756
755 757
755 758
755 760
755 910
755 952
755 964
756 757
756 758
756 759
756 760
756 776
756 842
756 878
756 903
756 979
756 987
757 759
757 884
757 958
758 760
758 944
759 760
759 834
759 899
759 951
760 770
760 810
760 829
761 762
761 763
761 764
761 765
761 767
761 769
761 770
761 814
761 968
761 977
762 763
762 764
762 765
762 766
762 767
762 829
762 965
762 995
763 764
763 766
763 767
763 768
763 769
763 770
763 774
763 896
763 969
764 765
764 767
764 769
764 770
764 852
765 766
765 767
765 768
765 770
765 894
766 767
766 768
766 769
766 932
766 988
767 768
767 769
767 770
767 851
767 899
768 769
768 770
768 827
768 838
768 861
769 770
769 802
769 924
770 821
770 886
771 772
771 773
771 774
771 775
771 776
771 777
771 778
771 779
771 802
771 921
772 773
772 774
772 776
772 777
772 778
772 779
772 780
772 916
773 774
773 775
773 777
773 778
773 779
773 780
773 797
773 824
773 832
773 868
773 901
773 996
774 775
774 777
774 778
774 779
774 780
774 839
774 914
774 974
774 976
774 984
775 776
775 778
775 779
775 780
775 850
775 857
775 898
775 952
776 777
776 778
776 779
776 780
776 860
776 930
776 952
776 978
777 778
777 779
777 780
777 864
778 779
778 818
778 874
779 876
779 983
780 998
781 782
781 784
781 785
781 786
781 789
781 790
782 783
782 784
782 785
782 786
782 787
782 788
782 789
782 790
782 795
782 985
783 785
783 786
783 787
783 788
783 789
783 790
784 785
784 786
784 787
784 788
784 789
784 791
784 833
784 989
785 786
785 787
785 788
785 789
785 843
785 890
785 924
785 931
786 787
786 790
786 828
786 906
786 936
787 789
787 790
787 859
787 916
787 923
787 948
787 950
787 984
788 790
788 805
788 818
788 954
789 790
789 944
790 872
791 792
791 793
791 794
791 795
791 796
791 797
791 798
791 799
791 800
791 806
791 824
791 929
792 793
792 795
792 796
792 797
792 799
792 800
792 831
792 861
793 794
793 797
793 798
793 799
793 800
794 795
794 796
794 798
794 800
794 842
794 966
795 796
795 797
795 798
795 799
795 800
796 797
796 799
796 800
796 958
797 798
797 799
797 816
797 927
797 957
798 799
798 800
798 818
798 827
798 841
798 882
798 987
799 800
799 876
800 876
800 948
800 996
800 999
801 802
801 804
801 805
801 806
801 807
801 808
801 809
801 810
801 814
801 827
801 862
801 879
802 803
802 804
802 805
802 806
802 807
802 808
802 809
802 810
802 826
802 829
802 865
802 885
802 937
803 804
803 805
803 806
803 807
803 808
803 809
803 810
803 908
804 805
804 806
804 807
804 808
804 809
804 810
804 927
805 808
805 810
805 976
806 807
806 808
806 809
806 810
806 829
806 839
806 975
807 808
807 809
807 810
808 809
808 810
808 953
809 810
809 861
809 917
809 942
810 856
810 881
810 885
810 965
811 812
811 813
811 814
811 816
811 817
811 818
811 819
811 820
811 839
812 814
812 815
812 816
812 817
812 818
812 819
812 820
812 919
813 816
813 817
813 818
813 819
813 850
814 815
814 816
814 817
814 819
814 820
814 886
815 816
815 817
815 818
815 819
815 820
816 819
816 820
816 891
817 818
817 820
817 873
817 899
817 968
817 970
818 819
818 820
818 851
818 857
818 938
819 820
819 898
820 844
820 907
820 944
821 823
821 824
821 825
821 826
821 827
821 828
821 829
821 830
821 877
821 961
821 999
822 823
822 824
822 825
822 826
822 827
822 828
823 824
823 825
823 826
823 829
823 830
823 860
823 919
823 996
824 825
824 826
824 827
824 828
824 829
824 830
824 858
824 882
824 898
824 903
825 826
825 827
825 828
825 829
825 830
825 872
825 881
825 995
826 827
826 830
826 947
826 972
827 828
827 829
827 830
827 841
828 829
828 830
828 900
829 830
830 840
830 920
830 988
831 832
831 833
831 835
831 836
831 837
831 838
831 839
831 840
831 889
831 922
831 972
831 981
832 833
832 835
832 837
832 838
832 839
832 922
832 978
832 982
833 835
833 836
833 838
833 839
833 840
833 908
833 927
834 835
834 836
834 837
834 838
834 839
834 840
835 836
835 837
835 838
835 840
836 838
836 839
836 840
836 882
836 889
837 838
837 839
837 840
837 894
838 839
838 840
838 893
838 932
838 948
839 890
839 899
840 865
841 842
841 843
841 844
841 845
841 846
841 847
841 848
841 849
841 850
841 866
841 868
841 908
841 960
842 843
842 845
842 846
842 847
842 848
842 850
843 844
843 846
843 847
843 848
843 849
843 850
843 963
844 845
844 846
844 847
844 848
844 850
844 883
844 889
844 953
845 846
845 847
845 848
845 849
845 850
845 891
846 847
846 849
846 850
847 848
847 849
848 850
848 937
849 850
850 854
850 880
850 922
850 953
851 852
851 853
851 854
851 855
851 856
851 857
851 858
851 859
851 860
851 876
851 902
851 919
851 971
852 853
852 854
852 855
852 856
852 857
852 858
852 859
852 860
852 984
853 854
853 856
853 857
853 858
853 859
853 945
854 855
854 856
854 857
854 921
855 857
855 858
855 859
855 860
855 920
856 859
856 860
856 986
857 858
857 859
857 860
857 904
858 859
858 939
859 860
859 872
859 882
859 945
860 886
861 862
861 865
861 868
861 869
862 863
862 864
862 866
862 867
862 868
862 869
862 870
863 865
863 866
863 867
863 869
863 870
864 865
864 866
864 867
864 868
864 869
864 870
865 866
865 867
865 869
865 870
866 868
866 870
866 980
866 994
867 868
867 869
867 870
867 927
868 869
868 928
869 911
869 917
869 1000
870 888
870 896
870 942
870 974
871 872
871 873
871 874
871 875
871 876
871 877
871 878
871 879
871 880
871 909
872 873
872 874
872 876
872 878
872 879
872 880
872 918
873 874
873 875
873 877
873 878
873 880
873 945
874 875
874 876
874 877
874 878
874 879
874 880
875 876
875 877
875 878
875 879
875 880
875 903
875 954
876 878
876 879
876 880
877 879
877 930
877 980
878 879
878 918
878 930
878 993
879 930
879 948
881 882
881 883
881 885
881 886
881 887
881 888
881 889
881 890
882 883
882 884
882 887
882 888
882 889
882 890
882 935
882 946
882 976
883 884
883 885
883 886
883 887
883 888
883 890
883 964
884 887
884 889
884 890
884 941
884 978
885 886
885 887
885 888
885 890
885 938
886 888
886 889
886 890
886 891
886 965
887 888
887 889
887 890
887 991
888 889
888 890
889 890
889 978
890 918
890 932
891 892
891 893
891 894
891 895
891 896
891 898
891 899
891 900
891 911
892 894
892 895
892 896
892 899
892 900
892 942
893 894
893 896
893 898
893 899
893 900
894 895
894 896
894 897
894 898
894 899
894 900
894 961
895 896
895 897
895 898
895 899
895 997
896 897
896 898
896 899
896 900
896 916
896 945
897 898
897 899
897 900
897 902
897 980
898 900
898 998
899 900
901 902
901 903
901 904
901 905
901 906
901 907
901 908
901 910
902 905
902 906
902 907
902 908
902 909
902 914
902 961
903 904
903 905
903 906
903 907
903 908
903 909
903 910
903 986
904 905
904 906
904 907
904 908
904 910
904 922
905 907
905 908
905 909
905 970
906 907
906 908
906 909
906 910
907 908
907 910
907 914
908 909
908 938
909 910
909 921
909 935
911 912
911 913
911 914
911 915
911 917
911 918
911 919
911 920
911 959
912 913
912 914
912 915
912 916
912 918
912 919
912 920
913 914
913 915
913 917
913 918
913 919
914 915
914 916
914 917
914 918
914 920
915 916
915 917
915 918
915 919
915 920
915 986
916 917
916 918
916 919
916 920
917 918
917 919
917 920
918 920
918 966
921 923
921 925
921 926
921 928
921 929
921 930
921 950
921 972
921 973
922 925
922 926
922 927
922 928
922 929
922 930
923 924
923 925
923 927
923 928
923 929
923 930
924 925
924 926
924 927
924 928
924 929
924 930
925 927
925 928
925 929
925 930
925 935
925 962
925 985
926 928
926 930
927 928
927 929
927 930
927 931
928 929
928 930
929 930
929 954
931 932
931 934
931 936
931 937
931 938
931 939
931 940
931 945
932 933
932 934
932 936
932 938
932 939
933 934
933 936
933 937
933 939
933 940
934 935
934 936
934 938
934 939
934 940
935 936
935 937
935 939
935 940
935 965
936 937
936 938
936 939
937 938
937 940
938 939
938 940
938 985
939 940
941 942
941 943
941 944
941 945
941 946
941 949
941 950
941 959
942 943
942 944
942 945
942 946
942 947
942 948
942 950
943 944
943 946
943 948
943 950
943 951
944 946
944 947
944 948
944 949
944 950
945 947
945 948
945 949
946 948
946 950
946 997
947 948
947 949
947 950
948 949
948 950
951 953
951 954
951 955
951 956
951 957
951 959
952 953
952 954
952 955
952 958
952 959
952 960
953 954
953 955
953 956
953 957
953 960
953 972
954 955
954 956
954 957
954 958
954 959
954 960
955 956
955 958
955 959
955 960
956 958
956 959
957 958
957 960
957 978
958 959
958 960
958 993
959 960
961 962
961 963
961 964
961 965
961 968
961 969
961 970
961 994
962 963
962 964
962 967
962 968
962 969
962 970
963 964
963 966
963 967
963 968
963 969
963 970
964 965
964 966
964 967
964 968
964 969
964 970
964 996
965 966
965 967
965 968
965 969
965 970
966 967
966 969
966 970
967 968
967 969
967 970
968 969
968 970
971 972
971 973
971 974
971 975
971 976
971 977
971 978
971 979
971 980
972 973
972 974
972 975
972 976
972 977
972 979
972 980
973 974
973 975
973 980
974 975
974 976
974 978
974 979
974 980
975 976
975 977
975 979
975 980
976 977
976 978
976 979
976 980
977 978
977 979
977 980
978 979
978 980
979 980
980 987
981 983
981 984
981 985
981 988
981 989
982 983
982 984
982 985
982 986
982 987
982 988
982 989
982 990
982 998
983 984
983 988
984 985
984 986
984 988
984 989
984 990
985 986
985 987
985 988
985 989
986 987
986 988
986 989
986 990
987 988
987 989
987 990
988 989
988 990
988 992
989 990
990 1000
991 992
991 993
991 994
991 995
991 996
991 997
991 998
991 999
991 1000
992 994
992 995
992 996
992 997
992 998
992 999
992 1000
993 994
993 996
993 997
993 998
993 999
993 1000
994 995
994 996
994 997
994 998
994 1000
995 996
995 997
995 998
995 999
996 997
996 999
996 1000
997 999
997 1000
998 999
998 1000
