100 450
1 4
1 34
1 38
1 44
1 49
1 53
1 76
1 77
1 88
2 15
2 20
2 30
2 67
2 93
2 100
3 20
3 37
3 41
3 58
3 61
3 77
3 83
3 84
4 26
4 36
4 40
4 65
4 68
4 70
4 80
4 85
4 86
4 90
5 11
5 19
5 36
5 37
5 39
5 44
5 51
5 58
5 73
5 77
6 10
6 14
6 31
6 33
6 48
6 52
6 56
6 61
6 74
6 79
6 83
7 9
7 14
7 15
7 24
7 28
7 55
7 66
7 68
7 88
7 90
7 95
8 24
8 28
8 36
8 38
8 49
8 50
8 55
8 58
8 82
8 84
9 20
9 22
9 23
9 27
9 38
9 46
9 48
9 49
9 66
9 74
9 88
9 91
9 96
10 13
10 20
10 24
10 28
10 61
10 72
10 75
10 78
10 99
11 45
11 55
11 56
11 58
11 61
11 64
11 78
11 86
11 93
12 24
12 38
12 43
12 44
12 65
12 84
12 89
12 95
13 19
13 49
13 56
13 63
13 80
13 96
14 27
14 34
14 49
14 66
14 70
14 84
14 92
14 98
14 99
15 27
15 50
15 61
15 72
15 85
15 91
16 20
16 21
16 41
16 55
16 76
16 78
16 82
17 39
17 48
17 56
17 73
17 76
17 80
18 30
18 59
18 83
18 90
19 37
19 49
19 54
19 79
19 81
20 23
20 30
20 33
20 40
20 42
20 43
20 52
20 54
20 70
21 24
21 30
21 40
21 41
21 46
21 49
21 50
21 54
21 65
21 75
21 94
21 100
22 46
22 60
22 63
22 78
22 85
23 43
23 44
23 60
23 74
23 89
23 99
23 100
24 26
24 45
24 46
24 48
24 85
25 44
25 61
25 66
25 78
25 81
25 98
26 29
26 33
26 43
26 44
26 57
26 72
26 75
27 28
27 40
27 45
27 48
27 53
27 60
27 62
27 73
28 31
28 35
28 39
28 54
28 58
28 67
28 97
28 99
29 76
29 79
29 85
29 87
29 93
30 31
30 40
30 41
30 43
30 58
30 60
30 79
31 44
31 45
31 53
31 60
31 62
31 98
32 35
32 36
32 73
32 76
32 83
32 90
32 97
33 46
33 55
33 58
33 83
33 89
33 100
34 63
34 77
34 78
34 81
34 93
34 96
34 97
34 98
35 42
35 44
35 57
35 61
35 93
36 44
36 45
36 58
36 59
36 62
36 71
37 41
37 60
37 63
37 68
37 72
37 75
37 85
37 89
37 94
37 100
38 60
38 62
38 66
38 83
39 47
39 54
39 56
39 67
39 74
39 80
40 46
40 55
40 83
40 85
40 90
41 53
41 86
41 93
42 46
42 47
42 92
43 49
43 50
43 67
43 71
43 73
43 79
43 89
43 97
44 59
44 66
44 71
44 91
45 54
45 59
45 60
45 96
46 49
46 86
46 99
47 100
48 50
48 70
48 85
48 93
48 96
49 73
49 76
49 79
49 90
50 54
50 67
50 93
50 95
50 99
51 52
51 73
51 77
51 95
52 53
52 57
52 71
52 89
52 96
53 60
53 63
53 72
53 78
53 80
53 84
53 87
53 88
54 68
54 72
54 80
56 60
56 64
56 74
56 89
56 91
57 64
57 73
57 98
58 67
58 69
58 74
58 81
58 86
58 95
58 97
58 99
59 69
59 81
59 82
59 90
59 91
59 92
60 61
60 69
60 71
60 79
60 99
61 78
61 87
61 91
61 99
62 71
62 80
62 81
62 83
62 88
62 90
63 67
63 70
63 75
63 79
63 86
64 70
65 88
65 98
66 67
66 98
67 77
67 90
69 78
69 79
69 82
70 82
70 84
70 90
70 94
71 80
72 77
72 78
72 99
73 85
73 86
75 80
75 88
75 90
76 79
76 82
76 84
76 94
76 95
77 79
77 86
78 80
78 92
79 98
81 91
82 89
82 90
82 95
83 86
84 93
85 91
86 87
86 91
87 90
89 95
89 100
91 97
92 99
92 100
95 99
