100 452
1 2
1 28
1 32
1 37
1 50
1 60
1 72
1 83
1 92
1 94
2 3
2 25
2 29
2 35
2 38
2 64
2 68
2 71
2 79
3 8
3 12
3 26
3 44
3 53
3 58
3 70
3 71
3 79
3 91
3 92
3 94
4 12
4 14
4 15
4 39
4 55
4 62
4 73
4 82
4 83
4 86
4 99
5 6
5 21
5 25
5 27
5 36
5 74
5 75
5 85
6 7
6 45
6 88
7 12
7 26
7 27
7 43
7 53
7 57
7 63
7 64
8 15
8 18
8 25
8 36
8 52
8 58
8 74
8 75
8 84
9 31
9 33
9 34
9 37
9 63
9 64
9 74
9 96
9 97
10 38
10 39
10 47
10 57
10 59
10 62
10 73
10 76
10 96
11 13
11 22
11 40
11 45
11 48
11 51
11 73
11 96
12 35
12 46
12 56
12 62
12 68
12 69
12 100
13 28
13 29
13 38
13 49
13 50
14 41
14 73
14 75
14 91
14 94
14 99
15 16
15 36
15 44
15 52
15 58
15 73
15 81
16 26
16 35
16 40
16 48
16 52
16 53
16 60
16 63
16 72
16 77
16 79
16 84
16 91
16 99
17 23
17 27
17 31
17 43
17 48
17 49
17 72
18 23
18 66
18 69
18 77
18 89
18 97
19 22
19 28
19 35
19 48
19 59
19 90
19 96
20 33
20 49
20 53
20 55
20 67
20 70
20 73
20 84
20 92
21 25
21 53
21 59
21 62
21 66
21 95
22 39
22 44
22 54
22 68
22 89
23 30
23 32
23 35
23 42
23 51
23 67
24 25
24 35
24 38
24 54
24 72
24 99
24 100
25 52
25 71
25 83
25 84
25 99
26 31
26 34
26 55
26 83
27 32
27 52
27 53
27 54
27 76
27 98
28 53
28 60
28 65
28 72
28 87
28 89
28 96
28 99
29 33
29 41
29 81
29 97
30 33
30 39
30 56
30 67
30 69
30 71
30 80
30 82
30 86
30 88
30 92
30 96
31 53
31 75
31 78
31 85
31 88
31 93
32 67
32 86
33 66
33 68
33 72
34 44
34 65
34 71
34 78
34 81
34 85
34 89
35 44
35 56
35 100
36 82
36 97
37 45
37 48
37 57
37 72
37 79
37 87
38 43
38 54
38 76
38 83
38 85
38 97
39 51
39 73
39 80
39 87
39 90
40 55
40 59
40 67
40 96
40 98
41 48
41 54
41 57
41 75
41 81
41 96
42 46
42 56
42 57
42 60
42 71
42 72
42 90
43 76
43 91
43 100
44 45
44 46
44 66
44 73
44 80
44 98
45 51
45 65
45 93
45 100
46 47
46 58
46 64
46 66
46 75
46 84
46 89
47 53
47 59
47 79
47 87
47 93
48 50
48 53
49 55
49 59
49 65
50 52
50 66
50 72
50 82
50 83
51 56
51 81
51 84
51 93
51 95
51 98
51 100
52 59
52 70
52 76
52 81
52 92
52 93
53 59
53 62
53 88
53 90
54 64
54 67
54 83
54 86
54 89
54 99
55 60
55 68
55 69
55 72
55 85
55 92
55 94
55 97
56 63
56 68
56 72
56 90
57 63
57 80
57 81
57 90
58 60
58 72
58 77
58 90
58 95
58 99
58 100
59 64
59 73
59 86
59 91
60 83
60 90
60 91
60 95
60 97
61 74
61 87
61 98
62 76
62 77
62 82
62 91
62 94
62 96
62 98
62 100
63 69
63 71
63 82
63 92
63 95
64 72
64 73
64 79
64 82
64 87
64 93
65 73
65 74
65 91
66 76
66 84
66 99
67 74
67 77
67 89
67 92
67 93
68 72
68 74
69 99
70 77
71 84
72 98
73 76
73 82
73 83
73 96
73 97
74 76
74 89
76 84
76 97
77 78
77 91
77 99
78 92
78 93
78 97
79 82
79 84
79 89
79 96
80 87
80 88
80 96
81 84
81 86
81 95
81 99
83 87
83 88
84 87
85 87
85 94
86 100
87 91
88 90
94 95
95 96
95 99
96 97
