1000 8710
1 88
1 239
1 317
1 325
1 348
1 362
1 501
1 555
1 568
1 761
1 762
1 765
1 766
1 767
1 768
1 769
1 779
1 827
1 908
1 981
2 3
2 4
2 6
2 7
2 8
2 223
2 296
2 310
2 319
2 356
2 392
2 433
2 528
2 534
2 692
2 833
2 943
3 4
3 6
3 10
3 151
3 319
3 331
3 356
3 907
3 963
3 977
4 6
4 8
4 10
4 26
4 95
4 237
4 282
4 356
4 396
4 478
4 582
4 611
4 811
4 838
4 844
5 314
5 345
5 451
5 454
5 456
5 458
5 459
5 460
5 608
5 704
5 734
5 876
5 914
6 7
6 8
6 10
6 267
6 319
6 736
6 781
6 789
6 825
6 855
6 983
6 995
7 8
7 10
7 156
7 299
7 319
7 356
7 414
7 441
7 495
7 506
7 548
7 561
7 659
7 836
7 910
8 10
8 137
8 176
8 211
8 212
8 249
8 265
8 280
8 327
8 356
8 384
8 422
8 479
8 736
8 813
9 65
9 100
9 316
9 381
9 410
9 479
9 526
9 534
9 581
9 583
9 584
9 585
9 586
9 587
9 588
9 590
9 699
9 848
9 958
9 981
10 40
10 69
10 104
10 266
10 292
10 319
10 356
10 440
10 481
10 612
10 648
10 719
10 806
11 12
11 13
11 14
11 15
11 16
11 18
11 20
11 76
11 86
11 105
11 186
11 300
11 372
11 452
11 453
11 723
11 842
12 13
12 14
12 15
12 18
12 19
12 64
12 76
12 86
12 147
12 186
12 187
12 293
12 387
12 461
12 567
12 598
12 601
12 671
12 690
12 691
12 723
12 964
12 967
13 14
13 15
13 16
13 18
13 76
13 86
13 186
13 207
13 214
13 255
13 293
13 331
13 333
13 394
13 404
13 457
13 518
13 711
13 723
13 785
13 896
13 935
14 15
14 18
14 20
14 76
14 86
14 186
14 238
14 293
14 319
14 333
14 394
14 403
14 477
14 587
14 677
14 713
14 723
14 731
15 16
15 18
15 52
15 76
15 86
15 186
15 467
15 496
15 592
15 640
15 689
15 752
15 872
15 996
16 18
16 20
16 55
16 76
16 126
16 186
16 293
16 406
16 484
16 498
16 556
16 561
16 735
16 816
16 826
16 930
17 49
17 52
17 87
17 121
17 128
17 199
17 380
17 517
17 524
17 535
17 537
17 538
17 540
17 766
17 790
17 879
17 890
17 982
18 76
18 86
18 104
18 146
18 186
18 235
18 293
18 488
18 519
18 539
18 594
18 699
18 723
18 732
18 758
18 827
18 886
18 901
18 955
18 974
19 27
19 51
19 68
19 165
19 261
19 281
19 282
19 284
19 285
19 286
19 287
19 289
19 306
19 332
19 454
19 484
19 738
19 807
20 76
20 86
20 108
20 186
20 249
20 293
20 313
20 375
20 407
20 489
20 653
20 723
20 846
20 873
20 935
21 22
21 23
21 25
21 28
21 30
21 37
21 44
21 190
21 371
21 388
21 552
21 563
21 610
21 616
21 647
21 703
21 724
21 725
21 805
21 854
21 972
21 997
22 23
22 25
22 26
22 27
22 28
22 30
22 55
22 233
22 272
22 371
22 508
22 616
22 647
22 674
22 805
22 937
22 974
23 25
23 26
23 27
23 28
23 30
23 40
23 83
23 155
23 371
23 408
23 450
23 481
23 500
23 508
23 647
23 677
23 704
23 805
23 877
23 980
24 48
24 81
24 135
24 136
24 190
24 200
24 397
24 557
24 568
24 592
24 681
24 687
24 688
24 689
24 690
24 972
25 26
25 27
25 30
25 67
25 90
25 169
25 309
25 331
25 371
25 415
25 616
25 647
25 703
25 913
26 28
26 30
26 93
26 355
26 371
26 395
26 444
26 508
26 549
26 552
26 616
26 647
26 697
26 700
26 702
26 740
26 789
26 813
26 892
27 28
27 30
27 371
27 454
27 508
27 616
27 711
27 755
27 805
27 890
28 30
28 77
28 269
28 371
28 407
28 508
28 577
28 608
28 616
28 647
28 748
28 805
28 860
28 940
29 128
29 225
29 443
29 512
29 514
29 516
29 517
29 518
29 519
29 520
29 776
29 792
29 804
29 930
30 278
30 315
30 508
30 569
30 616
30 647
30 655
30 805
30 834
30 884
31 32
31 34
31 35
31 38
31 258
31 364
31 472
31 580
31 619
31 632
31 647
31 750
31 788
32 36
32 38
32 40
32 70
32 109
32 190
32 223
32 229
32 263
32 364
32 426
32 750
32 861
32 898
32 919
32 920
32 924
33 54
33 143
33 181
33 190
33 228
33 241
33 297
33 453
33 608
33 691
33 806
33 813
33 815
33 823
33 837
33 857
33 868
33 922
33 943
34 35
34 38
34 40
34 104
34 146
34 170
34 231
34 263
34 275
34 364
34 427
34 438
34 496
34 510
34 580
34 672
34 676
34 750
34 860
34 954
35 36
35 38
35 40
35 336
35 364
35 401
35 418
35 448
35 514
35 550
35 580
35 650
35 653
35 676
35 750
35 751
35 839
35 860
35 926
35 931
35 945
36 38
36 40
36 71
36 146
36 250
36 293
36 364
36 415
36 604
36 630
36 676
36 750
36 771
36 789
36 877
36 919
37 51
37 55
37 56
37 57
37 58
37 108
37 149
37 168
37 198
37 226
37 459
37 464
37 470
37 492
37 510
37 567
37 672
37 693
37 916
37 943
37 956
37 958
37 978
38 40
38 263
38 364
38 377
38 502
38 580
38 676
38 750
38 802
38 834
38 860
39 98
39 142
39 177
39 187
39 203
39 221
39 222
39 223
39 229
39 230
39 233
39 257
39 293
39 385
39 444
39 491
39 536
39 561
39 711
39 896
39 903
40 120
40 181
40 245
40 263
40 360
40 364
40 499
40 580
40 676
40 699
40 750
40 769
40 777
40 945
40 993
41 44
41 62
41 127
41 199
41 206
41 380
41 420
41 422
41 423
41 424
41 425
41 428
41 555
41 793
41 806
41 839
41 841
42 76
42 88
42 94
42 174
42 351
42 408
42 458
42 688
42 701
42 707
42 708
42 710
42 740
42 877
43 46
43 50
43 91
43 187
43 204
43 257
43 271
43 385
43 386
43 463
43 557
43 569
43 588
43 762
43 781
43 799
43 881
43 925
44 58
44 124
44 127
44 129
44 130
44 131
44 167
44 457
44 641
44 650
44 825
44 858
44 941
45 177
45 202
45 225
45 235
45 303
45 305
45 308
45 310
45 361
45 367
45 500
45 601
45 658
45 763
45 800
45 868
45 944
45 979
46 50
46 173
46 196
46 271
46 385
46 391
46 491
46 569
46 633
46 753
46 799
46 848
46 964
46 976
47 301
47 372
47 453
47 484
47 772
47 773
47 776
47 777
47 778
47 779
47 808
47 833
47 839
47 877
48 54
48 155
48 178
48 200
48 530
48 681
48 684
48 685
48 687
48 688
48 689
48 690
48 867
48 972
49 193
49 195
49 234
49 477
49 535
49 538
49 539
49 540
49 543
49 666
49 696
49 790
49 953
49 956
50 126
50 134
50 201
50 289
50 438
50 589
50 724
50 730
50 752
50 799
50 840
50 881
51 56
51 57
51 58
51 59
51 170
51 182
51 244
51 405
51 423
51 459
51 526
51 651
51 654
51 755
51 774
51 890
51 958
52 120
52 144
52 265
52 297
52 323
52 371
52 446
52 539
52 713
52 772
52 843
52 846
52 854
52 871
52 874
52 875
53 61
53 63
53 64
53 65
53 67
53 69
53 88
53 179
53 330
53 397
53 459
53 500
53 554
53 877
53 880
53 996
54 181
54 228
54 279
54 347
54 412
54 434
54 556
54 564
54 565
54 575
54 589
54 616
54 675
54 746
54 754
54 811
54 813
54 814
54 815
54 818
54 820
54 885
55 56
55 57
55 58
55 59
55 108
55 256
55 329
55 361
55 387
55 400
55 435
55 459
55 476
55 517
55 774
55 824
55 854
55 914
55 977
56 57
56 58
56 59
56 108
56 459
56 486
56 650
56 651
56 677
56 731
56 819
56 912
56 934
57 58
57 59
57 108
57 200
57 211
57 270
57 377
57 459
57 629
57 673
57 916
57 932
57 983
58 59
58 108
58 227
58 451
58 459
58 472
58 530
58 704
58 816
58 823
58 974
59 108
59 352
59 374
59 459
60 116
60 200
60 309
60 399
60 413
60 500
60 710
60 748
60 788
60 806
60 813
60 848
60 886
60 893
60 894
60 895
60 897
60 898
60 899
60 991
61 63
61 65
61 67
61 69
61 82
61 481
61 537
61 557
61 677
61 836
61 873
61 908
61 910
61 991
62 213
62 244
62 422
62 425
62 426
62 427
62 428
62 564
62 631
62 740
62 839
62 940
63 64
63 65
63 67
63 69
63 107
63 151
63 260
63 300
63 352
63 400
63 502
63 531
63 597
63 677
63 709
63 735
63 750
63 952
63 1000
64 65
64 67
64 88
64 267
64 291
64 298
64 728
64 764
64 791
64 877
64 885
64 894
65 67
65 69
65 107
65 157
65 274
65 608
65 658
65 677
65 680
65 688
65 695
65 764
65 768
65 800
65 877
65 904
66 210
66 232
66 243
66 302
66 307
66 362
66 425
66 507
66 516
66 569
66 637
66 653
66 714
66 716
66 718
66 719
66 788
66 836
66 847
66 866
66 937
67 69
67 100
67 302
67 523
67 531
67 532
67 677
67 730
67 828
67 831
67 877
68 72
68 79
68 193
68 261
68 281
68 282
68 284
68 285
68 286
68 287
68 297
68 306
68 316
68 387
68 403
68 405
68 445
68 462
68 498
68 569
68 576
68 607
68 658
68 690
68 738
68 743
68 998
69 250
69 424
69 445
69 608
69 623
69 677
69 848
69 854
69 870
69 877
70 81
70 148
70 237
70 243
70 257
70 321
70 322
70 326
70 328
70 436
70 512
70 533
70 544
70 632
70 844
70 901
70 968
70 973
71 72
71 73
71 74
71 75
71 77
71 79
71 192
71 248
71 272
71 406
71 430
71 528
71 658
71 774
71 802
71 877
71 937
72 73
72 74
72 77
72 79
72 133
72 140
72 277
72 314
72 319
72 583
72 738
72 802
72 894
72 962
73 74
73 75
73 77
73 79
73 199
73 236
73 296
73 302
73 312
73 357
73 406
73 415
73 430
73 562
73 636
73 746
73 747
73 802
73 911
73 937
73 960
74 75
74 79
74 115
74 192
74 275
74 304
74 352
74 430
74 450
74 491
74 526
74 551
74 563
74 666
74 683
74 802
74 828
74 850
74 937
75 77
75 79
75 162
75 174
75 192
75 299
75 302
75 430
75 465
75 500
75 592
75 663
75 682
75 708
75 791
75 821
75 938
75 963
76 86
76 186
76 208
76 235
76 293
76 305
76 307
76 421
76 453
76 488
76 543
76 639
76 723
76 786
76 792
76 804
77 192
77 201
77 220
77 400
77 430
77 472
77 519
77 565
77 573
77 721
77 776
77 802
77 819
77 844
77 847
77 853
78 269
78 332
78 381
78 413
78 437
78 441
78 572
78 573
78 574
78 575
78 576
78 577
78 579
78 711
78 721
78 801
78 970
79 192
79 207
79 430
79 507
79 752
79 802
79 937
79 940
79 988
80 137
80 138
80 185
80 251
80 273
80 325
80 353
80 447
80 498
80 523
80 524
80 525
80 527
80 529
80 580
80 621
80 641
80 642
80 702
80 751
80 865
80 876
81 82
81 83
81 84
81 87
81 89
81 186
81 327
81 376
81 443
81 615
81 660
81 742
81 754
81 761
81 764
81 780
81 872
82 83
82 87
82 89
82 90
82 114
82 141
82 232
82 261
82 376
82 443
82 770
82 872
82 931
83 84
83 87
83 89
83 90
83 115
83 287
83 341
83 376
83 443
83 473
83 496
83 604
83 626
83 669
83 780
83 836
83 872
83 976
84 87
84 89
84 94
84 245
84 255
84 344
84 376
84 485
84 606
84 632
84 638
84 647
84 708
84 780
84 810
84 841
84 872
84 887
84 908
85 110
85 140
85 218
85 224
85 242
85 245
85 246
85 247
85 250
85 310
85 414
85 579
85 611
85 692
85 707
85 764
85 798
85 875
86 149
86 180
86 186
86 293
86 428
86 446
86 535
86 548
86 608
86 628
86 723
86 799
86 880
87 89
87 214
87 227
87 376
87 443
87 451
87 669
87 697
87 758
87 780
87 843
87 870
87 872
87 915
88 131
88 251
88 320
88 555
88 568
88 739
88 761
88 762
88 765
88 766
88 769
88 803
88 900
89 90
89 149
89 163
89 231
89 414
89 443
89 594
89 612
89 669
89 780
89 827
89 847
89 872
89 991
90 160
90 165
90 376
90 430
90 443
90 467
90 563
90 590
90 599
90 669
90 780
90 806
90 872
90 900
90 929
91 120
91 127
91 172
91 301
91 312
91 355
91 400
91 549
91 621
91 622
91 647
91 652
91 655
91 656
91 660
91 718
91 864
91 926
91 941
91 1000
92 96
92 97
92 98
92 99
92 202
92 217
92 272
92 380
92 395
92 397
92 401
92 434
92 609
92 629
92 796
92 951
93 95
93 96
93 97
93 98
93 99
93 283
93 304
93 340
93 380
93 677
93 726
93 806
93 935
93 943
94 229
94 305
94 323
94 351
94 408
94 419
94 425
94 542
94 543
94 654
94 701
94 706
94 707
94 757
95 97
95 98
95 99
95 318
95 380
95 411
95 434
95 481
95 514
95 591
95 603
95 607
95 672
95 814
95 866
96 97
96 98
96 99
96 291
96 380
96 387
96 483
96 502
96 667
96 783
96 947
97 99
97 380
97 471
97 474
97 496
97 631
97 648
97 871
97 941
98 99
98 268
98 356
98 380
98 434
98 437
98 676
98 789
98 797
98 896
98 910
98 967
99 277
99 380
99 386
99 434
99 538
99 695
99 699
100 192
100 208
100 254
100 309
100 361
100 362
100 365
100 366
100 368
100 369
100 421
100 526
100 618
100 655
100 657
100 668
100 700
100 745
100 766
100 803
100 983
101 116
101 134
101 141
101 143
101 145
101 146
101 147
101 149
101 150
101 204
101 370
101 402
101 907
101 920
102 119
102 169
102 215
102 269
102 335
102 510
102 533
102 552
102 572
102 864
102 912
102 916
102 917
102 918
102 920
102 931
102 964
102 997
103 107
103 116
103 118
103 157
103 171
103 182
103 433
103 603
103 730
103 949
103 981
104 106
104 110
104 138
104 279
104 433
104 442
104 603
104 825
104 932
105 117
105 442
105 472
105 514
105 538
105 714
105 799
105 804
105 806
105 809
105 944
106 107
106 108
106 110
106 139
106 292
106 333
106 450
106 497
106 603
106 608
107 162
107 195
107 230
107 297
107 373
107 433
107 482
107 584
107 603
107 664
107 696
107 738
107 836
107 878
107 889
108 711
108 926
109 174
109 195
109 431
109 563
109 591
109 592
109 595
109 596
109 597
109 598
109 599
109 600
109 707
109 762
109 786
109 850
109 867
109 902
110 145
110 204
110 224
110 433
110 453
110 487
110 603
110 604
110 873
110 975
111 113
111 115
111 116
111 117
111 118
111 120
111 183
111 200
111 431
111 433
111 457
111 914
112 119
112 170
112 180
112 291
112 337
112 348
112 436
112 617
112 631
112 632
112 634
112 636
112 637
112 638
112 698
112 720
112 728
112 878
113 116
113 117
113 118
113 119
113 120
113 183
113 261
113 296
113 323
113 379
113 447
113 448
113 651
113 675
113 702
113 731
114 128
114 275
114 285
114 292
114 294
114 298
114 299
114 300
114 359
114 399
114 688
114 774
114 785
114 819
114 967
115 116
115 117
115 118
115 119
115 120
115 183
115 296
115 424
115 427
115 468
115 535
115 622
115 630
115 694
115 727
115 787
115 817
115 940
116 118
116 119
116 207
116 296
116 337
116 397
116 561
116 751
116 772
116 898
116 940
117 118
117 119
117 120
117 136
117 183
117 273
117 296
117 355
117 533
117 578
117 702
117 940
117 977
118 119
118 183
118 231
118 367
118 490
118 563
118 612
118 710
118 750
118 752
118 797
118 817
118 832
118 839
118 869
118 940
119 122
119 138
119 183
119 275
119 296
119 493
119 508
119 598
119 606
119 862
119 940
119 952
120 133
120 141
120 153
120 183
120 296
120 320
120 724
120 973
121 164
121 166
121 167
121 168
121 170
121 299
121 304
121 410
121 428
121 429
121 430
121 540
121 602
121 611
121 751
121 817
121 821
121 940
122 129
122 182
122 265
122 311
122 313
122 314
122 318
122 320
122 358
122 458
122 715
122 717
122 801
122 850
122 853
123 266
123 331
123 332
123 336
123 338
123 370
123 390
123 484
123 591
123 642
123 659
123 667
123 730
123 972
123 1000
124 127
124 129
124 130
124 154
124 162
124 214
124 457
124 663
124 807
124 825
124 868
124 905
124 986
125 166
125 220
125 269
125 288
125 318
125 347
125 484
125 514
125 518
125 585
125 633
125 663
125 719
125 800
125 937
125 941
125 944
125 946
125 947
125 948
125 950
125 998
126 255
126 264
126 565
126 594
126 640
126 723
126 826
126 882
126 883
126 884
126 887
126 888
126 892
127 129
127 130
127 150
127 372
127 401
127 436
127 457
127 517
127 529
127 563
127 636
127 639
127 825
127 887
128 225
128 288
128 306
128 316
128 325
128 512
128 514
128 516
128 517
128 519
128 520
128 549
128 562
128 570
128 664
128 748
128 839
128 946
128 994
129 241
129 348
129 361
129 380
129 457
129 521
129 601
129 639
129 677
129 749
129 825
129 949
130 165
130 216
130 329
130 457
130 509
130 586
130 639
130 676
130 739
130 825
130 979
131 144
131 178
131 245
131 266
131 397
131 410
131 437
131 440
131 604
131 854
131 865
131 889
131 964
132 133
132 138
132 139
132 162
132 417
132 479
132 519
132 635
132 670
132 720
132 778
133 138
133 139
133 140
133 180
133 266
133 693
133 763
133 784
133 878
133 939
133 956
134 141
134 143
134 144
134 145
134 146
134 147
134 150
134 287
134 363
134 464
134 721
134 743
134 842
134 996
135 138
135 139
135 140
135 265
135 390
135 426
135 566
135 656
135 847
135 848
135 858
136 203
136 254
136 341
136 342
136 344
136 345
136 347
136 348
136 349
136 350
136 407
136 709
136 786
136 841
136 902
137 282
137 521
137 523
137 524
137 525
137 526
137 527
137 528
137 529
137 589
137 682
137 742
137 758
137 867
137 873
137 876
138 139
138 140
138 171
138 250
138 343
138 570
138 574
138 678
138 821
138 843
139 316
139 365
139 381
139 471
139 479
139 597
139 704
139 741
139 807
139 905
140 219
140 542
140 681
140 763
140 804
140 885
140 993
141 143
141 144
141 145
141 146
141 147
141 150
141 204
141 258
141 300
141 373
141 704
141 753
141 896
141 946
141 955
142 174
142 187
142 221
142 222
142 223
142 226
142 227
142 230
142 518
142 536
142 553
142 639
142 641
142 683
142 711
142 896
142 993
142 998
143 144
143 145
143 146
143 147
143 149
143 150
143 204
143 346
143 418
143 618
143 686
143 798
143 833
143 888
143 892
143 989
144 145
144 146
144 147
144 150
144 204
144 232
144 280
144 357
144 366
144 467
144 554
144 715
144 747
144 787
144 818
144 995
145 146
145 147
145 149
145 204
145 248
145 369
145 467
145 578
145 623
145 636
145 659
145 769
146 147
146 150
146 197
146 204
146 208
146 387
146 449
146 569
146 583
146 820
146 940
147 150
147 160
147 204
147 526
147 562
147 634
147 678
147 722
147 815
147 832
147 847
148 301
148 584
148 653
148 655
148 659
148 660
148 709
148 969
149 204
149 330
149 402
149 495
149 564
149 566
149 572
149 578
149 600
149 878
149 914
149 940
149 977
150 184
150 204
150 214
150 254
150 285
150 301
150 386
150 619
150 703
150 723
150 751
150 858
150 864
150 875
150 889
151 152
151 153
151 154
151 155
151 246
151 281
151 358
151 380
151 495
151 579
151 614
151 654
151 705
151 777
151 799
151 993
152 153
152 154
152 155
152 217
152 257
152 295
152 409
152 514
152 623
152 631
152 654
152 705
152 734
152 736
152 739
153 154
153 157
153 159
153 422
153 468
153 606
153 614
153 841
153 938
153 947
154 155
154 157
154 159
154 205
154 331
154 345
154 359
154 412
154 654
154 684
154 705
154 741
154 789
154 864
154 890
155 159
155 236
155 249
155 317
155 654
155 705
155 720
155 730
155 770
155 863
155 892
155 1000
156 182
156 270
156 368
156 521
156 625
156 641
156 642
156 643
156 646
156 648
156 649
156 650
156 652
156 907
156 918
157 159
157 261
157 391
157 506
157 614
157 705
157 931
158 241
158 243
158 316
158 369
158 445
158 606
158 634
158 647
158 661
158 663
158 665
158 666
158 667
158 668
158 766
158 973
159 165
159 166
159 341
159 342
159 366
159 485
159 597
159 654
159 701
159 705
159 848
159 900
159 921
160 229
160 242
160 258
160 541
160 543
160 544
160 545
160 546
160 547
160 548
160 549
160 745
160 768
160 773
160 825
160 840
160 881
161 348
161 411
161 412
161 413
161 419
161 420
161 878
162 206
162 238
162 256
162 330
162 434
162 618
162 666
162 721
162 743
162 873
162 912
162 952
162 955
162 961
162 962
162 964
162 965
162 966
162 967
162 968
162 970
162 998
163 164
163 167
163 168
163 169
163 251
163 435
163 523
163 545
163 620
163 643
163 751
163 885
163 907
163 918
163 967
163 969
164 168
164 169
164 170
164 280
164 304
164 410
164 611
164 706
164 742
164 751
164 765
164 857
164 910
164 990
165 281
165 282
165 284
165 286
165 287
165 289
165 306
165 329
165 337
165 407
165 566
165 738
165 885
165 921
166 167
166 168
166 169
166 170
166 304
166 375
166 383
166 410
166 620
166 701
166 751
166 805
166 843
166 876
167 168
167 169
167 272
167 289
167 304
167 373
167 480
167 611
167 744
167 751
167 869
167 900
167 924
167 967
168 170
168 192
168 271
168 274
168 304
168 410
168 480
168 611
168 751
168 912
169 170
169 256
169 304
169 394
169 410
169 449
169 611
169 622
169 742
169 751
169 765
169 874
170 301
170 304
170 345
170 410
170 450
170 524
170 559
170 599
170 606
170 611
170 640
170 660
170 696
170 751
170 798
170 924
170 946
170 963
171 210
171 260
171 462
171 481
171 483
171 484
171 486
171 564
171 571
171 594
171 670
171 691
171 712
171 785
172 174
172 175
172 176
172 178
172 179
172 203
172 363
172 390
172 615
172 679
172 788
172 791
172 999
173 174
173 175
173 176
173 179
173 213
173 220
173 287
173 360
173 390
173 541
173 582
173 615
173 630
173 698
173 816
173 891
173 997
174 176
174 177
174 178
174 179
174 209
174 266
174 312
174 320
174 505
174 580
174 615
174 772
174 791
174 825
174 862
175 176
175 178
175 179
175 217
175 339
175 388
175 427
175 456
175 573
175 608
175 615
175 791
176 177
176 178
176 179
176 250
176 290
176 398
176 457
176 599
176 615
176 711
176 747
176 796
176 806
176 867
176 906
176 931
177 178
177 179
177 291
177 297
177 365
177 486
177 615
177 697
177 791
177 825
178 192
178 251
178 502
178 561
178 596
178 615
178 716
178 766
178 791
178 817
178 840
178 868
178 973
179 654
179 701
179 791
179 818
179 923
179 981
180 207
180 337
180 492
180 631
180 633
180 635
180 636
180 637
180 638
180 720
180 727
180 845
180 875
180 973
181 228
181 250
181 305
181 337
181 540
181 691
181 699
181 796
181 799
181 814
181 818
181 942
181 982
181 1000
182 184
182 185
182 189
182 190
182 232
182 572
182 630
182 642
182 762
182 897
182 996
183 211
183 215
183 296
183 346
183 690
183 781
183 793
183 888
183 903
183 906
183 940
183 946
184 189
184 190
184 361
184 450
184 543
184 653
184 693
184 843
184 921
184 947
185 188
185 189
185 190
185 214
185 303
185 386
185 554
185 621
185 843
185 929
185 961
185 996
186 293
186 393
186 409
186 554
186 723
186 831
186 935
186 938
187 221
187 222
187 223
187 227
187 230
187 379
187 448
187 491
187 536
187 636
187 673
187 683
187 706
187 707
187 893
187 909
187 974
188 189
188 190
188 647
188 740
188 795
189 304
189 437
189 470
189 559
189 781
189 803
189 929
189 982
190 252
190 352
190 643
190 662
190 683
190 836
190 915
190 925
191 193
191 194
191 195
191 196
191 197
191 199
191 200
191 257
191 476
191 524
191 538
191 879
191 888
191 909
191 946
191 948
192 217
192 314
192 371
192 430
192 610
192 722
192 798
192 821
192 885
192 910
192 937
193 195
193 196
193 197
193 199
193 200
193 424
193 620
193 839
193 846
193 872
193 879
193 979
193 987
194 195
194 196
194 197
194 199
194 200
194 249
194 541
194 605
194 613
194 722
194 759
194 781
194 783
194 832
194 879
194 917
194 977
195 196
195 197
195 199
195 200
195 324
195 389
195 420
195 567
195 580
195 646
195 699
196 197
196 199
196 200
196 208
196 302
196 466
196 530
196 550
196 709
196 773
196 879
196 998
197 199
197 200
197 327
197 439
197 574
197 587
197 633
197 761
197 764
197 771
197 774
197 854
198 214
198 262
198 265
198 266
198 267
198 268
198 270
198 341
198 346
198 394
198 647
198 752
198 911
198 927
198 936
198 964
198 969
198 974
199 200
199 428
199 646
199 701
199 707
199 789
199 879
199 923
199 982
200 428
200 545
200 761
200 879
200 887
201 208
201 209
201 282
201 340
201 464
201 557
201 587
201 732
201 940
201 954
201 974
201 984
202 265
202 302
202 303
202 305
202 308
202 310
202 359
202 367
202 459
202 625
202 658
202 659
202 758
202 886
202 887
202 902
203 207
203 208
203 209
203 210
203 290
203 295
203 349
203 420
203 427
203 455
203 464
203 473
203 520
203 575
203 692
203 817
203 876
203 911
203 971
204 248
204 454
204 572
204 597
204 618
204 683
204 740
204 755
204 766
204 897
204 923
204 937
205 322
205 405
205 407
205 408
205 409
205 501
205 563
205 678
205 737
205 773
205 787
205 848
205 884
206 207
206 208
206 209
206 210
206 211
206 440
206 464
206 467
206 472
206 509
206 614
206 711
206 730
206 848
206 928
207 208
207 209
207 210
207 266
207 295
207 464
207 550
207 592
207 628
207 690
207 845
207 879
208 296
208 346
208 464
208 551
208 938
209 210
209 407
209 421
209 464
209 591
209 835
210 445
210 538
210 595
210 639
210 710
210 809
210 905
211 212
211 213
211 217
211 219
211 220
211 315
211 408
211 409
211 432
211 457
211 533
211 685
211 720
211 859
211 955
211 983
212 213
212 217
212 219
212 220
212 289
212 291
212 432
212 550
212 593
212 718
212 840
212 933
212 961
212 983
213 217
213 220
213 246
213 432
213 485
213 500
213 550
213 648
213 914
213 955
213 964
213 983
214 262
214 265
214 266
214 267
214 327
214 601
214 845
214 860
214 885
215 234
215 399
215 551
215 775
215 917
215 982
215 984
215 986
215 987
215 988
215 989
215 990
216 262
216 273
216 284
216 301
216 385
216 417
216 487
216 552
216 561
216 563
216 566
216 567
216 570
216 747
216 810
216 913
217 219
217 220
217 480
217 505
217 557
217 641
217 717
217 728
217 983
218 224
218 241
218 245
218 247
218 249
218 250
218 274
218 336
218 414
218 451
218 697
218 764
218 819
218 895
219 220
219 251
219 398
219 478
219 487
219 550
219 563
219 728
219 816
219 824
219 952
219 955
219 976
219 983
220 258
220 289
220 432
220 468
220 548
220 550
220 552
220 584
220 693
220 728
220 776
220 912
220 955
221 222
221 226
221 227
221 229
221 256
221 257
221 272
221 491
221 536
221 573
221 624
221 683
221 711
221 769
221 801
221 874
221 903
222 223
222 226
222 227
222 229
222 230
222 284
222 329
222 341
222 373
222 699
222 711
222 719
222 747
222 761
222 765
222 867
222 896
223 226
223 229
223 230
223 439
223 491
223 533
223 595
223 674
223 683
223 685
223 686
223 711
223 766
223 871
223 896
223 977
224 241
224 245
224 246
224 247
224 249
224 250
224 303
224 362
224 414
224 628
224 659
224 692
224 738
224 880
225 466
225 511
225 512
225 514
225 516
225 518
225 519
225 562
225 592
225 897
225 923
225 927
226 227
226 229
226 371
226 435
226 491
226 564
226 676
226 683
226 700
226 703
226 710
226 711
226 816
226 886
226 896
226 911
226 993
227 229
227 230
227 320
227 352
227 491
227 536
227 548
227 611
227 683
227 711
227 872
227 924
227 962
228 353
228 659
228 674
228 754
228 811
228 813
228 814
228 815
228 818
228 820
228 830
228 878
228 894
228 903
229 230
229 301
229 373
229 491
229 536
229 627
229 683
229 711
229 747
229 773
229 874
229 996
230 315
230 442
230 453
230 491
230 592
230 683
230 711
230 896
231 233
231 235
231 237
231 238
231 239
231 240
231 297
231 449
231 549
231 638
231 679
231 699
231 716
231 755
231 757
231 812
231 816
231 855
231 924
231 939
232 233
232 235
232 236
232 238
232 449
232 541
232 612
232 669
232 812
232 821
233 235
233 236
233 237
233 238
233 239
233 394
233 564
233 679
233 812
233 832
233 860
233 974
234 317
234 380
234 505
234 530
234 682
234 691
234 695
234 696
234 698
234 699
234 700
234 717
234 750
234 873
234 924
234 994
235 236
235 237
235 238
235 371
235 409
235 449
235 633
235 679
235 697
235 780
235 812
236 237
236 238
236 239
236 240
236 242
236 243
236 293
236 401
236 449
236 629
236 679
236 684
236 685
236 800
236 802
236 812
237 239
237 240
237 377
237 425
237 449
237 472
237 480
237 511
237 599
237 615
237 679
237 694
237 761
237 785
237 811
237 812
237 889
237 944
237 975
238 239
238 291
238 339
238 360
238 435
238 449
238 644
238 679
238 719
238 763
238 812
238 895
239 240
239 449
239 475
239 558
239 647
239 679
239 812
239 921
240 449
240 492
240 517
240 524
240 547
240 601
240 679
240 812
240 922
241 242
241 247
241 249
241 250
241 408
241 414
241 568
241 571
241 685
241 692
241 764
241 815
241 865
242 245
242 246
242 247
242 414
242 495
242 546
242 692
242 764
242 843
242 953
243 256
243 436
243 497
243 507
243 587
243 714
243 718
243 719
243 802
243 866
243 881
243 924
244 305
244 330
244 333
244 337
244 403
244 424
244 461
244 463
244 465
244 466
244 467
244 468
244 469
244 470
244 494
244 559
244 587
244 683
244 702
244 787
244 830
244 869
244 920
244 932
244 983
245 250
245 286
245 506
245 567
245 655
245 692
245 751
245 764
245 766
245 793
245 829
245 846
245 993
246 247
246 250
246 298
246 414
246 443
246 584
246 692
246 720
246 764
246 951
246 953
246 961
247 249
247 250
247 421
247 488
247 533
247 560
247 635
247 692
247 731
247 841
247 984
248 468
248 778
248 831
248 832
248 833
248 834
248 836
248 837
248 840
248 882
248 883
249 250
249 293
249 414
249 692
249 764
249 958
249 997
250 257
250 360
250 384
250 662
250 672
250 712
250 764
250 865
250 888
251 252
251 253
251 256
251 257
251 259
251 398
251 405
251 421
251 422
251 427
251 441
251 454
251 531
251 532
251 814
251 882
251 889
251 898
252 255
252 257
252 259
252 289
252 337
252 362
252 452
252 532
252 686
252 701
252 829
252 912
252 914
252 945
252 993
253 255
253 256
253 257
253 258
253 259
253 280
253 317
253 321
253 354
253 441
253 496
253 532
253 614
253 651
253 686
253 798
253 889
253 987
253 989
254 272
254 274
254 275
254 276
254 277
254 280
254 447
254 582
254 676
254 708
254 724
254 781
254 896
254 985
255 256
255 258
255 259
255 266
255 339
255 354
255 362
255 504
255 532
255 630
255 679
255 686
255 735
255 831
256 257
256 259
256 381
256 532
256 622
256 686
256 704
256 741
256 750
256 815
256 896
257 259
257 295
257 373
257 374
257 532
257 658
257 832
257 894
258 259
258 293
258 532
258 551
258 870
258 934
258 987
259 348
259 358
259 485
259 532
259 580
259 606
259 686
259 863
259 934
259 978
260 346
260 726
260 743
260 784
260 943
260 951
260 952
260 953
260 956
260 958
260 959
261 281
261 282
261 284
261 285
261 286
261 289
261 386
261 520
261 738
261 821
261 891
261 974
262 265
262 267
262 268
262 270
262 294
262 327
262 358
262 433
262 467
262 541
262 722
263 364
263 396
263 465
263 580
263 676
263 733
263 853
264 429
264 513
264 530
264 565
264 712
264 718
264 752
264 883
264 884
264 887
265 267
265 268
265 601
265 635
265 692
265 806
265 817
265 889
265 911
265 929
266 267
266 268
266 270
266 307
266 327
266 345
266 454
266 636
266 658
266 664
266 745
266 796
266 820
266 835
266 911
266 914
266 929
266 945
267 268
267 270
267 306
267 327
267 342
267 364
267 426
267 500
267 570
267 681
267 911
267 929
267 987
268 270
268 327
268 350
268 355
268 444
268 681
268 692
268 787
268 863
268 882
268 891
268 911
268 929
269 334
269 351
269 433
269 552
269 621
269 657
269 728
269 799
269 859
269 864
269 873
269 912
269 914
269 915
269 916
269 918
270 299
270 327
270 369
270 485
270 532
270 668
270 884
270 911
270 929
270 936
270 950
270 952
270 965
270 987
271 385
271 410
271 569
271 634
271 781
271 866
271 881
272 274
272 276
272 277
272 278
272 280
272 419
272 446
272 499
272 582
272 594
272 680
272 703
272 786
272 942
272 985
272 987
273 375
273 411
273 480
273 561
273 563
273 564
273 566
273 567
273 636
273 747
273 810
273 821
273 899
273 913
273 946
274 275
274 277
274 280
274 447
274 483
274 515
274 582
274 695
274 743
274 744
274 761
274 790
274 817
274 866
274 903
274 985
275 276
275 277
275 278
275 280
275 415
275 454
275 582
275 603
275 658
275 714
275 718
275 911
275 933
275 967
275 985
276 277
276 278
276 401
276 523
276 556
276 577
276 582
276 658
276 739
276 763
276 799
276 927
276 985
277 278
277 280
277 421
277 447
277 582
277 925
277 985
278 280
278 315
278 408
278 412
278 442
278 447
278 489
278 572
278 582
278 985
279 355
279 367
279 441
279 442
279 444
279 445
279 448
279 449
279 450
279 455
279 601
279 825
279 829
279 856
279 900
280 319
280 324
280 447
280 582
280 716
280 922
280 985
281 282
281 284
281 285
281 286
281 287
281 289
281 291
281 306
281 716
281 738
281 787
281 875
281 888
281 955
282 284
282 285
282 286
282 287
282 289
282 292
282 306
282 334
282 346
282 353
282 360
282 385
282 410
282 606
282 738
282 957
283 317
283 380
283 478
283 530
283 682
283 691
283 693
283 694
283 695
283 696
283 697
283 698
283 699
283 700
283 717
283 766
283 903
283 924
284 286
284 287
284 306
284 351
284 394
284 465
284 572
284 738
284 780
284 833
284 867
284 893
284 925
285 287
285 289
285 306
285 349
285 403
285 520
285 531
285 546
285 579
285 861
286 287
286 289
286 293
286 331
286 641
286 647
286 738
286 820
287 288
287 306
287 617
287 649
287 911
287 976
287 978
287 992
288 298
288 443
288 502
288 512
288 544
288 616
288 669
288 777
288 802
288 813
288 871
288 941
288 944
288 947
288 948
288 949
289 306
289 393
289 407
289 531
289 738
289 745
289 901
289 986
290 313
290 328
290 344
290 383
290 391
290 392
290 393
290 395
290 396
290 397
290 398
290 400
290 521
290 526
290 530
290 627
290 649
290 704
290 752
290 779
290 807
290 848
290 904
290 934
290 986
291 331
291 401
291 561
291 563
291 566
291 567
291 570
291 575
291 747
291 778
291 888
291 913
292 295
292 298
292 299
292 300
292 462
292 481
292 547
292 562
292 642
292 774
292 819
292 996
293 305
293 341
293 356
293 475
293 549
293 559
293 723
293 736
293 839
294 299
294 300
294 320
294 359
294 476
294 556
294 819
295 298
295 299
295 300
295 355
295 359
295 364
295 507
295 753
295 774
295 819
295 854
296 497
296 680
296 735
296 795
296 940
297 372
297 374
297 446
297 493
297 609
297 682
297 706
297 713
297 748
297 843
297 868
297 871
297 874
297 875
297 963
298 299
298 300
298 545
298 570
298 630
298 774
298 819
298 907
298 966
298 989
299 300
299 359
299 604
299 774
299 813
299 819
300 350
300 359
300 542
300 728
300 729
300 774
300 860
300 954
301 361
301 388
301 519
301 542
301 651
301 652
301 653
301 656
301 659
301 660
301 709
301 813
301 878
301 990
302 307
302 308
302 310
302 353
302 371
302 544
302 556
302 658
302 665
303 308
303 310
303 319
303 367
303 466
303 531
303 608
303 616
303 638
303 658
303 853
303 941
304 307
304 332
304 369
304 374
304 523
304 533
304 611
304 680
304 729
304 751
304 851
304 893
305 307
305 308
305 310
305 367
305 414
305 658
305 765
305 856
305 939
306 380
306 409
306 467
306 533
306 609
306 738
306 753
306 811
306 871
306 991
307 308
307 310
307 318
307 426
307 440
307 515
307 519
307 658
307 698
307 814
307 821
307 834
308 310
308 344
308 367
308 411
308 450
308 552
308 629
308 658
308 908
308 992
309 365
309 369
309 384
309 399
309 405
309 486
309 627
309 632
309 695
309 710
309 719
309 748
309 892
309 893
309 894
309 897
309 899
309 900
309 930
309 963
310 367
310 415
310 420
310 423
310 468
310 493
310 736
310 822
310 864
311 313
311 314
311 318
311 320
311 566
311 715
311 801
311 851
311 853
311 888
312 518
312 551
312 554
312 557
312 560
312 583
312 634
312 851
312 873
312 944
312 966
313 314
313 318
313 320
313 370
313 522
313 715
313 739
313 801
313 853
313 873
313 965
314 315
314 318
314 320
314 634
314 701
314 715
314 775
314 781
314 853
315 318
315 320
315 507
315 508
315 518
315 531
315 590
315 690
315 711
315 715
315 801
315 853
316 352
316 354
316 355
316 358
316 360
316 386
316 522
316 544
316 553
316 616
316 705
316 816
316 890
317 433
317 479
317 530
317 557
317 691
317 694
317 696
317 697
317 698
317 699
317 804
317 881
317 924
317 984
317 997
318 320
318 411
318 523
318 658
318 715
318 737
318 780
318 791
318 801
318 821
318 853
319 356
319 488
319 499
319 527
319 534
319 538
319 738
319 807
319 866
319 927
320 704
320 715
320 749
320 801
320 818
320 853
320 868
320 972
321 322
321 325
321 326
321 328
321 361
321 533
321 597
321 604
321 709
321 861
321 923
321 973
321 999
322 325
322 326
322 328
322 329
322 330
322 332
322 405
322 533
322 541
322 861
322 973
323 351
323 421
323 658
323 691
323 701
323 702
323 706
323 707
323 708
323 808
323 818
323 909
323 918
324 365
324 433
324 438
324 504
324 510
324 616
324 628
324 678
324 717
324 728
324 792
324 793
324 794
324 796
324 798
324 800
324 911
324 932
325 326
325 328
325 329
325 330
325 334
325 379
325 533
325 861
325 913
325 973
325 984
325 986
326 329
326 330
326 533
326 538
326 781
326 819
326 861
326 973
327 397
327 633
327 812
327 835
327 911
327 929
327 975
328 329
328 330
328 432
328 533
328 576
328 591
328 624
328 630
328 667
328 781
328 836
328 973
328 995
329 330
329 404
329 407
329 456
329 861
329 922
329 951
329 973
330 465
330 533
330 570
330 675
330 752
330 766
330 817
330 861
330 865
330 945
330 973
331 332
331 335
331 336
331 338
331 339
331 365
331 400
331 404
331 599
331 725
331 789
331 815
331 975
331 988
331 1000
332 335
332 336
332 339
332 378
332 439
332 619
332 656
332 669
332 724
332 778
332 789
332 901
332 913
332 1000
333 369
333 403
333 439
333 462
333 463
333 465
333 466
333 469
333 470
333 493
333 511
333 555
333 559
333 617
333 817
333 860
333 965
334 363
334 407
334 516
334 552
334 590
334 647
334 864
334 887
334 914
334 915
334 916
334 917
334 918
335 336
335 339
335 521
335 668
335 709
335 762
335 789
335 885
335 1000
336 339
336 441
336 489
336 628
336 635
336 667
336 712
336 789
336 1000
337 342
337 455
337 572
337 617
337 631
337 632
337 634
337 635
337 636
337 647
337 662
337 720
337 949
338 339
338 530
338 603
338 767
338 789
338 808
338 828
338 856
338 938
338 949
338 992
338 1000
339 422
339 554
339 684
339 781
339 789
339 884
339 906
339 916
339 960
339 994
339 1000
340 401
340 402
340 405
340 406
340 407
340 408
340 409
340 432
340 501
340 653
340 679
340 708
340 736
340 787
340 825
340 922
340 974
340 982
341 345
341 348
341 350
341 377
341 394
341 462
341 588
341 902
341 915
341 946
341 997
342 345
342 347
342 349
342 363
342 493
342 561
342 766
342 840
342 860
342 869
342 902
343 344
343 510
343 578
343 706
343 720
343 782
343 783
343 784
343 785
343 786
343 788
343 871
344 345
344 347
344 348
344 349
344 350
344 367
344 557
344 624
344 693
344 702
344 902
345 347
345 348
345 349
345 350
345 618
345 710
345 828
345 902
345 919
345 930
346 384
346 533
346 670
346 696
346 726
346 757
346 766
346 913
346 917
346 943
346 951
346 952
346 954
346 956
346 959
346 978
346 983
347 348
347 349
347 350
347 391
347 521
347 544
347 867
347 902
347 959
348 349
348 350
348 466
348 497
348 545
348 601
348 633
348 698
348 929
349 350
349 639
349 825
349 902
350 363
350 380
350 388
350 434
350 588
350 684
350 729
350 902
350 947
351 377
351 407
351 575
351 612
351 634
351 674
351 701
351 702
351 703
351 706
351 707
351 764
351 791
352 354
352 355
352 358
352 549
352 553
352 816
352 883
352 890
352 948
352 963
353 417
353 486
353 514
353 721
353 751
353 829
353 846
353 942
353 961
353 966
353 968
353 970
354 355
354 358
354 360
354 443
354 602
354 658
354 671
354 700
354 816
354 822
354 890
354 894
354 973
355 360
355 411
355 514
355 521
355 553
355 588
355 734
355 752
355 769
355 816
355 873
355 879
355 890
356 388
356 392
356 429
356 845
356 846
356 892
356 998
357 569
357 590
357 822
357 823
357 826
357 827
357 830
358 553
358 575
358 641
358 652
358 693
358 759
358 816
358 854
358 882
358 890
358 939
359 421
359 435
359 454
359 565
359 628
359 774
359 819
359 822
360 374
360 429
360 479
360 640
360 768
360 774
360 816
360 890
361 363
361 365
361 368
361 369
361 370
361 387
361 413
361 421
361 491
361 668
361 742
361 765
361 878
361 939
361 974
362 363
362 366
362 370
362 421
362 424
362 535
362 688
362 768
362 904
362 938
363 365
363 366
363 368
363 369
363 421
363 480
363 769
363 783
363 795
363 825
364 533
364 578
364 580
364 676
364 750
364 789
364 917
364 923
365 366
365 368
365 369
365 370
365 389
365 421
365 426
365 445
365 558
365 617
365 671
365 725
365 762
366 421
366 600
366 611
366 779
366 868
366 948
366 976
367 521
367 547
367 581
367 652
367 658
367 712
367 835
367 998
368 369
368 370
368 421
368 579
368 602
368 675
369 370
369 421
369 677
369 839
369 997
370 412
370 420
370 421
370 632
370 656
370 744
370 797
370 806
370 868
371 395
371 403
371 485
371 508
371 512
371 515
371 616
371 647
371 805
371 994
372 375
372 772
372 775
372 776
372 777
372 778
372 779
372 781
372 792
372 808
372 827
373 375
373 377
373 378
373 379
373 437
373 457
373 568
373 624
373 719
373 733
373 797
373 847
373 916
373 945
374 375
374 377
374 483
374 561
374 716
374 861
374 873
374 945
374 983
375 377
375 385
375 457
375 945
376 443
376 462
376 594
376 669
376 716
376 780
376 825
376 872
376 928
376 986
377 378
377 402
377 417
377 760
377 784
377 867
377 923
377 945
377 986
378 379
378 386
378 446
378 467
378 586
378 645
378 845
378 883
378 932
378 945
378 951
378 985
379 430
379 529
379 860
379 901
379 924
379 945
380 434
380 633
380 785
380 977
380 996
381 382
381 384
381 387
381 389
381 767
381 771
381 788
381 874
381 885
381 886
381 922
381 952
382 383
382 386
382 389
382 390
382 393
382 462
382 503
382 654
382 659
382 687
382 718
382 738
382 777
382 832
382 866
382 885
383 384
383 387
383 388
383 392
383 435
383 503
383 524
383 685
383 764
383 767
383 885
383 991
384 386
384 387
384 388
384 389
384 437
384 488
384 503
384 601
384 695
384 844
384 885
384 938
384 949
385 554
385 567
385 569
385 732
385 756
385 781
385 799
385 881
385 944
385 969
385 1000
386 387
386 388
386 389
386 398
386 404
386 503
386 513
386 548
386 564
386 570
386 699
386 712
386 885
386 895
387 389
387 593
387 679
387 690
387 885
387 910
388 389
388 445
388 503
388 616
388 729
388 885
389 503
389 659
389 687
389 790
389 849
389 885
389 970
390 436
390 506
390 599
390 600
390 635
390 675
390 731
390 732
390 733
390 737
390 739
390 788
391 392
391 393
391 394
391 395
391 396
391 398
391 400
391 525
391 545
391 627
391 652
391 677
391 715
391 983
392 393
392 394
392 395
392 397
392 398
392 400
392 627
392 698
392 703
392 731
392 760
392 807
393 394
393 395
393 396
393 397
393 398
393 400
393 577
393 581
393 627
393 694
393 717
393 723
393 807
393 830
394 395
394 397
394 398
394 400
394 516
394 548
394 807
395 397
395 398
395 400
395 404
395 418
395 527
395 627
395 807
396 397
396 398
396 400
396 406
396 427
396 437
396 627
396 640
396 807
396 960
397 398
397 400
397 453
397 586
397 627
397 706
397 749
397 807
397 818
397 820
397 844
397 846
398 400
398 540
398 567
398 627
398 630
398 649
398 697
398 720
398 743
398 775
398 807
398 897
398 906
399 434
399 475
399 502
399 613
399 632
399 710
399 746
399 748
399 795
399 886
399 892
399 893
399 894
399 895
399 898
399 963
399 995
400 402
400 476
400 491
400 592
400 609
400 627
400 840
400 847
400 913
401 402
401 404
401 405
401 464
401 485
401 487
401 613
401 681
401 692
401 737
401 741
401 743
401 759
401 787
401 830
402 404
402 406
402 407
402 408
402 409
402 521
402 522
402 535
402 624
402 713
402 761
402 787
402 814
402 815
402 830
402 881
403 461
403 462
403 463
403 465
403 466
403 468
403 469
403 470
403 555
403 556
403 572
403 610
403 878
403 885
403 903
404 406
404 408
404 409
404 478
404 479
404 548
404 570
404 582
404 625
404 719
404 787
404 921
404 959
405 406
405 407
405 408
405 409
405 415
405 475
405 501
405 649
406 407
406 408
406 501
406 702
406 787
406 882
406 911
407 408
407 409
407 493
407 498
407 501
407 577
407 603
407 661
407 704
407 713
407 787
407 805
407 833
407 945
408 409
408 446
408 466
408 481
408 501
408 589
408 622
408 787
408 815
408 904
408 934
409 451
409 469
409 501
409 593
409 650
409 720
409 747
409 787
410 540
410 565
410 611
410 638
410 751
410 831
410 897
411 413
411 416
411 417
411 418
411 420
411 450
411 522
411 539
411 592
411 711
411 739
411 780
411 828
411 878
411 919
411 995
412 413
412 416
412 417
412 418
412 419
412 420
412 505
412 522
412 558
412 726
412 729
412 905
412 910
412 968
413 416
413 417
413 419
413 420
413 522
413 621
413 878
413 981
414 513
414 639
414 692
414 840
414 880
415 671
415 673
415 675
415 680
415 911
415 924
415 945
416 418
416 496
416 522
416 532
416 534
416 661
416 821
416 878
417 418
417 419
417 420
417 433
417 489
417 514
417 522
417 614
417 783
417 787
417 821
417 834
417 878
417 890
417 921
418 419
418 522
418 594
418 650
418 667
418 753
418 878
418 990
419 428
419 522
419 553
419 596
419 603
419 622
419 646
419 687
419 840
419 878
419 898
419 995
420 522
420 551
420 617
420 686
420 727
420 758
420 762
420 775
420 832
420 857
420 878
420 897
421 461
421 498
421 731
421 817
421 822
421 834
421 933
422 423
422 424
422 425
422 426
422 427
422 428
422 441
422 470
422 472
422 624
422 626
422 645
422 740
422 753
422 816
422 820
422 839
422 962
423 424
423 426
423 428
423 429
423 531
423 552
423 556
423 664
423 668
423 717
423 740
423 815
423 839
423 918
424 426
424 427
424 429
424 528
424 547
424 638
424 687
424 714
424 740
424 839
424 861
425 426
425 427
425 428
425 537
425 554
425 598
425 608
425 668
425 740
425 836
425 992
426 427
426 428
426 429
426 663
426 740
426 826
426 839
426 893
426 1000
427 428
427 429
427 433
427 642
427 740
427 839
428 451
428 740
428 785
428 839
428 854
428 922
428 974
429 485
429 586
429 661
429 740
429 788
429 839
429 849
429 919
429 985
430 536
430 547
430 639
430 664
430 745
430 937
431 502
431 504
431 505
431 506
431 509
431 515
431 639
431 745
431 809
431 932
431 937
432 509
432 550
432 572
432 594
432 679
432 728
432 852
432 880
432 955
432 977
432 983
432 998
433 603
433 829
433 921
433 960
434 583
434 646
434 667
434 809
434 978
435 437
435 439
435 440
435 489
435 510
435 575
435 614
435 653
435 745
435 749
435 761
435 824
435 832
435 854
435 878
435 889
435 987
436 552
436 640
436 731
436 733
436 736
436 737
436 739
436 918
437 439
437 440
437 466
437 824
437 854
437 889
438 452
438 572
438 609
438 612
438 613
438 618
438 619
438 620
438 802
438 939
438 958
439 710
439 799
439 824
439 854
439 889
439 894
439 954
439 967
440 549
440 612
440 824
440 854
440 889
440 932
440 990
441 442
441 444
441 445
441 448
441 450
441 498
441 575
441 599
441 636
441 856
441 858
441 913
441 993
441 997
442 444
442 445
442 448
442 450
442 453
442 455
442 564
442 574
442 685
442 711
442 834
442 976
442 993
443 536
443 669
443 675
443 780
443 864
443 872
444 445
444 450
444 455
444 493
444 516
444 557
444 848
444 856
444 993
445 450
445 475
445 618
445 851
445 856
445 915
445 946
445 990
445 993
446 469
446 513
446 528
446 682
446 713
446 843
446 846
446 871
446 944
446 960
446 979
446 1000
447 531
447 582
447 608
447 651
447 664
447 703
447 708
447 819
447 985
448 450
448 455
448 467
448 605
448 658
448 847
448 856
448 867
448 876
448 993
449 521
449 530
449 664
449 679
449 760
449 794
449 810
449 812
450 455
450 645
450 665
450 792
450 895
450 942
450 960
450 993
451 452
451 454
451 456
451 458
451 460
451 486
451 656
451 704
451 795
451 807
451 898
452 453
452 456
452 460
452 462
452 475
452 493
452 560
452 596
452 670
452 704
452 898
453 454
453 456
453 458
453 460
453 515
453 638
453 677
453 704
453 772
453 786
453 789
453 868
453 923
453 948
454 456
454 458
454 641
454 704
454 753
454 770
455 546
455 607
455 856
455 866
455 993
456 458
456 460
456 704
456 717
456 835
456 836
457 573
457 615
457 825
458 460
458 477
458 704
458 873
459 686
459 906
459 922
459 981
459 984
460 504
460 670
460 704
460 761
460 786
460 909
461 465
461 466
461 467
461 468
461 469
461 470
461 654
461 769
461 795
461 808
461 912
461 1000
462 463
462 465
462 466
462 467
462 468
462 469
462 470
462 559
462 589
462 620
462 788
462 944
462 965
462 980
463 466
463 467
463 468
463 469
463 470
463 559
463 702
463 847
463 864
463 970
463 983
464 487
464 581
464 810
464 860
465 466
465 468
465 469
465 574
465 730
465 749
465 780
465 883
465 905
465 916
465 939
465 961
466 467
466 468
466 469
466 473
466 559
466 576
466 627
466 655
466 767
466 781
466 791
466 944
467 468
467 515
467 559
467 780
467 962
468 470
468 559
468 564
468 605
468 644
468 677
468 988
469 470
469 559
469 578
469 684
469 707
469 720
469 770
469 819
469 861
470 488
470 502
470 557
470 559
470 683
470 684
470 729
471 473
471 474
471 475
471 477
471 478
471 479
471 480
471 506
471 535
471 538
471 573
471 739
471 813
471 821
471 895
472 488
472 506
472 613
472 615
472 709
472 803
472 804
473 474
473 475
473 476
473 477
473 478
473 479
473 480
473 547
473 574
473 662
473 719
473 745
473 821
474 475
474 476
474 477
474 478
474 479
474 680
474 805
474 997
475 476
475 477
475 478
475 479
475 480
475 562
475 584
475 650
475 714
475 754
475 821
475 851
475 920
475 926
475 935
475 952
476 477
476 478
476 480
476 551
476 637
476 735
476 787
476 808
476 821
476 866
476 910
476 991
477 478
477 479
477 480
477 526
477 598
477 676
477 678
477 773
477 995
478 479
478 495
478 723
478 803
478 821
478 906
479 480
479 497
479 646
479 821
479 831
479 882
480 507
480 633
480 821
480 851
480 938
480 948
481 483
481 484
481 485
481 486
481 487
481 488
481 489
481 594
481 636
481 681
481 715
481 758
481 768
481 852
481 966
481 987
482 483
482 484
482 485
482 486
482 487
482 488
482 489
482 594
482 670
482 676
482 687
483 485
483 486
483 487
483 488
483 489
483 594
483 670
483 823
483 958
484 485
484 486
484 487
484 488
484 489
484 542
484 566
484 575
484 670
484 677
484 741
484 779
484 787
484 851
485 486
485 487
485 594
485 937
485 942
486 487
486 488
486 489
486 491
486 525
486 596
486 621
486 640
486 670
486 719
486 744
486 772
486 871
487 489
487 647
487 979
488 489
488 513
488 605
488 670
488 705
488 774
489 594
489 670
489 693
489 916
489 936
490 585
490 651
490 668
490 734
490 742
490 760
490 851
490 852
490 855
490 858
490 859
490 860
490 919
490 933
490 960
490 971
490 976
490 979
491 505
491 536
491 570
491 638
491 657
491 683
491 695
491 896
492 493
492 494
492 495
492 496
492 497
492 498
492 499
492 798
492 891
492 995
493 494
493 495
493 496
493 497
493 498
493 499
493 709
493 792
493 891
493 903
493 979
494 495
494 498
494 499
494 500
494 575
494 891
494 915
494 947
495 496
495 497
495 498
495 499
495 500
495 725
495 891
495 901
495 974
496 497
496 498
496 499
496 500
496 508
496 604
496 648
496 789
496 891
497 499
497 587
497 703
497 802
497 804
497 846
497 863
497 891
497 990
498 499
498 566
498 586
498 668
498 704
498 730
498 891
498 963
498 976
499 668
499 753
499 818
499 819
499 891
499 921
499 983
500 590
500 713
500 811
500 866
500 967
501 672
501 787
501 928
502 504
502 505
502 506
502 509
502 514
502 515
502 609
502 698
502 711
502 801
502 819
502 906
502 932
502 937
503 885
504 505
504 506
504 509
504 510
504 515
504 717
504 761
504 808
504 932
504 993
505 506
505 509
505 515
505 628
505 682
505 727
505 814
505 854
505 922
505 932
505 976
506 509
506 510
506 515
506 517
506 575
506 726
506 737
506 833
506 837
506 869
506 887
506 932
506 934
507 594
507 716
507 719
507 753
507 772
508 616
508 647
508 686
508 705
508 805
508 829
508 832
508 955
509 515
509 932
509 962
510 515
510 759
510 932
510 972
511 512
511 514
511 517
511 520
511 599
511 616
511 641
511 726
511 923
511 931
512 514
512 515
512 517
512 518
512 519
512 615
512 632
512 634
512 862
512 873
512 923
512 961
513 565
513 575
513 581
513 604
513 640
513 812
513 882
513 883
513 884
513 887
513 888
513 898
513 988
514 516
514 517
514 518
514 519
514 520
514 546
514 575
514 681
514 901
514 912
515 750
515 766
515 932
515 935
516 517
516 518
516 519
516 520
516 604
516 923
516 934
516 996
517 520
517 621
517 732
517 836
517 923
518 519
518 536
518 597
518 743
518 847
518 889
518 902
519 520
519 579
519 611
519 662
519 682
519 711
519 784
519 874
519 881
519 923
519 924
520 642
520 712
520 900
520 930
520 954
520 985
521 523
521 524
521 525
521 526
521 528
521 529
521 540
521 589
521 630
521 672
521 701
521 738
521 742
521 774
521 876
521 949
522 612
522 832
522 878
523 524
523 526
523 527
523 528
523 556
523 625
523 742
523 826
523 837
523 854
523 910
524 526
524 528
524 742
525 526
525 527
525 528
525 529
525 627
525 674
525 730
525 742
525 766
525 784
525 926
525 931
526 528
526 641
526 742
526 876
527 528
527 529
527 566
527 673
527 739
527 742
527 773
527 985
528 529
528 742
528 873
528 876
529 665
529 700
529 742
529 864
529 919
530 548
530 572
530 578
530 663
530 682
530 691
530 693
530 694
530 695
530 696
530 697
530 698
530 699
530 700
530 717
530 734
530 813
530 924
531 655
531 722
531 729
531 730
531 899
531 940
531 962
532 548
532 577
532 645
532 676
532 686
532 750
532 800
532 846
532 909
533 861
533 862
533 871
533 874
533 987
534 581
534 583
534 584
534 585
534 586
534 588
534 590
534 766
534 873
534 886
534 962
535 537
535 538
535 539
535 540
535 608
535 916
536 659
536 664
536 674
536 708
536 711
536 721
536 881
536 896
536 943
537 539
537 540
537 690
537 790
537 803
537 985
537 990
538 539
538 616
538 672
538 782
538 790
538 845
538 867
538 873
539 540
539 596
539 599
539 688
539 734
539 790
539 827
539 849
540 567
540 655
541 542
541 547
541 548
541 549
541 847
542 543
542 544
542 545
542 546
542 547
542 548
542 549
542 577
542 581
542 597
542 660
542 689
542 745
542 857
542 892
542 902
542 909
542 962
543 544
543 545
543 546
543 548
543 549
543 582
543 745
544 546
544 547
544 548
544 549
544 551
544 588
544 616
544 674
544 745
545 546
545 548
545 549
545 607
545 619
545 680
545 713
545 745
545 838
545 916
546 547
546 548
546 579
546 608
546 685
546 712
546 745
546 767
546 777
546 833
547 548
547 552
547 584
547 702
547 745
547 909
548 549
548 628
548 656
548 688
549 709
549 742
549 745
549 803
549 812
549 861
550 728
550 955
550 958
550 972
550 983
551 554
551 556
551 557
551 560
551 702
551 873
551 946
552 628
552 693
552 819
552 904
552 912
552 914
552 916
552 917
552 986
553 630
553 816
553 861
553 875
553 890
553 998
554 557
554 558
554 560
554 728
554 807
554 873
554 879
554 933
554 944
555 568
555 582
555 761
555 762
555 765
555 766
555 767
555 769
555 863
556 557
556 558
556 560
556 602
556 665
556 669
556 873
556 980
557 558
557 560
557 582
557 643
557 798
557 805
557 880
557 1000
558 560
558 659
558 676
558 864
558 873
558 906
558 944
558 987
559 654
559 680
559 711
559 815
559 875
559 976
559 999
560 628
560 802
560 873
561 563
561 564
561 566
561 570
561 631
561 747
561 810
561 897
561 913
562 616
562 675
562 710
562 733
562 815
562 836
562 908
562 933
562 934
562 935
562 938
563 564
563 570
563 590
563 718
563 810
563 913
563 920
563 965
563 1000
564 566
564 567
564 570
564 747
564 913
565 606
565 610
565 640
565 732
565 870
565 882
565 883
565 887
565 888
566 567
566 570
566 598
566 602
566 747
566 845
566 913
566 945
567 747
567 753
567 774
567 810
567 913
567 941
568 636
568 761
568 763
568 765
568 767
568 768
568 769
568 950
568 967
568 978
569 781
569 799
569 954
569 972
570 626
570 724
570 810
570 848
570 856
570 888
570 913
570 925
571 572
571 573
571 574
571 575
571 576
571 578
571 579
571 593
571 739
571 775
572 573
572 574
572 575
572 576
572 577
572 578
572 602
572 852
572 869
572 898
573 575
573 576
573 577
573 578
573 579
573 767
573 774
573 812
574 575
574 576
574 577
574 578
574 579
574 589
574 620
574 646
574 659
574 752
574 770
574 829
574 857
574 902
574 929
575 576
575 577
575 578
575 579
576 578
576 579
576 764
576 824
577 578
577 579
577 703
577 908
578 579
578 641
578 854
578 968
579 601
579 849
580 609
580 676
580 740
580 750
580 782
580 972
580 994
581 583
581 585
581 586
581 589
581 590
581 593
581 615
581 677
581 952
582 690
582 691
582 937
582 985
583 584
583 586
583 587
583 588
583 589
583 590
583 644
583 742
583 900
584 585
584 586
584 587
584 588
584 590
584 596
584 693
584 735
584 784
584 927
585 586
585 587
585 589
585 590
585 591
585 615
585 635
585 744
585 909
586 587
586 588
586 589
586 590
586 636
586 682
586 727
586 761
586 781
586 890
586 933
586 983
587 588
587 590
587 717
587 744
587 805
587 935
587 949
588 590
588 653
588 824
588 896
589 685
589 699
589 726
589 768
589 960
589 981
590 617
590 908
590 914
591 592
591 595
591 596
591 597
591 598
591 599
591 661
591 867
591 943
592 595
592 596
592 597
592 598
592 599
592 600
592 707
592 714
592 867
593 605
593 619
593 701
593 810
593 812
593 862
593 865
593 869
594 606
594 609
594 670
594 719
594 728
594 732
594 816
594 855
595 596
595 597
595 598
595 599
595 634
595 728
595 744
595 837
595 867
595 900
595 949
596 597
596 599
596 600
596 720
596 767
596 867
596 874
596 917
596 920
597 599
597 824
597 867
597 919
597 925
598 631
598 662
598 700
598 917
598 980
599 867
599 868
599 933
599 935
600 606
600 642
600 867
600 889
600 936
601 602
601 604
601 605
601 606
601 608
601 610
601 645
601 793
601 902
601 986
602 604
602 605
602 606
602 607
602 608
602 610
602 661
602 681
602 727
602 802
602 957
603 740
603 896
603 959
604 607
604 608
604 610
604 764
604 822
604 979
605 606
605 607
605 608
605 609
605 610
605 656
605 657
605 663
605 756
605 838
605 954
605 980
605 982
606 607
606 608
606 609
606 610
606 630
606 910
606 958
606 978
607 608
607 610
607 648
607 888
607 932
607 935
607 946
608 609
608 610
608 626
608 766
608 769
608 878
609 828
611 699
611 738
611 751
611 760
611 839
611 952
611 969
612 619
612 620
612 765
612 793
612 797
612 941
612 968
613 618
613 619
613 620
613 670
613 690
613 763
613 822
613 934
614 639
614 654
614 733
614 756
614 806
614 825
614 873
615 644
615 683
615 716
615 728
615 907
615 949
616 647
616 678
616 746
616 756
616 805
616 866
616 932
617 631
617 632
617 634
617 635
617 636
617 638
617 720
617 867
617 900
617 982
618 619
618 747
618 886
618 962
618 972
619 620
619 643
619 751
619 825
619 858
619 980
620 631
620 689
620 718
620 795
620 858
620 874
620 982
621 677
621 752
621 753
621 754
621 755
621 756
621 757
621 758
621 759
621 797
621 804
621 815
621 817
621 858
621 912
621 966
621 978
622 623
622 624
622 626
622 628
622 629
622 630
622 642
622 780
622 807
622 935
623 624
623 626
623 628
623 629
623 630
623 712
623 736
623 954
624 626
624 627
624 628
624 629
624 712
624 759
624 837
624 850
624 875
624 888
624 960
625 641
625 642
625 644
625 645
625 648
625 649
625 650
625 907
625 987
626 628
626 629
626 630
626 663
626 712
626 722
626 776
626 817
626 828
626 844
626 964
627 796
627 807
627 816
627 875
628 629
628 630
628 693
628 831
628 833
628 840
628 868
628 964
628 969
629 630
629 659
629 712
629 981
630 644
630 712
630 917
631 633
631 636
631 637
631 638
631 671
631 720
631 742
631 838
632 633
632 634
632 635
632 636
632 637
632 638
632 678
632 720
632 776
633 634
633 635
633 636
633 637
633 638
633 667
633 712
633 720
633 751
634 635
634 636
634 637
634 638
634 720
634 794
634 836
634 859
634 937
635 636
635 637
635 638
635 720
635 813
635 947
636 637
636 638
636 698
636 718
636 795
636 932
637 638
637 659
637 841
638 720
638 850
639 677
639 825
639 966
639 968
639 980
640 699
640 882
640 883
640 884
640 887
640 888
640 930
640 954
640 965
641 642
641 644
641 646
641 648
641 649
641 650
641 753
641 858
641 907
641 916
641 928
642 643
642 644
642 645
642 648
642 649
642 650
642 806
642 821
642 829
642 848
642 875
642 907
642 968
642 970
642 999
643 644
643 645
643 646
643 649
643 650
643 666
643 907
644 645
644 646
644 648
644 649
644 650
644 898
644 902
644 907
644 929
645 646
645 649
645 650
645 817
645 820
645 875
646 648
646 649
646 650
646 907
647 692
647 765
647 805
647 1000
648 649
648 650
648 658
648 746
648 933
649 694
649 907
650 664
650 692
650 832
650 875
650 944
650 978
651 652
651 655
651 656
651 659
651 660
651 709
651 817
651 825
651 928
651 990
652 655
652 656
652 660
652 693
652 709
652 903
653 659
653 660
653 709
653 767
653 876
653 933
653 977
654 705
654 717
654 743
654 813
655 656
655 659
655 660
655 709
656 659
656 660
656 804
656 822
656 899
657 715
657 749
657 792
657 965
657 971
657 974
657 975
657 976
657 977
657 979
657 980
658 701
658 738
658 783
658 933
659 660
659 709
659 767
659 768
659 808
659 821
659 840
660 709
660 737
660 881
660 917
661 663
661 664
661 665
661 667
661 668
661 848
661 947
661 993
662 664
662 665
662 666
662 667
662 718
662 736
662 793
662 799
662 970
663 665
663 666
663 667
663 668
663 695
663 710
664 665
664 666
664 667
664 668
664 850
664 961
665 666
665 667
665 668
665 781
666 668
666 894
667 668
667 676
667 752
667 777
668 741
668 818
668 846
668 923
668 927
669 780
669 841
669 845
669 872
669 897
669 932
670 674
670 724
670 815
670 953
671 673
671 680
671 813
671 926
671 927
672 744
672 855
672 931
672 933
672 934
672 935
672 936
672 939
672 969
672 995
673 680
673 723
674 679
674 696
674 892
674 910
674 921
674 922
674 925
674 927
674 928
674 930
674 989
675 680
675 868
675 937
676 750
676 815
676 845
677 804
677 877
677 905
677 997
678 681
678 684
678 685
678 688
678 689
678 690
678 905
678 967
678 970
678 972
679 807
679 812
680 871
680 884
680 943
681 684
681 685
681 687
681 688
681 689
681 690
681 780
681 858
681 908
681 952
681 972
682 691
682 694
682 695
682 696
682 697
682 699
682 700
682 717
682 775
682 821
682 835
682 854
683 711
683 713
683 735
683 896
683 991
684 685
684 688
684 689
684 690
684 781
684 972
684 999
685 687
685 688
685 689
685 729
685 796
685 871
685 972
687 688
687 689
687 690
687 829
688 689
688 690
688 691
688 753
688 888
688 972
689 690
689 787
689 854
689 939
689 956
689 992
690 972
691 693
691 694
691 696
691 699
691 700
691 717
691 736
691 924
691 930
691 937
691 944
692 764
692 965
693 694
693 696
693 697
693 699
693 700
693 708
693 710
693 733
693 742
693 815
693 829
693 844
693 924
693 946
694 696
694 697
694 723
694 732
694 756
694 828
695 696
695 698
695 700
695 717
695 779
695 924
696 697
696 699
696 700
696 717
696 795
696 869
696 924
696 931
697 698
697 699
697 700
697 717
697 722
697 736
697 771
697 912
697 924
697 936
698 699
698 700
698 787
698 790
698 797
698 865
698 911
698 924
698 940
698 987
699 700
699 791
699 870
699 924
700 805
700 919
700 924
700 944
701 702
701 703
701 708
701 750
701 760
701 915
701 962
702 703
702 706
702 708
702 730
702 902
703 706
703 707
703 739
703 862
703 928
704 892
705 780
705 907
705 936
705 955
706 708
706 834
706 840
706 885
706 968
707 806
707 929
707 958
707 960
708 711
708 716
708 720
708 731
708 745
708 785
708 895
709 722
709 797
709 966
709 990
710 748
710 770
710 873
710 886
710 892
710 893
710 894
710 895
710 897
710 898
710 899
710 900
710 941
710 963
711 887
711 896
712 783
712 963
712 994
713 756
713 772
713 843
713 846
713 871
713 874
713 875
713 896
714 716
714 718
714 719
714 729
714 774
714 827
714 865
714 866
714 919
714 923
715 803
715 853
715 903
716 718
716 740
716 778
716 866
716 899
716 900
716 982
717 897
717 918
717 924
717 926
717 951
718 733
718 779
718 866
718 887
718 890
718 922
719 753
719 866
719 936
719 980
719 988
720 734
720 739
720 772
720 913
721 847
721 876
721 926
721 942
721 962
721 965
721 966
721 967
721 968
722 724
722 729
722 730
722 769
722 894
723 818
723 868
724 725
724 727
724 729
724 730
724 742
724 896
725 727
725 729
725 730
725 869
725 929
726 814
726 815
726 822
726 868
726 898
726 907
726 943
726 951
726 952
726 953
726 954
726 955
726 957
726 958
726 959
726 987
727 729
727 730
727 871
727 880
727 889
727 924
728 796
728 831
728 874
728 983
729 978
729 997
730 732
731 732
731 734
731 737
731 739
731 847
731 942
731 967
732 733
732 734
732 736
732 737
732 739
732 759
733 734
733 737
733 739
733 859
734 736
734 737
734 739
734 741
734 758
734 775
734 952
734 953
735 743
735 746
735 749
735 770
735 847
735 852
735 969
735 991
736 739
736 835
736 952
737 739
737 756
737 857
737 887
737 961
737 970
737 979
737 1000
738 783
739 754
739 802
739 906
739 915
739 977
740 810
740 839
740 908
740 925
741 744
741 746
741 749
741 770
741 897
741 973
741 995
742 860
742 876
742 880
742 891
743 746
743 749
743 770
743 969
743 984
744 746
744 749
744 770
744 809
744 862
745 843
745 960
746 749
746 770
746 788
746 855
746 969
746 982
747 836
747 913
747 926
747 981
748 793
748 886
748 892
748 893
748 894
748 895
748 898
748 899
748 900
748 963
749 770
749 775
749 897
749 969
749 993
750 765
750 927
750 987
751 767
752 753
752 754
752 756
752 757
752 758
752 759
752 760
752 797
752 855
752 865
752 929
752 985
753 754
753 756
753 757
753 758
753 759
753 760
753 788
753 797
753 856
753 909
753 921
754 756
754 758
754 759
754 760
754 965
755 756
755 757
755 758
755 759
755 797
755 849
756 757
756 759
756 760
756 971
757 758
757 759
757 760
757 797
757 896
757 974
757 979
758 759
758 760
758 797
758 835
758 868
758 993
759 760
759 768
759 797
759 830
759 973
760 867
760 884
760 994
761 762
761 767
761 768
761 769
761 807
761 868
761 896
761 997
762 763
762 766
762 767
762 768
762 769
762 968
763 765
763 766
763 767
763 769
763 773
763 831
763 875
764 849
764 948
764 951
765 766
765 767
765 769
765 997
765 999
766 767
766 768
766 769
766 780
766 900
766 985
767 768
767 769
767 835
767 902
767 919
767 944
768 769
768 837
768 847
768 860
768 939
768 962
768 989
769 805
769 848
769 983
769 999
770 931
770 969
771 862
771 863
771 865
771 868
771 869
771 870
772 773
772 775
772 778
772 779
772 785
772 808
773 775
773 776
773 777
773 778
773 808
773 887
773 909
773 911
773 977
774 819
774 961
774 971
774 977
775 776
775 777
775 778
775 779
775 798
775 808
775 828
776 777
776 778
776 779
776 788
776 798
776 808
776 828
776 874
776 994
777 785
777 798
777 902
778 779
778 805
778 865
778 896
779 808
779 859
779 865
779 916
779 931
779 950
779 977
780 831
780 859
780 872
781 799
781 805
781 866
781 881
781 995
782 783
782 784
782 785
782 786
782 788
782 791
782 918
783 784
783 785
783 786
783 886
783 930
784 785
784 786
784 787
784 788
784 790
784 852
784 995
784 998
785 786
785 830
785 855
786 788
786 835
786 837
787 843
787 897
788 871
789 972
790 798
790 867
791 819
791 990
792 793
792 794
792 795
792 796
792 798
792 820
792 852
792 872
792 893
793 795
793 796
793 798
793 800
793 807
793 847
793 950
794 795
794 796
794 800
794 897
795 796
795 798
795 804
795 828
795 835
795 850
795 894
796 798
796 800
797 901
798 800
798 868
798 869
798 885
798 900
799 837
799 881
799 943
800 861
800 875
800 876
800 986
801 853
801 961
803 804
803 806
803 825
803 826
804 805
804 890
805 858
806 809
806 963
807 832
807 867
807 958
807 969
808 968
809 903
811 813
811 814
811 815
811 818
811 820
811 965
812 818
812 896
812 920
812 966
812 997
813 818
813 820
814 815
814 820
815 818
815 820
815 993
816 890
817 824
817 876
817 901
817 904
817 905
817 906
817 908
817 909
817 910
818 820
818 848
819 824
819 923
820 918
820 952
820 965
821 823
821 832
821 846
822 826
822 827
822 830
822 863
822 900
822 901
823 826
823 827
823 829
823 851
823 865
823 888
824 854
824 886
824 889
824 918
824 1000
825 927
825 973
826 827
826 828
826 829
826 830
826 940
827 828
827 829
827 932
828 829
828 830
828 840
829 830
829 908
829 944
830 861
830 972
831 832
831 833
831 834
831 836
831 837
831 838
831 851
832 833
832 834
832 835
832 836
832 840
832 841
832 962
832 973
832 984
833 834
833 835
833 836
833 837
833 838
833 840
833 934
834 835
834 836
834 837
834 840
834 961
834 981
835 836
835 837
835 838
835 840
835 913
835 936
836 837
836 838
836 840
836 872
837 838
838 840
838 903
839 861
840 923
840 951
840 984
841 842
841 844
841 845
841 847
841 849
841 850
841 910
841 958
841 984
842 844
842 845
842 847
842 849
842 850
842 867
842 949
842 987
843 871
843 874
843 876
844 847
844 849
844 850
844 866
844 934
844 966
845 847
845 848
845 850
845 912
845 914
846 871
846 874
846 886
847 848
847 849
847 850
847 891
848 849
848 853
848 917
849 924
849 997
851 852
851 857
851 859
851 860
851 919
851 960
852 855
852 857
852 858
852 919
852 934
852 960
853 903
853 904
854 889
855 857
855 858
855 860
855 916
855 919
855 960
856 869
856 949
856 993
856 994
857 858
857 860
857 907
857 919
857 960
858 859
858 902
858 906
858 919
858 960
859 860
859 919
859 974
860 876
860 919
860 960
860 981
861 926
862 863
862 865
862 868
862 869
862 870
862 926
863 865
863 868
863 885
863 969
864 912
864 914
864 915
864 916
864 917
864 918
864 920
865 868
865 869
865 870
865 896
865 978
865 998
867 880
868 869
868 870
869 870
869 902
869 956
870 975
871 875
871 882
872 912
873 1000
874 875
875 921
875 958
876 946
878 903
878 915
878 939
878 952
879 939
880 991
880 992
880 994
880 995
880 996
880 997
880 999
881 904
882 883
882 884
882 887
882 888
882 912
883 884
883 953
884 887
884 888
885 958
886 894
886 895
886 898
886 899
886 900
886 963
887 888
888 993
889 954
890 902
891 967
892 893
892 894
892 895
892 897
892 898
892 899
892 900
892 907
893 894
893 895
893 897
893 898
893 899
893 900
893 926
893 927
893 955
893 963
894 895
894 897
894 898
894 899
894 900
894 963
895 897
895 898
895 899
895 900
895 963
896 899
896 962
897 898
897 963
898 900
898 942
898 963
899 900
899 963
900 963
901 906
901 909
901 910
901 949
902 912
903 904
903 906
903 908
903 909
903 910
903 935
904 905
904 906
904 908
904 909
904 910
904 989
905 906
905 908
905 909
905 910
906 908
906 910
906 924
906 928
906 997
908 909
908 958
909 910
909 917
909 993
911 913
912 914
912 916
912 917
912 918
912 920
912 997
914 915
914 916
914 917
914 918
914 920
915 916
915 917
915 918
915 920
915 971
916 918
916 920
916 927
916 982
917 918
917 920
917 946
917 978
917 993
918 930
919 937
920 921
920 926
921 925
921 926
921 927
921 928
921 930
922 926
922 927
922 928
922 930
922 978
923 992
924 964
925 928
925 930
925 987
925 997
926 927
926 928
926 930
927 930
928 930
928 986
931 933
931 934
931 936
931 938
931 939
931 960
932 986
933 934
933 935
933 936
933 938
933 939
934 935
934 936
934 937
934 939
934 940
935 938
935 939
936 938
936 942
936 955
938 939
939 988
941 944
941 946
941 947
941 948
941 949
941 950
942 957
942 961
942 962
942 964
942 965
942 966
942 967
942 968
942 970
943 952
943 953
943 956
943 957
943 958
943 959
944 946
944 947
944 948
944 949
944 950
945 960
945 967
946 948
946 949
946 950
946 954
947 955
947 989
948 949
948 972
949 950
950 978
950 991
951 952
951 954
951 956
951 957
951 958
951 959
951 973
952 953
952 954
952 959
952 988
952 994
953 954
953 956
953 957
953 958
954 956
954 958
954 959
954 978
955 983
955 995
956 958
957 958
957 959
959 975
961 962
961 964
961 965
961 966
961 967
961 968
962 964
962 965
962 966
962 967
962 968
962 970
963 981
964 965
964 966
964 967
964 968
964 970
965 966
965 967
965 982
966 967
966 968
966 970
967 968
967 970
968 970
968 988
971 974
971 976
971 978
971 980
972 974
974 975
974 976
974 978
974 979
975 976
975 977
975 978
975 980
976 977
976 978
976 979
976 980
977 979
977 980
978 979
978 980
978 988
979 980
981 982
981 984
981 985
981 986
981 987
981 988
981 989
981 990
982 984
982 987
982 988
982 989
982 990
984 986
984 987
984 988
984 989
984 990
986 987
986 988
986 989
986 990
987 988
987 989
987 990
988 989
988 990
991 992
991 994
991 996
991 997
991 998
991 999
992 994
992 995
992 996
992 997
992 998
994 995
994 996
994 997
994 998
995 996
995 997
995 998
995 999
996 998
997 998
997 999
998 999
