1000 8687
1 2
1 4
1 8
1 9
1 60
1 139
1 192
1 301
1 350
1 369
1 565
1 683
1 714
1 737
2 4
2 5
2 7
2 11
2 139
2 159
2 192
2 243
2 254
2 406
2 647
2 753
2 819
3 4
3 11
3 12
3 13
3 15
3 16
3 18
3 19
3 117
3 169
3 267
3 517
3 560
3 584
3 585
3 712
3 715
3 775
3 810
3 980
4 7
4 8
4 9
4 41
4 48
4 139
4 192
4 243
4 321
4 332
4 587
4 642
4 767
4 844
4 877
4 949
5 7
5 9
5 50
5 139
5 192
5 265
5 401
5 418
5 569
5 599
5 698
5 999
6 7
6 75
6 117
6 241
6 253
6 254
6 256
6 296
6 359
6 365
6 366
6 431
6 477
6 498
6 594
6 694
6 766
6 802
6 812
6 815
6 886
7 9
7 74
7 192
7 243
7 284
7 325
7 414
7 443
7 489
7 564
7 602
7 613
7 666
7 741
7 848
7 869
7 882
7 888
8 9
8 83
8 139
8 192
8 216
8 226
8 243
8 455
8 545
8 563
9 192
9 236
9 243
9 284
9 327
9 391
9 392
9 456
9 608
9 667
9 714
10 91
10 156
10 246
10 296
10 358
10 418
10 442
10 486
10 503
10 507
10 508
10 509
10 510
10 557
10 560
10 679
10 711
10 749
10 847
10 886
11 13
11 15
11 16
11 18
11 19
11 63
11 169
11 208
11 379
11 514
11 663
11 672
11 699
11 724
11 744
11 808
11 849
12 13
12 15
12 16
12 18
12 19
12 129
12 169
12 272
12 284
12 769
12 938
13 15
13 16
13 18
13 19
13 40
13 314
13 461
13 724
13 786
13 788
13 803
13 832
13 842
13 850
14 84
14 118
14 241
14 300
14 433
14 442
14 467
14 542
14 636
14 686
14 711
14 712
14 715
14 717
14 718
14 719
14 720
14 831
15 16
15 18
15 19
15 166
15 169
15 268
15 298
15 368
15 391
15 572
15 636
15 838
15 924
16 19
16 79
16 166
16 189
16 473
16 631
16 649
16 679
16 724
16 742
16 814
16 935
17 263
17 426
17 474
17 567
17 604
17 658
17 698
17 712
17 760
17 779
17 801
17 804
17 805
17 806
17 808
17 827
17 854
17 916
17 989
18 19
18 61
18 68
18 169
18 192
18 347
18 419
18 429
18 433
18 524
18 559
18 597
18 687
18 724
18 797
18 903
18 906
18 938
18 985
19 142
19 151
19 169
19 237
19 482
19 488
19 525
19 724
19 729
19 787
19 839
19 985
20 62
20 88
20 90
20 99
20 117
20 180
20 241
20 371
20 415
20 416
20 417
20 420
20 463
20 480
20 709
20 855
20 857
21 23
21 24
21 25
21 29
21 30
21 94
21 124
21 223
21 239
21 473
21 521
21 841
21 890
21 941
21 942
22 132
22 176
22 272
22 276
22 277
22 279
22 280
22 381
22 391
22 393
22 444
22 513
22 560
22 803
22 848
23 24
23 25
23 30
23 35
23 60
23 106
23 268
23 327
23 428
23 787
23 917
23 941
23 987
24 25
24 29
24 30
24 224
24 471
24 490
24 491
24 498
24 501
24 553
24 796
24 869
24 891
25 91
25 126
25 174
25 258
25 276
25 490
25 521
25 577
25 668
25 722
25 887
25 941
25 986
26 116
26 161
26 165
26 193
26 194
26 195
26 199
26 200
26 283
26 355
26 408
26 460
26 485
26 544
26 588
26 635
26 656
26 675
26 703
26 851
26 855
26 872
26 887
26 996
27 85
27 110
27 131
27 288
27 329
27 392
27 431
27 432
27 433
27 434
27 435
27 436
27 439
27 444
27 540
27 597
27 810
27 828
27 863
27 874
27 889
27 955
27 969
28 45
28 303
28 721
28 726
28 952
28 961
28 962
28 963
28 964
28 965
28 966
28 968
28 969
28 970
29 30
29 122
29 215
29 340
29 446
29 447
29 514
29 662
29 714
29 940
29 941
30 137
30 171
30 238
30 379
30 489
30 490
30 554
30 712
30 745
30 771
30 881
30 941
30 965
31 120
31 478
31 486
31 488
31 609
31 641
31 692
31 723
31 744
31 752
31 844
31 852
31 855
31 856
31 857
31 859
31 860
31 880
31 889
31 891
31 897
31 967
31 977
32 35
32 39
32 40
32 96
32 441
32 651
32 703
32 771
32 792
32 967
33 56
33 113
33 115
33 150
33 181
33 203
33 219
33 264
33 295
33 383
33 504
33 524
33 761
33 807
33 943
33 945
33 946
33 948
33 949
33 950
34 35
34 36
34 38
34 39
34 40
34 441
34 500
34 579
34 808
34 826
35 36
35 38
35 39
35 40
35 200
35 225
35 238
35 390
35 441
35 456
35 526
35 628
35 631
35 641
35 647
35 869
35 972
35 991
36 38
36 39
36 40
36 72
36 157
36 309
36 390
36 441
36 454
36 542
36 682
36 712
36 718
36 776
37 40
37 109
37 210
37 237
37 471
37 474
37 476
37 506
37 646
37 681
37 693
37 739
37 874
37 918
37 940
37 988
37 995
38 39
38 40
38 103
38 145
38 294
38 441
38 657
38 671
38 728
38 736
38 805
38 836
38 875
38 993
39 166
39 356
39 446
39 659
39 891
39 977
40 247
40 325
40 353
40 367
40 441
40 530
40 595
40 679
40 688
40 786
40 987
41 42
41 44
41 47
41 49
41 50
41 77
41 143
41 199
41 433
41 615
41 765
41 784
41 835
41 839
42 44
42 47
42 49
42 50
42 136
42 179
42 287
42 551
42 732
42 749
42 766
42 822
42 835
43 109
43 131
43 132
43 136
43 137
43 138
43 363
43 407
43 440
43 597
43 616
43 672
43 678
43 689
43 708
43 801
43 817
43 884
44 47
44 49
44 50
44 290
44 407
44 542
44 574
44 615
44 772
44 835
44 869
45 61
45 366
45 600
45 705
45 806
45 961
45 962
45 963
45 964
45 965
45 968
45 969
45 970
45 982
46 48
46 130
46 171
46 247
46 255
46 298
46 380
46 401
46 403
46 404
46 405
46 407
46 408
46 410
46 493
46 877
46 998
47 49
47 92
47 97
47 99
47 135
47 206
47 413
47 528
47 532
47 559
47 661
47 696
47 730
47 781
47 796
47 835
47 956
47 986
47 991
48 94
48 95
48 96
48 98
48 145
48 191
48 269
48 275
48 437
48 710
48 729
48 817
48 837
48 942
48 984
48 985
49 50
49 263
49 309
49 337
49 399
49 414
49 533
49 684
49 700
49 701
49 731
49 782
49 817
49 818
49 835
49 869
49 927
49 972
50 52
50 92
50 582
50 701
50 764
50 814
50 816
50 869
50 946
51 52
51 53
51 57
51 58
51 60
51 209
51 233
51 237
51 356
51 421
51 428
51 643
51 679
51 754
51 758
51 760
51 870
51 894
52 53
52 55
52 60
52 118
52 225
52 246
52 351
52 352
52 378
52 446
52 535
52 611
52 723
52 897
52 950
53 55
53 58
53 59
53 60
53 95
53 100
53 181
53 241
53 521
53 596
53 621
53 665
53 825
53 841
53 872
53 894
54 110
54 163
54 207
54 244
54 347
54 382
54 388
54 504
54 683
54 687
54 832
54 833
54 836
54 837
54 838
54 840
55 57
55 58
55 59
55 69
55 240
55 422
55 486
55 540
55 686
55 711
55 737
55 859
55 894
56 107
56 253
56 341
56 344
56 346
56 347
56 348
56 349
56 350
56 378
56 383
56 455
56 467
56 539
56 650
56 811
56 855
56 878
56 971
57 58
57 59
57 60
57 105
57 158
57 196
57 258
57 350
57 376
57 492
57 498
57 633
57 650
57 663
57 692
57 739
57 760
57 788
57 806
57 834
57 894
57 977
58 59
58 60
58 64
58 232
58 332
58 359
58 477
58 519
58 726
58 738
58 744
58 842
58 894
58 895
59 60
59 295
59 317
59 354
59 371
59 451
59 505
59 538
59 540
59 615
59 688
59 805
59 894
60 131
60 311
60 489
60 949
60 993
61 148
61 171
61 172
61 173
61 175
61 176
61 177
61 178
61 179
61 256
61 289
61 343
61 401
61 552
61 576
61 579
61 701
61 775
61 784
62 66
62 68
62 69
62 70
62 248
62 266
62 304
62 461
62 517
62 561
62 647
62 772
62 803
62 895
62 943
63 64
63 66
63 67
63 68
63 69
63 85
63 111
63 275
63 501
63 517
63 540
63 691
63 731
63 770
63 892
63 933
64 68
64 69
64 70
64 111
64 164
64 179
64 218
64 239
64 254
64 479
64 517
64 644
64 665
64 731
64 785
65 221
65 358
65 527
65 621
65 623
65 625
65 627
65 628
65 629
65 630
65 644
65 828
65 868
66 68
66 70
66 84
66 108
66 111
66 128
66 138
66 254
66 458
66 473
66 510
66 517
66 544
66 546
66 689
66 731
66 761
66 790
67 68
67 69
67 70
67 111
67 166
67 182
67 275
67 356
67 406
67 421
67 431
67 459
67 468
67 517
67 577
67 731
67 772
67 927
68 69
68 70
68 104
68 111
68 250
68 461
68 517
68 682
68 697
68 731
68 746
68 952
68 979
68 1000
69 72
69 111
69 378
69 517
69 698
69 731
69 885
70 111
70 206
70 432
70 517
70 547
70 587
70 705
70 717
70 731
70 819
70 918
71 72
71 74
71 75
71 76
71 77
71 78
71 79
71 80
71 203
71 297
71 344
71 364
71 475
71 669
71 705
71 708
71 815
71 858
71 928
72 73
72 74
72 75
72 76
72 77
72 78
72 79
72 80
72 246
72 266
72 297
72 358
72 417
72 478
72 590
72 632
72 655
72 704
72 912
73 74
73 75
73 76
73 77
73 78
73 79
73 93
73 176
73 210
73 297
73 301
73 459
73 491
73 538
73 607
73 705
73 788
73 898
73 925
73 974
74 75
74 76
74 77
74 79
74 80
74 93
74 138
74 152
74 221
74 250
74 358
74 598
74 613
74 707
74 739
74 849
75 76
75 77
75 78
75 79
75 80
75 93
75 297
75 383
75 410
75 452
75 480
75 725
75 744
75 765
75 796
75 913
75 947
75 970
76 78
76 79
76 277
76 297
76 482
76 489
76 578
76 581
76 610
76 654
76 740
76 743
76 931
76 936
77 78
77 79
77 80
77 93
77 548
77 806
77 842
77 961
78 79
78 80
78 93
78 273
78 297
78 482
78 513
78 612
78 613
78 824
79 80
79 93
79 143
79 155
79 215
79 253
79 297
79 307
79 437
79 529
79 588
79 707
79 801
80 93
80 111
80 118
80 134
80 223
80 334
80 554
80 561
80 571
80 643
80 754
80 759
80 843
80 849
80 883
81 107
81 256
81 291
81 301
81 302
81 303
81 304
81 308
81 309
81 487
81 540
81 599
81 791
81 931
81 950
82 84
82 85
82 87
82 88
82 89
82 90
82 120
82 292
82 395
82 555
82 753
82 842
82 981
82 983
83 131
83 152
83 211
83 212
83 216
83 219
83 220
83 358
83 381
83 441
83 689
83 743
83 802
83 935
84 85
84 87
84 88
84 89
84 90
84 307
84 387
84 533
84 746
84 836
84 899
84 981
84 986
84 991
85 87
85 88
85 89
85 90
85 104
85 276
85 307
85 382
85 670
85 756
85 764
85 765
85 766
85 825
85 981
86 152
86 351
86 354
86 355
86 356
86 357
86 358
86 359
86 360
86 400
86 541
86 609
86 676
86 690
86 712
86 729
86 850
86 949
87 89
87 90
87 161
87 198
87 365
87 376
87 506
87 513
87 671
87 913
87 918
87 981
88 90
88 159
88 214
88 280
88 307
88 309
88 546
88 592
88 631
88 783
88 817
88 824
88 840
88 949
88 981
89 90
89 176
89 189
89 283
89 330
89 373
89 377
89 391
89 491
89 508
89 526
89 650
89 746
89 856
89 890
90 188
90 281
90 307
90 346
90 350
90 500
90 750
90 756
90 763
90 981
91 94
91 95
91 96
91 97
91 98
91 99
91 145
91 161
91 254
91 366
91 417
91 433
91 437
91 483
91 682
91 707
91 849
91 903
92 126
92 135
92 378
92 438
92 579
92 611
92 663
92 666
92 841
92 843
92 844
92 846
92 847
92 849
92 850
92 872
92 993
93 159
93 211
93 269
93 459
93 513
93 562
93 574
93 685
93 699
93 762
94 95
94 97
94 98
94 99
94 123
94 145
94 283
94 501
94 514
94 700
94 815
94 826
94 904
94 910
95 96
95 97
95 98
95 99
95 145
95 303
95 437
95 583
95 597
95 682
95 744
95 745
95 828
95 975
95 990
96 98
96 99
96 102
96 115
96 166
96 257
96 437
96 622
96 682
96 739
96 747
96 757
96 819
97 98
97 99
97 197
97 351
97 373
97 389
97 437
97 469
97 682
97 713
98 145
98 154
98 338
98 437
98 528
98 572
98 610
98 626
98 629
98 632
98 642
98 682
98 688
98 744
98 792
98 799
98 921
98 937
98 944
99 145
99 338
99 437
99 446
99 682
99 777
99 793
99 800
99 857
99 923
100 438
100 443
100 496
100 685
100 854
100 864
100 921
100 924
100 925
100 927
100 928
100 949
100 952
101 103
101 107
101 108
101 109
101 202
101 392
101 546
101 588
101 856
101 940
102 103
102 104
102 105
102 107
102 108
102 109
102 124
102 291
102 389
102 452
102 463
102 469
102 471
102 531
102 573
102 681
102 714
102 748
102 769
102 892
102 925
103 104
103 105
103 106
103 107
103 108
103 109
103 282
103 369
103 455
103 470
103 478
103 541
103 665
103 714
103 749
103 798
104 105
104 106
104 107
104 108
104 109
104 222
104 304
104 309
104 367
104 392
104 414
104 553
104 566
104 717
104 728
104 741
104 822
104 974
105 106
105 107
105 108
105 109
105 132
105 256
105 305
105 332
105 360
105 615
105 626
105 629
105 649
105 714
105 769
105 829
105 926
105 951
106 107
106 108
106 109
106 124
106 169
106 270
106 295
106 411
106 592
106 594
106 639
106 674
106 714
106 823
106 965
107 108
107 109
107 228
107 248
107 394
107 460
107 479
107 548
107 591
107 616
107 714
107 837
107 895
108 158
108 232
108 334
108 572
108 616
108 631
108 660
108 714
108 978
108 987
109 265
109 392
109 428
109 477
109 589
109 628
109 802
109 805
109 885
109 895
109 929
109 931
110 265
110 331
110 561
110 579
110 646
110 687
110 710
110 831
110 832
110 834
110 836
110 837
110 838
110 839
110 840
110 884
110 991
111 119
111 266
111 371
111 417
111 517
111 538
111 554
111 728
111 731
111 848
111 865
112 113
112 114
112 116
112 118
112 120
112 170
112 263
112 497
112 520
112 563
112 693
112 823
113 114
113 118
113 120
113 250
113 308
113 319
113 328
113 363
113 430
113 599
113 610
113 892
113 938
113 997
114 116
114 118
114 120
114 325
114 450
114 530
114 597
114 743
114 823
114 877
115 299
115 378
115 470
115 525
115 575
115 604
115 623
115 658
115 694
115 698
115 801
115 803
115 804
115 805
115 806
115 808
115 810
115 837
115 919
116 118
116 120
116 144
116 386
116 434
116 524
116 746
116 800
116 889
116 965
117 248
117 276
117 351
117 357
117 412
117 415
117 416
117 417
117 418
117 461
117 469
117 473
117 481
117 558
117 709
117 774
117 927
117 966
118 120
118 338
118 390
118 522
118 530
119 161
119 162
119 163
119 164
119 166
119 167
119 168
119 170
119 420
119 494
119 670
119 680
119 747
119 906
119 939
120 207
120 259
120 270
120 329
120 343
120 455
120 457
120 502
120 563
120 583
120 644
120 930
121 124
121 127
121 128
121 130
121 162
121 236
121 295
121 516
121 635
121 667
121 900
122 341
122 344
122 346
122 348
122 349
122 350
122 368
122 467
122 763
122 792
122 810
122 878
122 883
122 937
123 151
123 193
123 201
123 205
123 311
123 312
123 313
123 314
123 316
123 318
123 319
123 320
123 390
123 392
123 420
123 453
123 488
123 544
123 616
123 698
123 802
123 879
124 125
124 128
124 129
124 130
124 160
124 450
124 484
124 490
124 516
124 603
124 701
124 793
124 801
124 900
124 942
124 949
124 955
125 127
125 128
125 129
125 130
125 495
125 516
125 535
125 543
125 702
125 779
125 900
126 193
126 259
126 337
126 516
126 571
126 658
126 666
126 841
126 844
126 845
126 846
126 847
126 849
126 850
127 128
127 129
127 130
127 144
127 196
127 295
127 311
127 404
127 469
127 516
127 698
127 862
127 900
127 961
127 978
128 130
128 161
128 290
128 492
128 533
128 747
128 765
128 829
128 854
128 916
128 940
129 130
129 247
129 292
129 320
129 322
129 357
129 415
129 516
129 614
129 900
129 955
130 177
130 516
130 729
130 755
130 801
131 132
131 133
131 136
131 138
131 243
131 277
131 363
131 440
131 578
131 784
131 788
131 817
131 893
131 976
131 993
132 136
132 138
132 347
132 360
132 434
132 440
132 496
132 512
132 601
132 648
132 751
132 774
132 817
132 865
132 924
133 136
133 137
133 138
133 347
133 366
133 517
133 708
133 817
133 840
133 889
133 938
133 942
133 995
134 149
134 401
134 421
134 453
134 486
134 507
134 618
134 657
134 658
134 761
134 763
134 765
134 766
134 767
134 768
134 824
134 826
134 885
135 173
135 235
135 245
135 387
135 401
135 403
135 404
135 405
135 406
135 408
135 410
135 667
135 923
135 963
136 138
136 262
136 318
136 608
136 654
136 659
136 817
136 844
136 852
136 995
137 138
137 342
137 354
137 440
137 466
137 508
137 692
137 838
137 849
138 384
138 426
138 440
138 488
138 522
138 605
138 712
138 814
138 817
139 192
139 222
139 243
139 244
139 430
139 440
139 520
139 663
139 749
140 141
140 142
140 144
140 146
140 147
140 148
140 149
140 182
140 251
140 253
140 282
140 325
140 376
140 392
140 443
140 500
140 528
140 757
140 785
140 877
140 884
140 929
141 143
141 144
141 146
141 147
141 148
141 149
141 325
141 376
141 430
141 440
141 553
141 764
141 858
141 879
141 929
142 144
142 149
142 194
142 242
142 325
142 376
142 399
142 614
142 651
142 780
142 783
142 798
142 841
142 929
143 144
143 146
143 147
143 148
143 149
143 325
143 376
143 840
143 929
143 941
144 146
144 147
144 148
144 149
144 182
144 336
144 376
144 576
144 609
144 657
144 677
144 690
144 929
144 984
145 262
145 399
145 437
145 576
145 666
145 682
146 147
146 148
146 149
146 182
146 216
146 325
146 376
146 414
146 586
146 929
147 148
147 149
147 156
147 225
147 235
147 325
147 378
147 390
147 497
147 549
147 574
147 581
147 585
147 634
147 700
147 715
147 739
147 764
147 778
147 864
147 929
148 149
148 182
148 194
148 226
148 325
148 415
148 429
148 561
148 696
148 707
148 724
148 929
148 959
149 182
149 223
149 325
149 351
149 358
149 376
149 480
149 513
149 599
149 600
149 677
149 760
149 804
149 868
149 896
149 975
149 994
150 180
150 255
150 258
150 275
150 276
150 293
150 294
150 295
150 298
150 299
150 300
150 398
150 436
150 469
150 568
150 583
150 663
150 697
150 734
150 753
150 759
150 793
150 806
151 152
151 154
151 155
151 157
151 158
151 159
151 160
151 178
151 189
151 198
151 216
151 233
151 261
151 263
151 320
151 323
151 437
151 471
151 561
151 574
151 733
151 864
151 884
151 943
151 980
151 986
152 153
152 154
152 157
152 158
152 159
152 160
152 189
152 260
152 348
152 422
152 439
152 513
152 638
152 788
152 864
152 924
152 946
153 155
153 157
153 158
153 159
153 189
153 196
153 233
153 293
153 443
153 484
153 574
153 662
153 706
153 744
153 771
153 864
153 967
154 155
154 158
154 189
154 217
154 233
154 291
154 350
154 394
154 502
154 515
154 574
154 692
154 785
154 790
155 157
155 158
155 160
155 187
155 189
155 194
155 233
155 375
155 392
155 481
155 574
155 581
155 611
155 703
155 754
155 929
156 240
156 273
156 321
156 350
156 372
156 374
156 377
156 378
156 391
156 541
156 889
156 955
156 962
157 158
157 159
157 160
157 184
157 189
157 200
157 273
157 303
157 448
157 552
157 574
157 628
157 657
157 735
157 797
157 844
157 864
157 875
158 159
158 160
158 189
158 233
158 248
158 394
158 495
158 574
158 704
158 804
158 864
158 934
159 160
159 162
159 189
159 231
159 294
159 439
159 492
159 560
159 649
159 652
159 668
159 694
159 719
159 762
159 864
159 934
159 944
159 960
160 189
160 233
160 234
160 280
160 311
160 413
160 574
160 716
160 864
160 924
161 164
161 166
161 167
161 168
161 170
161 299
161 307
161 341
161 487
161 631
161 725
161 768
161 831
161 967
162 164
162 167
162 168
162 170
162 309
162 435
162 446
162 515
162 527
162 647
163 164
163 166
163 167
163 168
163 170
163 319
163 321
163 555
164 166
164 167
164 168
164 170
164 303
164 309
164 400
164 428
164 460
164 556
164 577
164 659
164 795
164 868
164 897
165 239
165 430
165 444
165 446
165 449
165 502
165 687
165 800
165 809
165 876
165 926
166 201
166 336
166 545
166 552
166 766
166 823
167 168
167 170
167 188
167 744
167 778
167 829
167 868
167 920
167 959
167 986
168 170
168 179
168 334
168 341
168 435
168 607
168 771
168 903
168 915
169 260
169 272
169 308
169 354
169 379
169 552
169 603
169 619
169 724
169 958
169 981
170 281
170 437
170 448
170 574
171 172
171 176
171 177
171 178
171 179
171 256
171 268
171 344
171 458
171 541
171 565
171 567
171 579
171 974
172 173
172 175
172 178
172 179
172 256
172 451
172 466
172 579
172 757
172 833
172 861
172 980
173 176
173 178
173 179
173 256
173 358
173 402
173 469
173 579
173 667
173 742
173 813
173 845
173 920
174 281
174 284
174 285
174 286
174 287
174 290
174 426
174 512
174 531
174 574
174 587
174 653
174 703
174 904
174 961
174 980
175 176
175 177
175 179
175 270
175 308
175 512
175 579
175 842
175 945
176 178
176 179
176 187
176 256
176 278
176 367
176 547
176 579
176 586
176 614
176 736
176 811
176 860
176 894
176 916
177 178
177 179
177 221
177 256
177 391
177 565
177 682
177 931
178 179
178 192
178 222
178 256
178 537
178 579
178 721
178 765
178 868
179 256
179 427
179 428
179 482
179 497
179 567
179 579
179 712
179 714
179 955
179 980
180 255
180 258
180 293
180 294
180 295
180 298
180 299
180 300
180 335
180 413
180 448
180 512
180 569
180 583
180 633
180 894
180 995
181 200
181 357
181 421
181 459
181 488
181 502
181 504
181 629
181 702
181 763
181 807
181 904
181 943
181 945
181 946
182 192
182 314
182 325
182 376
182 387
182 459
182 571
182 583
182 620
182 641
182 744
182 907
182 918
182 925
182 929
182 946
182 952
183 184
183 185
183 190
183 438
183 450
183 456
183 467
183 513
183 524
183 651
183 688
183 697
183 726
183 728
183 775
184 185
184 187
184 198
184 221
184 253
184 255
184 334
184 338
184 409
184 450
184 513
184 585
184 636
184 651
184 708
184 723
184 782
184 863
184 900
184 901
184 935
184 985
185 186
185 187
185 190
185 386
185 436
185 513
185 621
185 638
185 651
185 665
185 853
185 885
185 901
185 935
185 974
186 190
186 450
186 513
186 573
186 651
186 746
186 901
186 929
186 934
186 935
186 980
187 277
187 295
187 450
187 464
187 488
187 513
187 557
187 877
187 901
187 935
187 985
188 210
188 216
188 448
188 520
188 592
188 734
188 803
188 868
188 914
188 915
188 916
188 917
188 918
189 233
189 280
189 407
189 511
189 528
189 574
189 722
189 762
189 810
189 864
189 966
189 973
190 209
190 274
190 352
190 450
190 513
190 603
190 651
190 687
190 749
190 808
190 901
190 935
191 253
191 303
191 331
191 527
191 621
191 625
191 626
191 627
191 628
191 630
191 665
191 667
191 789
192 228
192 253
192 296
192 313
192 391
192 429
192 591
192 643
192 668
192 707
192 869
192 991
193 194
193 195
193 200
193 222
193 247
193 342
193 421
193 525
193 594
193 635
193 686
193 710
193 796
193 800
193 819
193 845
193 861
193 872
193 879
193 957
194 195
194 199
194 200
194 293
194 343
194 479
194 489
194 546
194 635
194 690
194 702
194 705
194 758
194 872
194 908
194 957
194 993
195 196
195 199
195 200
195 329
195 421
195 461
195 520
195 524
195 608
195 614
195 635
195 652
195 737
195 744
195 808
195 872
195 887
195 957
196 227
196 321
196 330
196 380
196 434
196 491
196 616
196 624
196 640
196 647
196 671
196 673
196 674
196 675
196 677
196 678
196 680
196 725
196 765
196 811
197 247
197 340
197 451
197 452
197 455
197 456
197 458
197 459
197 460
197 590
197 676
198 212
198 321
198 322
198 326
198 380
198 394
198 414
198 490
198 652
198 734
198 780
198 814
198 931
198 972
199 200
199 222
199 252
199 343
199 418
199 421
199 433
199 512
199 543
199 697
199 771
199 778
199 872
199 887
200 210
200 343
200 421
200 450
200 465
200 522
200 612
200 635
200 757
200 772
200 872
200 887
200 957
201 205
201 206
201 209
201 246
201 273
201 315
201 371
201 475
201 515
201 595
201 655
201 845
201 894
202 205
202 206
202 207
202 209
202 259
202 273
202 325
202 346
202 452
202 455
202 487
202 595
202 661
202 975
203 251
203 319
203 390
203 417
203 753
203 783
203 791
203 807
203 878
203 923
203 943
203 945
203 946
203 948
203 949
203 950
204 264
204 265
204 266
204 269
204 270
204 449
204 759
204 842
205 206
205 207
205 254
205 273
205 467
205 469
205 486
205 518
205 536
205 595
205 678
205 683
205 810
205 994
206 273
206 341
206 372
206 401
206 595
206 654
206 920
207 209
207 224
207 273
207 298
207 312
207 387
207 485
207 550
207 568
207 595
207 660
207 765
207 933
208 210
208 297
208 332
208 342
208 423
208 557
208 742
208 744
208 745
208 746
208 827
208 967
209 273
209 522
209 595
209 627
209 636
209 641
209 804
209 912
209 975
210 217
210 471
210 474
210 475
210 476
210 486
210 548
210 550
210 646
210 805
210 874
211 212
211 214
211 216
211 220
211 324
211 355
211 422
211 456
211 470
211 743
211 872
211 887
212 214
212 218
212 219
212 310
212 414
212 444
212 594
212 634
212 714
212 719
212 862
212 915
213 252
213 260
213 290
213 453
213 684
213 901
213 953
213 984
213 985
213 986
213 987
213 988
213 989
213 990
214 216
214 218
214 219
214 220
214 307
214 336
214 422
214 522
214 621
214 743
214 756
214 899
214 931
214 971
214 997
215 285
215 362
215 458
215 561
215 661
215 662
215 664
215 665
215 667
215 669
215 670
215 899
215 934
215 938
216 218
216 220
216 281
216 428
216 447
216 459
216 462
216 527
216 534
216 550
216 612
216 696
216 703
216 818
216 831
216 918
216 981
217 305
217 408
217 482
217 484
217 485
217 486
217 487
217 488
217 489
217 536
217 586
217 672
217 860
217 875
217 972
218 219
218 220
218 228
218 245
218 419
218 443
218 728
218 743
218 751
218 841
218 847
218 851
218 873
218 886
219 220
219 367
219 377
219 453
219 455
219 460
219 500
219 548
219 594
219 601
219 688
219 743
219 959
220 400
220 452
220 511
220 743
220 1000
221 224
221 225
221 226
221 228
221 230
221 275
221 285
221 360
221 419
221 690
221 718
222 456
222 484
222 511
222 512
222 514
222 515
222 518
222 591
222 596
222 633
222 695
222 743
222 956
223 224
223 225
223 226
223 228
223 230
223 483
223 688
224 225
224 226
224 228
224 230
224 661
224 707
224 746
224 831
225 228
225 230
225 362
225 452
225 490
225 555
225 682
225 692
225 750
225 785
225 930
225 985
226 228
226 230
226 433
226 517
226 960
226 993
227 234
227 330
227 446
227 507
227 616
227 671
227 673
227 674
227 675
227 678
227 679
227 680
227 719
227 764
227 868
228 236
228 321
228 646
228 727
228 874
228 941
228 945
229 309
229 317
229 345
229 451
229 562
229 564
229 565
229 567
229 568
229 569
229 570
229 713
229 770
229 897
229 965
230 345
230 539
230 966
231 233
231 249
231 300
231 333
231 540
231 555
231 622
231 647
231 652
231 659
231 660
231 713
231 777
232 234
232 235
232 236
232 238
232 242
232 288
232 319
232 326
232 394
232 422
232 530
232 533
232 591
232 732
232 850
232 854
232 911
232 939
233 429
233 462
233 498
233 538
233 574
233 778
233 834
233 864
233 906
233 952
233 953
234 235
234 237
234 352
234 354
234 389
234 431
234 530
234 599
234 607
234 709
234 917
234 939
234 957
234 985
235 236
235 237
235 342
235 407
235 530
235 732
235 833
235 848
235 939
236 237
236 238
236 336
236 394
236 523
236 530
236 598
236 775
236 824
236 936
236 939
236 980
237 238
237 298
237 436
237 530
237 612
237 650
237 664
237 672
237 772
237 926
237 939
237 996
238 379
238 530
238 604
238 616
238 619
238 779
238 807
238 809
238 814
238 828
238 894
238 899
238 939
238 980
239 304
239 444
239 446
239 447
239 511
239 587
239 611
239 641
239 800
239 877
239 900
239 998
240 266
240 431
240 494
240 503
240 547
240 619
240 747
240 769
240 781
240 863
240 865
240 866
240 867
240 868
240 870
240 956
240 972
240 986
240 988
241 384
241 415
241 416
241 417
241 459
241 472
241 558
241 577
241 621
241 643
241 680
241 698
242 244
242 245
242 247
242 248
242 250
242 379
242 439
242 461
242 600
242 725
242 860
242 950
242 990
243 431
243 459
243 489
243 599
243 783
243 803
243 810
243 828
244 245
244 247
244 248
244 290
244 369
244 389
244 412
244 439
244 461
244 609
244 738
244 782
244 836
244 931
244 961
245 246
245 247
245 248
245 311
245 461
245 547
245 550
245 556
245 608
245 736
245 790
245 805
245 877
245 891
245 971
246 247
246 248
246 250
246 254
246 286
246 298
246 352
246 375
246 461
246 462
246 505
246 530
246 537
246 716
246 783
246 991
247 248
247 250
247 281
247 454
247 461
247 650
247 678
247 736
247 873
248 250
248 293
248 330
248 406
248 468
248 741
248 777
249 263
249 289
249 530
249 540
249 622
249 652
249 655
249 656
249 659
249 675
249 700
249 713
249 762
249 823
249 922
249 976
249 986
249 997
250 309
250 461
250 470
250 672
250 740
250 778
251 278
251 317
251 331
251 332
251 337
251 481
251 541
251 542
251 545
251 546
251 548
251 552
251 616
251 750
251 756
251 768
251 893
251 913
252 253
252 254
252 259
252 296
252 365
252 366
252 477
252 621
252 663
252 714
252 742
252 861
252 879
252 926
252 955
252 976
253 259
253 296
253 365
253 366
253 395
253 509
253 554
253 563
253 663
253 956
254 259
254 269
254 296
254 337
254 366
254 478
254 491
254 554
254 627
254 636
254 748
254 808
254 816
254 822
254 845
254 925
254 967
254 970
255 258
255 291
255 293
255 294
255 298
255 380
255 413
255 446
255 535
255 583
255 597
255 654
255 793
256 295
256 531
256 573
256 579
256 638
256 711
256 986
257 469
257 609
257 689
257 784
257 813
257 815
257 816
257 818
257 819
257 820
257 890
257 967
258 263
258 291
258 293
258 295
258 298
258 299
258 300
258 345
258 408
258 413
258 496
258 583
258 676
258 824
259 296
259 365
259 366
259 483
259 555
259 645
259 708
259 812
259 835
259 949
260 264
260 271
260 432
260 819
260 966
260 985
260 986
260 987
260 988
260 989
260 990
261 264
261 265
261 266
261 268
261 270
261 586
261 825
261 927
261 936
261 981
262 265
262 266
262 268
262 269
262 577
262 614
262 679
262 728
262 768
262 786
262 877
262 890
262 976
262 990
263 287
263 295
263 480
263 582
263 631
263 653
263 757
263 837
263 847
263 858
263 872
263 904
263 905
263 906
263 907
263 908
264 265
264 266
264 268
264 270
264 585
264 728
264 754
264 810
264 842
264 947
264 968
265 266
265 268
265 269
265 270
265 317
265 333
265 393
265 414
265 477
265 510
265 653
265 744
266 269
266 270
266 287
266 380
266 568
266 768
266 794
266 842
266 880
267 299
267 324
267 382
267 383
267 384
267 385
267 388
267 389
267 390
267 497
267 545
267 553
267 581
267 716
267 728
267 741
267 754
267 797
267 840
267 868
267 927
268 269
268 270
268 288
268 291
268 315
268 649
268 657
268 744
268 842
268 930
269 270
269 313
269 356
269 446
269 450
269 538
269 612
269 627
269 705
269 759
269 842
269 950
270 546
270 706
270 800
270 818
270 842
270 867
270 948
271 279
271 293
271 359
271 448
271 471
271 529
271 633
271 712
271 713
271 716
271 734
271 881
271 911
271 912
271 913
271 914
271 915
271 916
271 918
272 274
272 277
272 279
272 280
272 443
272 543
272 744
272 796
272 873
272 941
272 945
273 292
273 555
273 595
273 727
273 792
273 798
273 862
273 889
273 955
274 276
274 277
274 279
274 280
274 312
274 389
274 393
274 413
274 574
274 668
274 713
274 790
274 817
274 862
275 459
275 471
275 494
275 531
275 564
275 566
275 681
275 683
275 685
275 686
275 688
275 812
275 902
276 279
276 280
276 393
276 423
276 540
276 639
276 643
276 698
276 862
276 920
276 964
277 279
277 280
277 318
277 560
277 639
277 651
277 750
277 796
277 862
277 921
278 317
278 438
278 542
278 543
278 544
278 546
278 548
278 549
278 550
278 583
278 589
278 731
278 750
278 773
278 893
279 280
279 320
279 393
279 519
279 703
279 749
279 824
279 840
279 862
280 327
280 393
280 467
280 502
280 534
280 584
280 692
280 713
280 723
280 862
280 868
281 282
281 283
281 285
281 286
281 287
281 288
281 290
281 338
281 653
281 763
281 807
281 839
281 902
282 283
282 284
282 286
282 287
282 288
282 290
282 499
282 516
282 593
282 653
282 692
283 284
283 285
283 286
283 287
283 288
283 290
283 310
283 373
283 538
283 541
283 653
283 752
283 905
283 985
284 285
284 286
284 287
284 288
284 290
284 301
284 422
284 528
284 594
284 653
285 286
285 287
285 288
285 327
285 360
285 390
285 534
285 643
285 653
285 659
285 878
285 890
285 912
285 967
286 288
286 307
286 426
286 544
286 594
286 653
286 721
286 840
287 288
287 290
287 294
287 674
287 696
287 705
287 752
287 765
287 852
288 289
288 290
288 297
288 401
288 568
288 653
288 723
288 791
288 904
288 920
288 981
289 297
289 423
289 426
289 428
289 429
289 430
289 543
289 612
289 861
289 903
289 947
289 962
289 998
290 469
290 473
290 511
290 520
290 577
290 653
290 814
291 293
291 294
291 295
291 298
291 344
291 398
291 413
291 583
291 877
292 315
292 468
292 528
292 578
292 602
292 611
292 612
292 613
292 614
292 615
292 617
292 618
292 620
292 629
292 657
292 743
292 799
292 806
292 823
292 825
293 295
293 299
293 300
293 333
293 384
293 583
293 600
293 647
293 793
294 295
294 298
294 300
294 376
294 413
294 440
294 588
294 602
294 766
294 793
294 809
294 925
295 298
295 299
295 300
295 386
295 413
295 443
295 516
295 530
295 583
295 793
295 841
295 855
295 949
296 366
296 631
296 703
296 814
296 850
296 889
297 496
297 802
297 822
297 829
297 920
298 299
298 300
298 332
298 390
298 413
298 424
298 440
298 523
298 553
298 583
298 793
299 300
299 413
299 425
299 583
299 629
299 793
299 965
300 345
300 394
300 413
300 442
300 523
300 565
300 583
300 637
300 793
300 796
301 302
301 304
301 308
301 310
301 334
301 361
301 497
301 567
301 598
301 599
301 661
301 690
301 859
301 963
302 303
302 304
302 308
302 309
302 310
302 320
302 325
302 382
302 401
302 572
302 599
302 680
302 842
302 898
302 911
302 942
302 1000
303 304
303 308
303 309
303 310
303 504
303 506
303 599
303 606
303 668
303 873
303 933
303 999
304 308
304 310
304 346
304 428
304 463
304 599
304 866
305 337
305 564
305 751
305 794
305 818
305 824
305 837
305 883
305 884
305 885
305 886
305 888
305 889
305 890
305 993
306 320
306 331
306 333
306 334
306 335
306 336
306 338
306 340
306 409
306 438
306 594
306 598
306 609
306 611
306 628
306 718
306 720
306 754
306 833
306 960
307 315
307 347
307 452
307 484
307 594
307 650
307 800
307 803
307 965
307 993
308 309
308 310
308 339
308 390
308 474
308 599
308 624
308 633
308 754
308 885
309 310
309 599
309 633
309 837
309 851
309 887
310 317
310 492
310 666
310 731
310 803
310 833
311 312
311 313
311 314
311 316
311 319
311 320
311 453
311 535
311 547
311 578
311 649
311 749
311 753
311 912
311 913
312 313
312 314
312 316
312 318
312 319
312 320
312 453
312 463
312 475
312 547
312 609
312 649
312 802
312 983
313 316
313 318
313 417
313 453
313 504
313 547
313 556
313 578
313 649
313 674
313 750
313 802
313 975
314 316
314 320
314 428
314 453
314 455
314 547
314 619
314 649
314 703
314 802
315 368
315 428
315 602
315 611
315 612
315 613
315 614
315 615
315 617
315 729
315 733
315 785
315 808
315 825
316 318
316 319
316 320
316 326
316 353
316 453
316 547
316 649
316 736
316 744
316 802
317 332
317 526
317 542
317 543
317 544
317 546
317 548
317 549
317 550
317 560
317 807
317 893
317 986
318 319
318 320
318 429
318 453
318 547
318 634
318 649
318 759
318 764
318 802
318 913
318 916
319 373
319 382
319 470
319 540
319 547
319 649
319 802
319 921
320 327
320 532
320 547
320 649
320 802
320 840
321 324
321 326
321 328
321 505
321 522
321 539
321 601
321 602
321 670
321 737
321 818
321 834
321 989
322 326
322 328
322 342
322 433
322 527
322 637
322 676
322 884
322 941
322 971
323 434
323 463
323 519
323 537
323 552
323 562
323 612
323 775
323 891
323 892
323 895
323 896
323 898
323 899
323 922
323 967
323 981
323 996
324 326
324 341
324 442
324 444
324 583
324 604
324 731
325 354
325 394
325 803
325 880
325 947
325 967
326 328
326 476
326 734
326 768
326 804
326 859
326 966
326 976
327 349
327 473
327 563
327 589
327 684
327 697
327 773
327 821
327 822
327 823
327 828
327 830
327 903
328 367
328 522
328 536
328 616
328 855
328 942
328 976
329 398
329 431
329 432
329 433
329 434
329 435
329 436
329 438
329 439
329 579
329 633
329 673
329 955
330 373
330 508
330 616
330 671
330 673
330 674
330 675
330 676
330 677
330 678
330 679
330 727
330 951
331 334
331 335
331 336
331 338
331 339
331 340
331 445
331 498
331 977
332 526
332 541
332 542
332 543
332 544
332 545
332 548
332 549
332 550
332 557
332 562
332 694
332 713
332 750
332 893
332 938
332 950
332 984
332 988
333 334
333 335
333 336
333 338
333 339
333 355
333 717
333 754
333 965
334 335
334 336
334 339
334 348
334 445
334 460
334 545
334 640
334 699
334 724
334 754
334 782
334 868
335 336
335 338
335 339
335 340
335 379
335 407
335 445
335 511
335 754
335 844
335 893
335 928
336 339
336 340
336 380
336 445
336 504
336 520
336 739
336 824
336 912
336 946
336 995
337 566
337 757
337 758
337 805
337 883
337 884
337 885
337 886
337 888
337 889
337 890
337 913
338 339
338 445
338 606
338 754
338 858
338 918
338 929
338 934
338 943
339 340
339 355
339 369
339 445
339 537
339 574
339 587
339 656
339 680
339 754
339 847
339 900
340 382
340 445
340 450
340 476
340 534
340 582
340 610
340 754
340 962
340 970
341 343
341 344
341 346
341 347
341 348
341 349
341 350
341 467
341 719
341 811
341 878
341 898
342 386
342 483
342 694
342 706
342 742
342 744
342 745
342 746
342 748
342 750
342 829
342 845
342 878
342 882
342 967
343 344
343 346
343 347
343 349
343 350
343 467
343 509
343 707
343 811
343 878
343 991
344 346
344 347
344 348
344 349
344 350
344 353
344 467
344 690
344 811
344 834
344 944
345 429
345 549
345 562
345 564
345 565
345 567
345 568
345 570
345 630
345 662
345 673
345 681
345 770
345 790
345 826
345 862
345 873
345 976
346 347
346 349
346 350
346 467
346 502
346 507
346 652
346 803
346 811
346 866
346 877
346 878
346 929
346 939
346 951
347 348
347 349
347 350
347 467
347 567
347 811
347 878
348 349
348 350
348 467
348 543
348 551
348 584
348 690
348 704
348 769
348 783
348 811
348 822
348 878
348 902
348 990
349 350
349 412
349 425
349 492
349 501
349 603
349 811
349 820
350 467
350 534
350 617
350 694
350 697
350 712
350 811
350 878
350 913
350 974
351 353
351 355
351 356
351 357
351 358
351 359
351 360
351 677
351 686
351 921
351 990
352 499
352 532
352 534
352 535
352 536
352 538
352 539
352 562
352 607
352 729
352 912
352 959
353 354
353 355
353 357
353 358
353 434
353 458
353 759
353 897
353 905
354 356
354 357
354 358
354 359
354 360
354 370
354 421
354 434
354 593
354 723
354 771
354 798
354 916
354 940
355 356
355 357
355 358
355 359
355 360
355 559
355 592
355 721
355 872
355 899
355 919
355 921
355 991
355 1000
356 358
356 359
356 367
356 529
356 616
356 954
357 358
357 512
357 569
357 640
357 688
357 693
357 739
357 784
357 817
358 359
358 360
358 585
358 594
358 775
358 832
358 960
359 360
359 421
359 510
359 518
359 542
359 589
359 628
359 704
359 783
359 813
359 960
360 386
360 579
360 805
360 842
360 881
360 937
360 993
361 364
361 367
361 368
361 369
361 370
361 423
361 449
361 587
361 791
362 368
362 379
362 383
362 432
362 438
362 561
362 633
362 661
362 662
362 664
362 665
362 667
362 668
362 725
363 459
363 477
363 554
363 559
363 631
363 632
363 633
363 634
363 636
363 637
363 638
363 639
363 640
363 729
363 773
363 873
363 888
363 897
363 932
364 369
364 370
364 393
364 407
364 440
364 532
364 619
364 684
364 722
364 812
364 865
364 905
365 366
365 598
365 663
365 717
365 749
365 780
365 892
366 504
366 509
366 529
366 539
366 548
366 586
366 607
367 368
367 369
367 417
367 631
367 678
367 819
367 856
367 895
367 934
368 369
368 370
368 443
368 492
368 606
368 765
368 782
369 370
369 482
369 504
369 656
369 763
369 807
369 901
369 905
369 1000
370 377
370 399
370 454
370 545
370 559
370 665
370 684
370 741
370 933
370 997
371 373
371 374
371 377
371 451
371 453
371 522
371 812
371 814
371 885
371 938
371 950
372 373
372 374
372 377
372 380
372 569
372 585
372 616
372 700
372 724
372 804
372 814
372 867
372 887
373 374
373 377
373 378
373 380
373 575
373 580
373 612
373 814
373 849
373 951
373 981
374 378
374 380
374 391
374 410
374 412
374 453
374 498
374 579
374 582
374 585
374 603
374 709
374 711
374 749
374 751
374 814
374 851
374 913
375 422
375 503
375 686
375 710
375 771
375 775
375 776
375 777
375 778
375 779
375 780
375 809
376 517
376 748
376 856
376 929
376 930
376 952
377 378
377 380
377 579
378 380
378 408
378 435
378 552
378 564
378 565
378 638
378 735
378 814
378 848
378 900
379 390
379 561
379 661
379 662
379 664
379 667
379 668
379 669
379 670
380 424
380 653
380 814
380 871
380 985
381 383
381 387
381 390
381 401
381 436
381 533
381 576
381 590
381 728
381 750
381 837
381 935
382 383
382 384
382 385
382 388
382 390
382 419
382 488
382 728
382 820
382 833
382 840
382 901
382 932
383 385
383 387
383 388
383 389
383 403
383 477
383 641
383 751
383 993
384 385
384 388
384 389
384 390
384 495
384 647
384 728
384 922
385 387
385 388
385 390
385 399
385 614
385 697
385 700
385 728
385 825
385 971
386 402
386 422
386 547
386 615
386 635
386 700
386 751
386 753
386 756
386 757
386 759
386 889
386 936
386 937
386 991
387 388
387 389
387 390
387 603
387 626
387 637
387 668
387 901
388 390
388 488
388 646
388 669
388 694
388 728
388 877
389 390
389 407
389 446
389 549
389 637
389 728
389 844
390 421
390 426
390 432
390 466
390 522
390 530
390 549
390 691
390 728
390 775
390 846
390 857
391 395
391 396
391 397
391 399
391 400
391 449
391 454
391 741
391 776
391 942
391 952
391 983
391 992
392 395
392 396
392 397
392 398
392 400
392 458
392 462
392 745
392 767
392 830
392 983
392 992
393 539
393 556
393 648
393 739
393 796
393 857
393 862
393 867
393 913
393 921
393 966
393 1000
394 395
394 396
394 397
394 398
394 399
394 400
394 454
394 474
394 504
394 578
394 661
394 808
394 983
394 992
395 396
395 397
395 398
395 399
395 400
395 407
395 454
395 608
395 635
395 819
395 853
395 913
395 955
395 973
395 992
396 397
396 398
396 399
396 454
396 689
396 983
396 992
397 398
397 399
397 400
397 454
397 525
397 530
397 623
397 733
397 836
397 983
397 992
398 399
398 400
398 454
398 581
398 619
398 675
398 698
398 844
398 850
398 864
398 983
398 992
399 422
399 473
399 538
399 663
399 736
399 740
399 776
399 789
399 821
399 866
399 872
399 877
399 895
399 983
399 992
400 454
400 455
400 849
400 877
400 942
400 992
401 403
401 404
401 405
401 406
401 407
401 408
401 409
401 410
401 442
401 443
401 671
401 674
401 851
401 877
401 898
401 932
401 959
401 983
402 449
402 488
402 605
402 674
402 694
402 751
402 752
402 753
402 756
402 757
402 759
402 937
403 404
403 405
403 406
403 408
403 409
403 410
403 460
403 626
403 647
403 660
403 876
403 877
403 886
403 910
403 931
404 406
404 407
404 408
404 409
404 550
404 760
404 800
404 810
404 859
404 877
405 406
405 408
405 410
405 556
405 570
405 758
405 877
405 943
406 407
406 408
406 409
406 410
406 480
406 520
406 564
406 646
406 717
406 738
406 760
406 793
406 877
406 894
406 915
406 961
406 983
407 408
407 410
407 760
407 877
407 897
407 951
407 958
407 981
408 409
408 410
408 694
408 760
408 877
408 889
408 893
409 410
409 500
409 760
409 763
409 822
410 441
410 511
410 562
410 587
410 760
410 838
410 877
410 978
411 414
411 572
411 576
411 578
411 632
411 653
411 716
411 726
411 856
412 430
412 437
412 524
412 590
412 674
412 786
412 862
412 909
412 910
412 931
412 979
412 993
412 995
412 996
412 998
412 999
412 1000
413 583
413 643
413 658
413 793
413 909
413 930
413 953
414 519
414 559
414 572
414 573
414 575
414 576
414 577
414 578
414 580
414 896
414 974
415 416
415 417
415 418
415 420
415 517
415 558
415 567
415 832
415 838
415 888
415 978
416 417
416 418
416 420
416 522
416 529
416 558
416 582
416 611
416 705
416 709
416 933
417 418
417 461
417 537
417 558
417 581
417 648
417 674
417 709
417 752
417 804
417 852
417 946
417 949
418 420
418 430
418 697
418 976
419 515
419 592
419 593
419 594
419 597
419 598
419 600
419 628
419 648
419 983
420 424
420 452
420 471
420 495
420 546
420 558
420 810
420 816
421 568
421 630
421 681
421 706
421 776
421 834
421 872
421 887
421 957
422 563
422 659
422 660
422 703
422 768
422 771
422 774
422 776
422 777
422 779
422 780
422 809
422 951
423 424
423 426
423 427
423 428
423 855
423 861
423 903
423 941
423 947
424 426
424 427
424 429
424 430
424 655
424 709
424 784
424 833
424 865
424 867
424 903
424 947
424 975
425 521
425 522
425 523
425 525
425 528
425 529
425 551
425 559
425 617
425 638
425 645
425 693
425 739
426 427
426 428
426 429
426 430
426 541
426 544
426 663
426 804
426 861
426 903
426 914
426 942
426 943
426 947
427 428
427 430
427 552
427 699
427 843
427 861
427 875
427 903
427 947
428 429
428 430
428 433
428 706
428 747
428 749
428 794
428 802
428 861
428 877
428 947
428 970
429 430
429 453
429 552
429 716
429 787
429 861
429 903
429 939
429 947
429 953
429 969
430 451
430 512
430 789
430 903
430 911
430 947
430 988
431 432
431 433
431 434
431 435
431 436
431 439
431 726
431 840
431 865
431 955
432 433
432 436
432 521
432 600
432 665
432 853
432 895
432 945
432 955
432 979
433 434
433 435
433 438
433 439
433 443
433 661
433 684
433 955
434 435
434 436
434 438
434 439
434 514
434 583
434 640
434 707
434 875
434 902
434 926
434 931
434 955
434 967
434 998
435 436
435 438
435 439
435 453
435 483
435 618
435 637
435 644
435 649
435 659
435 682
435 699
435 762
435 955
436 438
436 713
436 955
436 977
436 989
437 488
437 566
437 580
437 640
437 650
437 682
437 689
437 826
437 845
437 983
437 990
438 439
438 441
438 955
438 956
438 971
438 998
439 501
439 560
439 562
439 604
439 643
439 763
439 955
440 616
440 742
440 817
440 839
440 927
440 929
441 454
441 518
441 597
441 601
441 651
441 688
441 727
441 803
441 860
441 906
442 448
442 635
442 670
442 711
442 715
442 717
442 719
442 720
442 854
442 937
443 479
443 482
443 676
443 686
443 854
443 921
443 924
443 925
443 926
443 927
443 928
443 930
443 934
444 447
444 449
444 587
444 605
444 705
444 810
444 966
445 492
445 599
445 690
445 754
445 761
445 764
445 812
445 819
445 839
445 862
446 447
446 449
446 587
446 608
446 800
446 847
446 986
447 449
447 511
447 587
447 800
448 559
448 586
448 708
448 734
448 810
448 881
448 911
448 912
448 913
448 914
448 915
448 916
448 917
448 918
448 988
449 650
449 837
449 841
449 998
450 513
450 651
450 653
450 938
451 452
451 455
451 456
451 458
451 459
451 460
451 473
451 541
451 577
451 676
451 730
451 749
451 817
452 455
452 456
452 458
452 459
452 460
452 795
452 807
452 980
452 994
453 547
453 649
453 802
453 818
454 472
454 560
454 672
454 880
454 977
454 983
454 992
455 456
455 458
455 460
455 475
455 500
455 513
455 544
455 643
455 673
455 950
456 458
456 493
456 508
456 676
456 687
456 705
456 741
456 988
456 993
456 998
457 474
457 781
457 782
457 783
457 784
457 785
457 787
457 788
457 789
457 833
457 962
457 987
458 459
458 460
458 631
458 676
459 460
459 563
459 660
459 676
459 718
459 733
459 788
459 955
459 982
459 984
460 529
460 562
460 664
460 676
460 848
461 483
461 559
461 673
462 464
462 465
462 466
462 468
462 469
462 481
462 581
462 624
462 697
462 755
462 808
462 877
462 975
463 484
463 591
463 670
463 687
463 769
463 863
463 865
463 866
463 867
463 868
463 870
463 890
463 919
463 988
464 465
464 466
464 468
464 470
464 481
464 624
464 664
464 755
464 804
464 879
464 896
464 927
464 963
464 975
465 466
465 468
465 469
465 470
465 481
465 552
465 606
465 624
465 656
465 718
465 755
465 879
465 958
465 975
466 469
466 470
466 481
466 591
466 641
466 663
466 879
466 926
466 975
467 534
467 583
467 590
467 811
467 971
468 469
468 470
468 481
468 597
468 624
468 730
468 755
468 790
468 819
468 879
468 900
468 906
468 975
469 470
469 481
469 552
469 553
469 556
469 565
469 623
469 629
469 655
469 755
469 780
469 879
469 916
469 973
470 481
470 484
470 624
470 755
470 879
470 975
471 473
471 474
471 475
471 476
471 493
471 512
471 563
471 646
471 862
471 874
471 884
472 590
472 692
472 695
472 697
472 709
472 734
472 827
472 832
473 474
473 475
473 476
473 560
473 646
473 653
473 657
473 687
473 743
473 759
473 823
474 475
474 585
474 600
474 646
474 759
474 874
474 875
475 476
475 646
475 777
475 825
475 874
475 948
475 956
476 507
476 594
476 611
476 646
476 744
476 874
477 514
477 554
477 631
477 633
477 636
477 637
477 639
477 640
477 756
477 989
478 489
478 517
478 564
478 621
478 723
478 752
478 792
478 852
478 855
478 856
478 857
478 858
478 859
478 860
478 897
478 924
479 482
479 483
479 484
479 486
479 487
479 488
479 489
479 544
479 550
479 603
479 672
479 725
479 861
479 875
479 984
480 582
480 594
480 632
480 638
480 707
480 823
480 837
480 884
480 902
480 904
480 905
480 906
480 907
480 908
480 954
480 966
480 972
480 994
481 624
481 701
481 705
481 755
481 818
481 860
481 879
481 884
481 895
481 906
481 914
481 933
481 975
481 982
482 483
482 484
482 485
482 487
482 488
482 489
482 508
482 519
482 532
482 672
482 731
482 803
482 835
482 907
482 966
483 484
483 485
483 486
483 487
483 489
483 558
483 643
483 661
483 672
483 814
483 875
483 897
483 910
483 949
484 485
484 486
484 487
484 488
484 489
484 557
484 672
484 875
484 905
484 917
484 919
484 947
484 953
484 972
485 486
485 487
485 488
485 489
485 509
485 658
485 672
485 675
485 875
486 487
486 488
486 489
486 672
486 972
487 557
487 597
487 689
487 875
487 900
488 489
488 523
488 746
488 780
488 875
488 987
489 536
489 594
489 650
489 672
489 875
489 938
490 510
490 561
490 636
490 708
490 790
490 929
490 941
491 494
491 495
491 497
491 500
491 634
491 913
491 922
492 534
492 535
492 536
492 538
492 539
492 848
492 910
492 926
492 979
493 495
493 497
493 498
493 499
493 500
493 563
493 708
493 728
493 799
493 922
493 940
493 943
494 497
494 499
494 500
494 580
494 638
494 644
494 708
494 782
494 811
494 819
494 922
494 995
495 497
495 500
495 525
495 568
495 652
495 699
495 745
495 911
495 922
496 501
496 716
496 726
496 740
496 811
496 916
496 931
496 932
496 933
496 938
496 940
496 971
496 993
497 498
497 500
497 516
497 559
497 677
497 805
497 866
497 907
497 922
497 976
497 983
498 499
498 500
498 539
498 612
498 711
498 811
498 922
498 968
499 500
499 531
499 781
499 844
499 894
499 939
500 750
500 765
500 785
500 813
500 844
500 922
501 716
501 750
501 826
501 867
501 931
501 936
501 938
501 940
502 505
502 506
502 508
502 509
502 510
502 557
502 597
502 698
502 772
502 793
503 505
503 508
503 509
503 512
503 557
503 708
503 726
503 744
503 852
504 737
504 943
504 945
504 946
504 948
504 949
505 506
505 507
505 510
505 557
505 660
505 719
505 747
505 772
505 790
505 827
505 840
505 891
505 903
505 996
506 508
506 510
506 529
506 557
506 772
506 830
506 849
506 905
506 923
507 508
507 509
507 510
507 557
507 568
507 613
507 789
508 509
508 510
508 557
508 636
508 772
508 959
509 510
509 557
509 601
509 629
509 630
509 638
509 651
509 772
510 519
510 557
510 772
510 877
510 916
510 990
511 512
511 514
511 518
511 520
511 576
511 618
511 708
511 733
511 744
511 840
511 879
511 902
511 917
511 959
512 518
512 520
512 591
512 601
512 779
512 911
512 959
513 605
513 634
513 651
513 704
513 831
513 901
513 935
514 515
514 518
514 520
514 551
514 567
514 591
514 599
514 959
514 979
515 518
515 520
515 591
515 611
515 695
515 737
515 793
515 956
515 959
516 702
516 713
516 732
516 868
516 870
516 900
517 596
517 687
517 712
517 723
517 840
517 986
518 520
518 538
518 552
518 591
518 655
518 701
518 799
518 907
518 959
519 807
519 891
519 892
519 895
519 896
519 898
519 899
519 906
520 591
520 688
520 694
520 729
520 862
520 866
520 879
520 905
520 909
520 942
520 959
520 960
521 523
521 528
521 551
521 564
521 580
521 614
521 708
521 727
521 738
521 739
521 938
522 525
522 529
522 551
522 601
522 677
522 693
522 788
523 525
523 528
523 544
523 551
523 599
523 660
523 693
523 739
523 829
524 550
524 555
524 565
524 601
524 658
524 719
524 786
524 940
524 979
524 991
524 995
524 996
524 997
524 998
524 999
524 1000
525 528
525 529
525 547
525 551
525 606
525 676
525 693
525 739
525 755
525 907
525 957
526 541
526 542
526 543
526 544
526 545
526 548
526 549
526 550
526 750
526 893
527 608
527 621
527 626
527 627
527 628
527 629
527 630
527 666
527 859
527 876
527 893
528 529
528 545
528 551
528 564
528 679
528 693
528 700
528 739
528 824
529 551
529 693
529 739
530 689
530 784
530 820
530 939
530 949
530 986
531 551
531 566
531 681
531 683
531 685
531 686
531 688
531 689
531 695
531 712
531 721
531 724
531 773
531 872
531 920
531 997
532 534
532 535
532 536
532 581
532 654
532 676
532 756
532 786
532 793
532 797
532 848
532 901
532 903
532 969
533 691
533 727
533 729
533 730
533 745
533 942
533 944
534 535
534 536
534 539
534 589
534 612
534 674
534 729
534 848
534 914
534 920
535 536
535 538
535 539
535 608
535 616
535 848
535 886
536 538
536 539
536 848
536 896
536 902
536 935
536 983
537 640
537 642
537 643
537 644
537 645
537 647
537 650
538 539
538 699
538 724
538 764
538 829
538 845
539 761
539 848
539 952
539 954
540 545
540 622
540 655
540 656
540 657
540 660
540 668
540 713
540 727
540 739
541 542
541 543
541 546
541 548
541 549
541 550
541 598
541 760
541 784
541 893
541 927
541 946
541 963
542 544
542 545
542 546
542 548
542 549
542 550
542 567
542 632
542 669
542 722
542 893
542 933
543 544
543 545
543 548
543 549
543 550
543 616
543 694
543 750
543 786
543 806
543 893
543 958
544 545
544 546
544 548
544 550
544 593
544 806
544 893
545 546
545 548
545 550
545 630
545 724
545 893
545 994
546 548
546 549
546 750
546 758
546 867
546 893
546 955
546 958
547 573
547 603
547 649
547 793
547 802
547 898
547 995
548 549
548 550
548 609
548 750
548 866
548 880
548 893
548 988
549 597
549 750
549 779
549 893
549 948
550 627
550 735
550 865
550 893
551 693
551 739
551 762
551 874
551 979
552 553
552 556
552 559
552 560
552 802
552 827
552 859
552 914
553 556
553 560
553 637
553 827
554 602
554 631
554 632
554 634
554 636
554 638
554 639
554 640
554 706
554 714
554 718
554 759
554 814
554 841
554 869
555 565
555 642
555 644
555 692
555 695
555 696
555 697
555 699
555 727
555 788
555 799
555 819
555 869
555 962
556 559
556 560
556 581
556 623
556 677
556 687
556 721
556 784
556 811
557 609
557 634
557 772
557 807
557 834
557 846
557 852
557 911
558 681
558 709
558 770
558 781
558 902
559 560
559 597
559 617
559 623
559 662
559 701
559 831
560 587
560 595
560 662
560 827
560 922
560 964
561 661
561 662
561 664
561 665
561 667
561 668
561 669
561 916
561 923
561 967
562 567
562 568
562 569
562 570
562 701
562 770
562 805
563 680
563 693
563 696
563 714
563 735
563 800
563 817
563 821
563 822
563 823
563 830
563 955
564 565
564 567
564 568
564 569
564 570
564 577
564 637
564 738
564 770
564 988
565 567
565 568
565 569
565 570
565 638
565 760
565 952
566 681
566 683
566 688
566 689
566 738
566 812
566 900
566 914
567 568
567 648
567 697
567 747
567 852
567 859
568 569
568 570
568 572
568 593
568 729
568 770
568 978
569 570
569 608
569 643
569 770
569 832
569 1000
570 700
570 770
570 842
570 865
570 937
571 580
571 666
571 699
571 738
571 841
571 843
571 844
571 845
571 846
571 847
571 849
571 850
571 933
572 573
572 575
572 576
572 577
572 578
572 580
572 588
572 817
572 822
572 905
572 942
572 953
573 575
573 576
573 577
573 578
573 616
573 668
573 832
573 886
573 931
573 970
574 693
574 705
574 716
574 745
574 806
574 864
575 577
575 578
575 580
575 609
575 648
575 769
576 577
576 578
576 580
576 756
576 777
576 815
577 578
577 580
577 678
577 858
577 904
577 911
577 970
578 580
578 582
578 589
578 661
578 666
578 758
578 806
578 814
578 881
578 883
578 944
579 735
579 877
579 931
580 635
580 730
580 836
580 858
580 863
581 585
581 586
581 588
581 589
581 590
581 937
581 980
582 606
582 814
582 902
582 904
582 905
582 906
582 907
582 908
582 923
582 939
582 949
583 597
583 675
583 722
583 793
583 811
583 934
584 585
584 586
584 588
584 589
584 647
584 667
584 779
584 940
584 976
585 586
585 588
585 590
585 686
586 588
586 589
586 590
586 965
587 795
588 589
588 830
588 852
588 947
588 968
588 1000
589 590
589 594
589 692
589 832
589 868
590 602
590 789
590 932
590 935
591 768
591 959
592 593
592 594
592 596
592 597
592 598
592 600
592 604
592 654
592 923
593 594
593 596
593 598
593 600
593 654
593 683
593 794
593 826
593 963
594 596
594 597
594 598
594 600
594 654
594 657
594 717
594 732
594 826
594 908
594 942
595 794
595 833
596 597
596 598
596 600
596 601
596 654
596 802
596 826
596 962
597 598
597 600
597 636
597 711
597 802
597 826
598 600
598 675
598 700
598 724
598 755
598 760
598 826
599 734
599 898
599 911
600 631
600 791
600 826
600 990
601 607
601 732
601 871
601 873
601 876
601 968
602 613
602 614
602 615
602 617
602 618
602 620
602 672
602 825
603 605
603 606
603 608
603 609
603 610
603 677
603 680
603 690
603 702
603 910
604 606
604 698
604 801
604 803
604 804
604 944
605 606
605 607
605 608
605 609
605 610
605 625
605 690
605 702
605 711
605 880
606 607
606 608
606 609
606 880
606 910
606 965
607 608
607 609
607 610
607 620
607 690
607 798
607 866
607 880
607 910
607 921
608 609
608 610
608 690
608 805
608 825
608 837
608 880
608 892
608 910
609 610
609 661
609 690
609 702
609 728
609 753
609 762
609 880
609 910
609 922
610 690
610 874
610 880
610 910
611 612
611 613
611 614
611 615
611 617
611 618
611 620
611 634
611 639
611 649
611 825
611 838
611 907
611 953
612 614
612 615
612 617
612 618
612 620
612 673
612 753
612 759
612 846
612 869
612 986
613 615
613 617
613 618
613 620
613 749
613 751
613 825
613 837
613 886
613 965
614 615
614 617
614 618
614 620
614 829
614 885
615 618
615 620
615 649
615 668
615 825
616 673
616 674
616 675
616 677
616 678
616 679
616 684
616 816
617 618
617 626
617 629
617 636
617 702
617 805
617 825
617 957
618 620
618 711
618 769
618 809
618 825
618 861
618 946
618 957
618 984
619 722
619 727
619 747
619 769
619 776
619 843
619 863
619 867
619 868
619 870
619 986
619 1000
620 671
620 814
620 834
620 848
620 904
620 910
620 979
621 625
621 626
621 627
621 980
621 984
622 640
622 652
622 655
622 656
622 659
622 660
622 668
622 713
622 798
622 851
622 859
623 739
623 758
623 768
623 827
623 850
623 926
624 636
624 738
624 755
624 853
624 879
624 935
624 948
625 627
625 628
625 629
625 630
625 875
625 883
625 902
626 627
626 628
626 629
626 630
626 875
626 955
627 628
627 629
627 630
627 812
627 826
627 921
628 629
628 630
628 713
628 749
628 808
629 630
629 790
629 808
629 916
630 728
630 833
630 894
631 632
631 633
631 634
631 637
631 639
631 640
631 780
631 783
631 836
631 932
632 633
632 636
632 637
632 638
632 639
632 705
632 751
632 755
632 786
632 933
633 634
633 636
633 637
633 638
633 639
633 641
633 727
633 752
633 769
633 807
633 922
633 954
634 640
634 647
634 707
634 822
634 951
635 670
635 822
635 872
635 887
635 933
635 957
636 637
636 638
636 640
636 662
636 827
636 839
636 981
637 638
637 640
637 687
637 836
637 915
637 963
637 974
638 639
638 660
638 697
638 716
638 992
639 640
639 659
639 694
639 895
639 903
639 934
639 945
640 775
640 802
640 906
640 916
640 940
640 980
641 642
641 643
641 644
641 645
641 647
641 648
641 650
641 821
642 643
642 644
642 645
642 648
642 650
642 898
643 645
643 647
643 648
643 650
643 762
643 766
643 890
643 990
643 1000
644 645
644 647
644 650
644 704
644 740
644 775
644 798
644 884
644 890
644 908
645 647
645 648
645 650
645 745
645 771
645 796
646 842
646 874
646 976
647 648
647 650
647 728
647 762
647 868
647 908
647 926
647 944
649 657
649 686
649 738
649 760
649 802
649 873
649 875
650 828
651 778
651 894
651 901
651 935
652 653
652 655
652 656
652 659
652 713
652 771
652 899
652 912
652 972
653 695
653 784
653 785
653 846
653 850
654 745
654 826
654 949
655 656
655 659
655 660
655 713
656 659
656 660
656 857
656 873
657 761
657 762
657 763
657 766
657 767
657 768
657 827
657 853
657 910
657 931
658 698
658 801
658 803
658 804
658 805
658 806
658 808
658 810
658 919
658 997
659 660
659 713
659 969
660 666
660 688
660 713
660 755
660 757
660 885
661 662
661 664
661 665
661 667
661 668
661 670
661 885
662 664
662 665
662 667
662 668
662 669
662 670
662 840
663 783
663 805
663 836
663 888
664 665
664 668
664 669
664 670
664 726
664 776
665 667
665 668
665 669
665 912
665 981
666 749
666 841
666 843
666 844
666 845
666 847
666 850
666 891
666 968
667 668
667 670
667 721
667 748
667 851
667 972
668 669
668 670
668 719
668 751
668 830
669 788
669 868
669 914
669 938
669 941
670 774
671 673
671 674
671 675
671 677
671 678
671 679
671 680
671 701
671 882
671 920
671 953
671 975
672 816
672 875
672 931
672 997
673 674
673 675
673 677
673 678
673 680
673 717
673 801
673 907
674 675
674 677
674 678
674 679
674 680
674 807
674 902
675 677
675 678
675 679
675 680
675 726
675 776
675 911
675 949
675 989
676 703
676 737
676 757
676 767
676 893
676 920
676 936
676 942
677 679
677 866
677 996
678 679
678 782
679 680
679 810
680 780
680 802
681 683
681 685
681 686
681 689
681 812
681 847
681 899
682 707
682 773
682 959
682 981
683 685
683 688
683 689
683 772
683 788
683 812
684 756
684 821
684 823
684 828
684 830
684 874
684 945
685 686
685 688
685 689
685 775
685 812
685 943
685 968
686 689
686 690
686 751
686 768
686 791
686 812
686 866
687 787
687 831
687 832
687 833
687 834
687 836
687 837
687 838
687 839
687 840
687 894
688 689
688 739
688 792
688 834
688 875
688 878
688 952
688 955
688 992
689 812
689 820
689 887
690 702
690 770
690 809
690 823
690 880
690 890
690 910
691 713
691 725
691 727
691 730
691 735
691 796
691 844
691 846
691 848
691 927
691 944
692 695
692 697
692 699
692 700
692 745
692 776
692 978
693 739
693 947
694 751
694 753
694 757
694 937
695 696
695 697
695 698
695 699
695 700
695 726
695 838
696 697
696 700
696 758
696 802
696 884
697 698
697 699
697 712
697 880
697 924
698 704
698 803
698 806
698 808
698 847
698 919
699 700
699 796
700 722
700 801
700 833
700 873
701 703
701 704
701 707
701 708
701 742
701 749
701 773
701 870
701 893
701 942
702 845
702 880
702 910
703 705
703 706
703 707
703 708
703 710
703 749
703 773
703 796
703 851
703 907
703 942
703 944
704 705
704 708
704 710
704 749
704 851
704 942
705 706
705 708
705 710
705 743
705 748
705 749
705 824
705 851
705 928
705 942
706 707
706 708
706 710
706 749
706 807
706 851
707 708
707 749
707 863
708 710
708 727
708 745
708 749
708 777
708 851
708 942
709 716
709 921
709 944
710 851
710 942
710 972
711 712
711 715
711 717
711 718
711 720
711 784
711 865
711 954
712 715
712 717
712 718
712 719
712 850
712 892
712 990
713 955
714 812
715 718
715 719
715 720
716 887
716 932
716 933
716 936
716 938
716 971
717 719
717 720
717 776
717 825
717 882
717 978
718 719
718 720
718 852
718 967
718 970
719 720
719 738
719 817
719 871
719 999
720 829
720 893
720 930
721 736
721 764
721 960
721 961
721 962
721 963
721 964
721 965
721 966
721 970
721 982
722 725
722 730
722 944
723 745
723 752
723 852
723 855
723 856
723 857
723 858
723 859
723 860
723 897
723 964
725 728
725 730
726 732
726 733
726 735
726 738
726 740
727 729
727 730
727 922
727 933
727 944
728 740
728 755
728 781
728 956
729 730
729 764
729 816
729 910
729 913
729 915
730 818
730 859
730 944
731 823
731 838
731 904
731 945
732 736
732 737
732 738
732 740
732 741
732 805
732 851
733 736
733 737
733 738
733 740
733 741
733 814
733 872
734 881
734 911
734 913
734 914
734 915
734 916
734 918
735 736
735 737
735 740
735 741
735 786
735 854
735 958
736 737
736 738
736 740
737 740
737 741
737 821
738 740
738 741
738 797
738 970
739 743
739 919
739 936
740 741
740 763
741 888
741 917
741 923
741 938
741 952
741 972
742 746
742 748
742 807
742 829
742 863
742 882
742 904
743 918
743 965
744 745
744 829
745 746
745 748
745 819
745 829
745 848
745 882
745 902
745 967
746 748
746 821
746 829
746 930
746 951
746 967
747 781
747 863
747 865
747 866
747 867
747 874
748 829
748 871
748 882
748 967
748 996
749 851
751 753
751 756
751 757
751 759
751 803
751 821
751 825
751 937
752 790
752 810
752 852
752 855
752 856
752 858
752 859
752 860
752 862
752 897
753 757
753 759
753 802
753 814
753 895
753 937
754 831
755 791
755 918
755 975
756 757
756 759
756 770
756 888
756 906
756 909
756 929
756 937
757 759
757 937
758 782
758 796
758 837
758 843
758 883
758 884
758 885
758 886
758 889
758 890
758 940
758 950
758 955
758 967
759 780
759 824
759 992
760 877
760 948
760 958
761 762
761 763
761 765
761 766
761 767
761 768
761 868
761 915
762 763
762 765
762 766
762 767
762 768
762 853
762 873
762 908
762 982
763 766
763 768
763 981
764 767
764 913
764 928
764 936
764 961
764 962
764 965
764 966
764 970
764 982
765 766
765 767
765 768
765 833
765 846
765 864
766 767
766 768
766 774
766 853
766 933
766 954
766 979
767 768
767 853
767 969
768 771
768 776
768 780
768 931
769 863
769 865
769 866
769 867
769 868
769 870
769 917
769 918
769 965
769 968
770 894
770 962
771 774
771 776
771 777
771 778
771 779
771 780
771 809
771 995
772 935
773 791
773 792
773 794
773 795
773 798
773 799
773 881
773 961
774 775
774 776
774 777
774 778
774 779
774 780
774 904
775 776
775 778
775 779
775 780
775 805
775 809
775 918
776 778
776 779
776 780
776 784
776 792
776 799
776 801
776 809
776 943
777 778
777 779
777 780
777 809
778 780
778 809
778 979
779 780
779 809
779 875
780 809
780 962
780 979
781 782
781 784
781 785
781 787
781 790
781 829
781 914
781 979
782 783
782 784
782 785
782 787
782 788
782 789
782 790
782 899
782 908
782 947
783 784
783 785
783 788
783 789
783 865
783 872
783 927
783 941
784 785
784 787
784 788
784 789
784 790
785 787
785 788
785 790
785 813
786 908
786 909
786 979
786 995
786 996
786 998
786 999
786 1000
787 790
788 789
788 790
788 867
788 907
789 790
789 811
789 995
790 853
791 792
791 794
791 795
791 798
791 801
792 794
792 795
792 797
792 798
792 799
792 833
792 920
792 957
792 996
793 969
794 795
794 797
794 798
794 834
794 920
794 993
795 797
795 798
795 799
795 880
796 860
796 862
796 894
797 798
797 799
797 800
797 859
797 885
798 799
798 920
799 868
799 920
799 973
800 833
800 907
801 803
801 804
801 805
801 806
801 810
801 812
801 919
801 922
801 974
802 926
803 804
803 805
803 806
803 808
803 810
803 897
803 910
803 939
804 805
804 806
804 808
804 810
804 831
804 872
804 918
804 919
805 806
805 808
805 810
805 909
805 919
806 808
806 810
806 839
806 896
806 919
806 963
807 814
807 867
807 898
807 943
807 945
807 946
807 948
807 949
807 950
808 810
808 919
809 889
809 956
809 976
810 837
810 929
810 965
811 878
811 960
811 986
813 815
813 816
813 819
813 820
813 885
814 872
814 903
814 969
815 816
815 818
815 819
815 820
815 825
815 922
815 947
816 818
816 819
816 820
816 825
816 847
816 864
817 862
817 880
818 819
818 820
818 822
818 833
818 909
820 858
820 943
821 823
821 828
821 830
822 823
822 828
822 932
822 978
822 988
823 828
823 830
823 975
824 835
824 883
824 884
824 885
824 886
824 888
824 890
824 916
825 860
826 865
826 886
826 902
826 911
827 878
827 891
828 830
828 839
828 985
828 994
829 882
829 967
829 985
830 847
831 832
831 833
831 834
831 836
831 837
831 838
831 839
831 909
831 914
832 834
832 836
832 837
832 839
832 974
833 834
833 836
833 837
833 838
833 839
834 836
834 838
834 839
834 840
834 842
834 952
836 837
836 838
836 839
836 840
836 968
837 838
837 839
837 840
837 968
837 993
838 839
838 916
838 980
839 840
839 898
839 909
839 982
840 981
841 843
841 844
841 845
841 847
841 850
841 905
842 846
842 976
843 844
843 845
843 846
843 847
843 849
843 850
843 928
844 845
844 846
844 849
844 902
845 847
845 849
846 847
846 850
846 899
846 939
846 969
847 849
847 850
848 911
848 919
849 850
849 930
849 935
849 951
850 880
850 933
851 933
852 855
852 856
852 857
852 858
852 859
852 860
852 897
853 933
853 988
854 921
854 923
854 924
854 925
854 927
854 928
854 930
854 931
854 934
854 941
855 857
855 858
855 859
855 860
855 897
855 980
856 857
856 858
856 859
856 860
856 897
856 908
857 858
857 859
857 897
857 955
858 859
858 860
858 897
858 901
858 924
858 952
858 987
859 860
859 881
859 897
860 897
861 903
861 947
861 956
863 865
863 866
863 867
864 969
865 866
865 867
865 870
865 928
866 867
866 870
867 868
867 870
867 895
867 934
868 870
868 930
868 940
869 911
869 952
870 928
871 873
871 876
871 928
871 994
872 879
872 887
872 921
872 957
873 876
873 915
873 994
874 906
874 920
878 924
878 968
879 971
879 975
880 910
881 911
881 912
881 913
881 915
881 916
881 917
881 918
881 942
882 899
882 967
883 884
883 885
883 886
883 889
883 890
883 942
884 885
884 886
884 888
884 889
884 890
884 892
884 944
884 959
885 886
885 888
885 889
885 890
885 941
886 888
886 889
886 890
886 971
887 901
887 925
888 889
889 890
889 908
890 998
891 892
891 894
891 895
891 896
891 899
892 895
892 896
892 898
892 899
892 906
892 992
893 922
894 968
894 994
895 896
895 898
895 899
895 902
895 921
896 898
896 899
896 946
896 996
897 988
898 899
898 918
899 970
900 942
900 969
900 972
900 996
901 960
901 986
902 904
902 905
902 906
902 907
902 963
903 919
903 947
903 982
904 905
904 906
904 907
904 908
904 930
904 958
905 906
905 907
905 908
906 907
907 908
907 993
907 995
908 951
909 971
909 975
909 991
909 993
909 995
909 996
909 997
909 998
909 999
909 1000
911 912
911 913
911 916
911 918
911 990
912 913
912 914
912 916
912 973
913 915
913 917
913 918
913 956
913 964
914 917
914 918
914 932
914 970
915 916
915 917
915 918
915 924
915 967
915 988
916 917
916 918
916 929
917 918
917 919
917 945
917 946
918 935
920 982
921 923
921 924
921 925
921 926
921 927
921 928
921 930
921 934
922 926
923 924
923 925
923 928
923 930
923 934
924 925
924 926
924 927
924 928
924 930
924 934
925 927
925 928
925 930
925 934
926 927
926 930
926 934
926 951
927 930
927 934
931 932
931 933
931 936
931 938
931 971
932 933
932 938
932 940
932 971
933 936
933 938
933 939
933 940
933 968
933 971
936 940
937 938
938 971
938 982
939 999
940 959
940 971
942 946
943 945
943 946
943 948
943 950
943 966
945 949
945 950
945 959
946 948
946 950
947 991
948 949
948 950
949 950
951 952
951 953
951 954
951 956
951 958
951 988
952 953
952 954
952 956
952 958
952 960
953 954
953 955
953 958
953 960
954 958
954 960
955 981
956 958
956 960
956 987
956 991
961 962
961 963
961 964
961 965
961 966
961 968
961 970
962 963
962 964
962 965
962 966
962 968
962 969
962 970
962 982
963 964
963 965
963 966
963 968
963 969
963 970
963 982
964 968
964 969
964 970
964 982
965 966
965 968
965 969
965 970
966 968
966 970
966 982
968 970
968 982
969 970
969 982
970 982
970 985
972 973
972 974
972 976
972 977
972 980
973 974
973 978
973 980
973 984
974 976
974 977
974 978
974 997
976 977
976 978
977 978
977 980
978 980
979 991
979 993
979 995
979 996
979 997
979 998
979 999
979 1000
982 998
983 992
984 985
984 986
984 987
984 988
984 989
984 990
985 987
985 988
985 990
986 987
986 988
986 989
986 990
987 988
987 989
987 990
988 990
989 990
991 993
991 995
991 996
991 998
991 999
991 1000
993 996
993 997
993 998
993 999
993 1000
995 996
995 997
995 998
995 999
995 1000
996 997
996 998
996 999
996 1000
997 1000
998 999
998 1000
999 1000
