30 110
1 2
1 3
1 4
1 5
1 7
1 10
2 3
2 4
2 5
2 7
2 8
2 9
2 10
3 4
3 6
3 7
3 8
3 9
4 5
4 6
4 7
4 9
4 10
5 6
5 7
5 9
6 7
6 8
6 10
7 8
7 9
7 10
8 9
8 10
9 10
10 20
11 13
11 14
11 15
11 17
11 18
11 19
11 20
12 13
12 14
12 15
12 16
12 17
12 18
12 19
12 20
13 15
13 16
13 18
14 15
14 17
14 18
14 19
14 20
15 16
15 18
15 19
15 20
16 17
16 18
16 19
16 20
17 19
17 20
17 21
18 19
18 20
21 22
21 23
21 24
21 26
21 27
21 28
21 29
21 30
22 23
22 24
22 25
22 26
22 27
22 29
22 30
23 24
23 26
23 27
23 28
23 29
23 30
24 26
24 27
24 28
24 29
24 30
25 26
25 27
25 28
25 29
25 30
26 27
26 28
26 29
26 30
27 28
28 29
28 30
