30 106
1 2
1 3
1 5
1 6
1 7
1 8
1 9
2 3
2 6
2 8
2 9
3 5
3 6
3 7
3 8
3 9
4 6
5 6
5 7
5 8
5 9
5 10
6 7
6 9
6 10
7 8
7 9
8 9
8 10
9 10
10 22
11 12
11 13
11 14
11 15
11 17
11 19
11 20
12 13
12 14
12 15
12 16
12 17
12 20
13 14
13 17
13 18
13 19
13 20
14 15
14 16
14 17
14 19
14 20
14 27
15 16
15 17
15 18
15 19
16 17
16 18
16 19
17 18
17 19
17 20
18 19
18 20
19 20
21 22
21 23
21 24
21 25
21 27
21 28
21 29
21 30
22 23
22 24
22 25
22 26
22 27
22 28
22 30
23 25
23 26
23 27
23 28
23 30
24 25
24 27
24 28
24 30
25 26
25 27
25 28
25 29
25 30
26 27
26 28
26 29
26 30
27 28
27 29
27 30
28 29
28 30
