30 108
1 2
1 3
1 5
1 7
1 8
1 9
2 3
2 4
2 6
2 7
2 8
2 9
2 20
3 4
3 5
3 6
3 7
3 8
3 9
4 5
4 6
4 7
4 8
4 9
4 10
5 6
5 7
5 8
5 9
6 7
6 8
6 9
6 10
7 8
7 9
7 10
8 9
8 10
8 24
9 10
11 14
11 15
11 16
11 18
11 19
11 20
12 13
12 14
12 15
12 16
12 18
12 19
12 20
13 14
13 15
13 16
13 18
13 19
14 15
14 16
14 18
14 19
14 20
15 16
15 17
15 20
16 18
16 20
17 18
17 19
17 20
18 20
19 20
21 22
21 24
21 25
21 26
21 27
21 28
21 29
21 30
22 23
22 24
22 25
22 27
22 28
22 29
22 30
23 24
23 26
23 28
23 29
23 30
24 25
24 26
24 28
24 29
24 30
25 26
25 27
25 28
25 29
25 30
26 27
26 29
27 29
28 29
29 30
