100 405
1 2
1 3
1 4
1 5
1 6
1 9
1 10
1 55
2 3
2 4
2 5
2 6
2 7
2 8
2 9
2 10
2 77
3 4
3 5
3 7
3 8
3 9
3 10
3 44
4 6
4 7
4 8
4 9
4 10
5 7
5 9
5 10
5 68
5 71
6 7
6 8
6 9
6 10
7 9
7 10
8 9
9 10
9 93
10 90
11 13
11 14
11 15
11 16
11 18
11 63
12 13
12 14
12 15
12 16
12 17
12 18
12 19
13 14
13 15
13 16
13 17
13 19
13 20
13 34
14 15
14 16
14 17
14 18
14 19
14 20
15 16
15 17
15 18
15 19
15 20
15 22
15 90
16 17
16 18
16 20
17 18
17 19
17 20
18 19
18 20
18 80
19 20
19 42
19 97
20 23
20 25
21 22
21 23
21 24
21 25
21 27
21 28
21 29
21 30
22 23
22 24
22 25
22 26
22 28
22 29
22 30
22 76
23 24
23 25
23 26
23 27
23 29
23 30
23 62
23 84
24 25
24 26
24 27
24 28
24 29
24 30
24 80
24 87
25 26
25 27
25 28
25 29
25 30
26 27
26 30
27 28
27 29
27 30
28 30
29 30
30 78
30 99
31 33
31 34
31 35
31 37
31 38
31 39
31 40
31 46
32 33
32 34
32 35
32 38
32 39
32 40
33 34
33 35
33 37
33 38
33 39
33 40
33 45
34 35
34 36
34 37
34 39
34 40
35 36
35 37
35 38
35 83
36 39
36 51
37 38
37 39
37 40
37 48
38 39
38 40
39 40
41 43
41 44
41 45
41 46
41 47
41 48
41 49
41 50
42 43
42 44
42 46
42 47
42 48
42 49
42 50
42 97
43 46
43 47
43 48
43 49
43 50
44 45
44 47
44 48
44 49
44 50
45 47
45 48
45 49
45 50
45 52
46 47
46 48
46 49
46 50
47 48
47 49
47 50
47 51
47 78
47 82
49 50
51 52
51 53
51 54
51 55
51 56
51 57
51 58
51 59
52 53
52 54
52 55
52 56
52 57
52 58
52 59
52 60
52 76
53 54
53 56
53 57
53 58
53 59
53 60
54 55
54 56
54 57
54 58
54 59
54 60
55 57
55 58
55 60
56 57
56 58
56 59
56 60
57 58
57 60
57 71
58 59
61 63
61 65
61 66
61 70
62 63
62 64
62 65
62 67
62 68
63 64
63 65
63 66
63 68
63 69
63 70
64 65
64 66
64 67
64 68
64 69
65 66
65 69
65 70
65 96
66 67
66 68
66 69
66 70
67 68
67 69
67 70
68 69
68 70
68 82
71 72
71 73
71 74
71 75
71 76
71 77
71 80
72 73
72 74
72 75
72 77
72 78
72 79
72 80
72 91
73 74
73 75
73 78
73 79
73 80
74 75
74 79
74 95
75 76
75 77
75 80
76 77
76 78
76 79
76 80
76 93
77 78
77 79
78 79
78 80
81 82
81 83
81 84
81 85
81 86
81 87
81 88
81 89
81 90
82 83
82 84
82 85
82 86
82 87
82 88
82 90
83 84
83 85
83 86
83 87
83 88
83 89
83 90
84 85
84 86
84 87
84 88
84 89
84 90
85 86
85 89
85 90
85 97
86 87
86 88
86 89
86 90
87 89
87 90
89 90
91 92
91 93
91 94
91 95
91 96
91 97
91 98
91 100
92 94
92 95
92 96
92 97
92 99
92 100
93 95
93 96
93 97
93 99
93 100
94 95
94 96
94 97
94 98
94 99
94 100
95 96
95 97
95 98
95 99
95 100
96 97
96 98
96 99
96 100
97 98
97 99
97 100
98 100
