100 392
1 4
1 5
1 6
1 7
1 9
1 10
2 3
2 4
2 5
2 6
2 7
2 8
2 9
2 10
3 6
3 7
3 9
3 10
3 43
3 51
4 5
4 6
4 7
4 8
4 9
4 10
4 42
5 6
5 8
5 10
5 25
6 7
6 8
6 9
6 10
6 69
7 8
7 9
7 10
8 10
9 10
9 71
10 77
11 12
11 13
11 14
11 16
11 17
11 18
11 19
11 20
11 45
12 13
12 14
12 15
12 16
12 17
12 18
12 20
13 14
13 15
13 16
13 17
13 20
14 15
14 16
14 17
14 18
14 19
14 20
14 58
14 96
14 98
15 16
15 17
15 18
15 20
15 28
16 17
16 18
16 19
16 98
17 19
17 20
17 28
17 68
18 19
18 20
19 20
19 54
21 22
21 23
21 24
21 25
21 28
21 29
21 30
22 24
22 25
22 27
22 28
22 29
22 30
23 24
23 27
23 29
23 76
23 89
24 26
24 27
24 28
24 29
24 30
25 26
25 27
25 28
25 29
25 58
26 28
26 29
26 30
26 51
26 66
27 28
27 29
27 85
28 29
28 95
29 30
29 98
30 92
31 32
31 33
31 34
31 36
31 38
31 39
31 40
31 71
32 34
32 35
32 36
32 37
32 38
32 39
32 40
33 34
33 35
33 36
33 37
33 38
33 39
33 40
34 37
34 38
34 39
34 40
34 61
35 36
35 38
35 39
35 40
36 38
36 39
36 40
37 38
37 40
38 39
38 40
39 40
41 42
41 43
41 44
41 45
41 46
41 47
41 48
41 50
42 43
42 44
42 45
42 46
42 49
42 50
43 44
43 45
43 46
43 47
43 49
44 45
44 46
44 47
44 48
44 49
45 46
45 47
45 48
45 49
45 50
45 88
46 47
46 48
46 49
46 50
47 49
47 50
48 50
48 62
48 79
49 50
50 54
51 53
51 54
51 57
51 58
51 59
51 60
52 53
52 55
52 57
52 58
52 59
52 60
52 89
53 54
53 55
53 56
53 57
53 58
53 59
53 60
54 55
54 56
54 57
54 58
54 59
54 60
55 56
55 57
55 58
55 60
56 57
56 58
56 59
56 60
56 75
57 58
57 67
58 59
59 69
61 62
61 63
61 64
61 66
61 67
61 68
61 69
61 70
62 63
62 64
62 65
62 67
62 68
62 70
63 64
63 65
63 66
63 67
63 68
63 69
63 70
64 65
64 66
64 67
64 68
64 69
65 66
65 68
65 69
65 70
66 67
66 68
66 69
66 70
67 68
67 69
67 70
69 70
70 71
71 72
71 73
71 74
71 75
71 76
71 77
71 78
71 79
71 80
72 73
72 77
72 80
73 74
73 76
73 78
73 79
73 80
74 75
74 76
74 77
74 78
74 79
74 80
75 76
75 77
75 78
75 80
76 77
76 78
76 80
77 78
77 79
77 80
78 79
78 80
79 80
80 96
81 83
81 85
81 86
81 87
81 88
81 89
81 90
82 83
82 84
82 85
82 86
82 89
82 90
83 84
83 88
83 89
83 90
83 95
84 86
84 88
84 89
84 90
85 86
85 87
85 88
85 89
86 87
86 88
86 89
86 90
87 89
87 90
88 89
88 90
89 90
91 93
91 94
91 97
91 99
91 100
92 93
92 97
92 98
92 99
92 100
93 94
93 95
93 97
93 98
93 100
94 95
94 96
94 98
94 99
94 100
95 97
95 98
95 99
96 98
96 99
96 100
97 98
97 99
97 100
98 99
99 100
