100 442
1 4
1 5
1 6
1 7
2 3
2 4
2 6
2 7
2 45
2 95
3 4
3 5
3 6
3 7
3 45
3 86
4 24
4 45
5 6
5 7
5 75
5 81
5 84
6 45
6 80
8 15
8 29
8 46
8 47
8 71
8 72
8 75
8 76
8 77
8 78
8 80
9 21
9 23
9 24
9 25
9 26
9 27
9 28
9 29
9 83
10 29
10 36
10 43
10 56
10 62
10 66
10 67
10 70
11 14
11 17
11 38
11 58
11 91
11 92
11 93
11 94
11 95
11 96
11 98
11 99
12 13
12 16
12 33
12 100
13 14
13 16
13 20
13 33
13 48
13 100
14 16
14 40
14 95
15 25
15 46
15 47
15 52
15 71
15 72
15 74
15 75
15 76
15 78
15 80
16 20
16 27
16 72
16 100
17 38
17 58
17 63
17 91
17 92
17 93
17 94
17 95
17 98
18 50
18 64
18 79
18 81
18 82
18 83
18 84
18 85
18 87
18 89
18 90
19 34
19 35
19 37
19 39
19 40
19 68
19 69
19 77
20 22
20 26
20 33
20 45
20 100
21 23
21 24
21 26
21 27
21 28
21 29
21 30
21 61
22 43
22 48
22 51
22 54
22 57
22 59
22 60
23 24
23 25
23 26
23 28
23 29
23 30
24 26
24 27
24 28
24 30
24 39
24 61
25 27
25 28
25 29
25 50
25 61
26 27
26 28
26 29
26 30
27 28
27 29
27 30
27 61
28 29
28 30
28 71
29 61
29 79
30 75
31 34
31 35
31 39
31 40
31 60
31 68
32 41
32 44
32 48
32 49
32 55
33 100
34 35
34 37
34 39
34 68
35 37
35 39
35 40
35 68
35 69
35 87
36 56
36 62
36 65
36 66
36 67
36 70
37 39
37 40
37 68
37 69
37 71
38 63
38 91
38 92
38 93
38 94
38 96
38 98
38 99
39 40
40 68
40 69
40 89
41 42
41 44
41 48
41 55
42 44
42 48
42 49
42 55
43 51
43 53
43 54
43 57
43 59
44 48
44 49
44 55
45 64
46 47
46 71
46 73
46 74
46 75
46 76
46 77
46 78
47 52
47 71
47 73
47 74
47 75
47 76
47 77
47 78
47 80
48 49
48 66
48 68
49 55
50 60
50 63
50 64
50 82
50 83
50 84
50 85
50 86
50 87
50 88
50 89
50 90
51 53
51 54
51 57
51 59
51 97
52 71
52 72
52 73
52 74
52 75
52 77
52 78
52 91
53 54
53 57
53 59
53 60
54 57
54 59
54 60
54 62
56 62
56 67
56 70
57 59
57 60
58 63
58 65
58 91
58 92
58 93
58 94
58 95
58 96
58 98
59 60
62 65
62 66
62 67
62 70
63 69
63 91
63 92
63 93
63 94
63 95
63 96
63 98
64 79
64 81
64 82
64 83
64 84
64 85
64 86
64 87
64 89
64 90
64 97
65 66
65 70
65 74
66 67
66 70
67 70
68 69
68 75
71 72
71 73
71 74
71 76
71 77
71 78
71 80
72 73
72 74
72 76
72 77
72 78
72 80
73 74
73 76
73 77
73 80
74 75
74 76
74 77
74 78
74 80
75 76
75 77
75 78
75 80
76 77
76 78
76 80
76 82
76 90
77 78
77 80
78 80
79 81
79 82
79 83
79 84
79 86
79 87
79 88
79 90
79 97
81 82
81 83
81 84
81 85
81 86
81 89
81 90
81 97
82 83
82 84
82 86
82 88
82 90
82 97
83 84
83 85
83 87
83 88
83 89
83 97
84 85
84 86
84 88
84 89
84 90
84 97
85 86
85 87
85 88
85 89
85 90
86 87
86 88
86 89
87 90
87 97
88 89
88 90
88 97
89 90
89 92
89 97
90 97
91 93
91 94
91 95
91 96
91 98
91 99
92 94
92 96
92 98
92 99
93 94
93 95
93 96
93 98
93 99
94 95
94 98
94 99
95 96
95 99
96 98
98 99
