100 445
1 4
1 30
1 60
1 66
1 94
1 98
2 6
2 66
2 94
2 98
3 41
3 79
3 82
3 83
3 84
3 85
3 87
3 88
3 89
3 90
4 6
4 7
4 53
4 66
4 84
4 94
4 98
5 10
5 18
5 42
5 43
5 46
5 47
5 48
5 49
6 94
6 98
7 41
7 66
7 90
7 98
8 51
8 52
8 53
8 54
8 55
8 56
8 57
8 58
8 60
8 72
9 17
9 21
9 30
9 32
9 41
9 81
9 84
9 85
9 88
9 89
9 90
10 43
10 44
10 46
10 47
10 49
10 84
11 12
11 14
11 18
11 19
11 20
11 29
11 40
11 66
11 73
11 78
12 14
12 18
12 19
12 29
12 40
12 73
12 78
13 19
13 63
13 64
13 65
13 67
13 68
13 70
13 78
14 18
14 19
14 20
14 28
14 40
14 54
14 60
14 73
14 78
14 99
15 45
15 50
15 73
15 92
15 95
15 96
15 97
15 100
16 22
16 23
16 26
16 27
16 28
16 38
16 63
17 21
17 30
17 35
17 39
17 41
17 81
17 82
17 83
17 84
17 85
17 87
17 88
17 89
17 90
17 96
18 19
18 20
18 29
18 40
18 46
18 78
19 20
19 40
19 73
19 78
20 29
20 40
20 72
20 73
20 78
20 83
21 26
21 30
21 41
21 61
21 81
21 83
21 84
21 85
21 88
21 89
22 23
22 24
22 26
22 27
22 28
22 38
22 42
22 61
23 26
23 27
23 28
23 38
23 61
24 26
24 27
24 28
24 61
25 32
25 34
25 35
25 36
25 37
25 39
25 76
26 27
26 38
26 60
26 61
26 75
27 28
27 38
28 61
29 40
29 73
29 75
30 33
30 41
30 81
30 83
30 84
30 87
30 89
30 90
31 45
31 50
31 82
31 92
31 97
31 100
32 33
32 35
32 36
32 37
32 39
32 76
33 34
33 35
33 37
33 76
34 35
34 36
34 37
34 39
34 76
34 87
35 39
35 44
35 76
36 37
36 39
36 45
36 92
36 100
37 95
38 61
39 46
39 76
40 45
40 73
40 74
40 78
41 69
41 81
41 82
41 83
41 84
41 85
41 87
41 88
41 89
41 90
41 95
42 43
42 44
42 46
42 47
42 48
42 49
42 100
43 44
43 47
43 48
43 49
44 46
44 47
44 48
44 49
45 48
45 50
45 91
45 95
45 96
45 99
45 100
46 48
46 49
46 89
47 48
47 49
47 85
48 49
49 90
50 88
50 92
50 95
50 96
50 99
50 100
51 52
51 53
51 54
51 55
51 56
51 57
51 58
51 59
51 60
51 72
51 86
52 53
52 54
52 55
52 56
52 57
52 58
52 59
52 60
52 72
52 86
52 90
53 54
53 55
53 57
53 58
53 60
53 86
53 96
54 55
54 56
54 57
54 58
54 59
54 60
54 72
55 57
55 60
55 64
55 72
55 86
56 57
56 59
56 60
56 72
56 86
57 58
57 60
57 72
57 76
57 86
58 59
58 60
58 72
59 60
59 72
59 86
60 72
60 86
62 71
62 74
62 75
62 77
62 79
62 80
62 93
63 64
63 65
63 67
63 68
63 69
63 70
63 81
64 65
64 67
64 68
64 69
64 70
65 67
65 68
65 69
66 94
67 68
67 69
67 84
67 97
68 69
68 70
71 74
71 75
71 77
71 80
72 86
73 78
74 75
74 77
74 79
74 93
75 77
75 79
75 80
75 93
75 100
77 80
77 93
80 93
81 82
81 84
81 87
81 89
81 90
82 83
82 84
82 85
82 88
82 90
83 84
83 85
83 87
83 88
83 90
84 87
84 88
84 89
84 90
85 87
85 88
85 89
85 90
86 88
87 88
87 89
87 90
88 89
88 90
88 98
89 90
91 92
91 95
91 96
91 97
91 99
91 100
92 95
92 96
92 97
92 99
92 100
94 98
95 96
95 97
95 99
95 100
96 97
96 99
97 99
97 100
99 100
