100 424
1 2
1 3
1 5
1 6
1 9
1 42
1 43
1 86
2 3
2 5
2 7
2 8
2 9
2 42
3 5
3 6
3 8
3 9
3 42
3 86
4 11
4 12
4 13
4 15
4 16
4 17
4 18
4 21
4 54
5 6
5 7
5 8
5 9
5 12
5 19
5 42
5 51
6 8
6 10
6 42
6 86
7 8
7 9
8 9
8 30
8 42
8 62
9 42
9 53
9 66
9 76
9 86
10 22
10 36
10 41
10 49
10 80
10 88
10 91
10 92
10 94
10 99
11 12
11 13
11 15
11 16
11 17
11 19
11 21
11 54
11 66
11 67
11 96
11 97
12 13
12 15
12 16
12 17
12 18
12 19
12 21
12 31
12 54
12 62
12 96
12 97
13 15
13 16
13 17
13 18
13 19
13 21
13 44
13 54
13 97
13 100
14 18
14 20
14 27
14 51
14 53
14 56
14 57
14 59
14 60
14 61
14 68
14 70
14 79
15 16
15 18
15 19
15 21
15 54
15 74
15 96
15 97
16 18
16 19
16 21
16 96
16 97
17 18
17 19
17 21
17 35
17 54
17 96
17 97
18 19
18 21
18 54
18 97
19 21
19 54
19 60
19 89
19 96
19 97
20 26
20 51
20 53
20 57
20 58
20 59
20 60
20 70
20 79
21 54
21 97
22 41
22 80
22 91
22 92
22 93
22 94
22 99
23 25
23 33
23 43
24 25
24 26
24 29
24 33
24 43
24 89
25 29
25 43
26 33
27 32
27 61
27 62
27 63
27 66
27 67
27 68
28 71
28 72
28 73
28 74
28 75
28 77
28 78
29 33
29 43
30 32
30 69
30 73
30 82
30 84
30 85
30 89
30 90
31 34
31 35
31 36
31 37
31 38
31 39
31 40
31 52
31 76
31 84
32 54
32 69
32 83
32 84
32 85
32 89
33 43
34 35
34 37
34 40
34 65
34 76
35 36
35 37
35 38
35 39
35 40
35 52
35 65
35 76
36 38
36 40
36 52
36 65
36 76
37 38
37 39
37 40
37 52
37 65
38 39
38 40
38 52
38 65
38 76
39 40
39 52
40 52
40 76
41 49
41 67
41 80
41 92
41 98
41 99
41 100
42 86
44 47
44 48
44 50
44 64
44 71
44 81
45 46
45 47
45 48
45 50
45 64
45 81
46 47
46 50
46 64
46 72
46 76
46 81
47 48
47 50
47 64
48 64
48 81
48 97
49 62
49 80
49 92
49 93
49 94
49 98
49 99
49 100
50 64
50 81
51 53
51 55
51 56
51 58
51 59
51 70
51 79
51 87
52 65
52 76
53 56
53 57
53 59
53 60
53 70
53 79
53 96
54 96
54 97
55 56
55 57
55 58
55 60
55 70
55 79
55 81
56 58
56 59
56 60
56 70
56 79
56 81
57 58
57 59
57 60
57 79
58 59
58 60
58 79
59 60
59 70
59 79
60 70
60 79
61 62
61 63
61 67
61 95
61 100
62 63
62 66
62 67
62 68
62 95
63 66
63 68
63 95
64 81
65 76
66 67
67 68
67 85
67 95
68 95
69 82
69 83
69 84
69 85
69 88
70 78
71 72
71 73
71 74
71 75
71 77
71 78
71 87
71 89
72 73
72 74
72 75
72 77
72 78
73 75
73 78
74 77
74 78
74 87
74 92
75 77
75 78
75 87
77 78
77 87
78 87
80 91
80 92
80 93
80 94
80 98
80 99
80 100
81 97
82 84
82 88
82 89
82 90
83 84
83 85
83 88
83 89
83 90
84 85
84 88
84 89
85 88
85 89
85 90
86 88
88 89
88 90
89 90
91 92
91 93
91 94
91 98
91 99
91 100
92 94
92 98
92 99
92 100
93 94
93 98
93 99
93 100
94 99
96 97
98 99
99 100
