100 429
1 3
1 4
1 5
1 6
1 8
1 10
1 16
1 31
1 40
1 49
1 93
2 3
2 4
2 6
2 8
2 10
2 16
2 31
2 37
2 40
2 49
2 57
2 62
2 89
3 4
3 5
3 8
3 9
3 10
3 16
3 30
3 40
3 49
3 62
4 6
4 8
4 10
4 16
4 31
4 49
4 62
4 93
4 95
5 6
5 8
5 10
5 31
5 40
5 49
5 62
5 93
6 8
6 16
6 31
6 40
6 42
6 62
6 93
7 29
7 43
7 61
7 63
7 64
7 67
7 69
7 70
7 75
7 83
7 95
7 97
8 10
8 31
8 40
8 49
8 62
8 65
8 93
9 20
9 65
9 81
9 82
9 85
9 87
9 88
10 16
10 31
10 40
10 62
10 66
10 93
11 14
11 24
11 26
11 32
11 34
11 36
11 37
12 13
12 15
12 19
12 39
13 15
13 16
13 18
13 19
13 23
13 96
14 24
14 26
14 32
14 33
14 34
14 36
14 37
15 18
15 19
16 31
16 40
16 49
16 62
16 93
17 41
17 42
17 44
17 45
17 46
17 47
17 48
17 50
17 52
17 53
17 57
17 68
17 84
18 19
19 21
19 54
20 46
20 81
20 82
20 86
20 88
21 22
21 23
21 27
21 29
21 39
21 77
21 89
21 96
22 23
22 27
22 28
22 29
22 30
22 96
23 25
23 28
23 29
23 31
23 39
23 77
23 89
23 92
24 26
24 32
24 33
24 37
24 89
25 27
25 29
25 30
25 39
25 77
25 84
25 96
26 27
26 33
26 34
26 36
27 28
27 30
27 39
27 41
27 77
28 29
28 30
28 33
28 39
28 77
28 89
28 96
29 30
29 39
29 77
29 89
29 96
30 39
30 77
30 89
31 40
31 49
31 62
31 93
32 33
32 34
32 36
32 37
32 60
32 61
33 34
33 36
33 38
33 60
33 65
34 36
34 37
34 47
35 91
35 92
35 94
35 98
35 100
36 37
36 51
38 91
38 92
38 98
38 99
38 100
39 77
39 89
39 96
40 49
40 62
40 93
41 42
41 44
41 45
41 47
41 48
41 50
41 52
41 53
41 95
42 44
42 45
42 46
42 47
42 50
42 52
42 53
42 100
43 61
43 63
43 67
43 68
43 95
44 46
44 47
44 48
44 52
44 53
44 84
45 46
45 47
45 48
45 50
45 53
45 84
46 50
46 52
46 88
46 99
47 48
47 53
47 84
48 50
48 52
48 53
48 84
49 62
49 93
50 53
50 71
51 57
51 58
51 60
51 91
52 53
52 84
52 91
54 56
54 57
54 58
54 59
54 60
54 90
55 57
55 58
55 59
55 64
55 90
56 57
56 58
56 59
56 90
57 58
57 60
57 74
57 90
58 59
58 60
58 90
59 60
59 90
61 63
61 64
61 67
61 68
61 69
61 70
61 83
61 95
62 98
63 64
63 67
63 68
63 69
63 70
63 83
63 95
64 67
64 68
64 69
64 70
64 83
64 95
65 82
65 85
65 86
65 87
65 88
65 93
66 71
66 72
66 73
66 74
66 75
66 76
66 80
66 96
66 97
67 68
67 69
67 70
67 95
68 70
68 83
68 95
69 70
69 83
69 95
70 83
70 95
71 72
71 73
71 74
71 76
71 78
71 80
71 90
71 97
72 74
72 75
72 76
72 80
73 74
73 76
73 78
73 80
73 97
74 75
74 76
74 78
74 79
74 80
74 97
75 76
75 79
75 80
75 97
76 78
76 79
76 80
76 97
77 89
77 96
78 79
78 80
78 91
78 97
79 80
79 97
80 97
81 82
81 87
82 85
82 86
82 87
82 88
83 95
85 86
85 87
87 88
87 93
89 96
91 92
91 94
91 98
91 99
91 100
92 94
92 98
92 100
94 98
94 100
98 100
99 100
