100 420
1 3
1 5
1 10
1 16
1 25
1 44
1 65
1 89
2 4
2 9
2 11
2 13
2 14
2 18
2 54
2 72
2 77
3 5
3 7
3 8
3 10
3 11
3 16
3 25
3 44
3 64
4 6
4 11
4 12
4 13
4 17
4 54
4 72
5 7
5 8
5 16
5 25
5 30
5 44
5 89
6 19
6 22
6 23
6 24
6 26
6 28
6 29
6 30
6 45
6 46
7 10
7 16
7 23
7 25
7 43
7 51
8 10
8 16
8 25
8 44
8 89
9 31
9 51
9 61
9 62
9 65
9 67
9 68
9 70
10 16
10 25
10 44
10 89
11 12
11 13
11 17
11 18
11 54
11 72
12 13
12 18
12 54
12 72
13 14
13 17
13 54
13 70
14 53
14 72
15 21
15 53
15 71
15 73
15 74
15 75
15 76
15 77
15 78
15 79
15 80
15 88
16 24
16 25
16 44
16 83
16 89
17 18
17 54
17 72
18 54
18 72
19 22
19 24
19 26
19 29
19 30
19 35
19 45
20 41
20 43
20 45
20 57
20 94
20 95
20 96
20 98
20 99
20 100
21 38
21 53
21 71
21 73
21 74
21 75
21 76
21 77
21 79
21 80
21 88
22 23
22 24
22 27
22 28
22 29
22 30
22 35
22 45
22 46
22 67
22 72
23 24
23 26
23 27
23 28
23 35
23 39
23 45
23 46
24 27
24 29
24 30
24 35
24 45
25 44
25 89
26 27
26 28
26 29
26 30
26 35
26 45
26 46
26 54
27 28
27 29
27 30
27 35
27 45
27 46
27 91
28 29
28 30
28 35
29 30
29 35
29 45
29 46
29 58
29 88
30 35
30 45
31 43
31 61
31 63
31 65
31 68
31 70
32 33
32 34
32 36
32 37
32 40
32 59
32 69
32 88
33 34
33 36
33 37
33 39
33 40
33 59
33 69
34 36
34 37
34 39
34 40
34 50
34 59
34 69
35 45
35 46
35 74
35 90
36 37
36 39
36 40
36 69
37 39
37 69
38 41
38 47
38 48
38 49
38 50
38 66
39 40
39 59
39 69
40 59
40 69
40 88
41 47
41 49
41 50
41 64
41 66
42 66
42 81
42 82
42 83
42 85
42 86
42 87
42 90
42 92
43 96
43 97
43 98
43 99
43 100
45 46
45 99
47 48
47 49
47 50
48 49
48 50
48 66
49 50
49 71
50 66
51 62
51 63
51 64
51 65
51 67
51 68
51 70
52 55
52 56
52 57
52 58
52 60
52 84
52 91
53 71
53 73
53 74
53 75
53 76
53 78
53 80
53 88
54 72
54 75
54 84
55 56
55 57
55 58
55 60
55 70
55 76
55 91
56 57
56 58
56 60
56 84
56 91
57 58
57 60
57 84
57 91
58 60
58 98
59 69
60 84
60 91
61 62
61 63
61 64
61 65
61 67
61 68
62 64
62 65
62 67
62 68
63 64
63 65
63 67
64 65
64 68
64 70
65 67
65 70
67 68
67 70
68 70
71 74
71 75
71 76
71 78
71 79
71 80
71 88
72 88
73 74
73 75
73 76
73 77
73 80
73 88
74 75
74 76
74 77
74 78
74 79
75 76
75 78
75 79
75 80
75 83
75 94
76 78
76 79
76 80
76 86
77 78
77 80
78 79
78 80
78 88
79 80
79 88
80 88
81 82
81 83
81 85
81 86
81 90
81 92
82 85
82 86
82 87
82 90
82 92
83 86
83 87
83 92
84 91
85 86
85 87
85 92
86 87
86 90
86 92
87 90
87 92
90 92
93 94
93 95
93 96
93 98
93 100
94 95
94 96
94 97
94 99
94 100
95 99
95 100
96 97
96 98
96 99
96 100
97 98
97 99
97 100
98 99
98 100
