100 443
1 2
1 3
1 5
1 6
1 10
1 34
1 56
1 71
1 93
2 3
2 5
2 6
2 8
2 9
2 10
2 34
2 71
2 82
2 93
3 5
3 8
3 9
3 10
3 34
3 56
3 71
3 93
4 18
4 51
4 61
4 63
4 65
4 68
4 69
4 95
5 8
5 10
5 22
5 56
5 71
5 93
6 8
6 9
6 22
6 28
6 56
6 81
6 88
6 93
7 13
7 41
7 60
7 81
7 82
7 83
7 84
7 87
7 88
7 89
8 9
8 10
8 22
8 34
8 56
8 83
9 10
9 22
9 34
9 56
9 71
9 93
10 22
10 34
10 46
10 56
10 71
10 93
11 16
11 17
11 21
11 31
11 57
12 15
12 16
12 17
12 21
12 31
13 41
13 60
13 81
13 82
13 83
13 84
13 87
13 89
13 90
14 51
14 53
14 55
14 58
14 94
15 16
15 17
15 21
15 31
15 43
15 57
15 64
16 17
16 21
16 31
16 57
17 21
17 45
17 51
17 57
18 61
18 62
18 63
18 64
18 65
18 66
18 67
18 68
18 69
18 70
19 42
19 49
19 50
19 92
19 95
19 96
19 97
19 98
20 55
20 59
20 72
20 73
20 74
20 75
20 77
20 78
20 79
20 80
20 91
21 31
22 34
22 56
22 65
22 71
23 24
23 25
23 26
23 27
23 28
23 29
23 30
23 47
23 76
23 85
24 25
24 27
24 28
24 29
24 30
24 33
24 74
24 75
25 26
25 27
25 28
25 29
25 30
25 76
25 85
26 27
26 28
26 29
26 30
26 76
26 85
27 78
27 85
28 29
28 30
28 65
28 76
28 81
28 85
28 94
29 30
29 76
29 84
29 85
30 68
31 33
31 57
32 33
32 35
32 36
32 37
32 38
32 86
32 99
33 35
33 36
33 37
33 38
33 39
33 86
33 99
34 38
34 56
34 71
34 93
35 36
35 37
35 38
35 39
35 86
35 99
36 37
36 38
36 39
36 86
36 99
37 38
37 39
37 86
37 91
37 99
38 39
38 86
38 99
39 42
39 86
39 99
40 44
40 45
40 46
40 47
40 48
40 53
40 76
41 60
41 82
41 83
41 84
41 88
41 89
41 90
42 43
42 49
42 50
42 80
42 92
42 96
42 98
42 100
43 61
43 92
43 95
43 97
43 98
44 45
44 46
44 47
44 48
44 54
45 46
45 47
45 48
45 54
46 47
46 48
46 54
46 76
47 48
47 54
48 54
49 50
49 58
49 96
49 97
49 100
50 74
50 92
50 95
50 96
51 52
51 53
51 55
51 58
51 67
51 94
52 53
52 55
52 58
52 94
53 58
53 89
53 94
54 62
55 94
56 93
57 75
58 94
59 60
59 72
59 73
59 74
59 75
59 77
59 79
59 80
59 91
60 81
60 82
60 83
60 84
60 88
60 90
61 62
61 63
61 65
61 66
61 68
61 69
61 70
62 63
62 64
62 65
62 66
62 67
62 68
62 70
63 64
63 65
63 66
63 67
63 68
63 69
63 70
64 65
64 66
64 67
64 68
64 69
64 70
65 66
65 67
65 68
65 69
65 70
65 93
66 67
66 68
66 69
66 70
66 86
67 68
67 69
67 70
68 69
68 78
69 70
71 93
72 74
72 75
72 77
72 78
72 79
72 80
73 74
73 75
73 77
73 78
73 79
73 80
73 84
73 91
74 77
74 78
74 80
74 91
75 77
75 78
75 79
75 80
75 91
76 85
77 78
77 79
77 80
77 91
77 95
78 79
78 91
79 80
80 91
81 83
81 84
81 87
81 88
81 89
81 90
82 83
82 84
82 87
82 88
82 89
82 90
83 84
83 87
83 88
83 89
83 90
84 87
84 88
84 89
84 90
86 92
86 96
86 99
87 88
87 89
87 90
88 89
88 90
89 90
92 95
92 97
92 98
92 100
95 96
95 98
95 100
96 97
96 98
96 99
96 100
97 100
98 100
