100 415
1 2
1 3
1 4
1 6
1 7
1 10
1 19
1 36
1 76
1 85
1 100
2 3
2 4
2 7
2 10
2 19
2 36
2 68
2 76
2 100
3 4
3 6
3 11
3 19
3 36
3 76
3 100
4 6
4 7
4 19
4 25
4 36
4 76
4 85
5 15
5 72
5 74
5 75
5 99
6 7
6 19
6 76
6 85
6 100
7 8
7 10
7 31
7 36
7 80
7 85
7 100
8 11
8 12
8 13
8 16
8 18
8 20
8 24
8 56
8 91
9 51
9 61
9 70
9 81
9 83
9 84
9 86
9 87
9 93
10 19
10 36
10 42
10 85
10 100
11 12
11 16
11 17
11 20
11 56
12 13
12 20
12 24
12 56
13 16
13 17
13 18
13 20
13 24
13 56
13 61
13 76
14 22
14 23
14 26
14 28
14 29
14 47
14 78
14 82
15 60
15 71
15 72
15 74
15 75
15 79
16 18
16 20
16 24
16 56
17 20
17 24
17 29
17 34
17 53
17 56
17 70
17 73
18 20
18 24
18 56
19 36
19 76
19 85
19 100
20 24
20 56
20 72
21 31
21 32
21 33
21 34
21 35
21 37
21 38
21 39
21 44
22 23
22 25
22 26
22 28
22 29
22 30
22 82
22 90
23 25
23 27
23 28
23 29
23 30
23 47
23 57
23 70
23 78
23 82
23 90
24 56
25 26
25 27
25 29
25 30
25 47
25 78
25 82
25 90
26 27
26 28
26 29
26 30
26 47
26 78
26 82
26 90
27 28
27 29
27 30
27 82
27 90
28 29
28 30
28 47
28 78
28 90
29 30
29 47
29 78
29 90
30 44
30 47
30 66
30 78
30 82
30 90
31 33
31 34
31 35
31 37
31 38
31 40
32 33
32 34
32 35
32 37
32 38
32 39
33 34
33 35
33 37
33 76
34 35
34 37
34 38
35 37
35 38
35 39
35 80
36 76
36 85
36 100
37 39
37 61
38 39
38 50
40 41
40 42
40 43
40 44
40 46
40 50
41 42
41 43
41 44
41 46
41 50
42 43
42 46
42 49
42 77
43 44
43 46
43 49
43 50
44 46
44 50
45 62
45 63
45 64
45 65
45 66
45 67
45 68
45 69
46 49
46 50
46 60
46 81
47 78
47 82
47 90
48 73
48 88
48 91
48 92
48 95
48 96
48 97
48 98
50 75
51 52
51 53
51 54
51 57
51 58
51 59
51 80
52 53
52 57
52 58
52 59
52 60
52 68
52 77
53 54
53 59
53 60
53 70
53 77
53 80
53 81
53 88
53 94
54 57
54 59
54 60
54 77
54 80
54 100
55 61
55 70
55 81
55 87
55 89
55 96
57 60
57 77
57 80
57 94
58 59
58 60
58 77
58 80
58 94
59 60
59 77
59 80
59 94
60 77
60 80
61 70
61 81
61 83
61 86
61 87
61 89
61 90
61 93
62 63
62 64
62 65
62 66
62 67
62 68
62 69
63 64
63 65
63 66
63 67
63 68
63 69
64 65
64 66
64 67
64 68
64 69
64 99
65 66
65 67
65 68
66 67
66 69
66 91
67 68
67 69
68 69
70 81
70 83
70 84
70 86
71 72
71 74
71 79
71 99
72 74
72 75
72 79
72 88
72 99
73 88
73 91
73 92
73 95
73 96
73 98
74 75
74 79
76 85
76 100
77 94
78 82
78 90
80 88
80 94
81 83
81 84
81 86
81 87
81 89
81 93
82 90
82 97
83 86
83 87
83 89
83 93
84 86
84 87
84 89
84 93
86 87
86 90
86 93
87 89
87 93
88 90
88 91
88 92
88 97
91 95
91 97
92 95
92 97
92 98
95 96
95 98
96 98
97 98
