100 423
1 2
1 3
1 4
1 7
1 25
1 41
1 70
1 73
2 3
2 4
2 7
2 9
2 10
2 41
2 73
2 76
2 81
3 4
3 7
3 9
3 34
3 41
4 7
4 9
4 41
4 54
4 73
4 76
5 11
5 12
5 18
5 20
5 32
5 62
6 17
6 51
6 53
6 55
6 56
6 58
6 59
6 60
6 67
6 89
6 98
7 9
7 40
7 41
7 53
7 54
7 69
7 73
7 76
8 40
8 42
8 43
8 44
8 45
8 46
8 47
8 50
8 67
8 94
9 41
9 54
9 57
9 73
9 76
9 90
10 31
10 33
10 34
10 35
10 36
10 37
10 38
10 39
11 15
11 18
11 19
11 20
11 32
12 13
12 15
12 18
12 19
12 32
13 15
13 18
13 19
13 30
13 32
13 62
13 72
14 49
14 52
14 61
14 64
14 66
14 68
14 78
14 95
15 18
15 19
15 32
15 62
16 22
16 81
16 82
16 83
16 85
16 86
16 87
16 88
17 26
17 51
17 55
17 57
17 59
17 60
17 89
17 98
18 19
18 20
18 32
18 45
18 51
18 72
19 20
19 32
19 62
20 32
20 62
21 23
21 26
21 30
21 69
21 74
21 83
21 90
22 81
22 82
22 83
22 84
22 85
22 88
23 24
23 26
23 27
23 29
23 30
23 50
23 69
23 79
24 26
24 27
24 29
24 30
24 74
24 79
24 89
24 90
24 99
25 26
25 27
25 30
25 69
25 74
25 79
25 90
26 27
26 29
26 30
26 52
26 58
26 69
26 74
26 79
26 90
27 30
27 66
27 69
27 90
28 45
28 48
28 49
28 52
28 61
28 63
28 64
28 66
28 68
28 70
28 95
29 30
29 68
29 74
29 79
29 90
30 69
30 74
30 79
30 90
30 94
31 33
31 34
31 36
31 38
31 39
31 97
32 53
32 62
32 82
33 35
33 36
33 37
33 38
33 50
33 71
33 97
34 37
34 97
35 36
35 37
35 38
35 39
35 98
36 37
36 38
36 92
37 97
38 39
38 55
38 97
39 97
40 43
40 44
40 45
40 46
40 47
40 67
40 94
41 44
41 54
41 73
41 76
42 43
42 44
42 45
42 47
42 50
42 67
42 94
43 44
43 45
43 46
43 47
43 50
43 94
44 45
44 46
44 47
44 50
44 67
44 94
45 46
45 50
45 67
45 94
45 98
46 94
46 96
47 50
47 67
47 72
47 94
48 52
48 63
48 68
48 70
48 95
49 52
49 60
49 61
49 63
49 64
49 68
49 70
49 95
50 67
50 94
51 53
51 56
51 57
51 58
51 59
51 60
51 68
51 89
51 98
52 63
52 64
52 66
52 68
52 70
52 95
53 56
53 57
53 58
53 59
53 60
53 89
53 98
54 73
54 76
55 56
55 57
55 58
55 59
55 60
55 89
55 98
56 57
56 58
56 59
56 60
56 87
56 89
56 98
57 58
57 60
57 63
57 98
58 59
58 60
58 98
59 60
59 89
59 98
60 89
61 63
61 64
61 68
61 70
63 64
63 66
63 68
63 95
64 66
64 68
64 70
64 95
65 72
65 77
65 78
65 80
66 68
66 70
66 81
66 95
67 94
68 95
69 74
69 79
69 90
70 95
70 98
71 72
71 75
71 78
71 80
72 75
72 77
72 78
72 80
73 76
74 79
74 90
74 99
75 77
75 78
75 80
75 88
76 98
77 78
77 80
77 88
78 80
79 90
81 82
81 83
81 84
81 88
82 83
82 84
82 85
82 86
82 87
82 88
83 84
83 85
83 86
83 87
83 99
84 85
84 87
84 88
85 86
85 87
85 88
85 94
86 88
87 88
89 98
90 100
91 92
91 96
91 99
92 93
93 96
93 99
96 99
99 100
