100 423
1 41
1 81
1 82
1 83
1 86
1 87
1 88
1 90
2 3
2 4
2 6
2 7
2 8
2 9
2 33
2 78
2 84
3 5
3 6
3 8
3 33
3 78
4 6
4 7
4 8
4 9
4 33
4 68
4 78
5 6
5 9
5 33
5 78
6 7
6 8
6 9
6 81
7 8
7 9
7 41
8 9
8 33
8 39
8 78
9 33
10 53
10 56
10 58
10 71
10 73
10 74
10 75
10 76
10 79
10 80
10 85
11 12
11 13
11 14
11 15
11 17
11 20
11 68
11 69
11 77
11 85
11 98
12 13
12 14
12 15
12 18
12 19
12 25
12 68
12 77
12 98
13 14
13 15
13 20
13 68
13 69
13 77
13 98
14 15
14 17
14 18
14 19
14 20
14 25
14 69
14 77
15 17
15 18
15 19
15 20
15 25
15 67
15 69
15 77
15 98
16 27
16 66
16 70
16 92
16 93
16 96
16 99
16 100
17 18
17 19
17 20
17 68
17 77
17 98
18 19
18 20
18 63
18 68
18 69
18 77
18 78
18 98
19 20
19 68
19 69
19 77
19 98
20 53
20 65
20 68
20 77
20 98
21 22
21 23
21 24
21 28
21 30
21 32
21 34
21 39
21 63
21 72
21 86
21 95
22 23
22 25
22 26
22 30
22 32
22 34
22 39
22 78
22 95
23 24
23 25
23 26
23 28
23 30
23 32
23 39
23 95
24 26
24 28
24 30
24 32
24 34
24 39
24 93
24 95
25 28
25 30
25 34
25 39
25 95
26 30
26 32
26 39
26 95
27 66
27 92
27 93
27 96
27 99
27 100
28 30
28 32
28 34
28 95
29 61
29 63
29 64
29 70
30 31
30 34
30 84
30 95
31 35
31 36
31 37
31 38
31 40
31 44
31 45
31 57
31 81
31 97
32 34
32 39
32 95
33 72
33 78
35 36
35 37
35 38
35 40
35 44
35 45
35 57
35 59
35 97
36 38
36 40
36 44
36 45
36 57
37 40
37 44
37 45
37 47
37 57
38 40
38 44
38 57
39 95
40 44
40 45
40 57
40 97
41 72
41 81
41 82
41 86
41 88
41 90
41 92
42 43
42 46
42 48
42 49
42 92
43 46
43 49
43 50
44 45
44 57
44 90
44 97
45 57
45 97
46 48
46 49
46 50
47 48
47 49
47 50
48 49
48 50
49 55
50 51
50 60
51 52
51 53
51 54
51 55
51 59
51 65
51 66
51 72
51 89
51 94
52 53
52 54
52 59
52 65
52 89
52 94
53 54
53 67
53 89
53 94
54 55
54 60
54 65
54 67
54 72
54 89
54 94
55 59
55 60
55 65
55 67
55 72
55 87
55 89
55 94
56 58
56 73
56 74
56 75
56 76
56 79
56 85
56 91
57 97
58 73
58 74
58 75
58 79
58 80
58 81
58 91
59 60
59 65
59 72
59 89
59 96
60 65
60 67
60 72
60 94
61 62
61 63
61 64
61 70
62 64
62 70
63 64
64 70
65 67
65 89
65 94
66 92
66 93
66 96
66 100
67 72
67 94
68 77
68 97
68 98
69 77
69 98
71 73
71 75
71 76
71 80
71 85
71 91
72 89
72 94
73 74
73 75
73 76
73 79
73 80
73 85
73 91
73 93
74 75
74 79
74 80
74 85
74 91
75 76
75 79
75 80
75 85
75 98
76 79
76 80
76 85
77 98
79 80
79 84
79 85
79 91
80 85
80 91
81 82
81 83
81 84
81 86
81 87
81 88
81 90
82 83
82 84
82 86
82 88
82 90
83 84
83 86
83 87
83 88
84 86
84 87
84 88
84 90
85 91
86 87
86 88
86 90
87 88
92 93
92 96
92 99
92 100
93 96
93 99
93 100
96 99
96 100
99 100
