100 459
1 2
1 3
1 5
1 6
1 7
1 8
1 9
1 45
1 47
1 65
1 67
1 89
2 3
2 4
2 5
2 6
2 7
2 8
2 16
2 30
2 45
2 47
2 86
2 89
3 4
3 5
3 6
3 7
3 8
3 9
3 14
3 16
3 45
3 47
3 65
3 89
3 92
4 5
4 6
4 7
4 8
4 9
4 16
4 45
4 47
4 64
4 65
4 86
4 89
4 92
5 6
5 7
5 8
5 9
5 16
5 45
5 47
5 65
5 86
5 89
5 92
6 7
6 8
6 9
6 45
6 47
6 65
6 86
6 89
6 92
7 9
7 16
7 45
7 65
7 86
7 92
8 9
8 45
8 65
8 69
8 89
8 91
8 92
9 16
9 45
9 65
9 86
9 89
9 92
10 46
10 61
10 63
10 67
10 68
10 69
10 70
10 95
11 12
11 13
11 14
11 15
11 17
11 18
11 35
11 72
12 14
12 15
12 20
12 31
12 35
12 72
13 14
13 15
13 20
13 35
13 57
13 72
13 88
14 15
14 17
14 18
14 20
14 35
14 72
14 83
15 17
15 20
15 35
15 72
16 40
16 45
16 47
16 65
16 86
16 89
16 92
17 20
17 35
17 51
18 20
18 35
18 72
19 24
19 31
19 32
19 34
19 36
19 38
19 39
19 50
19 94
20 35
20 72
21 22
21 23
21 24
21 25
21 26
21 27
21 28
21 30
21 88
22 23
22 24
22 25
22 26
22 27
22 28
22 59
22 88
23 24
23 25
23 27
23 28
23 30
24 25
24 26
24 27
24 28
24 83
24 88
24 89
25 26
25 27
25 28
25 29
25 30
25 83
26 27
26 28
26 29
26 30
27 28
27 29
27 30
27 35
27 41
27 88
28 29
28 30
28 31
28 54
28 88
29 30
29 88
30 63
30 83
30 88
31 32
31 34
31 36
31 37
31 39
31 50
31 87
31 94
32 36
32 38
32 50
32 87
32 94
33 44
33 49
33 62
33 71
33 75
33 91
33 95
33 96
33 97
33 98
33 99
34 36
34 37
34 38
34 39
34 50
34 87
34 94
34 99
35 72
36 38
36 87
36 94
37 38
37 39
37 50
37 55
37 87
37 94
38 39
38 50
38 69
38 94
39 50
39 63
39 66
39 78
39 94
40 51
40 52
40 54
40 55
40 56
40 57
40 58
40 93
41 53
41 64
41 73
41 76
41 77
41 78
41 79
41 80
41 99
41 100
42 43
43 48
44 71
44 73
44 75
44 91
44 96
44 98
45 47
45 54
45 65
45 86
45 89
45 92
46 61
46 66
46 67
46 68
46 69
46 70
46 76
47 86
47 89
48 59
49 62
49 71
49 75
49 95
49 98
49 99
50 87
50 94
51 52
51 54
51 55
51 56
51 58
51 93
52 55
52 56
52 58
53 64
53 69
53 73
53 74
53 76
53 77
53 78
53 88
53 100
54 55
54 56
54 57
54 58
54 93
55 56
55 57
55 58
55 69
55 79
55 93
55 97
56 58
56 93
57 58
57 93
58 92
58 93
60 81
60 82
60 83
60 84
60 85
60 89
60 90
61 63
61 68
61 69
61 70
62 71
62 75
62 97
62 98
62 99
63 66
63 67
63 68
63 69
63 70
64 69
64 73
64 74
64 76
64 77
64 78
64 79
64 80
64 88
64 100
65 69
65 86
65 89
65 92
66 67
66 68
66 69
66 70
66 75
67 68
67 69
67 70
68 69
68 70
68 83
68 85
68 94
69 84
69 87
71 75
71 91
71 99
72 81
73 74
73 76
73 77
73 78
73 79
73 80
73 100
74 76
74 78
74 79
74 80
74 99
74 100
75 95
75 96
75 98
75 99
76 77
76 78
76 80
76 100
77 79
77 100
78 79
78 80
78 100
79 80
80 100
81 82
81 83
81 84
81 85
81 90
82 83
82 84
82 85
82 90
83 84
83 85
83 99
84 85
84 90
85 90
86 89
86 92
87 94
89 92
91 95
91 97
91 98
91 99
95 96
95 97
95 98
95 99
96 97
96 98
96 99
97 98
97 99
