30 112
1 3
1 7
1 9
1 10
1 15
1 29
1 30
2 4
2 6
2 8
2 23
2 24
3 7
3 9
3 15
3 29
3 30
4 5
4 6
4 8
4 21
4 22
4 23
4 24
4 25
4 27
4 28
5 6
5 23
5 24
5 27
5 28
6 8
6 15
6 21
6 22
6 23
6 24
6 25
6 27
6 28
7 9
7 15
7 26
7 30
8 22
8 23
8 24
8 25
8 27
8 28
9 10
9 15
9 26
9 29
9 30
10 15
10 26
10 29
10 30
11 13
11 14
11 16
11 17
11 19
11 20
12 13
12 14
12 16
12 18
12 19
12 20
12 29
13 14
13 16
13 17
13 18
13 19
13 20
14 16
14 17
14 18
14 19
15 26
15 29
15 30
16 18
16 19
17 18
17 19
17 20
18 19
21 22
21 23
21 24
21 25
21 28
22 24
22 27
22 28
23 24
23 27
23 28
24 25
24 27
24 28
25 27
25 28
26 29
26 30
27 28
28 29
