30 112
1 2
1 3
1 5
1 6
1 7
1 9
1 10
1 13
2 3
2 5
2 6
2 7
2 9
2 10
2 13
2 20
3 5
3 6
3 9
3 10
3 13
3 20
4 11
4 14
4 15
4 17
5 6
5 7
5 9
5 10
5 13
6 7
6 13
6 20
7 9
7 13
7 20
8 12
8 18
8 19
8 23
8 25
8 26
8 29
9 10
9 13
9 20
10 13
10 20
11 14
11 15
11 16
11 17
11 27
11 28
12 18
12 19
12 21
12 23
12 24
12 25
12 26
12 29
12 30
14 15
14 16
14 17
14 28
15 16
15 17
15 27
15 28
16 17
16 27
16 28
17 27
17 28
18 19
18 22
18 23
18 24
18 26
18 29
18 30
19 21
19 23
19 24
19 26
19 29
19 30
21 22
21 23
21 24
21 25
21 26
21 29
22 23
22 24
22 25
22 26
23 26
23 29
23 30
24 29
24 30
25 26
25 29
25 30
26 29
26 30
27 29
29 30
