30 114
1 2
1 3
1 5
1 6
1 8
1 10
1 18
1 27
1 29
1 30
2 3
2 5
2 8
2 10
2 17
2 27
2 29
3 6
3 8
3 10
3 17
3 18
3 27
3 29
3 30
4 7
4 21
4 23
4 25
4 28
5 6
5 8
5 9
5 10
5 18
5 27
5 29
5 30
6 9
6 10
6 17
6 18
6 27
6 29
7 21
7 25
7 26
7 28
8 9
8 10
8 16
8 18
8 27
8 30
9 10
9 18
9 27
9 29
9 30
10 17
10 18
10 27
10 30
11 12
11 13
11 14
11 15
11 19
11 20
11 22
12 14
12 15
12 16
12 19
12 24
13 15
13 16
13 20
13 22
13 24
14 15
14 16
14 19
14 20
14 22
14 24
15 16
15 19
15 22
15 24
16 19
16 20
16 22
16 24
17 29
17 30
18 26
18 27
18 29
18 30
19 20
19 24
19 29
20 22
20 24
21 25
21 28
22 24
23 25
23 26
23 28
25 26
26 28
27 29
