30 135
1 25
1 28
1 29
2 4
2 5
2 6
2 7
2 8
2 9
2 10
2 21
3 6
3 13
3 14
3 16
3 17
3 18
3 20
3 22
3 23
3 26
3 30
4 5
4 6
4 7
4 8
4 11
4 21
4 24
5 7
5 8
5 9
5 11
5 21
5 24
6 7
6 8
6 11
6 16
6 21
6 24
7 8
7 9
7 10
7 11
7 13
7 21
7 24
8 9
8 10
8 21
8 24
9 10
9 11
9 21
10 11
10 24
11 21
11 24
11 27
12 13
12 14
12 15
12 16
12 17
12 18
12 20
12 22
12 23
12 30
13 14
13 16
13 18
13 19
13 22
13 26
13 30
14 15
14 16
14 17
14 18
14 19
14 20
14 22
14 23
14 26
14 27
14 30
15 16
15 17
15 18
15 19
15 22
15 23
15 26
15 30
16 17
16 18
16 20
16 22
16 23
16 26
16 30
17 18
17 19
17 20
17 22
17 23
17 26
17 30
18 19
18 20
18 22
18 23
18 26
18 30
19 22
19 23
19 26
20 22
20 23
20 26
20 30
21 24
22 23
22 26
22 30
23 30
24 25
25 27
25 29
26 30
27 28
27 29
28 29
