30 113
1 2
1 3
1 5
1 7
1 9
1 10
1 18
1 25
2 3
2 7
2 9
2 18
2 25
3 5
3 7
3 9
3 10
3 18
3 25
4 6
4 16
4 22
4 24
4 25
4 26
4 27
4 29
4 30
5 9
5 10
5 18
5 25
6 14
6 16
6 22
6 23
6 24
6 26
6 27
6 29
6 30
7 9
7 18
7 25
8 11
8 12
8 13
8 17
8 19
8 20
8 21
8 22
8 28
9 10
10 18
10 25
11 12
11 13
11 17
11 19
11 21
11 28
12 13
12 15
12 17
12 20
12 28
13 15
13 17
13 21
13 28
14 16
14 22
14 23
14 24
14 26
14 29
14 30
15 19
15 21
15 28
16 22
16 23
16 24
16 27
16 29
16 30
17 20
17 28
18 25
19 20
19 21
19 28
20 28
21 28
22 23
22 24
22 26
22 29
22 30
23 24
23 26
23 27
23 30
24 26
24 29
24 30
26 27
26 29
26 30
27 29
27 30
29 30
