30 116
1 4
1 5
1 6
1 8
1 10
1 16
1 19
2 12
2 21
2 22
2 23
2 24
2 29
2 30
3 11
3 14
3 15
3 17
3 18
3 22
3 26
3 28
3 29
4 5
4 6
4 7
4 8
4 9
4 10
4 13
4 14
4 16
4 19
5 6
5 8
5 9
5 10
5 13
5 16
5 19
6 7
6 10
6 13
6 16
6 19
6 27
7 8
7 9
7 10
7 16
7 19
7 25
7 27
8 19
8 27
9 10
9 19
9 27
10 13
10 16
10 19
10 27
11 13
11 14
11 18
11 20
11 26
11 28
12 16
12 21
12 22
12 23
12 24
12 25
12 29
12 30
13 16
13 27
14 15
14 17
14 18
14 26
14 28
15 17
15 18
15 20
15 26
15 28
16 19
16 27
17 18
17 20
17 26
17 28
18 20
18 26
19 21
19 27
20 26
21 22
21 25
21 29
22 23
22 25
22 29
22 30
23 24
23 25
23 29
23 30
24 25
24 30
25 29
25 30
26 28
29 30
