30 125
1 3
1 4
1 5
1 6
1 7
1 8
1 9
1 12
1 23
1 26
1 29
2 16
2 21
2 24
2 28
3 4
3 5
3 6
3 7
3 8
3 9
3 10
3 18
3 23
3 25
3 26
3 29
3 30
4 6
4 7
4 8
4 9
4 12
4 23
4 25
4 26
4 29
4 30
5 6
5 8
5 9
5 12
5 18
5 23
5 25
5 26
5 29
5 30
6 7
6 8
6 9
6 10
6 12
6 18
6 21
6 23
6 25
6 26
6 30
7 8
7 9
7 10
7 12
7 18
7 23
7 25
7 26
7 29
7 30
8 9
8 10
8 12
8 18
8 23
8 25
8 30
9 12
9 18
9 23
9 25
9 29
10 12
10 23
10 25
10 26
10 29
10 30
11 14
11 15
11 17
11 19
11 20
11 30
12 23
12 25
12 30
13 14
13 15
13 17
13 20
14 15
14 19
14 20
15 20
16 21
16 22
16 24
16 28
17 19
18 30
21 22
21 27
21 28
22 24
22 27
22 28
23 25
23 30
24 27
24 28
25 29
25 30
26 29
26 30
29 30
