30 119
1 2
1 3
1 4
1 10
1 11
1 20
1 25
1 27
2 4
2 7
2 9
2 20
2 25
2 27
3 4
3 7
3 9
3 25
3 27
4 7
4 9
4 20
4 25
4 27
5 8
5 12
5 13
5 15
5 16
5 17
5 19
5 22
5 28
6 21
6 23
6 24
6 26
6 29
6 30
7 25
7 27
8 12
8 13
8 14
8 16
8 17
8 18
8 22
8 28
9 10
9 13
9 17
9 20
9 25
9 27
10 20
10 25
10 27
11 23
11 24
11 29
12 13
12 14
12 15
12 16
12 17
12 18
12 19
12 22
13 14
13 15
13 16
13 17
13 18
13 19
13 22
14 15
14 16
14 17
14 18
14 19
14 22
14 28
14 30
15 16
15 18
15 19
15 28
16 17
16 18
16 19
16 22
17 18
17 19
17 22
17 28
18 19
18 22
18 28
19 22
19 28
20 25
20 27
21 23
21 24
21 26
21 29
21 30
22 28
23 24
23 26
23 27
23 29
23 30
24 29
24 30
26 29
26 30
29 30
