30 111
1 5
1 8
1 9
1 14
1 16
1 19
2 4
2 11
2 14
2 17
2 20
2 27
2 30
3 5
3 7
3 9
3 10
4 11
4 14
4 15
4 17
4 18
4 20
4 27
4 30
5 7
5 9
5 10
5 16
5 19
6 12
6 13
6 21
6 22
6 23
6 24
6 26
6 28
6 29
7 8
7 9
7 19
8 9
8 10
8 16
8 19
9 10
9 19
10 16
10 19
11 14
11 20
11 27
11 30
12 21
12 22
12 23
12 24
12 25
12 26
12 28
12 29
13 21
13 23
13 24
13 26
13 28
14 15
14 17
14 18
14 20
15 17
15 18
15 20
15 27
15 30
16 19
17 18
17 20
17 27
17 30
18 20
18 30
19 20
20 27
20 30
21 22
21 23
21 24
21 25
21 26
21 28
22 23
22 25
22 26
22 29
23 24
23 25
23 26
23 28
23 29
24 25
24 26
24 27
24 28
24 29
25 26
25 29
26 28
26 29
28 29
