30 113
1 2
1 4
1 7
1 8
1 20
1 23
1 24
2 4
2 5
2 6
2 7
2 8
2 20
2 23
2 24
3 9
3 10
3 11
3 13
3 15
3 16
3 17
3 18
3 19
3 22
4 5
4 6
4 7
4 8
4 19
4 20
4 23
4 24
5 6
5 23
5 24
6 7
6 8
6 20
6 23
6 24
7 8
7 20
7 23
7 24
8 20
8 23
8 24
9 10
9 11
9 13
9 15
9 16
9 17
9 18
9 19
10 11
10 13
10 16
10 18
10 19
10 22
11 13
11 15
11 16
11 17
11 18
11 22
12 14
12 25
12 27
12 28
12 29
13 15
13 16
13 17
13 18
13 19
13 22
14 26
14 29
14 30
15 16
15 17
15 18
16 17
16 18
16 19
16 22
17 18
17 19
17 22
18 19
18 22
19 22
20 23
20 24
21 26
21 27
21 28
21 29
21 30
23 24
25 26
25 27
25 28
25 29
25 30
26 27
26 29
27 28
28 29
28 30
