1000 6827
1 195
1 219
1 425
1 604
1 641
1 902
2 102
2 103
2 138
2 189
2 209
2 293
2 294
2 311
2 516
2 521
2 569
2 605
2 613
2 664
2 666
2 767
2 841
2 892
3 17
3 18
3 215
3 223
3 255
3 329
3 447
3 651
3 712
3 726
3 786
3 868
3 951
3 987
4 168
4 189
4 334
4 415
4 581
4 719
4 736
4 776
4 883
4 964
4 986
4 988
5 19
5 142
5 215
5 230
5 281
5 523
5 602
5 684
5 688
5 732
5 840
5 846
5 938
5 945
6 19
6 33
6 61
6 101
6 146
6 153
6 165
6 207
6 289
6 302
6 373
6 435
6 444
6 597
6 807
6 896
6 912
6 965
7 84
7 92
7 196
7 283
7 286
7 325
7 359
7 576
7 695
7 713
7 716
7 759
7 841
7 842
8 24
8 81
8 95
8 110
8 212
8 315
8 322
8 335
8 361
8 408
8 498
8 503
8 650
9 49
9 159
9 174
9 316
9 318
9 497
9 550
9 638
9 711
9 759
9 826
9 828
9 878
9 920
10 130
10 139
10 190
10 195
10 225
10 282
10 303
10 317
10 322
10 400
10 415
10 430
10 559
10 720
10 877
10 894
10 980
10 989
10 990
11 67
11 112
11 120
11 131
11 149
11 168
11 172
11 253
11 360
11 369
11 412
11 422
11 453
11 476
11 486
11 509
11 576
11 588
11 647
11 649
11 716
11 802
11 884
11 965
12 175
12 291
12 443
12 536
12 538
12 589
12 614
12 672
12 739
12 778
12 932
13 219
13 224
13 439
13 537
13 582
13 587
13 641
13 648
13 665
13 793
13 897
13 952
14 58
14 196
14 242
14 272
14 416
14 484
14 650
14 695
14 819
14 844
14 908
15 136
15 152
15 215
15 263
15 302
15 602
15 622
15 649
15 718
15 814
15 874
15 909
16 117
16 161
16 262
16 324
16 353
16 496
16 560
16 642
16 670
16 671
16 721
16 736
16 769
16 861
16 884
16 894
16 944
17 111
17 228
17 321
17 664
17 666
17 767
17 797
17 874
17 930
17 988
17 990
18 114
18 261
18 332
18 333
18 663
18 745
18 794
18 805
18 806
18 875
18 890
18 897
18 956
19 175
19 185
19 194
19 276
19 532
19 538
19 562
19 662
19 698
19 842
19 973
20 43
20 82
20 231
20 240
20 334
20 355
20 461
20 682
20 723
20 729
20 947
20 989
21 415
21 461
21 557
21 611
21 655
21 705
21 707
21 797
21 834
21 889
21 897
21 997
22 130
22 134
22 149
22 232
22 252
22 281
22 320
22 321
22 329
22 348
22 581
22 626
22 701
22 785
22 937
23 43
23 100
23 181
23 503
23 542
23 568
23 598
23 637
23 661
23 712
23 907
23 920
23 951
23 984
24 37
24 97
24 146
24 194
24 232
24 493
24 518
24 537
24 549
24 858
24 880
25 287
25 333
25 361
25 376
25 497
25 583
25 596
25 703
25 718
25 719
25 781
25 853
25 987
25 994
26 77
26 128
26 163
26 243
26 316
26 399
26 585
26 626
26 810
26 917
26 930
26 944
26 987
27 66
27 74
27 263
27 337
27 538
27 576
27 598
27 698
27 802
28 32
28 144
28 171
28 227
28 242
28 326
28 375
28 421
28 435
28 530
28 551
28 598
28 626
28 673
28 751
28 779
28 799
28 854
29 77
29 96
29 338
29 398
29 482
29 675
29 700
29 836
29 845
30 305
30 352
30 429
30 446
30 463
30 553
30 573
30 675
30 750
30 768
30 857
30 904
30 935
30 937
30 971
31 315
31 326
31 353
31 377
31 385
31 387
31 539
31 603
31 607
31 731
31 747
31 750
31 794
31 825
32 93
32 116
32 211
32 233
32 286
32 346
32 352
32 413
32 538
32 547
32 554
32 744
32 755
32 771
32 934
33 54
33 146
33 213
33 248
33 274
33 499
33 567
33 664
33 700
33 715
33 745
33 797
33 811
33 876
33 933
33 971
33 999
34 43
34 128
34 133
34 184
34 203
34 229
34 295
34 370
34 393
34 498
34 552
34 583
34 722
34 771
34 821
34 871
35 221
35 375
35 380
35 412
35 431
35 449
35 519
35 547
35 618
35 672
35 721
35 766
35 865
35 922
35 935
36 110
36 158
36 187
36 214
36 218
36 281
36 296
36 354
36 425
36 524
36 542
36 577
36 606
36 649
36 756
36 947
36 967
36 980
37 51
37 207
37 309
37 360
37 373
37 400
37 464
37 488
37 500
37 538
37 613
37 641
37 717
37 723
37 801
37 869
37 883
37 961
37 970
38 60
38 87
38 140
38 204
38 275
38 356
38 379
38 495
38 760
38 768
38 798
38 802
38 952
38 990
39 59
39 92
39 177
39 184
39 195
39 210
39 250
39 278
39 344
39 391
39 526
39 803
39 818
39 933
40 145
40 291
40 304
40 329
40 354
40 429
40 505
40 596
40 671
40 714
40 721
40 782
40 794
40 802
40 836
40 906
40 923
40 957
41 43
41 111
41 216
41 376
41 476
41 540
41 542
41 820
41 979
42 107
42 118
42 173
42 213
42 237
42 299
42 518
42 609
42 636
42 746
42 781
42 886
43 130
43 229
43 260
43 328
43 363
43 397
43 448
43 490
43 554
43 752
43 803
43 813
43 905
43 978
44 72
44 75
44 162
44 265
44 270
44 338
44 362
44 487
44 503
44 575
44 605
44 658
44 672
44 707
44 773
44 790
44 881
45 83
45 231
45 293
45 480
45 489
45 557
45 593
45 919
45 933
45 968
46 232
46 358
46 404
46 437
46 484
46 499
46 504
46 511
46 563
46 582
46 648
46 881
46 895
46 968
47 90
47 126
47 287
47 288
47 390
47 424
47 598
47 610
47 637
47 679
47 714
47 786
47 955
48 106
48 201
48 249
48 418
48 474
48 486
48 603
48 737
48 764
48 817
48 830
48 836
48 914
48 922
48 933
48 948
48 952
49 61
49 92
49 160
49 220
49 226
49 243
49 543
49 561
49 563
49 608
49 620
49 678
49 680
49 694
49 973
49 988
50 80
50 146
50 182
50 213
50 536
50 623
50 626
50 630
50 668
50 842
50 858
50 893
50 943
51 103
51 110
51 191
51 194
51 259
51 261
51 289
51 434
51 631
51 699
51 711
51 759
51 778
51 803
51 864
51 906
51 919
51 951
51 976
52 238
52 340
52 371
52 382
52 557
52 572
52 776
52 797
52 878
52 970
52 973
52 1000
53 97
53 190
53 227
53 247
53 314
53 484
53 576
53 616
53 643
53 815
54 74
54 346
54 366
54 422
54 477
54 637
54 644
54 695
54 809
54 818
54 895
54 911
54 921
54 949
55 92
55 188
55 222
55 342
55 399
55 526
55 641
55 642
55 699
55 707
55 863
55 961
56 165
56 175
56 318
56 389
56 413
56 428
56 429
56 434
56 455
56 473
56 478
56 502
56 603
56 615
56 617
56 632
56 760
56 787
56 801
56 878
56 994
57 207
57 215
57 444
57 458
57 552
57 810
57 897
57 967
58 131
58 365
58 496
58 608
58 609
58 666
58 723
58 817
58 843
59 89
59 119
59 145
59 183
59 184
59 342
59 384
59 396
59 611
59 618
59 620
59 663
59 747
59 824
59 841
59 849
59 927
60 64
60 235
60 321
60 349
60 506
60 527
60 577
60 605
60 748
60 763
60 775
60 826
60 868
60 881
60 961
61 177
61 327
61 399
61 410
61 634
61 647
61 698
61 793
61 805
61 828
61 859
61 959
61 965
62 67
62 202
62 297
62 500
62 514
62 757
62 898
63 165
63 241
63 321
63 346
63 422
63 587
63 626
63 848
64 74
64 131
64 138
64 330
64 337
64 406
64 651
64 733
64 839
64 865
65 118
65 197
65 237
65 400
65 483
65 551
65 642
65 736
65 837
65 845
66 82
66 157
66 307
66 320
66 372
66 404
66 434
66 465
66 574
66 694
66 725
66 787
66 843
66 848
66 898
66 998
67 98
67 104
67 148
67 180
67 210
67 334
67 356
67 489
67 508
67 513
67 558
67 634
67 693
67 712
67 813
67 878
67 886
67 986
67 993
68 101
68 301
68 402
68 416
68 485
68 611
68 661
68 689
68 784
69 80
69 272
69 286
69 300
69 355
69 371
69 381
69 394
69 402
69 432
69 449
69 545
69 596
69 617
69 679
69 713
69 753
69 837
69 862
69 876
69 887
69 905
70 272
70 279
70 302
70 308
70 319
70 398
70 433
70 467
70 562
70 570
70 580
70 613
70 813
70 845
70 937
71 98
71 179
71 259
71 299
71 317
71 416
71 430
71 514
71 538
71 581
71 584
71 598
71 639
71 982
71 988
72 106
72 116
72 214
72 221
72 330
72 391
72 407
72 474
72 634
72 731
72 749
72 798
72 813
72 855
72 882
72 963
73 80
73 170
73 249
73 293
73 397
73 453
73 461
73 531
73 554
73 621
73 674
73 688
73 868
73 875
73 907
73 928
73 995
74 390
74 602
74 658
74 839
74 841
74 962
75 93
75 109
75 294
75 345
75 401
75 470
75 704
75 831
75 849
75 912
75 916
75 927
76 162
76 171
76 341
76 462
76 465
76 517
76 570
76 598
76 737
76 819
76 934
76 936
76 999
77 105
77 108
77 292
77 391
77 410
77 419
77 464
77 478
77 498
77 501
77 519
77 604
77 662
77 666
77 746
77 782
78 145
78 169
78 199
78 231
78 385
78 602
78 627
78 763
78 789
78 815
78 840
79 141
79 145
79 163
79 189
79 269
79 295
79 373
79 465
79 468
79 533
79 643
79 699
79 760
79 784
79 828
79 852
79 860
80 245
80 376
80 497
80 592
80 638
80 662
80 664
80 761
80 980
81 159
81 174
81 240
81 253
81 559
81 689
81 914
81 916
81 986
82 353
82 525
82 699
82 722
82 725
82 852
82 930
82 956
83 93
83 302
83 342
83 357
83 387
83 418
83 459
83 940
84 126
84 161
84 269
84 370
84 381
84 393
84 492
84 533
84 686
84 709
84 801
84 868
84 986
85 97
85 129
85 221
85 319
85 349
85 385
85 414
85 424
85 455
85 594
85 691
85 722
85 761
85 765
86 127
86 218
86 465
86 491
86 666
86 754
86 839
86 893
86 896
86 949
86 951
87 384
87 391
87 496
87 581
87 667
87 806
87 843
87 932
87 998
88 156
88 323
88 402
88 429
88 503
88 557
88 628
88 731
88 754
88 835
88 886
88 891
88 927
89 142
89 174
89 220
89 240
89 316
89 320
89 381
89 470
89 477
89 484
89 652
89 663
89 666
89 698
89 782
89 800
89 831
89 964
90 117
90 245
90 318
90 506
90 521
90 580
90 616
90 641
90 797
90 830
90 864
90 869
90 910
91 96
91 99
91 218
91 454
91 476
91 478
91 776
91 819
91 929
91 944
91 955
92 121
92 326
92 351
92 440
92 567
92 601
92 708
92 737
92 742
92 770
92 779
92 889
93 173
93 174
93 185
93 308
93 328
93 373
93 374
93 393
93 417
93 488
93 565
93 628
93 665
93 677
93 737
93 748
93 785
93 816
93 823
94 175
94 179
94 395
94 487
94 497
94 531
94 634
94 640
94 673
94 824
94 835
94 890
94 956
94 995
95 128
95 332
95 343
95 470
95 567
95 616
95 789
95 900
96 211
96 242
96 287
96 568
96 743
96 763
96 949
97 130
97 240
97 285
97 361
97 451
97 489
97 496
97 592
97 614
97 644
97 658
97 805
97 826
97 971
97 980
98 120
98 147
98 374
98 543
98 557
98 694
98 766
98 916
98 924
98 955
99 150
99 165
99 220
99 295
99 463
99 827
99 833
99 857
99 937
99 971
100 226
100 493
100 508
100 520
100 556
100 575
100 634
100 665
100 685
100 715
100 816
100 901
100 934
100 979
100 986
101 141
101 168
101 286
101 374
101 498
101 558
101 576
101 803
102 139
102 141
102 265
102 291
102 330
102 362
102 371
102 503
102 519
102 524
103 152
103 159
103 519
103 557
103 587
103 613
103 619
103 993
104 159
104 188
104 191
104 199
104 222
104 281
104 331
104 418
104 609
104 650
104 663
104 748
104 776
104 853
104 868
105 166
105 288
105 441
105 481
105 502
105 522
105 552
105 645
105 868
105 929
105 984
106 186
106 285
106 302
106 325
106 364
106 377
106 418
106 561
106 764
106 834
106 871
106 896
106 964
107 130
107 175
107 242
107 308
107 387
107 409
107 512
107 653
107 673
107 674
107 792
107 866
107 931
107 952
108 109
108 112
108 253
108 517
108 595
108 668
108 675
108 798
108 900
108 939
108 998
109 269
109 531
109 559
109 672
109 677
109 885
109 902
109 909
109 950
109 973
109 989
109 997
110 170
110 243
110 271
110 280
110 393
110 404
110 406
110 480
110 641
110 660
110 664
110 681
110 712
110 789
110 916
111 123
111 174
111 317
111 368
111 388
111 467
111 655
111 675
111 710
111 766
111 807
111 810
111 828
111 890
111 977
112 258
112 279
112 498
112 607
112 638
112 657
112 663
112 718
112 740
112 796
112 834
112 844
112 926
112 946
113 214
113 381
113 531
113 533
113 631
113 659
113 665
113 669
113 733
113 918
113 938
114 127
114 133
114 202
114 273
114 348
114 354
114 402
114 550
114 594
114 633
114 679
114 755
114 780
114 920
115 309
115 445
115 461
115 509
115 707
115 716
115 725
115 869
115 936
115 980
115 991
116 226
116 327
116 467
116 713
116 786
116 970
117 169
117 176
117 196
117 200
117 381
117 389
117 522
117 607
117 794
117 899
117 989
118 296
118 345
118 500
118 509
118 542
118 561
118 772
118 895
118 970
119 131
119 231
119 313
119 333
119 412
119 444
119 495
119 701
119 709
119 749
119 753
119 805
120 158
120 193
120 293
120 432
120 473
120 524
120 565
120 658
120 659
120 819
120 849
120 920
121 158
121 164
121 232
121 235
121 238
121 496
121 622
121 827
122 241
122 351
122 415
122 520
122 637
122 683
122 751
122 892
122 976
123 197
123 209
123 218
123 341
123 395
123 408
123 500
123 530
123 576
123 578
123 589
123 662
123 819
123 835
124 174
124 206
124 225
124 261
124 263
124 309
124 311
124 446
124 582
124 606
124 646
124 773
124 861
124 906
124 965
124 969
125 297
125 438
125 509
125 620
125 653
125 764
125 841
125 873
125 925
125 936
125 981
126 257
126 292
126 436
126 563
126 573
126 650
126 692
126 779
126 792
126 826
127 292
127 326
127 484
127 514
127 606
127 659
127 668
127 698
127 716
127 763
127 803
127 830
127 943
128 189
128 229
128 303
128 500
128 527
128 629
128 808
128 852
128 906
129 181
129 212
129 237
129 260
129 503
129 512
129 659
129 847
129 882
129 982
129 983
129 989
130 183
130 220
130 259
130 281
130 389
130 390
130 422
130 442
130 446
130 459
130 536
130 857
130 876
130 946
130 961
130 976
131 334
131 380
131 427
131 442
131 464
131 474
131 507
131 550
131 634
131 659
131 729
131 775
131 804
131 838
132 141
132 353
132 413
132 418
132 504
132 590
132 597
132 844
132 914
132 919
133 236
133 431
133 474
133 503
133 505
133 624
133 689
133 696
133 754
133 759
133 815
133 872
133 944
134 149
134 489
134 560
134 598
134 608
134 650
134 657
134 703
134 709
134 712
134 783
134 804
134 866
134 872
134 950
134 973
135 174
135 308
135 378
135 392
135 425
135 540
135 553
135 563
135 763
135 794
135 826
135 837
135 894
135 915
136 231
136 522
136 601
136 606
136 628
136 661
136 678
136 778
136 858
136 932
136 953
136 964
136 996
137 177
137 202
137 243
137 339
137 402
137 454
137 490
137 519
137 709
137 716
137 759
137 799
138 166
138 176
138 178
138 412
138 756
138 789
138 810
138 821
138 853
138 879
138 941
139 157
139 359
139 371
139 511
139 636
139 675
139 678
139 729
139 747
139 752
139 898
139 959
139 964
140 196
140 243
140 280
140 340
140 552
140 553
140 663
141 193
141 203
141 289
141 301
141 365
141 392
141 445
141 600
142 172
142 240
142 286
142 317
142 353
142 428
142 566
142 693
142 765
142 853
142 917
142 938
142 949
143 250
143 263
143 321
143 330
143 376
143 424
143 778
143 978
144 205
144 330
144 579
144 608
144 633
144 687
144 752
144 789
144 807
144 821
144 828
144 915
144 994
145 403
145 462
145 467
145 533
145 591
145 724
145 731
145 975
146 159
146 265
146 493
146 499
146 557
146 566
146 624
146 751
146 827
146 858
146 938
146 940
147 257
147 409
147 599
147 621
147 639
147 651
147 718
147 791
147 803
147 816
147 820
147 913
147 951
148 195
148 368
148 560
148 659
148 714
148 746
148 751
148 916
148 946
148 958
149 399
149 573
149 580
149 704
149 727
149 728
149 766
149 794
149 927
150 155
150 158
150 203
150 281
150 292
150 330
150 338
150 373
150 382
150 404
150 492
150 494
150 616
150 682
150 715
150 718
150 774
150 816
150 946
150 962
151 228
151 284
151 379
151 445
151 533
151 572
151 779
151 812
151 822
151 829
151 924
151 953
152 211
152 236
152 251
152 281
152 487
152 536
152 566
152 720
152 798
152 872
153 256
153 271
153 734
153 757
153 766
153 943
153 985
154 196
154 225
154 352
154 425
154 654
154 666
154 676
154 808
154 810
154 836
154 866
154 896
154 938
154 966
155 311
155 449
155 485
155 560
155 744
155 844
155 896
155 939
155 968
156 261
156 296
156 405
156 452
156 491
156 638
156 645
156 650
156 731
156 732
156 798
156 939
156 941
156 997
157 218
157 379
157 475
157 599
157 688
157 769
157 794
157 959
158 174
158 448
158 506
158 529
158 621
158 634
158 701
158 727
158 780
158 851
158 866
159 194
159 216
159 295
159 298
159 299
159 303
159 352
159 396
159 494
159 510
159 550
159 586
159 670
159 855
159 864
159 983
160 267
160 279
160 411
160 431
160 474
160 501
160 663
160 681
160 684
160 734
160 782
160 806
160 883
160 905
161 282
161 644
161 692
161 703
161 952
162 238
162 386
162 442
162 502
162 578
162 617
162 782
162 833
162 878
162 899
163 191
163 200
163 232
163 264
163 284
163 341
163 433
163 442
163 601
163 603
163 757
164 230
164 256
164 273
164 351
164 460
164 476
164 480
164 492
164 507
164 689
164 974
165 255
165 319
165 368
165 516
165 533
165 600
165 663
165 774
165 831
166 221
166 253
166 342
166 354
166 364
166 403
166 437
166 514
166 532
166 581
166 615
166 754
166 832
166 839
166 853
166 864
166 964
167 219
167 285
167 291
167 496
167 528
167 547
167 616
167 684
167 813
167 849
167 922
167 941
168 307
168 345
168 546
168 553
168 560
168 602
168 618
168 690
168 701
168 744
168 824
168 904
168 915
168 929
168 965
168 978
169 235
169 337
169 424
169 472
169 554
169 556
169 560
169 698
169 712
169 724
169 918
170 262
170 387
170 442
170 534
170 562
170 596
170 622
170 639
170 693
170 716
170 792
170 912
171 172
171 236
171 328
171 381
171 499
171 526
171 579
171 863
171 940
171 951
172 209
172 397
172 438
172 579
172 685
172 709
172 732
172 805
172 873
173 281
173 533
173 822
173 851
173 920
173 951
173 995
174 305
174 316
174 346
174 433
174 483
174 531
174 636
174 665
174 683
174 856
174 863
174 935
174 965
174 994
175 248
175 560
175 652
175 674
175 683
175 732
175 828
175 953
176 183
176 355
176 418
176 419
176 515
176 564
176 590
176 631
176 637
176 659
176 679
176 924
176 950
177 180
177 183
177 185
177 231
177 257
177 619
177 641
177 719
177 766
177 843
178 193
178 255
178 303
178 321
178 334
178 378
178 445
178 719
178 979
179 243
179 375
179 567
179 639
179 695
179 696
179 765
179 874
179 958
180 196
180 227
180 486
180 558
180 594
180 608
180 686
180 895
181 208
181 222
181 242
181 269
181 270
181 304
181 407
181 452
181 468
181 516
181 543
181 557
181 570
181 603
181 606
181 706
181 839
181 959
182 323
182 327
182 330
182 348
182 539
182 642
182 645
182 771
182 967
183 434
183 525
183 564
183 605
183 657
183 721
183 818
183 845
183 852
183 995
184 206
184 348
184 362
184 450
184 483
184 486
184 531
184 687
184 760
184 857
184 886
184 904
184 978
185 254
185 281
185 424
185 453
185 621
185 686
185 808
185 882
185 921
185 948
185 952
186 203
186 313
186 316
186 434
186 443
186 531
186 711
186 952
186 963
187 235
187 247
187 280
187 307
187 372
187 423
187 584
187 654
187 689
187 727
187 947
188 294
188 367
188 423
188 510
188 625
188 721
188 981
189 222
189 228
189 258
189 263
189 446
189 449
189 478
189 523
189 606
189 694
189 781
189 899
189 967
189 972
190 308
190 364
190 413
190 428
190 447
190 475
190 476
190 635
190 814
190 961
190 983
191 227
191 295
191 342
191 399
191 467
191 652
191 783
191 833
191 889
192 219
192 390
192 609
192 685
192 758
193 232
193 265
193 278
193 279
193 327
193 355
193 438
193 464
193 612
193 657
193 761
193 793
193 834
193 962
194 218
194 230
194 364
194 524
194 546
194 579
194 589
194 808
194 837
195 199
195 236
195 296
195 590
195 683
195 874
195 911
196 338
196 353
196 562
196 652
196 798
196 850
196 880
196 997
197 391
197 456
197 532
197 658
197 666
197 669
197 675
197 715
197 757
197 761
197 779
197 820
197 840
197 952
197 982
198 200
198 257
198 280
198 294
198 418
198 533
198 611
198 653
198 697
198 724
198 841
198 867
198 900
198 988
199 273
199 278
199 318
199 391
199 404
199 412
199 435
199 437
199 442
199 446
199 633
199 704
199 971
200 343
200 422
200 484
200 515
200 541
200 628
200 705
200 836
200 965
200 967
201 282
201 409
201 472
201 554
201 610
201 671
201 672
201 680
201 685
201 777
201 778
201 792
201 892
201 918
202 351
202 428
202 448
202 469
202 528
202 605
202 633
202 647
202 703
202 738
202 751
202 760
203 216
203 278
203 508
203 598
203 617
203 621
203 629
203 652
203 848
204 253
204 293
204 446
204 483
204 511
204 600
204 657
204 704
204 747
204 812
204 944
204 968
204 993
205 210
205 226
205 271
205 348
205 405
205 433
205 488
205 598
205 698
205 772
205 901
205 968
206 248
206 256
206 327
206 435
206 490
206 891
206 892
206 921
206 980
207 283
207 331
207 362
207 404
207 459
207 478
207 545
207 606
207 669
207 792
207 795
207 861
207 890
208 225
208 526
208 625
208 707
208 710
208 864
208 942
208 959
209 233
209 241
209 258
209 403
209 525
209 554
209 756
209 843
209 878
210 308
210 509
210 638
210 701
210 801
210 825
210 844
210 855
210 983
211 238
211 243
211 300
211 320
211 489
211 657
211 692
211 694
211 767
211 804
211 844
211 855
211 905
212 222
212 283
212 405
212 765
212 792
212 859
213 234
213 239
213 343
213 347
213 352
213 374
213 377
213 389
213 420
213 523
213 563
213 634
213 669
213 699
213 750
213 804
213 815
213 832
213 856
213 984
213 992
214 249
214 285
214 287
214 294
214 312
214 317
214 544
214 674
214 844
214 870
214 948
214 974
215 232
215 248
215 256
215 384
215 428
215 517
215 546
215 547
215 645
215 757
215 760
215 781
215 831
215 840
215 859
215 960
215 979
215 994
216 219
216 262
216 298
216 299
216 335
216 380
216 395
216 446
216 543
216 720
216 796
216 834
216 899
216 988
217 327
217 404
217 633
217 738
217 767
217 809
217 812
217 1000
218 226
218 354
218 448
218 457
218 511
218 520
218 544
218 565
218 585
218 614
218 621
218 637
218 664
218 746
218 815
218 824
218 876
218 919
219 479
219 497
219 501
219 588
219 589
219 611
219 650
219 679
219 700
219 702
219 717
219 901
219 994
220 225
220 331
220 421
220 592
220 598
220 605
220 657
220 663
220 673
220 674
220 937
220 951
221 266
221 269
221 430
221 524
221 650
221 750
221 889
221 918
221 954
222 299
222 406
222 435
222 489
222 501
222 507
222 683
222 808
222 824
222 885
222 978
222 993
222 995
223 253
223 262
223 264
223 490
223 548
223 615
223 627
223 689
223 746
224 253
224 277
224 326
224 519
224 544
224 749
224 777
224 781
224 908
224 921
224 992
225 236
225 449
225 464
225 494
225 550
225 583
225 588
225 670
225 738
226 232
226 254
226 357
226 366
226 516
226 643
226 694
226 716
226 797
226 805
227 265
227 666
228 342
228 457
228 609
228 613
228 616
228 804
228 828
228 894
228 926
228 969
229 245
229 255
229 392
229 634
229 873
230 243
230 247
230 276
230 319
230 356
230 375
230 415
230 659
230 695
230 768
230 773
230 834
230 929
230 961
231 242
231 387
231 569
231 602
231 710
231 711
231 737
232 355
232 394
232 405
232 501
232 661
232 730
232 994
233 246
233 459
233 506
233 596
233 879
233 896
233 938
233 956
233 994
234 238
234 243
234 267
234 365
234 452
234 495
234 671
234 705
234 730
234 771
234 795
234 817
234 820
235 343
235 434
235 479
235 506
235 512
235 546
235 696
235 705
235 963
236 280
236 322
236 376
236 401
236 493
236 659
236 666
236 731
236 812
236 865
236 872
237 288
237 303
237 535
237 607
237 641
238 301
238 386
238 432
238 569
238 636
238 691
238 754
238 828
238 848
238 864
238 888
238 936
238 996
239 264
239 327
239 397
239 469
239 489
239 503
239 556
239 741
239 768
239 787
239 792
239 814
239 854
240 441
240 498
240 563
240 580
240 602
240 613
240 628
240 710
240 911
240 919
241 246
241 260
241 391
241 471
241 480
241 589
241 754
241 784
241 855
241 953
241 958
242 277
242 383
242 471
242 548
242 589
242 608
242 728
242 742
242 910
242 980
242 981
242 996
243 275
243 327
243 454
243 463
243 472
243 487
243 802
243 907
244 284
244 312
244 350
244 367
244 451
244 459
244 485
244 539
244 548
244 648
244 664
244 689
244 717
244 719
244 736
244 942
245 318
245 421
245 433
245 482
245 493
245 589
245 595
245 672
245 704
245 932
246 370
246 411
246 430
246 434
246 494
246 503
246 551
246 662
246 720
246 746
246 761
246 855
246 900
246 909
247 248
247 357
247 410
247 524
247 723
247 909
247 960
247 966
248 279
248 302
248 306
248 393
248 435
248 459
248 461
248 492
248 576
248 593
248 631
248 650
248 666
248 695
248 707
248 728
248 741
248 750
248 762
248 827
248 855
248 916
249 314
249 478
249 634
249 635
249 715
249 754
249 886
249 888
249 932
249 950
250 332
250 354
250 703
250 755
250 959
251 384
251 434
251 593
251 611
251 639
251 672
251 677
251 697
251 888
252 333
252 336
252 352
252 421
252 428
252 560
252 594
252 648
252 772
252 810
252 818
252 944
252 984
253 392
253 599
253 622
253 665
253 775
253 822
253 957
253 986
254 353
254 447
254 487
254 536
254 552
254 596
254 654
254 676
254 816
254 839
254 910
254 966
254 973
255 297
255 367
255 381
255 462
255 473
255 856
255 873
255 880
255 921
256 318
256 325
256 359
256 558
256 613
256 642
256 656
256 712
256 718
256 750
256 752
256 809
256 897
256 991
257 464
257 516
257 603
257 869
257 984
258 325
258 539
258 620
258 640
258 683
258 738
258 793
258 849
258 855
258 889
258 931
258 986
259 270
259 313
259 345
259 389
259 444
259 466
259 522
259 525
259 705
259 757
259 784
259 911
259 927
259 930
259 975
260 430
260 573
260 686
260 807
260 865
260 891
260 911
260 959
261 379
261 445
261 451
261 478
261 531
261 563
261 665
261 733
261 740
261 748
261 749
261 797
261 798
261 800
261 804
261 835
261 891
261 923
262 817
262 939
262 995
263 354
263 361
263 446
263 605
263 619
263 641
263 740
263 785
263 867
263 945
263 997
264 278
264 313
264 321
264 451
264 570
264 642
264 653
264 698
264 712
264 723
264 775
264 857
264 876
264 879
264 896
265 278
265 591
265 637
265 743
265 914
265 997
266 301
266 318
266 414
266 480
266 510
266 555
266 582
266 597
266 702
266 726
266 743
266 758
266 799
266 877
267 268
267 413
267 647
267 711
267 811
267 822
267 853
268 352
268 488
268 505
268 660
268 683
268 769
268 772
268 775
268 787
269 314
269 347
269 375
269 390
269 402
269 468
269 579
269 755
269 768
269 771
269 807
269 827
269 834
269 890
269 966
270 350
270 357
270 490
270 604
270 651
270 759
270 892
271 322
271 330
271 382
271 415
271 417
271 422
271 481
271 671
271 720
272 450
272 506
272 526
272 562
272 593
272 614
272 719
272 802
272 868
272 917
272 925
272 978
273 274
273 339
273 361
273 372
273 407
273 433
273 555
273 581
273 597
273 711
273 814
273 832
273 839
273 877
274 314
274 466
274 646
274 725
274 774
274 814
274 884
274 923
274 969
275 315
275 326
275 527
275 580
275 647
275 663
275 677
275 701
275 852
275 940
276 279
276 332
276 339
276 699
276 803
276 934
276 973
276 976
277 438
277 463
277 562
277 583
277 585
277 762
277 765
277 772
277 997
278 300
278 321
278 340
278 415
278 472
278 559
278 627
278 689
278 794
278 833
278 845
278 862
278 899
279 284
279 419
279 523
279 573
279 832
279 873
279 889
279 941
279 942
280 281
280 302
280 307
280 364
280 399
280 404
280 519
280 708
280 776
280 793
280 828
280 856
280 894
280 917
280 941
281 315
281 316
281 660
281 662
281 767
281 788
281 865
282 303
282 310
282 388
282 487
282 512
282 599
282 642
282 895
283 320
283 460
283 727
283 733
283 837
283 853
283 990
284 311
284 421
284 422
284 538
284 636
284 648
284 798
285 294
285 337
285 449
285 491
285 540
285 571
285 724
285 783
285 786
285 845
285 871
286 293
286 372
286 449
286 569
286 602
286 607
286 629
286 646
286 700
286 757
286 762
286 771
286 794
286 964
286 1000
287 467
287 526
287 646
287 703
287 854
287 866
287 869
287 886
287 977
288 475
288 482
288 539
288 599
288 609
288 625
288 646
288 751
288 770
288 898
289 301
289 372
289 404
289 547
289 803
289 818
289 825
289 887
289 920
289 961
290 377
290 419
290 459
290 741
290 792
290 802
290 819
290 994
291 343
291 544
291 558
291 560
291 663
291 675
291 777
291 836
291 855
291 925
292 317
292 637
292 646
292 661
292 817
292 861
293 295
293 452
293 472
293 483
293 539
293 570
293 599
293 740
293 857
293 879
293 913
293 961
294 354
294 410
294 474
294 577
294 783
294 810
294 859
295 328
295 336
295 350
295 371
295 451
295 596
295 685
295 792
295 953
295 992
296 302
296 371
296 461
296 503
296 593
296 642
296 806
296 964
296 993
297 368
297 638
298 323
298 327
298 468
298 492
298 579
298 660
298 661
298 765
298 822
298 855
298 884
298 911
298 927
298 987
299 491
299 514
299 831
299 903
299 978
299 1000
300 324
300 347
300 378
300 474
300 647
300 825
300 832
300 833
300 862
301 456
301 645
301 757
301 798
301 842
302 315
302 399
302 509
302 538
302 607
302 664
302 783
302 870
302 912
302 998
303 454
303 462
303 495
303 558
303 576
303 582
303 593
303 662
303 664
303 683
303 719
303 737
303 772
303 982
304 397
304 553
304 574
304 599
304 606
304 710
304 769
304 781
304 854
304 897
304 899
304 911
304 969
305 345
305 436
305 813
305 820
306 368
306 385
306 592
306 628
306 950
307 364
307 478
307 650
307 726
307 774
308 327
308 433
308 519
308 626
308 631
308 657
308 831
308 971
308 972
309 376
309 385
309 388
309 547
309 626
309 697
309 708
309 753
309 785
309 824
309 844
309 903
310 323
310 330
310 386
310 432
310 463
310 556
310 574
310 614
310 692
310 827
310 868
310 971
311 327
311 794
311 881
311 902
311 912
311 947
312 378
312 419
312 480
312 555
312 726
312 797
312 911
313 327
313 439
313 536
313 546
313 556
313 558
313 565
313 641
313 705
313 818
313 832
313 905
314 330
314 360
314 644
314 699
314 735
314 752
314 811
314 814
314 867
314 913
314 937
314 951
314 956
315 391
315 474
315 834
315 839
316 377
316 473
316 737
316 749
316 833
316 951
317 478
317 747
317 822
317 858
317 968
318 337
318 344
318 585
318 828
319 367
319 389
319 483
319 498
319 507
319 558
319 633
319 637
319 678
319 703
319 742
319 779
319 984
320 477
320 483
320 605
320 629
320 741
320 837
320 880
320 918
321 439
321 444
321 454
321 487
321 568
321 695
321 772
321 783
321 867
321 917
322 559
322 567
322 667
322 669
322 687
322 725
322 750
322 781
322 946
322 958
322 997
323 331
323 412
323 453
323 459
323 468
323 485
323 557
323 625
323 665
323 704
323 732
323 797
323 856
323 887
323 941
323 945
323 970
323 979
324 339
324 384
324 475
324 540
324 551
324 554
324 615
324 705
324 733
324 863
324 921
325 350
325 378
325 409
325 480
325 486
325 540
325 545
325 620
325 690
325 780
325 805
325 872
325 876
325 877
325 912
325 925
325 976
325 979
326 438
326 521
326 522
326 543
326 619
326 620
326 681
326 848
326 921
326 944
326 979
326 987
327 375
327 415
327 484
327 533
327 621
327 630
327 714
327 737
327 747
327 805
328 354
328 377
328 395
328 514
328 588
328 703
328 818
328 906
328 929
329 356
329 435
329 547
329 565
329 589
329 641
329 765
329 966
330 342
330 364
330 513
330 644
330 647
330 692
330 757
330 932
331 445
331 461
331 482
331 511
331 608
331 617
331 655
331 694
331 723
331 862
331 924
332 333
332 360
332 481
332 763
332 781
332 823
332 889
332 899
332 905
332 940
332 959
332 966
332 970
332 973
333 372
333 412
333 513
333 547
333 678
333 737
333 747
333 867
333 911
334 430
334 570
334 649
334 712
334 824
334 836
334 838
334 929
334 955
335 489
335 553
335 814
335 843
335 980
335 994
336 395
336 441
336 550
336 612
336 630
336 637
336 647
336 716
336 723
336 730
336 786
336 952
337 390
337 527
337 576
337 600
337 683
337 766
337 827
337 892
338 355
338 364
338 482
338 500
338 512
338 579
338 658
338 699
338 722
338 786
338 803
338 874
338 900
338 935
338 994
339 442
339 634
339 687
339 790
339 913
339 920
339 989
339 998
340 347
340 375
340 471
340 472
340 475
340 478
340 493
340 664
340 678
340 683
340 728
340 729
340 785
340 805
340 870
340 894
341 417
341 469
341 568
341 703
341 727
341 822
341 955
342 517
342 520
342 544
342 566
342 569
342 605
342 654
342 704
342 721
342 773
342 920
343 358
343 484
343 599
343 635
343 641
343 778
343 854
343 876
344 515
344 532
344 837
345 408
345 508
345 521
345 588
345 689
345 693
345 720
345 822
345 845
345 902
345 934
345 965
345 969
346 355
346 499
346 830
346 891
346 928
346 952
347 411
347 446
347 491
347 557
347 630
347 654
347 745
347 748
347 885
347 936
347 974
347 988
348 417
348 550
348 564
348 596
348 649
348 692
348 706
348 718
348 837
348 852
348 865
348 918
348 947
348 967
349 371
349 377
349 382
349 644
349 697
349 710
349 851
349 863
349 985
349 994
349 998
350 439
350 724
350 734
350 756
350 857
350 935
350 939
351 445
351 478
351 530
351 549
351 617
351 729
351 767
351 803
351 805
351 839
351 902
351 916
352 402
352 569
352 624
352 758
352 814
352 844
353 367
353 435
353 559
353 696
353 744
353 749
353 784
353 851
353 940
354 372
354 468
354 520
354 579
354 600
354 867
354 893
354 984
355 418
355 643
355 820
355 847
355 913
355 924
356 399
356 449
356 505
356 767
356 821
356 868
357 465
357 674
357 692
357 703
357 726
357 755
358 383
358 486
358 513
358 588
358 678
358 743
358 875
358 916
358 995
359 421
359 442
359 464
359 493
359 626
359 632
359 686
359 700
359 734
359 759
359 784
359 808
359 938
360 400
360 403
360 548
360 573
360 580
360 679
360 739
360 780
360 839
360 921
360 980
361 363
361 384
361 572
361 642
361 763
361 865
361 907
361 951
362 379
362 393
362 402
362 463
362 508
362 573
362 581
362 667
362 894
362 920
363 390
363 415
363 420
363 427
363 481
363 621
363 641
363 675
363 732
363 794
363 867
363 874
363 934
363 940
363 998
364 375
364 401
364 432
364 438
364 511
364 584
364 597
364 735
364 812
364 858
365 447
365 876
365 880
365 934
366 402
366 456
366 460
366 603
366 621
366 761
366 789
367 436
367 522
367 588
367 681
367 695
367 796
367 836
367 906
367 942
367 961
367 985
368 530
368 582
368 612
368 625
368 667
368 680
368 728
368 845
368 881
368 929
368 950
368 970
368 977
368 991
369 424
369 431
369 487
369 531
369 558
369 591
369 621
369 630
369 723
369 829
369 854
369 897
370 388
370 434
370 466
370 552
370 609
370 638
370 686
370 712
370 809
370 828
370 875
370 951
371 404
371 422
371 450
371 476
371 514
371 630
371 786
371 853
372 442
372 563
372 606
372 615
372 703
372 781
372 809
372 832
372 931
372 988
373 382
373 712
373 817
374 378
374 419
374 437
374 462
374 498
374 646
374 702
374 794
374 796
374 820
374 880
374 957
375 537
375 561
375 646
375 716
375 814
375 934
375 949
375 964
375 976
376 477
376 532
376 724
376 725
376 983
376 995
377 525
377 563
377 646
377 842
377 992
378 385
378 396
378 556
378 631
378 738
378 872
378 916
379 750
380 551
380 905
381 384
381 438
381 522
381 554
381 558
381 611
381 669
381 675
381 710
381 733
381 835
381 871
381 941
381 966
381 995
382 428
382 646
382 687
382 714
382 719
382 734
382 964
382 972
382 997
383 458
383 520
383 572
383 697
383 867
383 932
384 417
384 432
384 475
384 616
384 796
384 893
385 450
385 486
385 563
385 585
385 719
385 720
385 776
385 797
385 836
386 402
386 424
386 440
386 481
386 491
386 509
386 525
386 613
386 674
386 709
386 718
386 765
386 832
386 992
387 498
387 515
387 531
387 616
387 693
387 730
387 765
387 802
387 806
387 933
387 937
388 464
388 611
388 624
388 766
388 883
388 954
389 489
389 500
389 659
389 662
389 704
389 796
390 509
390 527
390 636
390 703
390 768
390 938
391 410
391 562
391 662
391 772
391 823
391 829
391 845
391 865
391 878
391 903
391 966
392 585
392 627
392 768
392 826
392 889
393 495
393 563
393 586
393 672
393 701
393 945
393 996
394 459
394 551
394 731
394 742
394 826
394 883
395 481
395 498
395 534
395 622
395 895
395 916
396 558
396 576
396 805
396 823
396 982
397 496
397 513
397 589
397 619
397 645
397 711
397 793
397 883
397 890
397 951
398 569
398 743
398 860
398 866
398 968
399 446
399 452
399 600
399 666
399 687
399 920
400 457
400 564
400 659
400 727
400 750
400 796
400 825
400 947
400 953
401 473
401 538
401 639
401 715
401 746
401 769
401 770
401 907
401 984
402 424
402 455
402 457
402 463
402 534
402 539
402 636
402 716
402 727
402 812
403 473
403 485
403 561
403 608
403 672
403 693
403 785
403 791
403 978
404 541
404 586
404 616
404 768
404 825
404 946
404 969
405 407
405 458
405 533
405 541
405 592
405 634
405 675
405 753
405 802
405 863
405 961
406 426
406 437
406 451
406 496
406 526
406 568
406 690
406 778
406 811
407 440
407 657
407 808
407 869
408 515
408 562
408 592
408 602
408 620
408 650
408 659
408 762
408 931
409 440
409 469
409 475
409 602
409 727
409 814
409 888
409 914
410 425
410 436
410 448
410 556
410 588
410 615
410 720
410 730
411 431
411 477
411 623
411 645
411 814
412 421
412 455
412 495
412 544
412 572
412 633
412 654
412 733
412 745
412 753
412 755
412 756
412 860
412 884
413 472
413 620
413 641
413 658
413 687
413 801
413 879
413 967
413 1000
414 485
414 492
414 580
414 588
414 612
414 844
414 911
415 529
415 648
415 746
415 857
415 888
415 909
416 491
416 535
416 607
416 668
416 714
416 795
416 916
417 459
417 505
417 517
417 534
417 755
417 759
417 790
417 792
417 815
417 830
417 986
418 540
418 636
418 674
418 774
418 808
418 809
418 880
418 913
418 948
418 982
419 493
419 498
419 506
419 651
419 714
419 800
419 895
420 515
420 548
420 562
420 602
420 623
420 695
420 755
420 815
420 856
420 922
420 964
420 994
421 472
421 641
421 645
421 704
421 838
421 866
422 430
422 466
422 478
422 562
422 654
422 741
422 865
422 866
422 907
422 963
423 471
423 523
423 525
423 636
423 728
423 772
423 779
423 807
423 849
423 913
423 952
424 462
424 501
424 598
424 680
424 687
424 766
424 821
424 970
424 995
425 553
425 662
425 716
425 837
425 966
426 435
426 693
426 694
426 709
426 834
426 871
426 896
426 971
426 994
427 466
427 468
427 477
427 571
427 582
427 651
427 677
427 723
427 741
427 784
427 831
428 688
428 752
428 804
428 868
429 506
429 537
429 546
429 740
429 775
429 779
429 782
429 925
429 959
430 502
430 579
430 606
430 671
430 695
430 729
430 748
430 924
431 435
431 562
431 572
431 642
431 662
431 663
431 695
432 475
432 507
432 535
432 542
432 552
432 592
432 656
432 861
432 863
432 867
432 873
432 931
432 937
432 964
433 587
433 734
433 830
433 928
434 446
434 506
434 545
434 588
434 830
434 862
434 867
434 932
435 522
435 532
435 547
435 550
435 575
435 683
435 812
435 824
435 865
435 905
435 951
435 982
436 484
436 491
436 608
436 774
436 829
436 908
436 954
437 536
437 667
437 733
437 736
437 737
437 956
437 960
438 484
438 520
438 669
438 671
438 789
438 816
438 893
438 901
438 922
438 997
439 492
439 516
439 564
439 569
439 755
439 994
440 454
440 535
440 552
440 632
440 669
440 749
440 786
440 795
440 898
440 909
441 528
441 529
441 656
441 679
441 729
441 848
441 883
442 516
442 554
442 560
442 602
442 677
442 749
442 755
442 787
443 470
443 534
443 573
443 846
443 927
443 964
444 447
444 504
444 523
444 530
444 532
444 587
444 593
444 603
444 609
444 687
444 842
444 1000
445 671
445 720
445 807
445 814
445 914
445 937
445 992
446 535
446 630
446 690
446 823
446 900
446 933
446 945
447 457
447 492
447 511
447 546
447 699
447 729
447 733
447 788
447 816
447 821
447 870
447 926
447 948
447 972
448 562
448 578
448 672
448 677
448 730
448 781
448 783
448 800
448 882
448 903
448 910
449 480
449 516
449 554
449 597
449 619
449 668
449 853
449 869
449 945
450 497
450 506
450 622
450 661
450 664
450 684
450 690
451 517
451 661
451 729
451 769
451 905
451 934
451 938
452 553
452 687
452 728
452 791
452 820
452 864
453 472
453 663
453 726
453 737
453 949
453 961
454 600
454 631
454 677
454 702
454 756
455 514
455 587
455 600
455 622
455 841
455 854
456 607
456 635
456 639
456 727
456 943
456 950
457 482
457 492
457 498
457 548
457 564
457 624
457 715
457 716
457 767
457 812
457 826
457 967
458 475
458 515
458 557
458 680
458 781
458 834
458 903
459 568
459 637
459 673
459 889
459 900
459 911
459 923
460 517
460 540
460 575
460 601
460 620
460 778
460 871
460 909
461 549
461 558
461 565
461 574
461 637
461 642
461 670
461 687
461 853
461 906
462 487
462 529
462 548
462 603
462 604
462 635
462 769
462 826
463 549
463 608
463 651
463 731
463 741
463 748
463 855
463 889
463 899
463 930
464 473
464 565
464 602
464 638
464 663
464 682
464 747
464 772
464 875
464 961
464 962
465 503
465 516
465 556
465 643
465 647
465 702
465 743
465 837
465 874
465 936
465 981
465 988
466 470
466 594
466 614
466 632
466 669
466 690
466 763
466 805
466 859
466 964
466 979
466 993
467 499
467 597
467 661
467 690
467 708
467 835
467 906
467 932
467 969
468 549
468 654
468 759
468 903
468 943
469 541
469 680
469 781
469 793
469 803
469 846
469 873
469 877
469 910
469 915
469 944
469 981
470 553
470 922
470 923
470 1000
471 558
471 637
471 661
471 778
472 490
472 521
472 640
472 665
472 845
472 920
472 962
473 500
473 524
473 574
473 601
473 945
473 974
473 998
474 513
474 522
474 587
474 689
474 745
474 748
474 760
474 843
474 995
475 510
475 515
475 533
475 560
475 655
475 744
475 831
475 838
475 944
475 949
476 548
476 568
476 601
476 628
476 652
476 674
476 813
476 827
476 999
477 517
477 548
477 577
477 598
477 605
477 627
477 673
477 694
477 735
477 769
477 940
478 573
478 651
478 943
478 945
478 986
479 545
479 630
479 791
479 812
479 864
479 953
479 957
480 505
480 517
480 608
480 635
480 699
480 714
480 841
480 871
480 935
481 774
482 489
482 513
482 560
482 911
482 987
483 485
483 489
483 552
483 591
483 640
483 695
483 862
483 974
484 540
484 551
484 606
484 634
484 663
484 677
484 692
484 814
484 994
485 518
485 580
485 660
485 717
485 734
485 754
485 786
485 819
485 888
486 581
486 632
486 652
486 762
486 795
486 914
486 970
486 974
487 496
487 588
487 589
487 731
487 792
487 843
487 860
487 895
487 931
487 943
487 944
488 549
488 627
488 690
488 707
488 739
488 742
488 834
488 924
489 525
489 690
489 696
489 912
489 919
489 934
489 979
490 533
490 582
490 715
490 751
490 758
491 512
491 525
491 605
491 606
491 761
491 771
491 830
491 866
491 890
492 646
492 664
492 666
492 706
492 716
492 919
492 974
492 987
493 520
493 559
493 628
493 631
493 694
493 758
493 971
494 545
494 565
494 638
494 788
494 957
495 681
495 751
495 768
495 790
495 841
495 859
495 878
495 946
495 975
496 623
496 766
496 790
496 884
496 890
497 500
497 713
497 720
497 818
498 545
498 570
498 588
498 754
498 832
498 887
498 962
498 972
498 977
498 993
499 502
499 712
499 746
499 986
500 521
500 523
500 551
500 553
500 610
500 945
500 970
501 517
501 580
501 629
501 789
501 794
501 811
501 957
501 973
502 648
502 705
502 724
502 783
502 809
502 966
503 529
503 600
503 636
503 656
503 693
503 716
503 932
504 547
504 618
504 689
504 695
504 812
504 954
505 569
505 584
505 598
505 661
505 784
506 568
506 715
506 743
506 903
506 993
507 536
507 742
507 800
508 577
508 653
508 692
508 833
508 899
508 908
508 979
509 567
509 573
509 644
509 877
509 881
509 988
510 546
510 559
510 867
511 613
511 730
511 812
511 859
511 867
511 868
511 957
512 529
512 689
512 754
513 614
513 638
513 735
513 817
513 852
514 524
514 543
514 579
514 670
514 677
514 886
514 895
514 982
515 544
515 583
515 608
515 645
515 752
515 847
515 965
516 598
516 691
516 696
516 713
516 714
516 799
516 903
516 912
516 920
516 984
517 593
517 627
517 629
517 648
517 748
517 777
517 891
518 584
518 710
518 888
518 893
518 990
519 594
519 625
519 663
519 683
519 877
519 991
520 716
520 806
520 916
520 924
520 964
520 967
521 621
521 769
522 584
522 585
522 646
522 935
523 538
523 697
523 727
524 720
524 730
524 876
524 907
524 964
524 993
525 533
525 570
525 586
525 688
525 801
525 962
526 793
526 873
526 898
526 920
526 977
526 987
527 536
527 544
527 633
527 815
527 827
527 872
527 888
528 598
528 694
528 707
528 775
528 811
528 906
528 922
528 934
529 558
529 574
529 610
529 665
529 794
529 839
529 845
529 877
529 964
530 624
530 716
530 778
530 779
530 815
530 875
530 930
531 623
531 642
531 649
531 683
531 725
531 767
531 798
531 854
531 869
531 985
532 579
532 606
532 631
532 637
532 819
533 574
533 735
533 763
533 828
533 882
534 558
534 560
534 572
534 739
535 582
535 593
535 656
535 657
535 679
535 707
535 712
535 831
535 863
535 924
535 930
535 952
536 608
536 630
536 737
536 857
536 858
536 882
536 936
537 555
537 575
537 705
537 706
537 739
537 757
537 804
537 805
537 920
538 602
539 581
539 740
539 829
539 904
540 581
540 665
540 684
540 760
540 776
540 832
540 853
541 596
541 697
541 786
541 795
541 908
541 968
542 571
542 589
542 608
542 684
542 706
542 709
542 794
542 801
542 819
542 971
543 553
543 570
543 571
543 622
543 788
543 865
543 982
543 990
543 993
544 814
544 818
544 822
544 870
545 642
545 861
546 659
546 665
546 668
546 808
546 961
546 969
547 681
547 971
548 557
548 585
548 683
548 690
548 735
548 769
549 575
549 596
549 599
549 632
549 649
549 793
550 584
550 587
550 676
550 787
550 833
550 840
550 868
550 883
550 916
550 954
551 627
551 657
551 704
552 609
552 634
552 772
552 863
552 878
552 984
553 614
553 689
553 722
553 863
553 921
553 995
553 997
554 656
554 677
554 691
554 757
554 813
554 906
554 974
555 563
555 568
555 766
555 806
555 912
555 936
556 597
556 830
556 849
556 913
556 999
557 558
557 678
557 701
557 816
558 610
558 627
558 644
558 653
558 695
558 698
558 720
558 901
558 982
559 582
559 610
559 661
559 662
559 724
559 894
559 906
559 988
560 653
560 844
560 846
560 969
561 838
561 853
561 895
561 1000
562 765
562 766
562 777
562 793
562 849
562 891
562 892
563 601
563 622
563 646
563 680
563 697
563 864
563 993
564 629
564 702
564 707
564 731
564 828
564 875
564 914
564 967
565 618
565 637
565 668
565 831
565 862
565 879
565 924
566 776
566 791
566 932
566 954
567 685
567 757
567 898
567 923
568 610
568 960
569 620
569 731
569 734
569 740
569 776
569 821
570 645
570 655
570 663
570 706
570 805
570 826
570 879
570 908
570 925
570 926
570 936
571 606
571 945
571 997
572 613
572 622
572 682
572 701
572 832
573 583
573 610
573 628
573 800
573 826
573 852
574 721
574 789
574 818
574 850
574 883
574 961
575 616
575 651
575 683
575 684
575 748
575 804
575 885
575 911
575 946
576 621
576 652
576 681
576 856
576 858
576 978
577 600
577 753
577 790
577 869
577 898
577 940
578 632
578 645
578 646
578 908
579 716
579 833
579 873
579 960
580 834
580 850
580 875
580 945
581 583
581 686
581 710
581 730
581 754
581 781
581 796
581 863
581 887
581 888
581 915
581 940
581 985
582 645
582 663
582 696
582 716
582 776
582 832
582 873
582 954
583 636
583 866
583 906
583 998
584 693
584 704
584 726
584 777
584 784
584 831
584 979
585 586
585 637
585 696
585 723
585 811
585 872
586 634
586 667
586 692
586 747
586 834
586 853
586 854
586 953
587 600
587 835
588 752
588 784
588 965
589 635
589 716
589 776
589 899
589 906
589 929
589 957
590 819
590 935
590 985
591 600
591 630
591 645
591 658
591 690
591 950
591 955
592 629
592 635
592 734
592 742
592 881
593 766
593 774
593 860
593 882
593 941
593 976
594 618
594 625
594 693
594 722
594 768
594 889
594 986
594 989
594 996
595 713
595 717
595 761
595 778
595 810
595 874
595 878
595 927
596 638
596 639
596 899
596 903
597 675
597 702
597 785
597 845
597 997
598 694
598 702
598 740
598 834
599 678
599 683
599 701
599 718
599 747
599 817
599 911
600 642
600 659
600 696
600 896
600 953
601 710
601 805
601 935
602 641
602 676
602 856
602 904
603 635
603 774
603 874
603 915
603 930
603 936
604 648
604 824
604 929
605 796
605 802
605 832
605 841
605 968
606 612
606 651
606 758
606 830
606 904
606 906
606 990
606 995
607 611
607 658
607 695
607 709
607 711
607 729
607 784
607 828
607 865
607 903
608 668
608 669
608 881
608 940
609 633
609 640
609 655
609 705
609 709
609 845
610 659
610 715
610 744
610 778
610 779
611 825
611 834
611 842
611 921
611 961
611 992
612 631
612 633
612 657
612 768
612 888
612 930
612 931
612 962
613 655
613 687
613 828
613 837
613 895
613 939
613 950
614 651
614 765
615 626
615 627
615 695
615 930
616 818
616 900
616 961
617 722
617 759
617 884
617 982
618 674
618 767
618 796
618 829
618 960
618 975
619 762
619 867
619 881
619 911
619 924
620 679
620 695
620 718
620 736
621 801
621 921
622 679
622 758
622 764
622 794
623 671
623 697
623 943
624 941
624 980
626 649
626 754
626 802
627 680
627 759
627 816
627 944
628 640
628 665
628 739
628 774
628 848
629 665
629 679
629 759
629 762
629 905
630 711
630 800
630 818
630 828
630 918
630 925
631 678
631 700
631 815
631 917
631 938
632 733
632 737
632 891
633 770
633 828
633 971
633 993
634 711
634 858
634 891
635 685
635 744
635 904
635 975
636 646
636 721
636 730
636 739
636 740
636 950
636 956
636 988
637 644
637 674
637 703
637 706
637 780
637 809
637 819
637 869
637 927
637 949
637 960
637 968
638 659
638 677
638 769
638 808
638 860
639 687
639 782
639 890
640 641
640 656
640 663
640 823
640 833
640 849
640 857
641 704
641 725
641 751
641 814
641 989
641 993
642 707
642 715
642 739
642 749
642 799
642 836
643 832
643 906
643 912
643 949
644 652
644 777
644 850
644 899
644 934
644 970
645 743
645 876
645 902
645 943
645 981
646 755
646 792
646 851
646 892
646 923
647 784
647 786
647 841
647 853
647 881
647 948
648 710
648 729
648 776
648 838
648 911
649 664
649 699
649 832
649 883
650 762
651 792
651 958
652 920
652 958
653 825
653 853
653 971
654 702
654 755
654 785
656 796
656 851
656 913
656 919
657 702
657 703
657 791
658 749
658 823
658 959
658 987
659 694
659 781
659 862
659 864
660 809
660 879
660 885
660 888
661 663
661 664
661 816
661 919
662 706
662 739
662 812
662 855
663 670
663 681
663 760
663 791
664 705
664 795
664 895
664 901
664 996
665 779
665 791
665 817
665 937
665 953
665 966
666 876
666 955
667 704
667 776
667 986
668 738
668 798
668 874
668 895
668 925
668 976
669 955
669 963
669 968
670 692
670 798
670 866
670 912
670 946
670 977
671 802
671 806
671 926
671 988
672 680
672 802
672 962
672 970
673 745
673 755
673 761
673 950
674 681
674 814
674 827
674 892
674 901
674 908
675 748
675 864
675 931
676 704
676 705
676 741
676 887
676 973
676 980
677 729
677 818
677 975
678 681
678 703
678 722
678 740
678 770
678 954
678 961
678 966
679 703
679 745
679 748
679 816
679 817
679 898
680 713
680 734
680 777
680 861
680 876
680 930
680 996
680 999
681 808
681 839
681 840
681 969
682 778
682 864
682 923
682 940
683 781
684 689
684 737
684 789
684 827
684 837
684 843
684 884
684 923
684 938
685 706
685 788
685 797
685 911
686 699
686 833
686 856
686 859
686 937
686 980
687 738
687 773
687 892
687 902
687 961
687 980
688 721
688 798
688 867
688 942
689 830
689 856
690 890
690 910
690 950
691 749
691 751
691 819
691 837
691 894
691 931
692 727
692 754
692 958
692 972
693 705
693 708
693 787
693 825
693 843
694 925
694 984
694 992
695 781
695 857
695 946
696 751
696 840
696 936
696 986
696 996
697 763
697 828
697 833
697 835
697 848
697 855
697 948
697 1000
698 865
698 879
698 881
698 915
698 938
699 770
699 786
699 807
699 818
699 860
699 987
700 708
700 900
701 726
701 872
701 963
701 980
702 780
702 797
702 878
702 889
703 729
703 791
703 855
703 916
704 767
704 770
704 918
704 954
704 993
705 732
705 763
705 889
705 979
706 735
706 769
706 832
706 881
706 931
706 985
707 814
707 913
708 784
708 801
709 814
709 926
710 866
711 712
711 828
711 841
711 858
711 981
711 985
712 716
712 732
712 789
712 801
712 821
712 934
712 982
713 784
713 789
713 809
713 876
713 950
713 959
714 766
714 929
715 857
715 880
715 948
716 797
716 803
716 833
716 982
717 766
717 917
718 722
718 726
718 802
718 858
718 864
718 868
718 886
719 730
719 748
719 749
719 763
719 859
719 987
720 756
720 830
720 941
720 987
720 998
721 817
721 928
722 738
722 882
723 904
723 968
723 977
724 749
724 798
724 880
724 945
724 977
725 749
725 807
725 972
726 790
726 817
726 858
726 883
726 996
726 997
727 743
727 746
727 892
728 907
728 957
728 986
729 753
729 780
729 892
730 819
730 918
730 950
730 998
731 745
731 758
731 844
731 914
731 965
732 733
732 856
732 874
732 928
732 979
733 865
733 909
734 787
734 932
734 955
735 812
735 849
735 861
735 865
735 867
735 888
735 916
735 991
736 795
736 851
736 975
737 883
737 886
737 975
738 771
738 796
738 847
738 853
738 887
738 906
738 1000
739 804
739 810
739 852
739 856
739 932
739 966
740 766
740 846
740 899
740 908
741 749
741 982
742 820
742 835
742 847
743 875
743 901
743 923
745 758
745 784
745 848
745 932
746 799
746 822
746 923
746 957
746 980
747 752
747 876
748 912
748 966
749 784
749 846
749 946
749 970
750 751
750 851
750 953
751 864
751 993
752 773
752 785
753 829
753 936
753 968
754 764
754 919
754 981
755 787
756 800
756 885
756 994
757 794
757 844
757 846
757 860
757 866
758 876
758 887
759 764
759 846
761 798
761 892
761 899
761 921
761 941
761 976
762 778
762 805
762 806
762 814
762 827
762 901
762 933
762 956
762 968
763 817
763 847
763 985
764 928
765 892
765 916
765 921
766 796
766 893
766 902
766 1000
767 827
768 780
768 802
769 802
769 912
770 781
770 785
770 819
770 929
771 776
772 810
772 861
772 870
772 936
772 997
773 868
773 894
773 963
774 776
775 871
775 887
775 898
775 918
775 934
777 905
777 995
778 833
779 897
779 933
779 957
780 795
780 901
780 927
780 964
780 989
781 948
783 799
783 909
783 913
783 920
783 970
783 997
785 825
785 955
786 862
787 828
787 835
787 836
787 939
787 995
788 898
788 912
789 862
789 886
789 903
789 927
790 867
790 935
791 879
791 881
792 834
793 858
793 903
793 938
793 941
795 802
795 838
796 976
796 979
797 911
797 967
798 808
798 846
799 850
799 928
800 848
800 930
800 942
800 971
801 811
801 962
801 975
801 980
802 852
802 887
802 923
802 990
803 812
803 846
803 896
803 921
804 865
804 872
804 961
805 829
805 866
805 914
805 918
805 937
806 810
806 977
807 850
807 892
807 894
807 928
808 910
809 814
809 853
809 938
810 921
810 951
810 980
811 936
811 968
812 818
812 840
812 921
812 947
812 987
813 953
814 839
814 936
815 860
816 919
816 940
816 985
817 830
817 866
817 889
817 905
817 926
819 823
819 841
819 918
819 992
820 912
820 973
820 980
821 923
821 930
821 937
822 941
822 951
823 965
823 972
823 994
824 887
824 922
824 939
825 924
826 911
827 934
827 945
828 889
829 958
829 975
830 914
830 929
830 975
831 848
832 948
832 989
833 931
834 848
834 867
835 867
835 877
836 863
836 920
837 845
837 916
837 938
837 951
837 975
837 986
838 846
838 920
838 985
839 897
839 898
839 986
839 988
840 898
840 929
841 859
841 906
842 925
844 969
845 856
845 893
845 911
845 918
845 955
846 899
846 954
847 959
848 880
849 856
849 950
850 947
851 869
851 948
851 956
852 943
854 918
854 951
855 862
855 929
856 872
857 981
857 992
858 949
858 964
859 874
859 930
860 899
861 976
862 930
863 904
863 953
864 973
865 902
865 918
866 873
866 910
866 975
867 965
867 991
867 997
868 876
868 912
868 976
868 984
869 928
869 973
870 903
870 974
871 887
871 912
873 933
874 1000
875 881
876 961
878 879
878 987
879 889
879 984
880 944
880 983
881 982
882 925
883 964
884 952
885 916
885 945
886 908
886 977
887 961
887 992
888 898
888 995
889 943
890 901
890 978
890 984
892 905
892 970
893 1000
894 901
895 952
896 924
896 982
897 930
897 998
898 964
898 985
899 910
901 974
902 997
904 932
905 923
905 927
905 990
905 1000
908 929
908 946
908 999
909 966
910 987
913 934
914 970
916 918
917 993
918 963
920 990
921 931
921 944
922 984
924 940
924 982
924 984
925 995
926 977
930 984
931 987
935 977
936 961
936 971
938 971
938 993
938 997
940 977
946 947
949 994
952 965
953 973
955 960
955 971
955 973
955 996
961 990
962 975
963 970
964 970
967 991
968 973
974 997
976 986
980 983
982 997
