1000 6859
1 19
1 223
1 276
1 300
1 369
1 498
1 605
1 756
1 906
1 926
2 13
2 54
2 134
2 218
2 241
2 438
2 692
3 78
3 97
3 223
3 288
3 318
3 392
3 400
3 405
3 543
3 664
3 682
3 693
3 704
3 928
3 932
4 98
4 109
4 135
4 141
4 410
4 434
4 460
4 638
4 667
4 807
4 859
4 905
4 940
5 13
5 15
5 124
5 187
5 238
5 291
5 372
5 433
5 437
5 474
5 478
5 550
5 588
5 621
5 628
5 656
5 682
5 929
6 56
6 119
6 140
6 253
6 538
6 550
6 582
6 658
6 833
6 891
6 982
7 35
7 153
7 216
7 224
7 316
7 347
7 363
7 425
7 457
7 477
7 592
7 606
7 656
7 708
7 723
7 759
7 787
7 846
7 906
7 930
8 322
8 365
8 460
8 545
8 564
8 566
8 570
8 604
8 837
8 903
8 956
9 29
9 51
9 103
9 155
9 499
9 818
9 966
10 295
10 307
10 315
10 326
10 397
10 454
10 498
10 512
10 529
10 628
10 655
10 694
10 746
10 790
10 791
10 853
10 943
10 983
11 66
11 82
11 220
11 431
11 485
11 915
12 82
12 234
12 245
12 287
12 671
12 689
12 702
12 718
12 855
12 908
13 14
13 17
13 50
13 78
13 83
13 108
13 188
13 252
13 274
13 287
13 325
13 363
13 364
13 423
13 451
13 533
13 793
13 809
13 845
14 141
14 221
14 256
14 292
14 320
14 517
14 544
14 621
14 725
14 732
14 735
14 877
15 24
15 55
15 79
15 213
15 273
15 278
15 298
15 304
15 448
15 471
15 509
15 516
15 538
15 704
15 926
16 75
16 138
16 139
16 391
16 440
16 539
16 635
16 677
16 842
16 952
16 959
16 960
16 962
16 964
17 63
17 70
17 99
17 130
17 165
17 244
17 254
17 401
17 508
17 516
17 533
17 669
17 862
17 914
17 918
17 984
18 122
18 201
18 204
18 294
18 335
18 452
18 473
18 494
18 503
18 696
18 837
18 905
18 933
19 143
19 145
19 204
19 216
19 246
19 352
19 577
19 639
19 695
19 742
19 858
19 956
19 967
20 164
20 243
20 389
20 453
20 569
20 584
20 903
20 908
20 951
20 955
20 976
20 982
20 1000
21 152
21 212
21 292
21 391
21 512
21 559
21 581
21 607
21 649
21 846
21 873
21 885
21 894
22 36
22 47
22 154
22 184
22 257
22 310
22 332
22 526
22 629
22 696
22 820
22 886
22 900
22 909
23 29
23 188
23 212
23 227
23 367
23 615
23 626
23 713
23 793
23 848
23 956
23 985
23 987
24 101
24 172
24 197
24 265
24 411
24 422
24 436
24 602
24 676
24 731
24 774
24 890
24 911
24 922
25 118
25 141
25 169
25 190
25 248
25 284
25 307
25 344
25 420
25 488
25 590
25 630
25 636
25 773
25 903
25 914
25 981
25 995
26 191
26 219
26 276
26 315
26 354
26 412
26 439
26 509
26 533
26 653
26 665
26 779
26 862
26 956
26 973
27 220
27 331
27 407
27 927
28 63
28 96
28 115
28 151
28 245
28 290
28 474
28 592
28 628
28 687
28 937
28 993
29 46
29 79
29 147
29 171
29 198
29 205
29 223
29 251
29 285
29 375
29 474
29 480
29 483
29 621
29 688
29 765
29 780
29 933
29 952
29 995
30 62
30 107
30 179
30 239
30 246
30 325
30 442
30 596
30 668
30 678
30 877
30 926
30 961
30 987
30 988
31 113
31 225
31 283
31 336
31 338
31 357
31 453
31 535
31 590
31 594
31 621
31 654
31 676
31 726
31 867
31 959
32 71
32 73
32 278
32 384
32 412
32 490
32 501
32 526
32 620
32 663
32 862
32 916
33 48
33 76
33 244
33 286
33 340
33 352
33 377
33 475
33 658
33 983
34 210
34 273
34 584
34 656
34 707
34 891
34 912
34 972
35 93
35 94
35 136
35 180
35 195
35 202
35 280
35 301
35 529
35 558
35 561
35 770
35 787
35 855
36 39
36 65
36 117
36 123
36 198
36 251
36 363
36 447
36 514
36 581
36 667
36 705
36 832
36 844
36 945
36 978
37 49
37 227
37 272
37 453
37 543
37 568
37 615
37 723
37 758
37 787
37 802
37 840
37 846
37 935
37 960
38 133
38 242
38 250
38 323
38 370
38 572
38 613
38 631
38 937
39 192
39 309
39 440
39 651
39 778
39 916
39 975
40 247
40 376
40 394
40 406
40 416
40 441
40 480
40 621
40 658
40 728
40 731
40 814
40 825
40 850
40 855
41 93
41 180
41 255
41 264
41 276
41 315
41 419
41 814
41 908
41 944
41 967
41 993
42 99
42 102
42 205
42 249
42 296
42 380
42 392
42 451
42 639
42 689
42 720
42 856
42 867
42 992
43 103
43 139
43 194
43 249
43 688
43 740
44 219
44 261
44 264
44 267
44 440
44 493
44 573
44 576
44 583
44 597
44 675
44 680
44 720
44 740
44 743
44 817
44 822
44 877
44 917
44 926
44 931
45 55
45 206
45 252
45 301
45 621
45 636
45 698
45 739
45 832
45 841
45 917
45 935
45 995
46 206
46 284
46 426
46 449
46 503
46 548
46 597
46 604
46 612
46 652
46 688
46 727
46 759
46 784
46 786
47 66
47 136
47 270
47 316
47 334
47 362
47 383
47 475
47 479
47 562
47 568
47 579
47 659
47 760
47 771
47 833
47 879
47 888
47 943
47 948
47 968
48 105
48 116
48 187
48 451
48 562
48 763
48 815
48 867
49 97
49 331
49 451
49 559
49 572
49 694
49 813
49 876
49 961
50 64
50 226
50 277
50 280
50 346
50 352
50 389
50 394
50 416
50 434
50 483
50 553
50 611
50 657
50 874
50 907
50 990
51 196
51 202
51 390
51 410
51 481
51 652
51 674
51 703
51 756
51 945
51 982
52 67
52 97
52 223
52 270
52 361
52 392
52 442
52 494
52 544
52 601
52 609
52 649
52 657
52 668
52 746
52 808
52 819
52 828
52 855
52 958
53 107
53 221
53 251
53 261
53 305
53 308
53 441
53 481
53 503
53 523
53 612
53 636
53 729
53 753
54 158
54 292
54 349
54 497
54 523
54 720
54 840
54 925
55 196
55 229
55 332
55 534
55 562
55 696
55 724
55 741
55 751
55 762
55 809
55 852
55 882
55 933
55 950
56 258
56 323
56 481
56 523
56 524
56 537
56 552
56 651
56 705
56 761
56 780
56 782
56 833
56 974
56 993
57 88
57 111
57 306
57 311
57 379
57 441
57 465
57 608
57 730
57 741
57 746
57 877
57 978
58 81
58 110
58 123
58 178
58 213
58 217
58 221
58 259
58 296
58 362
58 408
58 409
58 664
58 710
58 759
58 761
58 833
58 868
58 902
58 909
58 916
58 939
59 61
59 160
59 219
59 258
59 309
59 436
59 486
59 662
59 663
59 791
59 816
59 831
59 880
59 881
59 909
59 950
60 90
60 143
60 227
60 371
60 415
60 444
60 475
60 576
60 584
60 748
60 831
60 858
60 940
60 996
61 79
61 122
61 359
61 391
61 534
61 622
61 675
61 772
61 997
62 189
62 286
62 327
62 417
62 560
62 629
62 650
62 724
62 864
62 880
63 100
63 128
63 291
63 297
63 443
63 502
63 666
63 706
63 872
63 942
64 251
64 362
64 408
64 467
64 605
64 670
64 810
64 854
64 902
65 202
65 307
65 317
65 352
65 411
65 441
65 447
65 494
65 498
65 595
65 621
65 658
65 756
65 838
66 74
66 222
66 325
66 340
66 407
66 480
66 558
66 725
66 747
66 799
67 105
67 258
67 371
67 420
67 434
67 457
67 484
67 518
67 546
67 670
67 776
67 886
67 973
68 99
68 122
68 180
68 363
68 434
68 438
68 538
68 540
68 580
68 623
68 628
68 647
68 693
68 769
68 806
68 833
68 930
69 195
69 258
69 408
69 528
69 651
69 765
69 818
69 846
69 852
69 959
69 977
70 120
70 252
70 294
70 374
70 389
70 573
70 587
70 612
70 641
70 676
70 691
70 720
70 774
70 801
70 885
70 908
71 153
71 161
71 211
71 267
71 391
71 620
71 637
71 710
71 889
71 894
71 916
72 149
72 188
72 253
72 293
72 365
72 409
72 421
72 460
72 523
72 592
72 721
72 805
72 879
72 906
72 938
72 959
72 976
73 142
73 182
73 401
73 424
73 468
73 496
73 503
73 595
73 633
73 694
73 839
73 954
74 104
74 187
74 491
74 602
74 661
74 675
74 686
74 690
74 872
74 955
75 109
75 142
75 214
75 237
75 268
75 364
75 382
75 385
75 404
75 417
75 448
75 450
75 528
75 646
75 666
75 671
75 718
75 739
75 866
75 980
75 986
76 327
76 429
76 466
76 492
76 660
76 687
76 711
76 859
76 904
77 144
77 175
77 250
77 306
77 324
77 511
77 520
77 567
77 648
77 685
77 768
77 845
77 864
77 951
78 201
78 273
78 297
78 501
78 647
78 700
78 725
78 858
79 136
79 165
79 292
79 347
79 417
79 504
79 512
79 552
79 573
79 657
79 668
79 746
79 757
79 868
79 910
79 928
80 103
80 190
80 219
80 335
80 346
80 473
80 538
80 562
80 881
80 900
80 923
80 975
81 120
81 123
81 143
81 167
81 296
81 362
81 389
81 407
81 505
81 547
81 638
81 663
81 706
81 719
81 771
81 797
81 866
81 911
82 153
82 159
82 218
82 306
82 372
82 422
82 427
82 526
82 530
82 565
82 587
82 695
82 697
82 718
82 856
82 861
82 951
82 972
82 987
83 171
83 405
83 408
83 439
83 538
83 678
83 747
83 845
83 930
84 89
84 106
84 233
84 252
84 392
84 546
84 594
84 688
84 698
84 903
84 924
85 118
85 166
85 210
85 245
85 343
85 360
85 556
85 601
85 618
85 673
85 690
85 704
85 749
85 873
85 995
86 119
86 200
86 230
86 250
86 288
86 335
86 352
86 560
86 638
86 659
86 698
86 713
86 718
86 756
86 788
86 790
86 812
86 847
86 903
86 953
87 272
87 303
87 550
87 562
87 654
87 780
87 828
87 883
87 906
87 929
88 97
88 309
88 316
88 478
88 481
88 700
88 807
88 949
88 960
88 984
89 91
89 103
89 222
89 333
89 361
89 402
89 409
89 414
89 428
89 502
89 567
89 598
89 679
89 790
89 916
89 998
90 147
90 163
90 195
90 200
90 205
90 225
90 292
90 322
90 330
90 331
90 510
90 536
90 565
90 578
90 733
90 734
90 738
90 754
90 777
91 156
91 202
91 307
91 419
91 443
91 470
91 681
91 688
91 709
91 826
91 841
91 884
91 899
92 99
92 106
92 217
92 261
92 560
92 704
92 721
92 766
93 105
93 142
93 590
93 632
93 635
93 643
93 975
93 1000
94 196
94 310
94 392
94 469
94 470
94 482
94 597
94 711
94 760
94 768
94 977
95 131
95 133
95 189
95 251
95 291
95 316
95 332
95 344
95 403
95 440
95 458
95 465
95 813
96 219
96 515
96 613
96 642
96 714
96 729
96 775
96 818
96 829
96 852
96 912
96 929
97 185
97 320
97 328
97 336
97 377
97 607
97 707
97 727
97 930
97 971
98 213
98 581
98 617
98 728
98 871
98 881
98 917
98 964
99 264
99 346
99 657
99 773
99 854
99 923
100 119
100 337
100 462
100 477
100 478
100 483
100 880
100 926
101 195
101 216
101 266
101 282
101 291
101 294
101 544
101 602
101 649
101 734
101 808
101 845
101 887
102 121
102 224
102 235
102 327
102 369
102 388
102 404
102 411
102 528
102 550
102 596
102 849
102 885
102 931
103 159
103 275
103 291
103 466
103 613
103 742
103 828
103 887
103 943
104 251
104 330
104 634
104 640
104 659
104 712
104 831
104 953
105 192
105 272
105 320
105 356
105 365
105 472
105 664
105 733
105 738
105 739
105 785
105 838
105 861
105 943
105 963
106 128
106 149
106 212
106 259
106 430
106 438
106 546
106 609
106 625
107 144
107 165
107 168
107 200
107 358
107 484
107 772
107 787
107 848
108 199
108 228
108 262
108 305
108 418
108 430
108 582
108 624
108 770
108 881
108 914
109 252
109 344
109 354
109 387
109 521
109 614
109 642
109 800
109 981
109 987
110 113
110 123
110 177
110 206
110 214
110 349
110 369
110 420
110 442
110 510
110 637
110 640
110 810
110 817
110 835
110 946
111 165
111 276
111 361
111 577
111 738
111 786
111 945
112 145
112 192
112 471
112 605
112 643
112 651
112 693
112 852
112 873
113 138
113 191
113 206
113 221
113 309
113 349
113 395
113 405
113 423
113 456
113 569
113 893
113 900
113 924
113 985
114 144
114 438
114 516
114 566
114 583
114 631
114 632
114 673
114 738
114 754
114 782
114 783
114 807
114 866
114 882
114 999
115 152
115 382
115 383
115 521
115 596
115 636
115 643
115 689
115 847
115 927
116 192
116 354
116 362
116 370
116 378
116 386
116 494
116 530
116 582
116 583
116 633
116 636
116 638
116 802
116 825
116 903
116 961
117 119
117 152
117 210
117 304
117 439
117 467
117 574
117 664
117 672
117 728
117 841
117 916
117 973
117 976
118 231
118 413
118 420
118 455
118 486
118 506
118 564
118 654
118 832
118 854
118 896
118 923
119 245
119 369
119 753
119 786
119 909
119 944
120 191
120 236
120 264
120 381
120 398
120 466
120 480
120 524
120 665
120 759
120 896
120 958
120 976
121 191
121 219
121 281
121 554
121 599
121 607
121 675
121 717
121 920
122 197
122 228
122 279
122 642
122 679
122 728
122 742
122 892
123 197
123 206
123 244
123 254
123 305
123 334
123 462
123 711
123 919
123 934
123 941
123 957
124 294
124 413
124 452
124 470
124 498
124 637
124 790
124 799
124 891
125 309
125 339
125 372
125 391
125 419
125 456
125 460
125 542
125 570
125 699
125 784
125 861
125 868
125 879
125 923
125 996
126 353
126 391
126 550
126 593
126 596
126 624
126 697
126 726
126 730
126 892
126 924
126 992
127 209
127 249
127 285
127 374
127 396
127 660
127 817
127 875
127 942
127 954
127 964
127 968
128 311
128 363
128 391
128 411
128 418
128 671
128 819
129 138
129 223
129 228
129 235
129 247
129 254
129 281
129 309
129 356
129 362
129 380
129 398
129 419
129 457
129 503
129 527
129 610
129 613
129 655
129 847
129 928
129 972
129 982
130 155
130 187
130 193
130 337
130 349
130 374
130 384
130 406
130 412
130 501
130 590
130 681
130 698
130 849
130 890
130 911
130 933
130 977
131 189
131 192
131 237
131 274
131 374
131 468
131 476
131 489
131 653
131 694
131 707
131 761
131 769
131 771
131 808
131 880
131 900
131 911
131 971
132 143
132 172
132 241
132 342
132 469
132 538
132 596
132 608
132 639
132 647
132 711
132 760
132 930
132 934
133 180
133 210
133 251
133 254
133 441
133 615
133 633
133 640
133 649
133 689
133 799
134 209
134 279
134 548
134 616
134 687
134 721
134 891
135 154
135 187
135 357
135 397
135 400
135 412
135 458
135 471
135 560
135 577
135 598
135 611
135 619
135 656
135 661
135 683
135 688
135 716
135 785
135 791
135 794
135 839
136 249
136 396
136 429
136 492
136 527
136 849
136 956
137 274
137 371
137 538
137 572
137 650
137 831
137 840
137 996
138 232
138 284
138 437
138 569
138 599
138 681
138 759
138 796
138 833
138 841
138 958
139 218
139 298
139 369
139 447
139 479
139 592
139 743
139 832
139 942
139 975
139 994
140 144
140 158
140 164
140 211
140 340
140 351
140 532
140 571
140 737
140 738
140 810
141 147
141 231
141 364
141 420
141 445
141 693
141 839
141 934
141 966
142 164
142 165
142 176
142 294
142 296
142 327
142 436
142 454
142 487
142 495
142 508
142 546
142 631
142 643
142 878
142 912
143 174
143 203
143 205
143 231
143 362
143 470
143 692
143 721
143 766
143 824
143 825
143 845
143 879
143 971
144 312
144 428
144 459
144 510
144 552
144 677
144 679
144 712
144 796
144 812
144 894
144 975
144 989
145 169
145 220
145 266
145 286
145 312
145 327
145 350
145 374
145 402
145 765
145 781
145 820
145 846
145 952
146 337
146 360
146 366
146 491
146 560
146 569
146 611
146 617
146 663
146 788
146 841
146 845
146 984
147 238
147 331
147 406
147 518
147 533
147 534
147 583
147 824
147 860
147 935
148 413
148 437
148 472
148 662
148 692
148 704
148 941
149 219
149 393
149 437
149 467
149 494
149 585
149 624
149 709
149 745
149 978
150 151
150 169
150 243
150 312
150 523
150 564
150 629
150 658
150 806
150 815
150 947
151 163
151 211
151 506
151 511
151 520
151 587
151 646
151 676
151 687
151 723
151 916
151 937
151 978
152 169
152 297
152 337
152 425
152 462
152 537
152 642
152 694
152 718
152 724
152 754
152 864
152 982
153 180
153 184
153 232
153 249
153 280
153 320
153 333
153 412
153 550
153 578
153 621
153 622
153 635
153 688
153 738
153 819
153 868
153 885
153 886
153 928
153 953
153 958
153 994
154 197
154 238
154 243
154 374
154 432
154 466
154 536
154 538
154 669
154 698
154 701
154 794
154 815
154 887
154 984
155 235
155 289
155 397
155 423
155 556
155 827
155 872
156 260
156 282
156 345
156 364
156 403
156 494
156 567
156 663
156 677
156 698
156 749
156 772
156 814
156 948
156 993
157 173
157 288
157 291
157 360
157 369
157 409
157 413
157 428
157 597
157 699
157 751
157 925
157 933
158 258
158 289
158 312
158 360
158 443
158 505
158 748
158 982
159 253
159 255
159 301
159 389
159 716
159 820
159 840
159 882
159 913
159 1000
160 263
160 327
160 353
160 447
160 469
160 551
160 583
160 602
160 611
160 691
160 741
160 917
160 947
160 986
161 172
161 327
161 430
161 449
161 518
161 551
161 564
161 635
161 661
161 714
161 862
161 894
161 910
161 917
161 922
161 953
162 244
162 248
162 263
162 310
162 320
162 383
162 407
162 553
162 562
162 620
162 824
162 846
162 861
163 216
163 337
163 339
163 384
163 472
163 540
163 579
163 620
163 724
163 810
164 248
164 301
164 305
164 403
164 485
164 559
164 563
164 625
164 689
164 724
164 893
164 928
164 960
165 266
165 300
165 396
165 421
165 431
165 563
165 622
165 742
165 801
165 822
165 899
166 198
166 330
166 413
166 437
166 453
166 464
166 565
166 580
166 793
166 930
167 239
167 248
167 375
167 379
167 395
167 452
167 480
167 569
167 727
167 751
168 325
168 655
168 674
168 701
168 756
168 770
168 773
168 838
168 871
168 872
169 234
169 296
169 376
169 443
169 463
169 507
169 572
169 636
169 874
169 917
169 951
170 303
170 307
170 350
170 366
170 503
170 603
170 633
170 710
170 716
170 726
170 773
170 796
170 872
171 272
171 296
171 372
171 399
171 454
171 499
171 795
171 800
171 808
171 894
171 914
171 942
171 963
172 260
172 301
172 344
172 371
172 454
172 458
172 463
172 651
172 663
172 667
172 688
172 727
172 763
172 901
172 954
173 180
173 187
173 231
173 355
173 378
173 387
173 424
173 447
173 580
173 805
173 835
174 296
174 458
174 462
174 598
174 607
174 794
174 833
174 911
174 915
174 944
174 983
175 189
175 204
175 229
175 335
175 343
175 376
175 586
175 611
175 749
175 798
175 993
176 194
176 216
176 308
176 403
176 472
176 543
176 651
176 694
176 739
176 768
176 785
176 872
176 898
176 959
177 186
177 197
177 203
177 224
177 279
177 369
177 407
177 526
177 532
177 559
177 613
177 678
177 816
177 875
177 879
178 332
178 414
178 492
178 539
178 561
178 581
178 592
178 705
178 731
178 741
178 831
178 852
178 853
178 913
178 936
179 335
179 427
179 436
179 579
179 714
179 843
179 922
179 951
180 300
180 368
180 403
180 525
180 637
180 735
180 877
180 915
180 952
180 998
181 192
181 289
181 449
181 595
181 677
181 832
181 881
181 892
181 957
181 962
182 250
182 262
182 274
182 380
182 413
182 549
182 595
182 635
182 692
182 706
182 712
182 768
182 805
182 829
182 833
182 914
183 252
183 253
183 318
183 371
183 398
183 460
183 462
183 488
183 570
183 710
183 723
183 750
183 812
184 253
184 544
184 768
185 200
185 328
185 444
185 465
185 474
185 520
185 535
185 657
185 698
185 749
185 768
185 791
185 805
185 812
185 835
185 892
185 930
185 931
185 989
186 201
186 237
186 285
186 325
186 476
186 492
186 515
186 521
186 592
186 610
186 662
186 728
186 799
186 949
186 976
187 479
187 543
187 544
187 584
187 683
187 734
187 758
187 794
187 796
187 810
187 828
187 835
187 924
188 193
188 333
188 503
188 524
188 557
188 668
188 713
188 785
188 884
188 907
188 933
189 207
189 212
189 289
189 543
189 584
189 688
189 819
189 838
190 346
190 494
190 546
190 768
190 833
190 862
190 873
190 972
190 983
191 236
191 364
191 438
191 595
191 664
191 686
191 793
191 846
191 903
191 928
191 954
192 246
192 284
192 637
192 792
192 859
192 876
192 906
192 932
192 946
193 194
193 209
193 312
193 314
193 324
193 344
193 411
193 472
193 517
193 554
193 709
193 848
193 972
194 203
194 254
194 328
194 352
194 490
194 572
194 574
194 578
194 592
194 608
194 670
194 692
194 808
194 868
194 923
194 949
195 242
195 342
195 393
195 503
195 579
195 627
195 983
196 219
196 241
196 282
196 319
196 442
196 596
196 742
196 802
196 882
196 917
196 981
197 223
197 240
197 241
197 302
197 333
197 365
197 429
197 498
197 570
197 641
197 870
197 879
197 885
197 910
197 973
198 215
198 232
198 242
198 386
198 412
198 471
198 505
198 506
198 607
198 627
198 651
198 739
199 235
199 313
199 390
199 407
199 454
199 483
199 550
199 604
199 623
199 762
199 771
199 785
199 841
199 876
200 357
200 419
200 456
200 489
200 528
200 603
200 728
200 729
200 781
200 837
200 865
200 869
200 922
200 973
201 376
201 447
201 756
201 871
201 898
202 210
202 247
202 343
202 382
202 473
202 493
202 689
202 792
202 798
202 909
202 970
202 982
203 239
203 362
203 363
203 450
203 491
203 500
203 622
203 660
203 670
203 674
203 900
204 283
204 408
204 557
204 687
204 723
204 763
204 769
204 861
204 888
204 965
204 977
205 311
205 323
205 447
205 480
205 528
205 534
205 552
205 654
205 749
205 923
205 989
206 222
206 333
206 357
206 506
206 584
206 686
206 708
206 723
206 820
206 870
207 209
207 284
207 378
207 382
207 396
207 524
207 564
207 640
207 644
207 777
207 846
207 900
208 470
208 494
208 544
208 591
208 635
208 645
208 655
208 860
209 218
209 221
209 233
209 280
209 384
209 466
209 548
209 597
209 644
209 710
209 764
209 835
209 865
210 227
210 253
210 327
210 360
210 461
210 559
210 846
210 873
210 888
210 898
210 912
211 233
211 288
211 294
211 371
211 403
211 419
211 443
211 451
211 494
211 544
211 735
211 772
211 823
211 868
211 876
211 897
212 217
212 254
212 275
212 344
212 382
212 408
212 491
212 519
212 526
212 581
212 712
212 810
212 827
212 876
212 882
212 948
212 962
212 967
212 984
213 276
213 386
213 557
213 577
213 691
213 708
213 731
213 775
213 889
213 899
213 915
213 916
213 967
214 218
214 357
214 624
214 632
214 729
214 743
214 758
214 777
214 900
214 931
214 954
214 959
215 345
215 351
215 620
215 830
215 831
216 297
216 493
216 511
216 587
216 639
216 875
216 918
217 243
217 274
217 409
217 649
217 745
217 814
217 936
218 342
218 344
218 487
218 499
218 519
218 635
218 641
218 712
218 824
218 982
219 243
219 300
219 354
219 394
219 553
219 574
219 588
219 613
219 633
219 697
219 757
219 848
220 330
220 347
220 407
220 442
220 449
220 521
220 578
220 592
220 633
220 831
220 844
220 846
220 1000
221 239
221 338
221 395
221 401
221 434
221 479
221 705
221 706
221 835
221 854
221 855
221 910
221 922
222 223
222 248
222 333
222 515
223 310
223 319
223 401
223 437
223 439
223 495
223 556
223 573
223 601
223 658
223 809
223 932
223 951
223 988
224 243
224 321
224 335
224 357
224 359
224 469
224 598
224 683
224 709
224 727
224 764
224 872
225 305
225 322
225 356
225 517
225 698
225 759
225 826
225 848
225 897
225 961
226 266
226 412
226 432
226 505
226 862
226 869
226 934
227 258
227 312
227 393
227 407
227 485
227 622
227 635
227 680
227 695
227 771
227 863
227 871
228 263
228 500
228 551
228 570
228 825
228 870
229 386
229 438
229 479
229 560
229 565
229 792
229 856
229 864
229 894
229 968
229 978
230 268
230 700
230 732
230 781
230 817
230 931
230 947
230 957
231 246
231 322
231 355
231 393
231 899
232 236
232 238
232 246
232 300
232 327
232 353
232 362
232 401
232 427
232 435
232 468
232 512
232 649
232 709
233 310
233 582
233 671
233 725
233 816
233 829
233 879
233 928
233 934
233 939
233 942
233 966
233 972
233 996
234 279
234 321
234 422
234 440
234 500
234 607
234 639
234 675
234 703
234 712
234 734
234 801
234 827
234 865
234 939
235 291
235 377
235 451
235 596
235 650
235 652
235 706
235 767
235 837
235 852
235 930
235 963
236 297
236 311
236 412
236 513
236 656
236 678
236 741
236 749
236 758
236 801
236 925
237 323
237 334
237 335
237 361
237 369
237 474
237 642
237 670
237 771
237 792
237 796
237 797
237 813
237 945
238 280
238 314
238 733
238 756
238 779
238 885
238 900
238 911
238 926
238 973
239 359
239 374
239 408
239 443
239 469
239 487
239 516
239 556
239 925
239 932
239 953
240 358
240 370
240 598
240 767
240 894
240 954
241 317
241 438
241 538
241 712
241 862
241 871
241 998
242 319
242 351
242 363
242 393
242 431
242 458
242 539
242 560
242 562
242 602
242 674
242 682
242 705
242 736
243 265
243 326
243 617
243 648
243 746
243 823
243 934
243 972
244 280
244 281
244 309
244 369
244 405
244 442
244 449
244 462
244 582
244 656
244 657
244 686
244 724
244 956
244 972
244 993
244 994
245 297
245 364
245 541
245 673
245 694
245 695
245 703
245 764
245 893
245 965
246 304
246 459
246 477
246 590
246 749
246 823
246 927
247 310
247 475
247 495
247 701
247 832
247 897
247 912
247 951
248 324
248 337
248 447
248 691
248 852
248 981
248 985
249 276
249 460
249 524
249 528
249 536
249 546
249 559
249 784
249 804
249 861
249 980
250 251
250 278
250 312
250 359
250 397
250 462
250 463
250 487
250 546
250 569
250 602
250 646
250 650
250 739
250 859
250 860
250 886
250 927
250 944
251 370
251 394
251 405
251 444
251 511
251 830
252 254
252 517
252 626
252 823
252 837
252 1000
253 343
253 391
253 539
253 545
253 605
253 618
253 649
253 864
253 936
253 937
254 342
254 360
254 383
254 462
254 467
254 481
254 533
254 552
254 607
254 641
254 654
254 681
254 709
254 760
254 819
254 854
254 940
255 271
255 438
255 590
255 631
255 674
255 757
255 873
256 276
256 376
256 411
256 559
256 733
256 834
256 910
256 951
257 288
257 358
257 389
257 557
257 577
257 668
257 676
257 746
257 749
257 763
257 892
258 504
258 518
258 677
258 715
258 757
258 889
258 966
258 994
259 301
259 449
259 480
259 488
259 581
259 602
259 653
259 687
259 794
259 819
259 909
259 930
259 937
259 939
260 643
260 644
260 733
260 741
260 758
260 818
260 951
260 961
260 990
261 293
261 500
261 508
261 526
261 714
261 723
261 732
261 874
261 927
261 929
261 974
262 328
262 399
262 411
262 494
262 509
262 548
262 861
262 878
262 927
262 944
262 987
262 998
263 505
263 538
263 670
263 797
263 798
263 929
264 282
264 286
264 314
264 346
264 365
264 376
264 398
264 413
264 558
264 600
264 653
264 783
264 784
264 792
264 858
264 898
264 906
265 294
265 385
265 512
265 577
265 659
265 673
265 714
265 733
265 742
265 836
265 857
265 860
265 880
265 909
265 912
266 268
266 312
266 616
266 679
266 763
266 810
266 848
266 857
266 860
266 864
266 944
266 989
267 329
267 337
267 367
267 549
268 283
268 358
268 449
268 699
268 744
268 760
268 762
268 814
268 856
268 868
268 875
269 297
269 298
269 325
269 431
269 488
269 524
269 546
269 637
269 693
269 811
269 952
270 403
270 695
270 757
270 793
270 868
271 383
271 456
271 519
271 674
271 744
271 821
271 918
271 950
272 298
272 344
272 457
272 544
272 628
272 731
272 868
272 977
272 980
273 276
273 414
273 423
273 452
273 455
273 471
273 499
273 595
273 789
273 852
273 948
274 277
274 398
274 414
274 479
274 495
274 540
274 608
274 691
274 739
274 782
274 912
274 946
275 289
275 552
275 675
275 742
275 778
275 830
275 834
275 896
275 907
276 318
276 352
276 357
276 416
276 481
276 548
276 561
276 584
276 647
276 703
276 716
276 727
276 737
276 760
276 820
276 847
276 954
276 982
277 285
277 414
277 489
277 515
277 581
277 687
277 769
277 836
277 888
277 912
277 963
277 971
277 993
278 284
278 396
278 430
278 435
278 447
278 519
278 534
278 571
278 679
278 698
278 703
278 886
278 902
278 908
278 957
278 962
279 383
279 500
279 654
279 806
279 816
279 894
279 910
279 957
280 321
280 333
280 374
280 401
280 440
280 575
280 616
280 639
280 658
280 743
280 802
280 840
280 886
280 988
281 291
281 382
281 387
281 408
281 443
281 469
281 637
281 638
281 672
281 733
281 785
281 918
282 293
282 323
282 371
282 403
282 552
282 675
282 916
283 322
283 370
283 389
283 444
283 462
283 486
283 635
283 697
283 762
283 779
283 816
283 831
283 858
283 866
283 929
283 937
284 356
284 358
284 461
284 524
284 617
284 765
284 796
284 810
284 957
284 982
284 989
285 382
285 425
285 440
285 467
285 650
285 765
285 816
285 1000
286 827
286 833
286 953
286 1000
287 297
287 332
287 397
287 408
287 531
287 735
287 760
287 792
287 900
287 929
287 960
287 966
287 991
288 481
288 504
288 505
288 557
288 734
288 875
288 974
288 988
289 322
289 327
289 365
289 425
289 440
289 623
289 661
289 858
289 896
290 490
290 560
290 687
290 852
290 916
290 917
290 945
291 401
291 451
291 677
291 704
291 735
291 789
291 812
291 854
291 861
291 972
292 334
292 359
292 532
292 760
292 784
293 334
293 355
293 415
293 482
293 646
293 664
293 703
293 936
294 374
294 415
294 461
294 554
294 669
294 701
294 708
294 742
294 764
294 943
294 949
294 950
295 373
295 453
295 465
295 545
295 607
295 677
295 780
295 870
295 946
295 962
295 968
296 303
296 350
296 356
296 359
296 375
296 473
296 489
296 535
296 570
296 613
296 720
296 746
296 826
296 989
297 419
297 430
297 492
297 522
297 634
297 799
297 835
297 850
297 945
298 302
298 309
298 335
298 401
298 414
298 427
298 456
298 615
298 755
298 795
298 802
298 804
298 809
298 845
298 908
299 361
299 402
299 506
299 521
299 580
299 599
299 647
299 710
300 399
300 418
300 461
300 464
300 498
300 506
300 558
300 581
300 624
300 631
300 678
300 735
300 987
301 340
301 406
301 579
301 633
301 637
301 732
301 817
301 830
301 863
301 875
301 914
301 922
301 935
302 304
302 317
302 322
302 514
302 637
302 713
302 793
302 855
303 308
303 337
303 353
303 455
303 480
303 503
303 523
303 548
303 665
303 847
303 916
303 924
304 364
304 394
304 600
304 664
304 718
304 767
304 784
304 884
304 907
305 311
305 342
305 405
305 610
305 631
305 713
305 716
305 767
305 903
306 469
306 535
306 585
306 607
306 615
306 750
306 852
307 436
307 438
307 456
307 465
307 501
307 695
307 702
307 753
307 837
307 930
308 335
308 371
308 430
308 510
308 544
308 610
308 730
308 804
308 854
308 999
309 516
309 687
309 791
309 932
309 991
310 492
310 513
310 548
310 616
310 699
310 823
310 897
310 962
311 344
311 490
311 553
311 574
311 596
311 640
311 651
311 790
311 798
311 984
312 374
312 409
312 558
312 769
312 781
312 845
312 936
313 371
313 394
313 397
313 715
313 758
313 785
313 789
313 803
313 839
314 329
314 561
314 587
314 888
314 896
314 929
314 971
314 996
315 354
315 486
315 501
315 694
315 771
315 899
315 929
315 977
316 344
316 349
316 465
316 486
316 660
316 694
316 789
316 828
316 965
317 327
317 485
317 538
317 621
317 638
317 708
317 915
317 951
318 393
318 612
318 673
318 695
318 790
318 899
318 908
318 937
319 323
319 375
319 422
319 441
319 503
319 832
319 839
319 985
320 411
320 507
320 703
320 844
320 871
320 882
320 885
320 924
321 372
321 508
321 531
321 552
321 582
321 599
321 676
321 802
321 901
321 933
321 938
322 741
322 749
322 760
322 836
322 858
322 892
323 395
323 407
323 506
323 549
323 673
323 770
323 785
323 832
323 913
323 914
323 954
324 449
324 456
324 532
324 547
324 717
324 774
324 915
324 948
325 332
325 374
325 453
325 499
325 634
325 870
325 899
325 960
325 973
325 994
326 521
326 628
326 888
326 941
326 969
327 356
327 379
327 404
327 424
327 521
327 707
327 731
327 840
327 843
327 863
328 364
328 506
328 558
328 571
328 619
328 660
328 662
328 747
328 820
328 891
328 971
329 417
329 486
329 514
329 665
329 762
329 765
329 808
329 926
329 959
329 968
329 982
329 987
329 992
330 337
330 419
330 442
330 486
330 570
330 662
330 746
330 876
330 889
330 988
331 354
331 371
331 496
331 502
331 534
331 670
331 760
331 900
331 917
331 943
331 945
331 958
331 960
332 463
332 512
332 652
332 682
332 712
332 751
332 808
332 835
333 462
333 539
333 577
333 641
333 795
333 829
334 369
334 419
334 428
334 527
334 558
334 561
334 605
334 641
334 719
334 848
334 881
334 980
334 1000
335 354
335 466
335 487
335 563
335 590
335 623
335 635
335 797
335 991
336 416
336 523
336 574
336 688
336 698
336 786
336 843
337 439
337 455
337 535
337 649
337 758
337 858
337 981
338 364
338 422
338 479
338 505
338 563
338 576
338 669
338 732
338 794
338 833
338 866
338 919
338 939
339 508
339 556
339 921
339 923
339 1000
340 353
340 422
340 426
340 504
340 547
340 552
340 599
340 607
340 656
340 755
340 840
340 872
340 954
340 956
340 993
341 429
341 500
341 529
341 639
341 646
341 662
341 727
341 751
341 792
341 811
341 918
342 372
342 483
342 534
342 553
342 619
342 711
342 782
342 816
342 827
343 416
343 518
343 625
343 792
343 889
343 893
343 897
343 935
344 436
344 582
344 608
344 623
344 757
344 874
344 907
344 985
345 352
345 400
345 438
345 466
345 621
345 634
345 637
345 656
345 676
345 726
345 920
346 395
346 554
346 684
346 714
346 815
346 922
346 962
347 525
347 557
347 818
347 861
347 919
347 991
348 353
348 403
348 451
348 452
348 569
348 585
348 589
348 716
348 805
348 862
348 981
349 354
349 492
349 660
349 775
349 839
349 879
349 899
350 402
350 410
350 424
350 461
350 660
350 751
350 787
350 836
350 870
351 369
351 660
351 699
351 701
351 739
351 893
352 477
352 508
352 526
352 575
352 610
352 621
352 768
352 804
352 919
353 663
353 694
353 775
353 792
353 811
353 843
353 900
353 949
354 670
354 725
354 955
355 394
355 550
355 661
355 678
355 684
355 779
355 813
355 823
355 837
355 923
356 440
356 481
356 554
356 766
356 795
356 912
357 403
357 405
357 610
357 623
357 739
357 769
357 901
358 405
358 411
358 448
358 476
358 487
358 566
358 795
358 833
358 876
358 884
358 956
358 980
359 379
359 410
359 452
359 478
359 486
359 520
359 556
359 600
359 628
359 691
359 703
359 707
359 906
359 965
360 404
360 444
360 482
360 563
360 803
360 836
360 869
360 892
360 941
360 982
360 985
361 407
361 536
361 619
361 661
361 712
361 797
361 834
361 849
361 884
361 905
362 416
362 482
362 564
362 602
362 630
362 788
362 789
362 802
362 823
362 830
363 492
363 585
363 609
363 678
363 727
363 790
363 892
364 580
364 724
364 728
364 744
364 836
364 977
365 559
365 561
365 570
365 571
365 852
365 911
365 914
366 386
366 398
366 508
366 519
366 666
366 693
366 708
366 857
366 880
366 960
367 425
367 564
367 571
367 681
367 739
367 923
367 925
367 975
368 447
368 536
368 580
368 643
368 647
368 763
368 793
368 851
368 869
368 887
368 945
369 443
369 489
369 542
369 649
369 728
369 829
369 843
369 898
370 389
370 534
370 611
370 805
370 923
370 925
370 998
371 407
371 412
371 546
371 748
371 877
371 890
371 957
371 976
372 442
372 522
372 690
372 739
372 741
372 837
372 997
373 496
373 661
373 692
373 877
374 455
374 501
374 502
374 570
374 694
374 790
374 874
374 981
375 492
375 918
375 990
376 420
376 493
376 527
376 537
376 545
376 619
376 689
376 715
376 756
376 848
376 920
376 996
377 606
377 612
377 613
377 801
377 847
377 955
377 983
377 995
378 523
378 526
378 528
378 584
378 594
378 618
378 695
378 817
378 852
378 914
378 945
379 737
379 748
379 858
379 882
379 960
380 514
380 580
380 634
380 695
380 725
380 769
380 808
380 937
380 964
380 986
381 494
381 515
381 528
381 641
381 791
381 855
381 931
381 943
381 980
382 404
382 486
382 606
382 626
382 697
382 754
382 755
382 946
382 981
383 462
383 505
383 621
383 656
383 678
383 720
383 905
383 973
384 531
384 538
384 714
384 819
384 939
384 973
385 450
385 551
385 632
385 645
385 767
386 387
386 426
386 541
386 597
386 642
386 666
386 686
386 697
386 699
386 718
386 785
386 904
386 908
387 397
387 517
387 546
387 582
387 710
387 746
387 800
387 829
387 850
388 488
388 489
388 578
388 600
388 860
388 931
389 434
389 469
389 508
389 548
389 614
389 683
389 690
389 797
389 897
389 983
390 400
390 408
390 511
390 539
390 593
390 698
390 904
390 963
391 490
391 518
391 650
391 654
391 655
391 701
391 931
391 983
392 409
392 422
392 502
392 507
392 563
392 704
392 719
392 724
392 997
393 527
393 546
393 628
393 658
393 697
393 736
393 874
393 902
393 980
394 436
394 569
394 632
394 797
394 850
394 925
394 940
395 600
395 698
395 730
395 764
395 862
395 930
395 943
395 957
395 982
396 427
396 481
396 694
396 740
396 828
396 877
396 982
397 561
397 619
397 641
397 809
397 945
397 971
398 431
398 448
398 670
398 727
398 839
398 856
399 404
399 492
399 552
399 675
399 712
399 720
399 909
399 925
399 965
399 972
400 424
400 440
400 676
400 725
400 823
400 829
400 910
401 435
401 473
401 677
401 701
401 738
401 781
401 907
401 989
402 459
402 467
402 563
402 615
402 673
402 687
402 850
402 931
402 955
402 971
402 992
403 578
403 646
403 724
403 801
403 856
404 410
404 424
404 449
404 702
404 763
404 768
404 922
404 930
404 958
405 443
405 544
405 794
405 879
406 522
406 560
406 679
406 769
406 770
406 821
406 908
407 555
407 585
407 749
407 918
407 966
407 979
408 459
408 519
408 581
408 601
408 649
408 682
408 861
408 908
408 910
408 973
409 442
409 482
409 502
409 642
409 703
409 773
409 948
409 958
409 995
410 451
410 470
410 475
410 660
410 669
410 881
410 902
410 953
411 539
411 542
411 574
411 685
411 689
411 814
411 863
412 453
412 483
412 568
412 737
412 745
412 758
412 973
413 423
413 446
413 497
413 560
413 606
413 688
413 721
413 738
413 760
413 801
413 906
413 932
413 941
414 426
414 568
414 652
414 716
414 738
414 741
414 763
414 853
414 888
414 905
414 935
414 939
414 981
415 640
415 826
415 863
415 892
415 988
415 999
416 653
416 703
416 707
416 762
416 793
416 804
416 916
416 938
417 419
417 437
417 443
417 472
417 488
417 713
417 753
417 759
417 912
418 459
418 506
418 547
418 749
418 784
418 836
418 869
418 937
418 989
419 432
419 544
419 561
419 627
419 819
419 951
420 439
420 489
420 595
420 600
420 632
420 690
420 707
420 720
420 755
420 977
421 441
421 560
421 834
421 866
421 877
422 425
422 572
422 730
422 750
422 773
422 851
422 864
423 468
423 619
423 654
423 840
424 432
424 451
424 561
424 579
424 673
424 749
424 819
424 836
424 931
425 641
425 861
425 934
425 950
425 986
426 520
426 529
426 860
426 927
426 950
426 951
427 443
427 499
427 525
427 641
427 675
427 740
427 813
427 860
427 873
428 741
428 769
428 876
428 925
428 946
429 561
429 593
429 604
429 787
429 798
429 813
430 535
430 565
430 656
430 741
430 746
430 807
430 900
431 593
431 804
431 805
431 849
431 973
432 472
432 486
432 515
432 587
432 674
432 682
432 763
432 808
432 916
432 923
433 485
433 554
433 586
433 621
433 796
433 848
433 894
433 946
434 459
434 541
434 587
434 637
434 652
434 662
434 678
434 752
434 784
434 849
434 857
434 975
435 542
435 673
435 685
435 699
435 718
435 771
436 725
436 840
436 843
436 849
436 895
437 597
437 702
437 736
437 782
437 846
438 601
438 602
438 634
438 640
438 729
438 902
439 483
439 516
439 598
439 693
439 756
439 805
439 832
439 914
440 465
440 478
440 618
440 634
440 702
440 758
440 871
440 981
441 450
441 462
441 472
441 481
441 540
441 590
441 619
441 719
441 773
441 788
441 829
441 832
441 913
441 928
441 942
442 500
442 667
442 680
442 726
442 882
443 491
443 563
443 627
443 630
443 671
443 767
443 784
443 808
443 907
443 913
444 485
444 629
444 662
444 710
444 781
444 782
444 954
444 960
445 455
445 657
445 717
445 724
445 877
445 886
445 934
446 477
446 507
446 511
446 575
446 615
446 758
446 775
446 879
446 936
446 978
446 985
446 987
447 568
447 598
447 619
447 713
447 735
447 793
447 867
447 891
448 670
448 795
448 875
448 877
449 608
449 663
449 880
449 901
450 522
450 540
450 569
450 573
450 627
450 841
450 876
450 902
450 953
451 463
451 527
451 570
451 650
451 785
451 799
451 865
452 546
452 645
452 707
452 861
452 876
453 485
453 579
453 590
453 657
453 661
453 789
453 839
453 863
454 459
454 538
454 569
454 669
454 784
454 832
454 842
454 881
454 916
454 985
455 499
455 544
455 583
455 664
455 668
455 747
455 899
456 536
456 601
456 843
456 937
456 944
457 516
457 520
457 619
457 676
457 780
457 802
457 844
457 982
458 524
458 671
458 688
458 689
458 883
458 930
459 581
459 635
459 864
459 887
459 942
460 582
460 611
460 697
460 732
460 882
460 982
461 476
461 501
461 544
461 554
461 628
461 632
461 634
461 667
461 676
461 690
461 699
461 704
461 718
461 957
461 972
462 477
462 562
462 647
462 716
462 760
462 831
462 880
463 519
463 529
463 540
463 590
463 602
463 607
463 690
463 918
463 954
463 996
464 524
464 539
464 550
464 673
464 726
464 768
464 780
464 821
464 851
464 917
465 473
465 582
465 636
465 639
465 679
465 682
465 690
465 756
465 789
466 490
466 570
466 668
466 823
466 905
466 979
466 994
466 995
467 483
467 527
467 646
467 899
467 938
468 571
468 592
468 746
468 788
468 791
468 817
468 823
468 825
468 885
468 904
468 908
469 544
469 551
469 563
469 675
469 735
469 851
469 867
469 868
469 875
469 876
469 944
469 955
470 491
470 818
470 977
471 683
471 695
471 755
471 795
471 821
471 891
471 937
471 975
472 537
472 559
472 599
472 628
472 666
472 700
472 718
472 746
472 904
472 976
473 500
473 574
473 608
473 684
473 720
473 739
473 781
473 926
473 973
474 623
474 625
474 665
474 741
474 816
474 946
475 477
475 495
475 532
475 582
475 645
475 679
475 780
475 799
475 830
475 833
475 866
475 955
475 973
476 480
476 498
476 503
476 525
476 615
476 641
476 642
476 683
476 703
476 977
477 500
477 528
477 562
477 571
477 577
477 589
477 628
477 664
477 667
477 760
477 861
477 969
477 990
478 493
478 546
478 624
478 756
478 778
478 834
478 967
479 514
479 536
479 626
479 662
479 728
479 806
479 809
479 820
479 840
479 982
479 988
480 488
480 553
480 560
480 570
480 697
480 780
480 793
480 950
481 498
481 621
481 626
482 490
482 504
482 510
482 585
482 611
482 627
482 702
482 725
482 727
482 806
482 812
482 817
482 891
482 978
483 489
483 591
483 672
483 933
484 550
484 566
484 572
484 835
485 685
485 804
485 939
485 980
486 551
486 552
486 708
486 748
486 897
487 664
487 854
487 949
488 638
488 698
488 821
488 954
489 511
489 552
489 574
489 624
489 627
490 628
490 638
490 745
490 801
490 974
491 515
491 523
491 562
491 680
491 722
491 781
491 830
491 851
491 860
491 880
491 944
491 973
492 544
492 545
492 621
492 803
492 826
492 842
492 913
493 519
493 625
493 698
493 800
493 806
493 908
494 596
494 651
494 740
494 778
494 807
494 934
494 970
495 551
495 644
495 685
495 731
495 862
495 892
495 963
496 613
496 630
496 803
496 804
496 994
497 570
497 679
497 923
498 542
498 586
498 621
498 699
498 772
498 798
498 879
498 964
498 971
498 996
499 596
499 872
500 574
500 628
500 663
500 738
501 720
502 505
502 579
502 588
502 609
502 859
502 861
502 932
502 941
503 611
503 695
503 737
503 792
503 808
503 950
504 661
504 690
504 730
504 737
504 835
504 843
504 849
504 930
505 674
505 714
505 722
505 779
506 513
506 514
506 540
506 601
506 608
506 627
506 746
506 751
506 754
506 764
506 841
506 848
506 863
506 961
507 732
507 765
507 906
507 991
508 512
508 533
508 558
508 592
508 620
508 879
509 533
509 545
509 592
509 611
509 633
509 810
509 844
509 974
510 553
510 596
510 818
510 834
511 535
511 651
511 670
511 672
511 782
511 820
511 883
511 923
511 973
512 556
512 568
512 665
512 718
512 874
512 883
512 992
513 620
513 632
513 939
514 658
514 720
514 910
515 519
515 656
515 775
515 778
515 829
515 905
515 955
515 965
516 526
516 626
516 702
516 734
516 744
516 788
516 836
516 936
516 964
517 651
517 658
517 796
518 526
518 736
518 825
518 938
518 940
518 976
518 988
519 602
519 619
519 621
519 639
519 641
519 674
519 744
519 755
519 785
519 817
520 558
520 560
520 621
520 882
520 959
521 538
521 542
521 595
521 813
521 969
521 977
522 532
522 610
522 682
522 733
522 736
522 750
522 770
522 982
522 988
523 528
523 647
523 751
523 768
523 786
523 985
524 592
524 625
524 720
524 797
524 800
524 839
524 869
524 950
525 552
525 569
525 647
525 707
525 711
525 777
525 860
525 871
525 876
525 923
525 927
525 962
525 968
526 790
526 818
526 981
527 607
527 840
527 883
527 922
527 949
528 565
528 579
528 584
528 662
528 680
528 707
528 983
529 543
529 731
529 868
529 890
530 617
530 627
530 670
530 908
530 920
531 613
531 774
531 810
531 823
531 835
532 544
532 616
532 664
532 737
532 748
532 758
532 799
532 814
532 885
532 890
532 904
532 912
532 913
532 936
532 940
532 971
532 993
533 601
533 619
533 684
533 686
533 735
533 740
533 798
533 844
533 926
533 938
533 942
534 614
534 711
534 803
534 811
534 882
534 972
535 676
535 752
535 781
535 840
535 996
536 554
536 753
536 775
536 897
536 960
536 990
537 577
537 613
537 691
537 795
537 830
537 849
537 873
537 935
538 660
538 739
538 925
538 951
538 960
539 552
539 582
539 623
539 624
539 662
539 675
539 793
539 805
539 856
539 965
540 641
540 650
540 702
540 781
540 868
540 870
540 959
541 585
542 564
542 637
542 640
542 767
542 947
542 964
543 610
543 665
543 722
543 891
543 989
544 696
544 729
544 769
544 792
544 805
544 851
544 863
544 914
545 802
545 958
546 561
546 658
546 692
546 788
546 904
546 906
547 645
547 671
547 801
547 827
547 858
547 933
548 557
548 561
548 696
548 699
548 722
548 764
548 878
548 900
548 913
549 589
549 607
549 807
549 834
549 848
550 579
550 611
550 636
550 638
550 672
550 823
550 971
551 728
551 908
551 956
551 993
552 746
552 770
552 796
552 801
552 841
552 962
552 965
553 558
553 690
553 699
553 706
553 768
553 793
553 907
553 978
553 983
553 990
554 663
554 666
554 687
554 698
554 949
555 654
555 674
555 728
555 746
555 852
555 856
555 874
556 601
556 604
556 642
556 662
556 739
556 758
556 822
556 824
556 826
556 846
556 848
556 978
556 986
557 581
557 623
557 662
557 730
557 793
557 903
558 575
558 692
558 716
558 756
558 802
559 633
559 662
559 768
559 779
559 852
559 992
560 681
560 780
560 889
560 954
560 962
560 982
560 989
561 580
561 588
561 632
561 755
561 762
561 808
561 884
561 900
561 944
561 993
562 573
562 636
562 790
562 791
562 965
563 853
563 900
564 581
564 599
564 679
564 745
564 958
565 607
565 609
565 735
565 867
565 948
566 709
566 753
567 619
567 761
567 786
567 796
567 813
567 867
568 611
568 694
568 766
568 883
568 899
569 798
569 820
569 938
570 743
570 854
570 908
570 998
571 767
571 787
571 803
571 832
571 959
572 767
572 903
572 949
573 672
573 723
573 752
573 762
573 778
573 820
573 883
573 936
574 651
574 733
574 741
574 788
574 896
574 915
575 619
575 682
575 699
575 718
575 929
576 587
576 588
576 720
576 729
576 952
576 992
577 592
577 712
577 836
577 842
577 878
577 914
577 999
578 787
578 803
578 832
578 885
578 888
579 668
579 780
579 910
580 602
580 805
580 840
580 929
580 973
581 863
581 968
581 982
582 588
582 697
582 768
582 802
582 888
582 906
582 935
582 975
582 990
583 600
583 670
583 742
583 925
584 588
584 740
584 761
584 781
584 807
584 947
585 877
585 940
586 607
586 661
586 709
586 742
586 749
586 844
586 892
586 936
586 968
586 973
587 639
587 649
587 728
587 797
587 926
587 945
588 656
588 688
588 699
588 783
588 791
588 812
588 853
588 872
588 957
588 979
588 987
589 617
589 653
589 810
589 924
589 978
589 995
590 607
590 758
590 989
590 990
591 711
591 754
591 763
592 744
592 775
592 776
592 826
592 837
592 861
592 880
593 658
593 714
593 735
593 792
593 974
594 608
594 765
594 799
595 605
595 607
595 642
595 645
595 723
595 839
595 957
596 626
596 735
596 738
596 768
596 778
596 845
596 892
596 943
596 982
597 758
597 803
597 877
597 957
598 721
598 751
598 753
598 830
598 885
598 903
598 934
598 991
599 649
599 718
599 760
599 990
600 613
600 796
600 870
600 922
601 700
601 744
601 880
601 882
601 957
602 701
602 784
602 840
602 857
602 937
602 978
602 994
603 622
603 657
603 675
603 685
603 754
603 787
603 789
603 857
603 895
604 876
605 1000
606 728
606 729
607 768
607 790
607 900
607 999
608 611
608 624
608 673
608 675
608 678
608 774
608 776
608 782
608 836
608 847
608 932
608 966
609 729
609 783
610 718
610 770
610 807
610 852
611 668
611 709
611 847
611 860
611 933
611 942
611 950
612 619
612 860
613 711
613 725
613 756
613 762
613 940
614 615
614 647
614 726
614 958
615 666
615 697
615 768
615 904
615 939
615 980
615 992
616 823
616 899
616 991
617 703
617 718
617 730
617 891
617 989
618 730
618 847
618 964
619 964
620 636
620 747
620 754
620 784
620 977
621 646
621 869
621 987
622 711
622 783
622 881
622 900
622 946
622 970
623 663
623 665
623 684
623 751
623 813
623 861
623 972
624 628
624 644
624 731
624 786
624 869
624 977
625 630
625 725
625 988
626 716
626 900
626 932
626 946
626 964
627 659
627 783
627 836
627 873
627 874
627 929
628 635
628 825
628 879
628 940
629 632
629 686
629 693
629 696
629 760
629 831
630 659
630 736
630 805
630 849
630 850
630 984
631 940
632 697
632 868
632 872
633 718
633 731
633 783
633 828
633 922
634 685
634 850
634 871
634 941
634 973
635 639
635 656
635 669
635 704
635 715
635 751
635 782
635 816
636 639
636 736
636 825
636 843
636 854
636 949
636 982
637 657
637 735
637 784
637 850
637 874
638 668
638 881
639 670
639 688
639 717
639 759
639 823
639 838
640 732
640 737
640 821
640 915
640 942
641 747
641 792
641 978
642 697
642 816
642 955
642 969
643 751
643 909
643 919
644 725
644 738
644 782
645 691
645 817
645 940
646 678
646 737
646 744
646 784
647 654
647 759
647 790
647 903
647 906
647 913
648 699
648 942
649 804
649 823
649 838
650 681
650 801
650 874
651 658
651 659
651 738
651 800
651 914
652 703
652 790
652 963
653 861
654 682
654 847
654 849
654 968
655 677
655 735
655 748
655 765
655 819
655 827
655 882
655 897
655 926
656 776
656 783
656 856
656 869
656 913
657 690
657 742
657 906
657 910
657 953
658 696
658 748
658 752
658 872
658 939
659 769
659 885
659 920
660 674
660 683
660 701
660 703
660 724
660 725
660 862
660 890
661 761
661 824
661 905
661 948
661 953
662 737
662 752
662 803
662 883
663 687
663 743
663 767
663 794
663 811
663 814
663 826
663 863
663 924
663 993
664 689
664 847
664 871
664 899
664 981
664 985
665 704
665 798
665 876
665 878
665 893
665 955
665 999
666 733
666 759
666 848
666 920
667 695
668 771
668 815
668 833
668 837
668 914
668 980
668 987
669 869
669 955
670 742
670 746
670 800
670 877
670 965
671 675
671 742
671 807
671 808
671 833
671 853
671 887
671 896
671 941
672 694
672 723
672 749
672 834
672 933
673 678
673 687
673 768
673 789
675 790
675 825
675 871
676 687
676 693
676 727
676 794
676 899
676 1000
677 810
677 984
678 809
678 944
678 961
679 763
679 878
680 691
680 705
680 723
680 725
680 760
680 808
680 810
681 768
681 778
681 836
681 982
682 787
682 963
683 697
683 756
683 759
683 866
683 888
684 765
684 880
685 753
685 814
685 840
686 757
686 860
686 902
686 967
687 691
687 711
687 753
687 864
687 963
688 741
688 809
688 881
688 904
689 845
689 880
690 792
690 823
690 843
690 935
691 904
691 945
691 955
692 700
692 721
692 738
692 752
692 804
692 860
692 942
692 965
693 774
693 797
694 783
695 877
695 1000
696 790
696 819
696 977
697 771
697 776
697 912
698 748
698 775
698 795
698 863
698 889
698 921
698 928
698 965
698 988
699 862
699 951
699 958
699 968
700 810
700 847
701 756
701 757
701 772
701 856
701 935
701 941
702 717
702 944
703 741
703 858
703 912
704 721
704 734
704 787
704 831
704 917
705 756
705 790
705 798
705 843
705 886
705 906
705 946
705 997
706 762
706 865
706 929
706 942
706 986
707 754
707 761
707 855
707 926
708 846
708 906
708 917
709 717
709 891
709 915
709 920
709 1000
710 908
710 968
711 906
711 949
712 730
712 793
712 939
712 976
713 780
713 791
713 839
713 927
713 930
713 948
713 982
713 988
714 839
714 864
714 942
714 993
715 769
715 824
715 838
715 862
715 872
715 884
715 890
715 933
716 718
716 755
716 792
716 892
716 996
717 770
717 778
717 782
717 787
717 906
718 719
718 747
718 765
718 912
718 964
718 966
718 979
720 738
720 777
720 786
720 981
722 785
722 884
723 724
723 737
723 789
723 869
723 874
723 941
724 747
725 803
725 898
726 814
726 857
726 901
727 815
727 897
727 934
727 955
728 763
728 770
728 772
728 788
728 927
729 810
729 834
729 961
730 741
730 766
730 792
731 750
731 825
731 827
731 938
732 740
732 743
732 810
732 900
732 904
733 799
733 820
733 876
733 883
734 792
734 828
734 844
734 899
734 926
735 808
735 914
735 987
736 896
736 902
736 906
737 756
737 765
737 814
737 898
737 983
737 988
738 771
738 841
738 976
738 988
738 994
739 744
739 950
740 867
741 791
741 808
741 809
741 844
741 897
741 994
742 770
742 833
743 836
744 899
744 945
745 786
745 802
745 810
745 890
745 909
746 836
746 873
746 891
746 895
746 922
747 785
747 790
747 801
747 813
747 914
747 994
748 777
748 781
748 857
748 865
748 879
748 883
749 762
749 790
749 870
749 943
749 944
749 947
750 840
750 871
750 950
751 780
752 796
753 838
753 864
753 883
754 816
754 828
754 858
754 943
754 958
755 813
755 847
755 865
755 890
755 925
756 803
756 850
756 885
756 897
756 938
757 895
758 777
758 958
759 809
759 908
760 769
760 798
760 897
761 835
761 843
761 918
761 974
762 768
762 818
762 994
763 786
763 801
763 840
763 856
763 938
763 983
764 782
764 816
764 821
764 860
764 914
764 945
765 834
765 853
765 865
765 995
766 768
766 831
766 840
766 841
766 929
767 831
767 926
767 941
767 958
768 779
768 864
768 865
768 908
768 916
768 953
769 825
769 851
769 927
769 934
769 987
770 789
770 990
770 999
771 808
771 863
771 865
771 899
771 981
772 860
772 998
773 867
773 936
773 962
774 838
774 935
775 808
775 911
775 922
776 981
777 798
777 906
778 788
778 815
778 962
779 851
779 971
780 886
780 900
781 926
782 925
783 790
783 906
783 979
785 811
785 867
785 884
786 886
787 806
787 824
787 923
787 997
788 991
789 887
789 931
789 993
790 796
790 811
790 879
791 803
791 832
791 913
791 970
792 823
792 826
792 827
792 859
792 957
793 872
793 997
794 834
795 826
795 832
795 901
795 933
796 831
796 861
796 930
797 803
797 889
798 863
798 960
799 952
800 852
801 818
801 949
801 995
801 999
802 896
802 901
803 820
803 858
803 970
804 939
804 980
804 995
805 970
805 996
806 948
806 966
807 836
807 869
807 922
807 988
808 915
808 929
808 995
808 998
809 991
811 890
811 992
811 995
812 845
813 825
813 838
813 865
813 867
814 903
814 964
814 972
814 988
815 863
815 881
815 909
815 944
815 948
816 824
816 862
816 943
817 822
817 862
817 975
818 917
819 919
820 828
820 852
820 959
821 849
821 880
821 936
821 938
822 837
822 853
822 883
822 899
824 836
824 874
824 963
825 859
825 922
825 940
826 889
826 895
826 963
826 995
827 866
827 897
827 904
828 871
828 959
828 987
829 906
829 937
829 983
830 842
830 873
831 890
831 909
831 931
831 962
831 968
831 985
832 850
832 916
833 841
833 882
833 883
833 905
833 983
834 854
835 850
835 949
836 885
836 886
836 907
836 909
837 969
837 977
838 845
838 851
838 886
838 981
839 861
841 849
841 888
841 917
841 961
841 980
842 956
842 973
843 944
844 878
844 913
844 1000
845 894
845 981
846 853
846 890
847 905
848 872
848 873
848 949
850 853
850 938
851 857
851 914
851 919
851 936
851 990
853 863
854 860
854 939
854 981
855 882
855 905
855 935
856 879
858 895
858 930
858 939
858 993
859 861
859 877
859 956
860 881
860 973
861 888
861 966
863 974
863 989
864 868
864 977
865 885
866 902
866 958
868 907
869 886
869 899
870 871
870 879
870 886
870 889
870 891
870 951
871 910
871 978
872 996
873 898
874 892
874 899
874 912
874 989
875 897
875 932
875 935
876 897
877 988
878 907
878 968
879 889
879 936
879 966
880 952
880 979
881 992
882 902
882 928
882 933
882 958
882 978
882 996
882 1000
883 971
885 933
886 891
886 958
887 934
888 940
888 943
888 957
888 961
889 895
889 973
894 897
894 943
897 988
898 952
898 973
898 978
899 990
899 998
900 932
901 915
901 967
901 970
901 989
903 953
903 993
904 907
904 961
905 931
905 940
906 957
907 931
907 940
907 976
907 993
908 911
908 980
909 917
909 922
909 985
916 948
916 967
917 918
917 933
918 956
919 936
919 972
922 930
922 950
922 970
922 978
923 954
924 967
925 970
926 944
926 967
928 991
929 941
930 988
931 935
934 935
935 993
936 974
936 998
937 957
937 999
938 957
938 970
938 981
938 987
940 953
941 963
941 997
942 949
942 962
942 963
942 994
943 964
944 975
945 986
948 997
949 953
949 965
950 964
952 962
952 997
953 966
953 981
954 965
954 980
956 961
957 961
957 990
959 988
963 976
965 969
968 988
971 998
978 980
978 999
979 989
979 1000
982 988
985 992
993 994
