1000 7069
1 118
1 134
1 188
1 195
1 287
1 315
1 388
1 427
1 465
1 530
1 810
1 841
1 903
1 927
1 946
1 1000
2 62
2 285
2 422
2 500
2 519
2 696
2 710
2 791
2 853
2 872
2 887
3 66
3 120
3 130
3 156
3 164
3 177
3 281
3 327
3 362
3 511
3 726
3 845
3 977
3 995
4 86
4 260
4 338
4 342
4 365
4 396
4 570
4 625
4 654
4 709
5 23
5 125
5 172
5 257
5 313
5 404
5 451
5 657
5 678
5 690
5 815
5 843
5 943
5 975
6 79
6 186
6 253
6 296
6 413
6 541
6 599
6 679
6 732
6 790
6 839
6 915
6 922
6 938
7 63
7 86
7 135
7 152
7 273
7 310
7 374
7 417
7 437
7 444
7 554
7 603
7 726
7 770
7 846
7 880
7 925
7 931
8 92
8 142
8 226
8 267
8 281
8 288
8 393
8 569
8 734
8 771
9 105
9 149
9 259
9 353
9 434
9 519
9 687
9 819
9 829
9 842
9 874
9 877
9 977
10 39
10 47
10 58
10 87
10 143
10 156
10 299
10 346
10 438
10 444
10 478
10 481
10 499
10 611
10 621
10 631
10 755
10 759
10 855
10 860
10 988
11 120
11 154
11 160
11 201
11 542
11 678
11 748
11 847
11 939
11 979
11 999
12 75
12 140
12 202
12 255
12 305
12 529
12 591
12 602
12 649
12 853
12 861
12 895
12 925
12 984
12 986
13 61
13 157
13 419
13 504
13 572
13 627
13 679
13 680
13 767
13 991
14 31
14 73
14 147
14 174
14 180
14 183
14 277
14 294
14 339
14 403
14 423
14 448
14 469
14 492
14 613
14 631
14 633
14 693
14 737
14 746
14 835
14 886
15 80
15 200
15 234
15 270
15 271
15 314
15 316
15 641
15 662
15 814
15 921
15 964
16 60
16 272
16 398
16 429
16 460
16 513
16 573
16 598
16 646
16 723
16 759
16 817
16 941
16 982
17 96
17 154
17 270
17 372
17 431
17 452
17 542
17 552
17 610
17 614
17 634
17 659
17 784
17 986
18 222
18 278
18 358
18 437
18 478
18 897
18 908
18 933
18 942
19 118
19 201
19 263
19 376
19 378
19 390
19 392
19 449
19 516
19 542
19 700
19 829
20 29
20 40
20 151
20 208
20 210
20 309
20 419
20 499
20 600
20 629
20 663
20 713
20 729
20 773
20 809
20 823
20 825
20 827
20 891
20 911
20 945
21 44
21 89
21 161
21 177
21 229
21 337
21 416
21 505
21 614
21 638
21 667
21 797
21 815
21 882
21 962
21 985
22 97
22 107
22 116
22 186
22 192
22 348
22 415
22 432
22 436
22 442
22 541
22 593
22 742
22 757
22 973
22 1000
23 29
23 39
23 76
23 87
23 121
23 129
23 246
23 281
23 332
23 351
23 428
23 449
23 475
23 484
23 802
23 835
23 958
23 990
23 993
24 69
24 103
24 136
24 151
24 280
24 347
24 614
24 630
24 713
24 794
24 804
24 822
24 848
25 217
25 305
25 369
25 378
25 412
25 576
25 616
25 637
25 705
25 729
25 745
25 781
25 801
25 809
25 859
26 77
26 113
26 129
26 137
26 182
26 192
26 225
26 255
26 271
26 402
26 454
26 459
26 485
26 535
26 719
26 725
26 738
26 770
26 856
26 911
27 45
27 170
27 221
27 317
27 327
27 384
27 408
27 412
27 526
27 559
27 834
27 959
28 59
28 145
28 158
28 170
28 172
28 224
28 405
28 407
28 497
28 682
28 701
28 705
28 796
28 839
28 903
29 190
29 204
29 213
29 408
29 461
29 578
29 664
29 785
29 832
29 951
29 963
29 988
30 187
30 218
30 251
30 282
30 289
30 494
30 518
30 567
30 578
30 636
30 671
30 710
30 843
30 909
31 98
31 107
31 224
31 701
31 791
31 853
31 901
32 49
32 208
32 281
32 446
32 470
32 532
32 545
32 679
32 690
32 800
32 887
33 71
33 84
33 325
33 476
33 670
33 776
33 799
33 845
33 900
33 902
34 44
34 51
34 211
34 276
34 338
34 376
34 378
34 414
34 449
34 482
34 494
34 544
34 892
34 934
34 941
34 996
35 116
35 156
35 292
35 303
35 314
35 326
35 632
35 918
35 941
35 997
36 85
36 122
36 251
36 315
36 336
36 493
36 650
36 727
36 827
36 969
37 63
37 66
37 115
37 129
37 189
37 260
37 293
37 303
37 315
37 406
37 454
37 466
37 475
37 517
37 553
37 591
37 633
37 634
37 674
37 808
37 919
37 945
37 992
38 71
38 132
38 283
38 315
38 482
38 580
38 718
38 781
38 875
38 877
38 999
39 123
39 159
39 185
39 212
39 365
39 445
39 463
39 525
39 552
39 576
39 648
39 786
39 795
39 907
39 943
40 86
40 265
40 408
40 423
40 453
40 548
40 654
40 655
40 690
40 696
40 707
40 724
40 848
40 858
40 895
41 101
41 120
41 140
41 335
41 394
41 458
41 489
41 565
41 711
41 751
41 859
42 68
42 150
42 169
42 261
42 294
42 322
42 340
42 345
42 353
42 434
42 461
42 490
42 492
42 493
42 660
42 779
42 795
42 805
42 899
43 56
43 95
43 102
43 193
43 270
43 351
43 450
43 592
43 607
43 742
43 800
43 900
44 46
44 94
44 150
44 169
44 258
44 311
44 362
44 376
44 539
44 552
44 588
44 607
44 674
44 710
44 748
44 825
44 877
44 940
44 986
44 991
44 999
45 267
45 292
45 328
45 392
45 418
45 436
45 442
45 536
45 556
45 652
45 662
45 668
45 724
45 734
45 917
45 948
45 972
46 101
46 111
46 123
46 137
46 247
46 262
46 388
46 392
46 400
46 446
46 568
46 625
46 628
46 714
46 730
46 786
46 788
46 789
46 864
46 884
46 943
46 965
47 63
47 106
47 131
47 182
47 188
47 193
47 227
47 303
47 321
47 325
47 420
47 540
47 596
47 625
47 694
47 719
47 943
48 178
48 252
48 321
48 388
48 399
48 421
48 425
48 527
48 605
48 606
48 609
48 628
48 694
48 754
48 811
48 961
48 980
49 70
49 321
49 329
49 363
49 367
49 372
49 392
49 415
49 469
49 518
49 531
49 620
49 673
49 722
49 841
49 886
49 899
50 78
50 167
50 374
50 443
50 477
50 524
50 555
50 653
50 690
50 739
50 819
50 975
51 100
51 123
51 153
51 198
51 253
51 316
51 317
51 342
51 753
51 770
51 819
51 827
51 839
51 862
51 893
51 911
52 138
52 203
52 297
52 314
52 341
52 387
52 436
52 523
52 602
52 683
52 704
52 763
52 769
52 838
53 168
53 205
53 295
53 307
53 382
53 407
53 468
53 512
53 710
53 947
54 161
54 164
54 281
54 289
54 291
54 300
54 333
54 352
54 504
54 604
54 621
54 656
54 681
54 817
54 832
54 941
54 968
54 975
54 991
55 66
55 94
55 342
55 438
55 454
55 502
55 651
55 725
55 803
55 824
56 142
56 258
56 263
56 292
56 315
56 354
56 396
56 434
56 442
56 554
56 599
56 705
56 752
56 940
56 961
57 171
57 340
57 390
57 499
57 545
57 547
57 552
57 637
57 651
57 701
57 705
57 783
57 820
57 871
57 939
57 949
58 152
58 241
58 309
58 496
58 568
58 698
58 699
58 710
58 791
58 881
58 889
59 126
59 162
59 279
59 290
59 337
59 408
59 414
59 461
59 523
59 786
59 792
59 817
59 818
59 877
59 1000
60 64
60 310
60 316
60 362
60 385
60 413
60 427
60 434
60 442
60 495
60 505
60 558
60 794
60 959
61 62
61 67
61 223
61 327
61 385
61 429
61 462
61 481
61 505
61 561
61 795
61 818
61 866
61 889
61 893
61 997
62 126
62 247
62 252
62 261
62 391
62 527
62 593
62 606
62 620
62 676
62 820
62 862
62 866
62 877
62 883
62 925
62 946
63 87
63 103
63 156
63 271
63 286
63 320
63 339
63 492
63 583
63 705
63 823
63 848
63 861
63 910
64 76
64 117
64 231
64 270
64 274
64 338
64 351
64 397
64 455
64 495
64 547
64 557
64 655
64 660
64 818
64 832
64 868
64 912
64 978
65 148
65 188
65 215
65 255
65 293
65 329
65 332
65 334
65 351
65 386
65 507
65 686
66 74
66 316
66 394
66 415
66 455
66 502
66 508
66 516
66 565
66 589
66 597
66 695
66 985
67 76
67 215
67 228
67 346
67 359
67 445
67 452
67 463
67 551
67 608
67 679
67 680
67 735
67 864
67 874
67 895
68 110
68 148
68 220
68 267
68 272
68 395
68 419
68 488
68 547
68 685
68 689
68 709
68 726
68 921
68 925
68 933
68 934
69 182
69 224
69 319
69 373
69 466
69 608
69 636
69 746
69 776
69 874
69 894
69 946
70 235
70 338
70 355
70 463
70 464
70 559
70 566
70 671
70 729
70 744
70 770
70 806
70 880
70 904
70 974
71 96
71 164
71 286
71 303
71 317
71 369
71 382
71 403
71 453
71 557
71 614
71 743
71 766
71 841
71 843
71 859
71 972
72 91
72 165
72 195
72 219
72 258
72 489
72 539
72 610
72 617
72 625
72 686
72 817
72 818
72 820
73 162
73 258
73 289
73 316
73 319
73 390
73 582
73 594
73 625
73 651
73 713
73 721
74 81
74 189
74 256
74 352
74 387
74 462
74 522
74 630
74 710
74 712
74 781
74 819
74 897
74 912
74 947
74 973
74 982
74 985
75 185
75 198
75 313
75 529
75 578
75 596
75 620
75 710
75 944
76 348
76 470
76 472
76 532
76 658
76 659
76 664
76 677
76 763
76 848
76 917
76 961
76 968
77 90
77 107
77 140
77 223
77 278
77 299
77 313
77 361
77 413
77 507
77 544
77 659
77 687
77 794
77 819
77 830
77 873
78 106
78 111
78 188
78 276
78 390
78 481
78 588
78 628
78 660
78 708
78 763
78 786
78 893
78 901
78 983
79 87
79 101
79 189
79 213
79 294
79 350
79 418
79 422
79 442
79 448
79 461
79 465
79 500
79 574
79 598
79 698
79 699
79 871
80 117
80 193
80 200
80 212
80 225
80 431
80 751
80 804
80 809
80 832
80 880
81 119
81 143
81 149
81 187
81 521
81 542
81 546
81 565
81 719
81 798
81 820
81 827
82 96
82 157
82 214
82 424
82 617
82 658
82 660
82 730
82 743
82 757
82 771
82 791
82 869
82 929
82 930
82 944
83 117
83 252
83 286
83 387
83 619
83 687
83 820
83 852
84 135
84 273
84 310
84 337
84 496
84 548
84 748
84 824
84 835
84 951
85 289
85 344
85 688
85 715
85 842
85 984
86 114
86 198
86 215
86 411
86 462
86 578
86 619
86 758
86 790
86 827
86 912
86 987
87 186
87 287
87 448
87 524
87 615
87 766
87 786
87 837
87 918
88 283
88 384
88 389
88 442
88 563
88 728
88 808
88 809
88 881
88 939
89 122
89 156
89 324
89 400
89 404
89 420
89 572
89 617
89 742
89 799
89 821
89 824
89 850
89 871
90 126
90 297
90 309
90 330
90 383
90 390
90 418
90 729
90 863
91 102
91 339
91 366
91 527
91 595
91 624
91 653
91 689
91 694
91 788
91 951
92 118
92 128
92 175
92 190
92 228
92 234
92 262
92 281
92 298
92 328
92 332
92 419
92 444
92 471
92 536
92 771
92 819
92 870
92 907
93 115
93 131
93 150
93 165
93 356
93 396
93 408
93 454
93 534
93 543
93 672
93 695
93 735
93 779
93 878
93 916
93 940
93 965
94 172
94 177
94 196
94 206
94 209
94 215
94 237
94 289
94 359
94 434
94 542
94 547
94 595
94 718
94 882
94 895
94 933
94 945
94 952
95 102
95 166
95 260
95 276
95 312
95 438
95 486
95 495
95 552
95 555
95 657
95 716
95 741
95 827
95 858
95 868
95 909
96 236
96 254
96 270
96 377
96 387
96 424
96 439
96 442
96 454
96 492
96 504
96 682
96 706
96 731
96 757
96 845
96 851
96 854
96 887
96 923
96 932
96 934
97 140
97 256
97 279
97 315
97 339
97 359
97 394
97 527
97 538
97 542
97 579
97 708
97 739
97 748
97 877
97 956
98 195
98 226
98 228
98 388
98 530
98 547
98 548
98 593
98 612
98 674
98 759
98 825
98 855
99 158
99 169
99 224
99 270
99 364
99 583
99 608
99 755
99 760
99 896
100 201
100 301
100 467
100 487
100 544
100 585
100 619
100 681
100 729
100 910
100 926
100 998
101 172
101 235
101 304
101 320
101 382
101 470
101 474
101 493
101 500
101 550
101 600
101 693
101 742
101 770
101 792
101 795
101 991
102 114
102 271
102 414
102 447
102 573
102 701
102 776
102 809
102 885
102 905
102 980
102 999
103 116
103 123
103 247
103 396
103 427
103 464
103 562
103 579
103 714
103 792
104 156
104 198
104 511
104 549
104 654
104 680
104 818
104 866
104 987
105 440
105 441
105 499
105 545
105 582
105 636
105 641
105 879
105 881
105 923
106 162
106 370
106 557
106 604
106 648
106 656
106 680
106 821
106 834
106 858
106 988
107 341
107 531
107 580
107 632
107 682
107 714
107 801
107 853
107 977
107 979
108 127
108 131
108 172
108 201
108 255
108 324
108 695
108 711
108 732
108 736
108 750
108 801
109 239
109 272
109 275
109 281
109 346
109 665
109 808
110 189
110 196
110 355
110 365
110 417
110 492
110 497
110 524
110 823
110 829
110 871
110 963
111 387
111 523
111 699
111 751
111 896
111 957
111 969
112 128
112 252
112 315
112 488
112 605
112 636
112 798
112 808
112 901
112 979
113 144
113 146
113 155
113 386
113 435
113 540
113 542
113 564
113 578
113 703
113 724
113 801
113 843
113 856
113 938
114 162
114 243
114 291
114 317
114 543
114 568
114 604
114 621
114 782
114 885
114 908
114 968
115 193
115 197
115 217
115 221
115 490
115 516
115 620
115 701
115 766
115 868
115 907
115 922
115 963
115 966
116 176
116 180
116 272
116 324
116 422
116 452
116 508
116 575
116 630
116 639
116 699
116 752
116 769
116 941
117 118
117 244
117 309
117 376
117 490
117 561
117 615
117 776
117 882
117 940
117 953
118 139
118 156
118 178
118 201
118 212
118 292
118 513
118 576
118 734
118 806
118 854
118 923
119 195
119 262
119 302
119 371
119 392
119 403
119 420
119 529
119 592
119 683
119 808
119 848
119 897
119 936
119 982
120 127
120 245
120 321
120 409
120 447
120 520
120 610
120 613
120 614
120 617
120 723
120 741
120 768
120 912
120 961
120 970
120 981
121 212
121 266
121 302
121 354
121 391
121 499
121 649
121 660
121 671
121 692
121 815
121 935
122 132
122 333
122 390
122 477
122 529
122 580
122 650
122 731
122 736
122 770
123 134
123 138
123 198
123 207
123 282
123 313
123 319
123 401
123 478
123 480
123 568
123 604
123 779
123 870
123 914
124 236
124 242
124 378
124 430
124 473
124 497
124 526
124 541
124 690
124 747
124 759
124 778
124 817
125 236
125 348
125 351
125 408
125 717
125 770
125 782
125 816
125 849
125 915
126 170
126 329
126 423
126 497
126 566
126 601
126 608
126 761
126 770
126 796
126 886
126 933
127 131
127 279
127 353
127 448
127 472
127 643
127 664
127 778
127 797
127 819
127 908
128 241
128 432
128 465
128 499
128 544
128 561
128 639
128 680
128 688
128 765
128 871
128 890
128 907
128 943
129 240
129 248
129 355
129 368
129 508
129 553
129 608
129 737
129 743
129 791
129 856
129 912
129 940
129 965
130 230
130 293
130 535
130 821
130 925
130 951
130 956
131 233
131 263
131 285
131 378
131 408
131 465
131 467
131 493
131 518
131 678
131 726
131 795
131 798
131 848
132 168
132 294
132 347
132 432
132 434
132 450
132 526
132 555
132 638
132 852
132 858
132 910
132 964
133 173
133 179
133 216
133 257
133 276
133 309
133 331
133 553
133 621
133 649
133 679
133 713
133 747
133 781
133 824
133 838
133 844
133 939
134 238
134 288
134 305
134 317
134 436
134 560
134 564
134 731
134 903
135 241
135 300
135 346
135 359
135 428
135 439
135 455
135 499
135 535
135 655
135 797
135 860
135 888
135 960
135 962
136 176
136 190
136 213
136 300
136 333
136 336
136 395
136 457
136 477
136 541
136 560
136 799
136 847
136 917
137 209
137 336
137 439
137 593
137 653
137 749
137 820
137 830
137 850
137 867
137 970
138 141
138 190
138 284
138 699
138 779
138 882
138 886
139 150
139 159
139 208
139 253
139 412
139 471
139 508
139 535
139 543
139 742
139 767
139 886
139 930
139 958
140 217
140 254
140 378
140 415
140 443
140 495
140 527
140 626
140 637
140 639
140 725
140 822
140 834
140 858
141 168
141 297
141 308
141 408
141 460
141 486
141 658
141 768
141 864
141 891
141 934
142 230
142 311
142 369
142 420
142 503
142 515
142 726
142 793
142 885
143 253
143 317
143 362
143 371
143 445
143 497
143 573
143 821
143 827
143 1000
144 321
144 361
144 379
144 488
144 623
144 650
144 845
144 877
144 892
144 955
144 996
145 150
145 165
145 187
145 299
145 422
145 455
145 558
145 796
145 847
145 926
145 955
146 325
146 334
146 409
146 440
146 549
146 582
146 584
146 611
146 619
146 745
146 761
146 913
146 916
147 298
147 301
147 334
147 349
147 425
147 441
147 529
147 642
147 649
147 792
147 889
147 899
148 207
148 242
148 343
148 380
148 524
148 548
148 615
148 632
148 673
148 839
148 922
149 157
149 166
149 225
149 331
149 513
149 609
149 956
149 970
149 974
150 153
150 161
150 332
150 344
150 354
150 372
150 404
150 443
150 486
150 622
150 676
150 728
150 789
150 801
150 809
150 859
150 883
150 955
151 210
151 256
151 319
151 411
151 659
151 792
151 844
152 262
152 270
152 315
152 450
152 566
152 676
152 732
152 780
152 809
152 823
152 852
152 902
153 368
153 377
153 530
153 547
153 566
153 595
153 662
153 692
153 696
153 865
153 876
153 965
154 208
154 217
154 221
154 253
154 288
154 369
154 372
154 408
154 474
154 542
154 547
154 574
154 634
154 681
154 816
154 855
154 947
155 156
155 161
155 227
155 249
155 266
155 332
155 355
155 379
155 470
155 540
155 669
155 676
155 713
155 768
156 285
156 362
156 490
156 491
156 575
156 613
156 631
156 676
156 720
156 745
156 778
156 799
156 811
156 890
156 977
156 980
157 188
157 263
157 371
157 385
157 386
157 419
157 514
157 522
157 591
157 593
157 609
158 179
158 262
158 295
158 402
158 444
158 452
158 562
158 570
158 633
158 785
158 811
158 948
158 968
159 215
159 222
159 456
159 473
159 529
159 666
159 708
159 788
159 807
159 890
160 175
160 271
160 408
160 516
160 544
160 557
160 592
160 607
160 641
160 651
160 689
160 970
160 997
161 190
161 248
161 481
161 508
161 624
161 705
161 808
161 829
162 177
162 346
162 366
162 603
162 647
162 668
162 698
162 771
162 774
162 814
162 822
162 908
163 206
163 262
163 301
163 355
163 396
163 444
163 514
163 650
163 658
163 661
163 766
163 797
163 905
164 333
164 628
164 679
164 704
164 874
164 905
164 990
164 995
165 255
165 316
165 473
165 480
165 661
165 706
165 716
166 303
166 628
166 684
166 704
166 711
166 996
167 325
167 585
167 598
167 600
167 660
167 781
167 841
167 938
168 190
168 250
168 452
168 456
168 570
168 633
168 710
168 728
168 754
168 792
168 816
168 848
168 919
168 940
168 955
169 204
169 235
169 290
169 355
169 574
169 582
169 596
169 732
169 922
169 938
169 948
170 261
170 284
170 430
170 463
170 611
170 839
170 974
170 979
171 413
171 420
171 471
171 546
171 557
171 572
171 579
171 716
171 774
171 861
171 1000
172 210
172 269
172 336
172 408
172 575
172 659
172 667
172 767
172 841
172 858
172 963
173 185
173 190
173 258
173 409
173 493
173 618
173 678
173 754
173 766
173 824
173 827
173 905
173 926
173 963
173 998
174 322
174 370
174 449
174 507
174 549
174 618
174 630
174 646
174 676
174 715
174 721
174 746
174 805
174 807
174 834
175 228
175 275
175 302
175 484
175 497
175 634
175 681
175 691
175 700
175 705
175 724
175 745
175 755
175 853
175 933
175 953
176 187
176 386
176 401
176 424
176 540
176 578
176 771
176 799
176 869
176 929
177 263
177 328
177 369
177 375
177 433
177 444
177 580
177 647
177 706
177 804
177 824
177 969
177 993
178 212
178 318
178 330
178 348
178 388
178 491
178 557
178 606
178 648
178 725
178 755
178 827
178 936
178 957
178 973
179 330
179 587
179 991
180 258
180 263
180 429
180 545
180 561
180 620
180 795
180 859
180 864
180 878
180 1000
181 191
181 401
181 414
181 441
181 468
181 495
181 518
181 596
181 809
181 891
182 194
182 216
182 231
182 249
182 461
182 482
182 647
182 660
182 662
182 672
182 706
182 751
182 766
182 974
183 227
183 403
183 427
183 443
183 466
183 485
183 518
183 542
183 600
183 617
183 626
183 690
183 807
183 854
183 877
184 205
184 239
184 252
184 253
184 312
184 360
184 441
184 615
184 786
184 788
184 834
185 225
185 410
185 427
185 568
185 583
185 699
185 733
185 809
185 815
185 980
186 202
186 226
186 239
186 339
186 418
186 574
186 579
186 606
186 609
186 778
186 858
186 869
186 871
186 909
186 988
187 313
187 393
187 463
187 488
187 607
187 703
187 863
187 891
188 336
188 669
188 671
188 766
188 768
188 776
188 793
188 846
188 891
188 977
189 287
189 482
189 506
189 556
189 599
189 661
189 682
189 694
189 758
189 882
190 314
190 365
190 447
190 599
190 677
190 727
190 886
191 241
191 309
191 348
191 480
191 555
191 858
191 897
191 957
192 220
192 242
192 249
192 304
192 321
192 323
192 341
192 469
192 633
192 842
192 849
192 857
192 893
192 896
192 970
192 972
192 989
193 604
193 885
193 891
193 956
193 966
194 353
194 482
194 517
194 662
194 810
194 823
194 875
194 902
194 963
194 971
195 310
195 508
195 512
195 714
195 718
195 758
195 772
195 809
195 827
195 935
195 952
196 345
196 348
196 380
196 436
196 508
196 586
196 666
196 690
196 905
196 938
196 976
197 213
197 327
197 461
197 515
197 544
197 697
197 698
197 796
197 820
197 853
197 894
197 927
197 961
197 974
198 215
198 252
198 342
198 445
198 535
198 595
198 662
198 799
198 817
198 821
198 876
198 907
198 957
199 301
199 320
199 351
199 541
199 602
199 666
199 700
199 792
199 802
199 805
200 267
200 344
200 424
200 537
200 621
200 640
200 746
200 753
200 762
200 819
200 835
201 277
201 309
201 690
201 721
201 833
201 857
201 860
201 966
202 315
202 460
202 596
202 671
202 691
202 793
202 942
203 313
203 329
203 416
203 471
203 568
203 579
203 604
203 627
203 684
203 830
203 891
203 996
203 998
204 205
204 295
204 321
204 334
204 612
204 773
204 858
204 941
205 290
205 293
205 378
205 418
205 585
205 592
205 807
205 919
205 991
206 356
206 404
206 424
206 442
206 445
206 449
206 526
206 611
206 662
206 888
206 916
206 956
206 968
207 321
207 379
207 383
207 406
207 425
207 493
207 589
207 719
207 732
207 738
207 773
207 775
208 286
208 329
208 374
208 422
208 423
208 429
208 542
208 633
208 644
208 729
208 757
208 891
208 897
208 903
208 915
208 983
208 987
209 210
209 222
209 249
209 456
209 525
209 603
209 714
209 718
209 762
209 800
209 906
209 953
210 218
210 238
210 374
210 597
210 630
210 730
210 983
211 218
211 268
211 427
211 434
211 455
211 511
211 525
211 650
211 685
211 792
211 797
211 933
211 952
211 957
211 998
212 222
212 320
212 328
212 437
212 511
212 523
212 560
212 582
212 663
212 685
212 686
212 766
212 915
212 934
212 982
212 987
213 292
213 318
213 325
213 362
213 445
213 912
213 920
213 953
213 961
214 232
214 411
214 418
214 533
214 677
214 706
214 812
214 893
214 939
214 969
215 332
215 351
215 356
215 445
215 511
215 531
215 655
215 671
215 692
215 778
215 796
215 906
216 272
216 280
216 339
216 345
216 558
216 590
216 637
216 751
216 766
216 823
216 960
217 295
217 328
217 349
217 372
217 468
217 537
217 573
217 711
217 742
217 863
217 878
217 935
217 955
218 489
218 511
218 620
218 635
218 697
218 719
218 735
218 895
218 896
218 975
219 265
219 278
219 303
219 345
219 377
219 401
219 416
219 657
219 689
219 920
220 420
220 459
220 512
220 554
220 717
220 757
220 836
220 856
220 927
221 349
221 371
221 447
221 494
221 518
221 633
221 781
221 913
221 941
222 267
222 317
222 358
222 452
222 458
222 541
222 558
222 637
222 704
222 730
222 964
222 980
223 233
223 609
223 739
223 933
223 970
224 411
224 441
224 469
224 566
224 661
224 839
224 902
224 954
224 997
225 261
225 265
225 416
225 450
225 547
225 628
225 699
225 780
226 233
226 320
226 482
226 533
226 585
226 760
226 886
226 910
227 256
227 276
227 380
227 457
227 667
227 827
227 944
228 378
228 427
228 434
228 448
228 463
228 570
228 637
228 688
228 737
228 765
228 827
228 858
229 246
229 269
229 580
229 665
229 781
229 947
230 326
230 345
230 434
230 501
230 568
230 585
230 646
230 666
230 710
230 807
230 899
230 931
230 940
230 966
231 317
231 338
231 528
231 640
231 669
231 713
231 960
232 541
232 626
232 644
232 726
232 727
232 808
232 867
232 941
233 365
233 424
233 508
233 572
233 755
233 832
233 864
234 339
234 425
234 492
234 514
234 770
234 784
235 240
235 269
235 312
235 394
235 490
235 527
235 580
235 624
235 701
235 884
235 888
235 901
236 258
236 408
236 566
236 607
236 625
236 718
236 728
236 733
236 762
236 769
236 780
236 856
237 255
237 353
237 389
237 631
237 662
237 788
237 794
237 828
237 893
237 977
238 282
238 378
238 399
238 422
238 568
238 608
238 637
238 670
238 690
238 731
238 735
238 997
239 264
239 285
239 330
239 349
239 457
239 475
239 662
239 675
239 676
239 680
239 787
239 826
239 912
239 987
240 264
240 287
240 378
240 476
240 485
240 507
240 601
240 603
240 636
240 900
240 903
240 944
241 280
241 342
241 353
241 390
241 412
241 549
241 609
241 650
241 680
241 715
241 816
241 916
241 966
241 969
242 251
242 257
242 353
242 371
242 495
242 575
242 591
242 615
242 716
242 725
242 739
242 777
242 849
242 897
243 254
243 381
243 423
243 425
243 450
243 470
243 610
243 714
243 741
243 750
243 764
243 901
243 945
244 285
244 319
244 320
244 339
244 388
244 478
244 485
244 601
244 614
244 630
244 756
244 763
244 782
244 802
244 862
245 286
245 344
245 362
245 365
245 468
245 552
245 614
245 718
245 812
245 966
246 467
246 484
246 491
246 494
246 522
246 544
246 599
246 705
246 802
246 936
247 263
247 266
247 318
247 372
247 384
247 501
247 556
247 585
247 631
247 638
247 798
247 889
248 319
248 355
248 374
248 410
248 544
248 633
248 719
248 736
248 765
248 771
248 869
248 920
248 997
249 275
249 307
249 397
249 425
249 507
249 541
249 603
249 675
250 258
250 454
250 457
250 594
250 597
250 661
250 731
250 765
250 803
250 856
250 907
250 961
250 970
250 973
250 979
250 993
251 435
251 475
251 581
251 608
251 884
251 894
251 904
252 478
252 495
252 518
252 633
252 708
252 743
252 841
252 908
253 282
253 299
253 397
253 500
253 545
253 578
253 601
253 603
253 659
253 740
253 866
254 306
254 362
254 399
254 404
254 466
254 548
254 562
254 581
254 659
254 662
254 698
254 885
255 292
255 418
255 471
255 476
255 503
255 543
255 636
255 674
255 755
255 890
255 922
256 310
256 331
256 358
256 401
256 406
256 535
256 620
256 630
256 692
256 818
256 893
256 939
256 998
257 274
257 577
257 630
257 665
257 678
257 857
257 892
257 903
257 987
258 279
258 330
258 349
258 515
258 606
258 705
258 752
258 839
258 993
259 276
259 460
259 512
259 609
259 990
260 289
260 415
260 479
260 491
260 538
260 558
260 594
260 702
260 745
260 790
260 808
260 812
260 862
261 428
261 482
261 708
261 742
261 766
261 769
261 814
261 827
261 910
261 967
261 988
262 354
262 393
262 432
262 503
262 590
262 607
262 714
263 423
263 568
263 676
263 679
263 681
263 707
263 762
263 764
263 792
263 820
263 845
263 946
263 967
264 280
264 496
264 760
264 768
264 816
264 838
264 850
264 899
264 917
264 941
265 364
265 396
265 430
265 464
265 473
265 551
265 800
265 836
266 401
266 463
266 485
266 534
266 540
266 587
266 667
266 738
266 808
266 832
266 888
266 907
267 334
267 410
267 462
267 945
267 968
268 337
268 459
268 569
268 581
268 584
268 694
268 745
268 891
268 971
268 982
269 321
269 357
269 411
269 444
269 456
269 481
269 569
269 665
269 740
269 758
269 911
270 297
270 364
270 396
270 403
270 534
270 624
270 722
270 726
270 744
270 834
270 866
270 881
270 900
270 926
271 295
271 442
271 506
271 572
271 743
271 765
271 820
271 931
272 328
272 332
272 345
272 513
272 562
272 690
272 711
272 883
272 939
272 966
272 996
273 324
273 523
273 643
273 683
273 750
273 856
273 893
273 955
274 284
274 289
274 327
274 376
274 415
274 439
274 510
274 539
274 541
274 663
274 788
274 848
274 894
274 937
274 940
275 296
275 319
275 336
275 418
275 558
275 650
275 770
275 875
275 949
275 988
276 321
276 327
276 332
276 334
276 348
276 360
276 478
276 535
276 557
276 619
276 873
277 291
277 478
277 630
277 757
277 768
277 774
277 880
277 937
278 310
278 446
278 452
278 521
278 525
278 595
278 644
278 695
278 758
278 796
278 933
278 981
279 302
279 391
279 421
279 498
279 644
279 739
279 818
279 834
279 982
280 340
280 501
280 648
280 682
280 770
280 846
280 990
281 422
281 490
281 576
281 678
281 854
281 891
282 331
282 423
282 429
282 444
282 498
282 513
282 546
282 936
283 421
283 622
283 673
283 682
283 716
283 860
283 920
283 947
283 983
283 993
284 357
284 416
284 421
284 434
284 457
284 466
284 528
284 592
284 692
284 766
284 784
284 841
284 979
285 372
285 466
285 477
285 579
285 611
285 645
285 650
285 666
285 690
285 760
285 868
285 918
285 946
285 989
285 1000
286 298
286 348
286 447
286 462
286 490
286 554
286 805
286 912
286 986
287 443
287 495
287 636
287 699
287 768
287 786
287 797
287 924
288 351
288 379
288 401
288 410
288 583
288 611
288 729
288 787
288 819
289 302
289 309
289 464
289 466
289 477
289 513
289 538
289 617
289 649
289 673
289 689
289 811
289 853
289 893
289 989
290 295
290 336
290 368
290 406
290 409
290 457
290 588
290 620
290 717
290 829
290 878
290 909
291 305
291 306
291 332
291 349
291 408
291 666
291 787
291 790
291 849
291 901
291 923
292 466
292 499
292 636
292 713
292 835
292 859
292 897
292 914
293 320
293 346
293 381
293 430
293 462
293 543
293 556
293 587
293 612
293 707
293 835
293 842
293 867
293 872
294 296
294 302
294 391
294 418
294 471
294 519
294 708
294 768
294 830
294 845
294 945
295 329
295 346
295 593
295 603
295 844
295 962
295 984
296 329
296 427
296 469
296 470
296 567
296 687
296 899
296 983
297 320
297 322
297 388
297 403
297 438
297 504
297 546
297 549
297 649
297 743
297 762
297 846
297 906
298 372
298 379
298 417
298 609
298 768
298 855
298 932
298 949
299 323
299 477
299 603
299 656
299 752
299 775
299 826
299 865
299 980
300 402
300 416
300 521
300 555
300 698
300 717
300 727
300 832
300 878
300 904
300 908
300 913
301 396
301 463
301 505
301 795
301 855
302 305
302 395
302 428
302 479
302 675
302 773
302 797
302 836
302 837
302 883
302 936
302 978
302 984
302 985
303 468
303 502
303 763
303 842
303 871
304 335
304 397
304 540
304 554
304 556
304 620
304 659
304 693
304 843
304 890
304 903
305 320
305 332
305 491
305 492
305 720
305 752
305 817
305 821
305 848
305 962
305 971
305 994
306 360
306 372
306 407
306 464
306 510
306 539
306 735
306 880
306 917
306 920
307 356
307 381
307 394
307 408
307 431
307 544
307 748
307 827
307 899
308 358
308 460
308 503
308 510
308 616
308 650
308 752
308 886
308 972
309 352
309 355
309 409
309 658
309 688
309 825
310 335
310 339
310 368
310 443
310 459
310 485
310 573
310 648
310 668
310 802
310 841
310 883
311 334
311 363
311 400
311 461
311 497
311 519
311 547
311 706
311 832
311 852
311 859
311 874
312 394
312 538
312 780
312 976
313 394
313 527
313 693
313 712
313 895
313 930
313 936
314 436
314 501
314 567
314 652
314 671
314 755
314 786
314 863
314 995
315 485
315 501
315 522
315 523
315 651
315 656
315 693
315 751
315 801
315 802
315 844
315 859
315 947
316 326
316 368
316 395
316 480
316 498
316 537
316 569
316 609
316 647
316 775
316 785
317 385
317 465
317 498
317 525
317 575
317 726
317 779
317 977
317 983
318 331
318 340
318 345
318 368
318 482
318 497
318 571
318 628
318 690
318 721
318 761
318 766
318 945
318 946
319 427
319 644
319 752
319 818
319 898
319 930
319 956
320 447
320 556
320 561
320 564
320 643
320 742
320 769
320 783
320 877
320 892
321 435
321 630
321 701
321 719
321 965
322 340
322 444
322 450
322 540
322 566
322 572
322 590
322 637
322 731
322 979
323 379
323 416
323 487
323 493
323 588
323 684
323 693
323 721
323 908
323 938
323 941
323 944
324 444
324 506
324 659
324 673
324 678
324 684
324 875
324 897
325 334
325 354
325 388
325 504
325 514
325 569
325 577
325 620
325 701
325 708
325 791
325 882
326 405
326 470
326 509
326 558
326 585
326 598
326 716
326 725
326 744
326 909
326 970
327 336
327 362
327 376
327 447
327 533
327 748
327 852
327 886
327 995
328 402
328 737
328 738
328 744
328 788
328 927
329 402
329 511
329 533
329 609
329 676
329 732
329 855
329 991
330 331
330 435
330 454
330 532
330 604
330 649
330 851
330 898
331 397
331 408
331 425
331 458
331 470
331 512
331 929
331 948
331 955
331 963
332 357
332 372
332 383
332 472
332 519
332 560
332 579
332 596
332 806
332 820
332 854
332 929
332 964
332 996
333 509
333 635
333 692
333 784
333 800
333 813
333 867
333 887
333 916
334 357
334 649
334 708
334 723
334 837
334 913
335 336
335 347
335 476
335 516
335 559
335 738
335 793
335 821
335 878
336 387
336 419
336 431
336 434
336 548
336 748
336 781
336 802
336 925
337 395
337 525
337 529
337 563
337 686
337 700
337 766
337 776
337 783
337 946
338 349
338 350
338 416
338 459
338 548
338 561
338 599
338 603
338 622
338 787
338 843
338 859
338 921
338 969
338 985
339 380
339 428
339 686
339 762
339 833
339 845
339 949
339 995
340 466
340 532
340 702
340 744
340 819
340 851
340 880
340 933
340 981
340 998
341 372
341 397
341 458
341 507
341 632
341 699
341 832
341 857
341 863
341 958
341 964
341 968
341 976
341 990
342 443
342 580
342 639
342 672
342 790
342 809
342 836
342 847
342 994
343 440
343 518
343 586
343 608
343 763
343 768
343 793
344 518
344 526
344 589
344 750
344 778
344 837
344 845
344 850
344 852
344 854
344 920
344 951
344 979
345 457
345 461
345 474
345 479
345 533
345 627
345 643
345 653
345 680
345 766
345 872
345 893
346 347
346 377
346 464
346 512
346 602
346 748
346 761
346 945
346 987
347 708
347 724
347 781
347 814
347 831
347 834
347 863
347 919
347 985
348 419
348 430
348 604
348 641
348 693
348 736
348 744
349 395
349 408
349 585
349 614
349 744
349 904
349 965
349 998
350 358
350 399
350 474
350 535
350 706
350 797
350 862
350 924
351 372
351 505
351 548
351 572
351 627
351 684
351 686
351 734
351 751
351 795
351 915
351 945
351 948
351 974
352 387
352 414
352 707
352 781
352 891
353 377
353 506
353 544
353 557
353 561
353 625
353 682
353 709
353 872
353 887
353 942
354 439
354 590
354 691
354 700
354 733
354 782
354 915
354 963
354 994
355 393
355 453
355 518
355 543
355 684
355 725
355 792
355 933
356 368
356 739
356 947
357 387
357 439
357 580
357 640
357 671
357 721
357 738
358 472
358 473
358 539
358 542
358 617
358 636
358 652
358 661
358 702
358 770
358 848
358 866
358 899
359 360
359 391
359 397
359 446
359 545
359 559
359 688
359 712
359 823
359 978
360 498
360 517
360 542
360 568
360 608
360 704
360 751
360 752
360 769
360 849
361 384
361 395
361 408
361 509
361 526
361 551
361 594
361 964
361 984
362 380
362 468
362 475
362 604
362 974
363 387
363 404
363 539
363 569
363 689
363 736
363 806
363 891
363 900
363 938
364 371
364 454
364 504
364 544
364 571
364 694
364 697
364 912
364 918
365 442
365 506
365 530
365 604
365 699
365 741
365 796
365 837
365 851
365 863
365 924
365 1000
366 385
366 414
366 423
366 682
366 749
367 372
367 389
367 449
367 680
367 734
367 809
367 829
367 855
367 921
367 970
368 413
368 457
368 459
368 634
368 683
368 686
368 766
368 844
368 873
368 903
369 421
369 569
369 598
369 746
369 893
370 531
370 592
370 637
370 890
370 891
370 897
370 961
371 491
371 632
371 744
371 783
371 828
371 882
371 903
372 499
372 609
372 663
372 797
372 858
372 862
372 907
372 929
372 937
372 955
373 419
373 509
373 643
373 743
373 787
373 815
373 859
373 871
373 965
373 976
374 377
374 418
374 450
374 479
374 490
374 511
374 565
374 736
374 807
374 911
374 982
374 986
375 392
375 530
375 578
375 596
375 772
375 900
375 902
375 961
376 452
376 652
376 674
376 680
376 847
376 856
376 895
376 901
377 382
377 529
377 561
377 662
377 739
377 851
377 908
377 985
378 418
378 544
378 620
378 628
378 633
378 729
378 731
378 880
379 409
379 424
379 659
379 669
379 683
379 795
379 835
379 840
379 852
379 865
379 917
380 383
380 414
380 441
380 462
380 531
380 637
380 672
380 735
380 807
380 818
380 820
380 854
380 877
380 946
381 393
381 440
381 529
381 541
381 654
381 705
381 726
381 732
381 738
381 744
381 848
381 855
381 881
381 896
382 399
382 450
382 483
382 516
382 587
382 602
382 703
382 730
382 838
382 849
382 929
382 970
382 987
383 417
383 438
383 461
383 491
383 519
383 729
383 737
383 738
383 800
383 811
384 683
384 751
384 806
384 894
384 898
384 986
385 386
385 473
385 514
385 547
385 567
385 582
385 872
385 909
385 913
386 429
386 643
386 730
386 972
386 993
387 447
387 487
387 492
387 545
387 643
387 652
387 779
387 858
387 980
388 428
388 513
388 670
388 845
388 905
389 500
389 533
389 774
389 780
389 784
389 834
389 878
389 905
390 404
390 405
390 547
390 690
390 915
390 928
390 964
391 429
391 502
391 506
391 517
391 538
391 572
391 606
391 641
391 679
391 690
391 728
391 820
391 890
391 903
391 911
392 452
392 479
392 534
392 681
392 693
392 777
392 839
392 866
392 899
392 947
392 957
392 989
392 990
393 462
393 645
393 922
394 419
394 500
394 597
394 629
394 693
394 710
394 780
394 797
394 853
394 913
394 967
395 459
395 673
395 691
395 740
396 439
396 614
396 735
396 770
396 879
396 888
396 966
396 976
396 996
397 677
397 686
397 703
397 976
398 419
398 520
398 628
398 735
398 870
398 987
399 429
399 437
399 584
399 812
399 941
399 965
400 464
400 467
400 664
400 763
400 790
400 826
400 859
400 904
400 914
400 957
401 486
401 532
401 580
401 609
401 708
401 954
402 498
402 556
402 558
402 636
402 720
402 828
402 836
402 839
402 850
403 415
403 438
403 650
403 703
403 724
403 761
403 799
403 800
403 828
403 848
403 874
403 887
403 935
404 447
404 608
404 653
404 729
404 734
404 751
404 791
405 472
405 485
405 868
406 456
406 477
406 525
406 642
406 685
406 898
406 938
406 970
407 463
407 490
407 523
407 647
407 670
407 689
407 764
407 773
407 827
407 896
407 909
408 477
408 646
408 748
408 755
408 757
408 763
408 863
408 866
408 898
408 921
408 954
408 985
409 455
409 500
409 557
409 620
409 631
409 713
409 775
409 819
409 897
409 913
409 921
409 928
409 929
409 977
410 432
410 538
410 557
410 793
410 884
410 925
410 936
410 965
410 995
410 1000
411 418
411 423
411 534
411 563
411 568
411 632
411 707
411 754
411 768
411 811
411 936
411 955
411 983
412 490
412 520
412 615
412 838
412 912
412 961
412 996
412 998
413 631
413 734
413 783
413 810
413 927
414 514
414 536
414 599
414 610
414 811
414 877
414 910
415 554
415 603
415 644
415 658
415 834
415 842
415 947
415 962
415 988
416 551
416 583
416 680
416 725
416 759
416 790
416 814
416 844
416 865
417 492
417 747
417 772
417 942
418 424
418 512
418 516
418 523
418 526
418 682
418 684
418 734
418 771
418 788
418 824
418 969
419 426
419 436
419 446
419 550
419 593
419 618
419 658
419 674
419 783
419 819
419 876
419 968
419 987
419 989
420 480
420 487
420 503
420 553
420 628
420 747
420 841
420 889
420 969
420 974
420 989
421 426
421 479
421 488
421 592
421 600
421 781
421 814
421 854
421 868
421 879
421 971
422 469
422 474
422 635
422 675
422 717
422 743
422 775
422 780
422 822
422 951
423 468
423 492
423 607
423 687
423 697
423 776
423 901
423 907
423 913
423 919
423 953
424 493
424 613
424 727
424 826
424 876
424 908
425 464
425 480
425 762
425 814
425 853
425 863
425 864
425 878
425 910
425 935
425 965
425 993
426 435
426 456
426 536
426 545
426 669
426 686
426 809
426 900
426 930
427 704
427 735
427 846
427 957
428 526
428 532
428 780
428 841
428 842
428 859
428 947
428 983
429 484
429 529
429 536
429 591
429 618
429 689
429 771
430 637
430 743
430 998
431 463
431 733
431 786
431 955
431 975
431 979
431 988
432 460
432 501
432 521
432 573
433 472
433 476
433 491
433 527
433 544
433 562
433 680
433 711
433 792
433 846
433 918
433 978
434 464
434 479
434 633
434 649
434 661
434 712
434 717
434 723
434 868
434 950
434 962
434 1000
435 592
435 623
435 696
435 760
435 805
435 866
435 902
435 916
435 977
435 986
435 989
436 439
436 527
436 544
436 579
436 623
436 673
436 754
436 849
436 930
436 955
436 997
437 727
437 783
437 983
438 673
438 700
438 810
438 913
438 939
438 969
439 547
439 815
439 845
439 943
439 979
440 579
440 582
440 628
440 638
440 673
440 820
440 850
440 951
441 457
441 600
441 624
441 631
441 637
441 809
441 825
441 844
441 977
441 994
442 484
442 502
442 527
442 639
442 693
442 695
442 708
442 736
442 757
442 905
443 444
443 489
443 514
443 597
443 624
443 753
443 806
443 835
443 906
443 952
443 957
443 963
443 966
444 492
444 779
444 974
445 466
445 476
445 537
445 614
445 630
445 771
445 795
445 852
445 904
445 997
446 466
446 474
446 616
446 783
446 910
446 966
447 460
447 628
447 649
447 687
447 712
447 737
447 801
447 860
447 947
448 484
448 542
448 575
448 803
448 812
448 833
448 936
448 942
449 708
449 718
449 864
449 949
449 950
450 562
450 643
450 683
450 763
450 885
451 459
451 530
451 604
451 710
451 851
451 859
451 877
451 884
451 947
451 954
451 958
451 961
452 491
452 557
452 708
452 747
452 781
452 838
452 890
452 961
453 568
453 620
453 642
453 663
453 672
453 684
453 713
453 742
453 780
454 504
454 608
454 618
454 682
454 708
455 568
455 711
455 817
456 458
456 511
456 527
456 621
456 798
456 800
456 843
456 867
456 937
456 971
457 494
457 618
457 770
457 802
457 806
458 479
458 505
458 511
458 562
458 615
458 639
458 826
458 859
458 934
458 947
459 460
459 472
459 704
459 742
459 777
459 848
459 869
459 979
460 485
460 623
460 731
460 823
460 827
460 844
460 919
461 488
461 691
461 718
461 813
461 965
462 483
462 777
462 923
463 475
463 573
463 598
463 645
464 620
464 636
464 653
465 468
465 473
465 480
465 596
465 672
465 727
465 918
465 940
465 959
465 978
466 565
466 629
466 697
466 738
466 756
466 795
466 842
466 913
466 974
467 493
467 534
467 573
467 581
467 595
467 630
467 635
467 701
467 826
467 861
468 767
468 888
468 919
469 479
469 570
469 617
469 689
469 706
469 784
469 889
470 548
470 555
470 594
470 635
470 677
470 729
470 797
470 876
470 907
471 553
471 707
471 738
471 795
471 856
472 499
472 637
472 650
472 749
472 754
472 814
472 850
472 896
472 958
473 505
473 535
473 647
473 705
473 787
473 833
473 915
473 919
474 523
474 547
474 554
474 591
474 611
474 622
474 645
474 702
474 723
474 773
474 841
474 888
475 532
475 808
475 809
475 840
476 502
476 504
476 520
476 642
476 656
476 887
476 893
476 920
476 930
476 971
476 973
476 994
477 795
477 807
477 825
477 843
477 866
477 905
477 946
478 509
478 547
478 731
478 861
478 959
478 989
478 992
479 559
479 575
479 734
479 801
479 855
479 866
479 882
479 892
479 939
480 510
480 582
480 681
480 687
480 844
481 588
481 601
481 681
481 706
481 726
481 743
481 859
481 911
481 973
481 983
482 506
482 536
482 567
482 596
482 683
482 756
482 803
482 897
482 963
483 627
483 634
483 700
483 809
483 926
483 931
484 517
484 801
484 813
484 870
484 881
484 913
484 946
485 506
485 735
485 911
485 946
485 988
486 489
486 560
486 587
486 711
486 772
486 909
486 927
486 948
487 589
487 604
487 638
487 704
487 734
487 749
487 877
487 972
487 990
488 557
488 673
488 700
488 738
488 846
488 873
488 881
488 989
489 674
489 756
489 941
490 532
490 534
490 640
490 906
491 495
491 785
491 824
491 842
492 659
492 708
492 771
492 775
492 836
492 855
493 525
493 550
493 682
493 693
493 784
493 790
493 941
493 975
494 520
494 525
494 591
494 596
494 640
494 691
494 774
495 658
495 675
495 792
495 954
495 966
495 989
496 768
496 798
496 803
496 844
497 499
497 630
497 637
497 714
497 755
497 756
497 785
497 902
497 959
498 540
498 597
498 872
498 873
499 503
499 532
499 556
499 673
499 834
500 916
500 981
501 514
501 530
501 542
501 573
501 838
501 846
502 655
502 659
502 726
502 731
503 550
503 642
503 657
503 674
503 741
503 797
503 878
503 885
503 908
504 539
504 562
504 585
504 667
504 736
504 852
504 872
504 974
505 580
505 643
505 708
505 914
506 602
506 672
506 709
506 841
506 861
506 877
506 950
506 990
507 515
507 605
507 640
507 666
507 671
507 728
507 762
507 769
507 874
508 617
508 651
508 717
508 727
508 835
508 875
508 910
508 946
509 591
509 653
509 741
509 804
509 852
509 869
510 534
510 570
510 731
510 753
510 784
510 824
510 933
511 532
511 557
511 573
511 638
511 712
511 775
511 847
511 897
511 914
511 945
512 658
512 668
512 885
512 936
513 653
513 663
513 859
513 878
513 922
513 997
513 999
514 544
514 556
514 570
514 586
514 605
514 696
514 947
515 570
515 668
515 675
515 910
516 534
516 557
516 611
516 643
516 656
516 659
516 749
516 889
516 909
516 937
516 994
517 581
517 596
517 721
517 738
517 784
517 798
517 823
517 989
518 579
518 607
518 695
518 781
519 527
519 557
519 730
519 779
519 893
520 559
520 633
520 663
520 753
520 763
520 775
520 931
521 579
521 645
521 816
521 846
522 538
522 552
522 559
522 576
522 609
522 642
522 692
522 707
522 775
522 782
522 819
522 861
522 965
523 639
523 694
523 699
523 713
523 733
523 844
524 532
524 584
524 615
524 685
524 802
524 825
524 849
524 879
524 972
525 560
525 821
525 987
526 547
526 752
526 772
526 878
527 546
527 649
527 745
527 750
527 760
527 766
527 809
527 822
527 873
527 878
528 640
528 669
528 727
528 890
528 946
528 957
528 974
528 977
528 983
529 543
529 547
529 613
529 623
529 741
529 946
530 605
530 620
530 700
530 722
530 753
530 757
530 802
530 860
530 929
530 977
531 571
531 707
531 804
531 825
531 837
531 904
531 960
532 535
532 620
532 654
532 669
532 672
532 925
532 994
533 572
533 689
533 820
533 987
533 997
534 540
534 578
534 858
534 876
534 912
534 955
535 713
535 725
535 828
535 833
535 865
535 974
536 601
536 624
536 625
536 630
536 665
536 732
536 750
536 784
536 796
536 854
536 973
536 1000
537 554
537 623
537 748
537 766
537 768
537 780
537 928
538 751
538 819
538 834
538 976
539 562
539 601
539 649
539 660
539 824
539 932
540 600
540 612
540 630
540 726
540 801
540 802
540 963
540 981
541 568
541 623
541 646
541 672
541 688
541 870
541 889
541 972
542 565
542 587
542 623
542 639
542 652
542 891
542 892
542 914
542 919
543 548
543 570
543 601
543 653
543 656
543 815
543 930
543 987
544 556
544 612
544 623
544 733
544 885
545 607
545 815
545 824
546 596
546 606
546 669
546 679
546 813
546 869
546 975
547 582
547 622
547 628
547 705
547 851
547 908
548 609
548 760
548 839
549 551
549 724
549 996
550 583
550 628
550 669
550 792
550 816
550 874
550 879
550 938
550 952
550 974
551 627
551 653
551 753
551 812
551 885
551 893
552 582
552 763
552 786
552 866
552 959
553 599
553 603
553 645
553 655
553 863
553 921
553 951
553 970
553 988
554 594
554 666
554 845
554 909
554 989
555 578
555 588
555 829
555 851
555 861
555 892
556 755
556 788
556 962
556 985
557 573
557 644
557 684
557 710
557 788
557 789
557 814
557 917
557 974
558 598
558 620
558 674
558 714
558 941
559 701
559 708
559 710
559 749
559 770
559 797
559 842
559 859
559 877
559 976
560 759
560 863
560 869
560 936
560 946
561 684
561 743
561 767
561 794
561 883
561 937
561 999
562 619
562 656
562 693
562 732
562 755
562 786
562 864
562 904
563 567
563 619
563 641
563 671
563 818
563 944
563 946
563 982
564 726
564 783
564 788
564 794
564 806
564 966
565 593
565 612
565 632
565 663
565 702
565 845
565 886
565 996
566 596
566 616
566 698
566 699
566 715
566 861
567 711
567 734
567 750
567 808
567 819
567 860
568 585
568 612
568 856
568 876
568 915
568 999
569 647
569 740
569 751
569 907
569 945
569 956
570 581
570 630
570 700
570 846
570 854
570 934
570 966
570 971
570 981
570 998
571 582
571 729
571 833
571 836
571 871
571 885
571 955
572 580
572 672
572 703
572 772
572 808
572 881
572 885
572 913
572 914
573 587
573 626
573 805
573 849
573 880
573 947
573 952
573 956
573 977
573 984
573 990
574 632
574 634
574 718
574 832
574 925
574 993
575 637
575 652
575 738
575 748
575 984
576 583
576 601
576 837
577 617
577 736
577 770
577 944
578 613
578 619
578 698
578 800
578 855
578 904
578 928
578 985
578 986
579 756
579 761
579 784
579 801
579 836
579 873
579 877
579 910
579 916
579 926
580 608
580 833
580 930
580 950
581 751
581 761
581 954
581 962
582 651
582 697
582 865
582 933
583 619
583 644
583 653
583 703
583 704
583 716
583 743
583 748
583 798
583 824
583 885
583 938
584 655
584 874
584 878
584 987
585 698
585 713
585 715
585 845
586 601
586 648
586 654
586 668
586 745
586 781
586 909
586 919
586 942
587 611
587 641
587 644
587 808
587 859
587 919
587 974
587 978
588 771
588 920
589 761
589 804
589 885
589 992
590 604
590 858
590 874
590 985
591 636
591 660
591 709
591 773
591 868
591 900
591 944
591 999
592 664
592 791
592 990
592 991
593 621
593 746
593 769
593 820
593 842
593 859
593 870
593 943
593 954
593 967
594 604
594 700
594 868
594 876
594 885
594 924
595 616
595 685
595 762
595 771
595 915
595 945
596 650
596 733
596 745
596 764
596 798
596 861
596 897
596 936
596 972
597 619
597 685
597 752
597 776
597 808
597 816
597 935
597 938
597 940
598 614
598 718
598 901
598 993
599 638
599 656
599 759
599 863
599 879
600 665
600 671
600 679
600 929
601 670
601 734
601 978
602 675
602 762
602 816
602 838
602 922
602 954
602 972
603 617
603 686
603 706
603 736
603 832
604 610
604 639
604 691
604 698
604 699
604 815
604 952
604 978
604 987
604 990
605 619
605 620
605 624
605 635
605 754
605 799
605 897
605 969
606 649
606 704
606 729
606 733
606 734
606 949
606 999
607 624
607 670
607 731
607 770
607 781
607 842
607 857
607 958
607 987
607 999
608 618
608 828
608 838
608 855
608 962
608 965
608 996
609 622
609 970
610 674
610 741
610 753
610 882
610 913
610 973
610 982
610 984
611 641
611 957
611 970
612 675
612 702
612 739
612 819
612 869
612 890
612 914
612 966
613 675
613 890
613 958
614 633
614 830
614 974
615 712
615 804
615 907
615 935
615 958
616 621
616 684
616 708
616 869
616 994
617 978
618 632
618 702
618 710
618 794
619 651
619 851
619 927
619 932
619 980
620 734
620 850
621 647
621 651
621 657
621 772
621 791
621 896
621 997
622 641
622 844
622 944
623 631
623 745
623 886
623 900
624 677
624 702
624 704
624 751
624 868
624 883
625 911
626 689
626 801
626 923
626 945
627 679
627 784
627 1000
628 787
628 878
628 922
628 979
629 880
629 887
629 919
629 932
629 975
630 632
630 696
630 764
630 879
630 901
630 965
631 706
631 715
631 743
631 818
631 873
631 985
632 641
632 644
632 674
632 752
632 916
632 964
633 638
633 678
633 713
633 790
633 945
633 974
634 763
634 886
635 643
635 745
636 696
636 715
636 727
636 802
636 861
637 667
637 672
637 709
637 759
637 780
638 690
638 799
638 981
638 983
639 702
639 740
639 750
639 762
639 792
639 807
639 835
639 875
639 913
640 663
640 764
640 833
640 837
640 855
640 894
641 752
641 826
641 864
641 968
641 993
642 830
642 924
642 972
642 978
643 678
643 694
643 734
643 739
643 867
644 779
644 782
644 817
644 896
644 908
644 942
644 963
645 653
645 722
645 770
645 830
645 894
645 905
645 964
646 678
646 727
646 817
646 990
647 781
647 784
647 797
647 854
647 887
648 734
648 986
649 685
649 695
649 779
649 882
649 960
650 661
650 690
650 703
650 960
651 793
651 977
651 997
652 708
652 748
652 901
652 941
652 983
652 987
653 685
653 747
653 927
653 938
653 954
654 737
654 906
655 687
655 800
655 837
655 881
655 965
656 662
656 738
656 783
656 837
656 938
656 1000
657 687
657 749
657 768
657 876
657 926
657 953
657 963
658 840
658 844
658 963
659 749
659 833
659 835
659 868
660 723
660 732
660 790
660 810
660 820
660 823
660 856
660 879
660 993
661 667
661 675
661 846
661 919
661 932
661 963
662 687
662 800
662 821
662 828
662 944
662 991
663 681
663 693
663 767
663 785
663 787
663 796
663 822
663 861
663 903
663 940
663 950
664 700
665 758
665 777
665 821
665 825
665 846
665 868
665 924
665 941
665 991
666 678
666 776
666 802
666 941
666 999
667 688
668 697
668 729
668 987
669 731
669 812
669 884
669 888
669 995
670 774
670 827
670 903
671 700
671 751
671 771
671 794
671 848
671 875
671 897
671 958
671 991
672 724
672 986
672 991
672 1000
673 678
673 691
673 717
673 744
673 781
673 850
673 916
673 927
673 961
673 982
674 749
674 822
674 884
675 694
675 924
675 935
675 937
676 681
676 757
676 778
676 829
676 915
676 943
676 985
677 700
677 707
677 829
677 843
677 870
677 903
677 954
677 986
678 759
678 812
678 827
678 842
678 893
679 947
679 966
680 807
680 830
680 949
681 807
681 862
682 696
682 781
682 862
682 884
682 967
683 736
683 778
683 805
683 827
683 880
683 922
684 754
684 846
684 856
684 878
684 879
684 892
685 881
685 912
685 919
686 753
686 797
686 807
686 878
686 933
686 950
686 952
687 741
687 761
687 916
687 924
688 976
689 703
689 761
689 789
689 796
689 955
690 747
691 848
691 912
692 696
692 711
692 751
692 801
692 833
692 889
692 945
692 999
693 737
693 739
693 792
693 855
693 908
693 953
694 697
694 809
694 894
694 900
695 763
695 777
695 858
695 878
695 996
696 726
696 762
696 854
696 868
696 942
696 973
697 724
697 748
697 930
697 947
697 979
698 752
698 780
698 854
698 979
699 896
700 702
700 794
700 990
701 712
701 793
701 821
702 715
702 804
702 900
702 928
703 735
703 739
703 918
703 955
704 718
704 805
704 837
704 901
705 716
705 849
705 933
705 984
706 762
706 816
706 938
707 767
707 852
707 876
708 723
708 740
708 985
708 988
709 726
709 865
709 870
709 884
709 986
710 717
710 776
710 781
710 841
710 854
711 744
711 780
711 804
712 979
712 982
713 864
714 845
714 963
714 985
715 725
716 746
716 939
717 814
717 854
717 912
717 980
718 736
718 737
718 744
718 775
718 911
718 915
718 925
718 928
719 760
719 771
719 898
719 912
720 758
720 799
720 836
721 740
721 778
721 787
721 822
721 916
721 967
722 725
722 751
722 761
722 767
722 812
722 881
722 886
722 925
723 914
723 918
724 776
724 803
724 828
725 763
725 807
726 776
726 789
726 879
726 880
726 881
726 978
727 789
727 843
727 860
728 731
728 816
728 818
728 884
728 926
729 730
729 797
729 834
729 962
730 739
730 799
730 829
730 854
730 861
730 867
731 961
732 745
732 789
732 836
732 861
732 948
733 774
733 840
733 899
734 832
734 861
734 862
734 907
735 822
735 901
736 791
736 879
736 885
736 886
737 758
737 783
737 842
737 873
737 986
738 824
738 860
738 868
738 982
739 743
739 747
739 749
739 828
739 863
739 876
739 899
739 931
740 845
740 882
740 991
741 947
742 769
742 787
742 875
743 745
743 751
743 762
743 767
743 772
743 794
743 806
743 811
743 813
743 823
743 830
743 923
744 775
744 785
744 856
744 927
744 929
744 949
746 762
746 932
747 802
747 806
747 822
747 892
747 934
747 973
748 779
748 835
748 847
748 879
748 988
748 998
749 843
749 890
750 808
750 847
750 895
750 911
751 758
751 836
752 887
752 906
752 957
752 977
753 757
753 777
754 781
755 769
755 878
755 898
755 926
756 784
756 829
756 896
756 973
758 776
758 813
758 887
758 895
759 761
759 831
759 862
759 878
760 913
760 976
761 787
761 796
761 921
761 965
762 805
762 849
762 862
762 890
763 783
763 811
763 892
763 939
764 772
764 802
765 794
765 830
765 905
765 970
767 784
767 806
767 854
767 921
767 924
767 934
767 979
768 791
769 785
769 788
769 844
769 933
770 778
770 783
770 809
770 930
770 957
771 823
771 983
772 778
772 811
772 872
772 895
772 953
772 994
775 814
776 981
777 792
777 860
777 896
777 927
777 983
777 988
778 825
778 897
778 913
779 829
779 833
779 851
780 829
780 853
780 861
780 874
780 950
781 841
781 846
781 961
783 896
784 895
784 930
784 932
784 933
785 956
785 981
786 938
787 803
787 824
787 946
788 805
788 869
788 891
788 991
789 831
789 961
790 844
790 888
790 950
791 830
791 842
791 876
791 990
792 883
792 930
792 985
792 987
792 989
794 810
794 886
794 1000
795 819
795 844
795 876
796 869
796 925
796 952
797 815
797 824
797 878
797 934
798 852
798 881
798 893
800 991
801 823
801 928
801 945
802 822
802 830
802 856
802 885
802 892
802 966
802 997
803 936
804 850
805 822
805 962
805 983
806 836
806 862
806 881
806 923
807 811
807 851
807 878
807 891
807 986
808 831
808 868
808 882
808 916
808 954
808 996
809 934
810 867
810 891
810 894
810 913
810 929
811 950
811 959
812 815
812 867
812 908
812 917
812 925
813 819
813 932
813 997
814 890
814 918
814 930
815 869
815 952
815 992
816 834
816 842
816 925
816 927
817 835
817 904
817 935
818 872
818 970
820 974
820 984
821 939
821 955
822 881
822 905
822 967
822 983
823 929
823 998
824 980
825 876
825 878
825 937
826 837
826 891
826 913
826 926
826 954
827 980
827 985
829 987
830 877
830 881
830 938
831 839
831 862
831 863
831 950
832 978
833 958
834 857
835 844
835 886
835 909
835 954
835 965
835 982
835 993
836 875
837 894
837 956
838 967
838 974
839 959
840 852
840 996
841 890
842 853
842 865
842 894
842 995
844 868
844 982
845 938
845 974
846 887
846 963
846 977
848 905
849 968
849 971
850 855
850 866
850 907
850 999
851 886
851 893
851 922
851 936
853 876
853 910
853 922
854 889
854 892
855 865
855 877
855 898
855 914
856 901
856 967
857 906
857 919
857 920
857 979
858 869
858 890
859 881
859 902
859 911
859 920
859 935
859 961
860 923
860 936
860 982
861 927
861 932
861 942
862 870
862 887
862 943
862 998
863 939
863 945
864 973
865 967
866 915
866 964
867 884
867 886
867 930
867 990
868 928
868 943
869 898
870 879
870 880
870 968
870 970
871 926
871 964
872 923
872 952
872 985
873 899
873 913
873 972
873 987
874 964
875 882
875 995
877 933
877 966
877 968
878 880
878 917
878 990
879 940
882 941
883 919
883 929
883 938
883 998
886 922
886 983
887 903
887 913
887 951
889 945
889 966
890 959
891 958
892 982
895 932
895 970
896 989
897 916
900 994
903 940
905 953
907 931
907 980
908 939
909 922
911 912
911 923
912 974
913 935
914 931
914 961
915 925
915 941
915 991
915 992
916 923
916 957
917 922
917 1000
918 957
918 963
921 993
923 975
925 951
927 958
929 990
930 976
931 935
931 998
932 996
934 955
934 986
937 985
938 968
941 959
941 1000
942 981
944 986
945 972
945 992
947 982
947 1000
949 951
949 957
951 976
953 970
955 976
957 973
957 974
957 981
959 991
960 988
962 986
963 969
965 991
967 978
967 995
969 970
969 997
970 987
975 996
978 988
982 995
983 999
994 996
