1000 6970
1 42
1 73
1 110
1 312
1 519
1 704
1 724
1 754
1 785
1 824
1 876
1 936
2 50
2 84
2 147
2 197
2 254
2 343
2 438
2 546
2 606
2 610
2 680
2 708
2 730
3 188
3 348
3 385
3 396
3 415
3 575
3 600
3 651
3 748
3 802
3 820
3 886
3 962
3 991
4 128
4 147
4 149
4 320
4 397
4 441
4 565
4 596
4 663
4 726
4 784
4 851
4 877
4 971
4 974
4 997
5 100
5 164
5 178
5 392
5 440
5 452
5 576
5 586
5 608
5 652
5 971
6 163
6 212
6 262
6 284
6 423
6 444
6 532
6 687
6 690
6 736
6 737
6 744
6 759
6 770
6 822
6 921
6 986
7 72
7 78
7 99
7 128
7 234
7 360
7 471
7 492
7 571
7 579
7 596
7 835
7 952
8 78
8 104
8 308
8 352
8 356
8 357
8 461
8 529
8 552
8 572
8 615
8 647
8 752
8 753
8 828
8 921
8 949
8 968
9 64
9 215
9 393
9 419
9 549
9 566
9 664
9 675
9 758
9 772
9 776
9 998
10 29
10 136
10 163
10 217
10 293
10 329
10 460
10 503
10 521
10 600
10 692
10 770
10 807
10 829
10 854
10 970
10 977
11 59
11 197
11 407
11 538
11 588
11 618
11 630
11 733
11 765
11 796
11 823
11 872
11 983
12 50
12 85
12 404
12 450
12 607
12 845
12 848
12 860
13 50
13 314
13 324
13 361
13 398
13 419
13 550
13 565
13 575
13 674
13 808
13 874
13 983
14 215
14 316
14 354
14 399
14 408
14 437
14 460
14 546
14 550
14 560
14 570
14 720
14 957
14 984
15 32
15 59
15 100
15 252
15 382
15 458
15 515
15 541
15 655
15 703
15 712
15 792
15 907
15 983
16 32
16 116
16 142
16 153
16 211
16 232
16 268
16 309
16 397
16 400
16 417
16 461
16 538
16 626
16 695
16 763
16 812
16 824
16 856
16 890
16 911
17 87
17 149
17 327
17 562
17 688
17 738
17 788
17 805
17 932
17 972
18 45
18 310
18 318
18 552
18 562
18 588
18 599
18 659
18 707
18 927
18 977
19 152
19 288
19 342
19 361
19 371
19 396
19 474
19 492
19 576
19 615
19 737
19 847
19 899
19 960
20 149
20 344
20 355
20 407
20 416
20 420
20 457
20 499
20 619
20 718
20 745
20 958
20 962
21 46
21 80
21 272
21 320
21 342
21 502
21 560
21 599
21 606
21 792
21 932
22 154
22 284
22 291
22 418
22 421
22 462
22 594
22 635
22 665
22 717
22 802
22 839
22 864
22 868
22 893
22 902
22 973
23 133
23 223
23 281
23 332
23 367
23 425
23 434
23 448
23 529
23 628
23 642
23 888
23 928
23 989
24 31
24 56
24 79
24 369
24 417
24 506
24 571
24 619
24 704
24 707
24 713
24 749
24 810
24 985
25 63
25 130
25 466
25 513
25 732
25 755
25 902
26 65
26 73
26 121
26 163
26 209
26 217
26 266
26 513
26 580
26 722
26 810
26 822
26 849
26 858
27 90
27 93
27 179
27 258
27 269
27 373
27 444
27 540
27 560
27 580
27 691
27 743
27 898
27 910
27 933
28 86
28 267
28 294
28 664
28 729
28 745
28 761
28 810
28 865
28 971
28 994
29 160
29 165
29 191
29 246
29 324
29 327
29 330
29 405
29 529
29 543
29 573
29 653
29 714
29 720
29 909
29 962
29 986
30 43
30 49
30 218
30 257
30 356
30 534
30 570
30 727
30 785
30 912
30 962
31 197
31 310
31 389
31 404
31 413
31 424
31 426
31 497
31 698
31 708
31 724
31 748
31 763
31 776
31 792
31 811
31 874
31 972
31 999
32 150
32 438
32 485
32 525
32 538
32 595
32 602
32 636
32 813
32 993
33 140
33 199
33 386
33 397
33 413
33 427
33 537
33 545
33 689
33 816
33 944
33 958
34 297
34 346
34 616
34 889
34 906
34 913
34 965
34 967
35 68
35 103
35 144
35 296
35 305
35 385
35 513
35 567
35 619
35 677
36 40
36 97
36 369
36 427
36 452
36 468
36 488
36 561
36 660
36 754
36 960
37 121
37 166
37 234
37 280
37 446
37 493
37 732
37 747
37 751
37 757
37 769
37 843
37 896
37 943
37 963
38 130
38 322
38 337
38 423
38 460
38 582
38 893
39 50
39 399
39 458
39 586
39 597
39 603
39 775
39 815
39 843
39 849
39 882
39 915
39 917
39 921
39 926
39 943
39 976
39 998
40 135
40 302
40 303
40 361
40 373
40 708
40 752
40 853
40 925
40 930
41 74
41 125
41 163
41 166
41 196
41 301
41 312
41 368
41 413
41 437
41 535
41 571
41 584
41 656
41 715
41 724
41 806
41 845
41 850
41 945
41 946
42 123
42 125
42 277
42 278
42 393
42 548
42 568
42 598
42 700
42 793
42 975
43 81
43 96
43 154
43 172
43 178
43 233
43 728
43 935
44 174
44 322
44 382
44 459
44 484
44 612
44 632
44 642
44 671
44 780
44 791
45 65
45 69
45 94
45 122
45 192
45 256
45 435
45 532
45 609
45 622
45 627
45 668
45 740
45 988
45 992
46 127
46 290
46 413
46 425
46 459
46 698
46 763
46 802
46 877
46 889
47 225
47 258
47 317
47 429
47 471
47 653
47 711
47 752
47 796
48 104
48 148
48 233
48 251
48 426
48 441
48 553
48 701
48 748
48 789
48 949
48 955
48 987
49 86
49 130
49 274
49 303
49 357
49 409
49 423
49 444
49 463
49 562
49 608
49 610
49 704
49 792
50 194
50 609
50 638
50 653
50 685
50 717
50 739
50 766
50 771
51 76
51 117
51 193
51 322
51 523
51 547
51 550
51 596
51 619
51 626
51 703
51 759
51 958
52 70
52 184
52 198
52 277
52 345
52 485
52 488
52 535
52 540
52 649
52 709
52 777
52 803
52 847
52 852
52 910
52 919
53 85
53 181
53 196
53 215
53 220
53 267
53 269
53 414
53 468
53 490
53 524
53 547
53 608
53 785
53 820
53 822
53 867
53 896
54 132
54 244
54 264
54 329
54 380
54 399
54 429
54 430
54 452
54 527
54 623
54 714
54 732
54 751
54 760
54 805
54 888
55 67
55 222
55 276
55 343
55 373
55 431
55 505
55 527
55 547
55 559
55 570
55 651
55 853
55 896
56 268
56 285
56 304
56 330
56 387
56 487
56 572
56 602
56 620
56 664
56 745
56 824
56 839
56 874
56 877
57 74
57 138
57 149
57 182
57 249
57 344
57 354
57 378
57 582
57 796
57 811
57 906
57 961
58 98
58 219
58 259
58 409
58 410
58 411
58 503
58 554
58 612
58 703
58 724
58 751
58 777
58 942
58 985
59 151
59 329
59 357
59 360
59 369
59 423
59 467
59 509
59 512
59 580
59 730
60 99
60 102
60 171
60 186
60 297
60 396
60 416
60 535
60 603
60 631
60 726
60 920
60 928
60 930
60 984
61 280
61 362
61 433
61 485
61 676
61 928
61 966
61 982
62 111
62 260
62 263
62 358
62 445
62 469
62 622
62 662
62 724
62 826
62 866
62 915
62 976
62 984
62 995
63 105
63 131
63 153
63 181
63 232
63 385
63 456
63 477
63 653
63 691
63 778
63 849
63 864
63 883
64 148
64 310
64 463
64 468
64 549
64 559
64 614
64 750
64 869
65 205
65 226
65 245
65 249
65 379
65 542
65 841
65 971
66 151
66 217
66 265
66 318
66 406
66 424
66 531
66 624
66 654
66 687
66 722
66 756
66 823
66 857
66 987
67 86
67 237
67 342
67 388
67 543
67 744
67 805
67 914
67 944
67 992
68 117
68 150
68 152
68 381
68 391
68 395
68 475
68 522
68 707
68 718
68 802
68 874
68 952
68 993
69 88
69 170
69 284
69 290
69 335
69 336
69 346
69 354
69 438
69 482
69 557
69 651
69 682
69 774
69 802
69 829
69 888
69 975
70 252
70 287
70 400
70 714
70 756
70 898
71 89
71 116
71 193
71 246
71 249
71 378
71 609
71 610
71 629
71 665
71 800
71 802
71 883
71 961
72 93
72 183
72 188
72 203
72 214
72 225
72 323
72 386
72 524
72 554
72 567
72 693
72 725
72 774
72 986
73 80
73 127
73 211
73 220
73 226
73 257
73 326
73 335
73 339
73 355
73 436
73 533
73 889
73 895
74 138
74 213
74 432
74 650
74 729
74 755
74 823
74 829
74 843
74 911
74 923
75 131
75 196
75 233
75 304
75 315
75 403
75 667
75 720
75 783
75 793
75 828
75 860
75 905
75 951
75 970
75 971
75 986
75 991
76 138
76 141
76 226
76 287
76 314
76 320
76 514
76 515
76 535
76 826
76 829
76 855
76 874
76 888
77 218
77 281
77 288
77 308
77 309
77 366
77 452
77 626
77 637
77 643
77 685
77 695
77 716
77 765
77 830
77 892
77 907
77 933
77 968
78 94
78 218
78 245
78 246
78 271
78 281
78 312
78 444
78 449
78 477
78 499
78 573
78 585
78 859
78 887
78 979
78 988
79 138
79 233
79 463
79 551
79 553
79 568
79 794
79 868
79 870
79 871
80 227
80 284
80 308
80 472
80 595
80 702
80 750
80 981
80 993
81 129
81 179
81 216
81 281
81 344
81 459
81 566
81 611
81 667
81 987
82 187
82 228
82 235
82 236
82 245
82 246
82 282
82 371
82 476
82 599
82 616
82 644
82 887
82 979
83 97
83 118
83 169
83 181
83 218
83 221
83 355
83 481
83 509
83 600
83 651
83 713
83 734
83 789
83 957
84 126
84 131
84 187
84 269
84 331
84 351
84 413
84 445
84 469
84 480
84 501
84 606
84 627
84 637
84 752
84 829
84 885
84 970
85 175
85 234
85 248
85 264
85 314
85 362
85 463
85 465
85 514
85 605
85 699
85 706
85 711
85 732
85 735
85 789
85 888
85 938
85 956
85 971
86 90
86 155
86 293
86 380
86 381
86 405
86 431
86 500
86 630
86 667
86 701
86 838
86 862
86 956
87 209
87 264
87 291
87 353
87 392
87 413
87 478
87 562
87 759
87 881
87 935
87 999
88 95
88 120
88 123
88 305
88 458
88 505
88 528
88 569
88 585
88 718
88 770
88 899
88 982
89 127
89 175
89 217
89 297
89 435
89 483
89 666
89 683
89 705
89 883
89 940
89 944
90 103
90 145
90 284
90 475
90 532
90 549
90 550
90 578
90 756
90 868
91 127
91 210
91 259
91 307
91 309
91 400
91 405
91 486
91 571
91 748
91 750
91 835
91 909
91 925
91 960
92 157
92 340
92 385
92 395
92 439
92 572
92 633
92 654
92 656
92 681
92 713
92 730
92 751
92 827
93 128
93 249
93 259
93 311
93 393
93 477
93 500
93 618
93 619
93 632
93 723
94 140
94 202
94 218
94 245
94 263
94 328
94 356
94 379
94 421
94 473
94 527
94 578
94 581
94 875
95 140
95 261
95 321
95 380
95 381
95 404
95 426
95 723
95 766
95 785
95 883
95 996
95 999
96 224
96 292
96 293
96 325
96 420
96 562
96 568
96 569
96 571
96 588
96 766
96 784
96 801
96 842
96 881
97 181
97 223
97 320
97 383
97 419
97 463
97 491
97 496
97 518
97 640
97 662
97 771
97 908
97 931
97 937
97 984
98 405
98 469
98 613
98 682
98 698
98 742
98 842
98 947
99 138
99 256
99 444
99 629
99 633
99 653
99 699
99 727
99 814
99 815
99 827
99 849
99 960
99 976
100 164
100 233
100 305
100 324
100 375
100 497
100 533
100 602
100 679
100 705
100 765
100 964
101 114
101 132
101 159
101 202
101 237
101 335
101 341
101 350
101 402
101 602
101 612
101 653
101 674
101 746
101 805
101 809
102 157
102 244
102 283
102 286
102 301
102 359
102 449
102 491
102 495
102 541
102 545
102 634
102 794
102 902
102 982
102 987
103 128
103 138
103 139
103 266
103 299
103 365
103 390
103 417
103 428
103 532
103 626
103 742
103 823
103 900
104 192
104 258
104 263
104 329
104 367
104 374
104 479
104 506
104 552
104 712
104 729
104 738
104 865
104 943
104 945
105 122
105 282
105 307
105 368
105 495
105 506
105 551
105 709
105 832
105 874
105 897
105 964
106 175
106 405
106 480
106 507
106 555
106 568
106 617
106 865
106 900
107 113
107 345
107 390
107 532
107 540
107 624
107 659
107 789
107 900
108 196
108 206
108 242
108 474
108 493
108 521
108 573
108 866
108 911
108 934
108 958
109 203
109 246
109 300
109 345
109 458
109 481
109 486
109 493
109 542
109 561
109 597
109 602
109 617
109 621
109 636
109 714
109 740
109 769
109 844
110 248
110 309
110 396
110 421
110 464
110 482
110 574
110 661
110 717
110 759
110 853
110 904
111 133
111 184
111 209
111 256
111 334
111 361
111 480
111 534
111 843
111 853
111 924
112 248
112 259
112 261
112 281
112 405
112 616
112 655
112 903
112 933
112 941
112 950
113 151
113 221
113 405
113 512
113 531
113 593
113 668
113 691
113 798
113 893
113 946
114 155
114 158
114 417
114 538
114 545
114 685
114 705
114 766
114 782
114 949
115 148
115 187
115 230
115 260
115 262
115 372
115 403
115 495
115 520
115 535
115 538
115 674
115 752
115 881
115 973
116 121
116 140
116 185
116 396
116 463
116 489
116 556
116 708
116 798
116 803
116 829
116 904
116 922
116 931
117 142
117 145
117 169
117 190
117 200
117 212
117 375
117 479
117 489
117 496
117 498
117 669
117 769
118 136
118 396
118 433
118 466
118 602
118 617
118 621
118 644
118 767
118 768
118 822
118 872
118 998
119 145
119 175
119 197
119 202
119 209
119 235
119 272
119 351
119 352
119 499
119 516
119 703
119 801
119 882
120 169
120 227
120 266
120 285
120 422
120 430
120 498
120 504
120 526
120 739
120 778
120 787
120 928
121 182
121 218
121 236
121 238
121 317
121 333
121 353
121 456
121 602
121 623
121 744
121 754
121 795
121 814
121 883
121 913
121 974
122 144
122 146
122 231
122 249
122 328
122 372
122 469
122 472
122 514
122 697
122 805
122 831
123 162
123 177
123 464
123 500
123 523
123 573
123 586
123 678
123 811
123 894
123 895
124 236
124 239
124 366
124 390
124 466
124 609
124 760
124 850
124 976
124 978
124 999
125 127
125 313
125 464
125 496
125 656
125 680
125 769
125 780
125 878
125 911
125 978
126 240
126 280
126 357
126 384
126 393
126 475
126 477
126 491
126 523
126 727
126 733
126 734
127 253
127 260
127 266
127 348
127 357
127 398
127 476
127 559
127 561
127 627
127 742
127 920
127 946
128 180
128 196
128 198
128 303
128 318
128 343
128 367
128 433
128 471
128 475
128 548
128 577
128 789
128 822
128 897
128 977
128 992
129 227
129 325
129 333
129 424
129 470
129 553
129 565
129 630
129 761
129 904
129 952
130 135
130 161
130 185
130 209
130 226
130 339
130 345
130 367
130 432
130 489
130 540
130 567
130 640
130 643
130 645
130 648
131 195
131 259
131 338
131 428
131 630
131 647
131 708
131 731
131 778
131 799
131 807
131 854
131 924
131 932
132 145
132 176
132 188
132 312
132 361
132 378
132 415
132 455
132 479
132 725
132 845
132 981
132 989
133 389
133 425
133 513
133 581
133 734
133 846
133 920
133 951
133 977
133 982
133 986
134 160
134 199
134 329
134 385
134 415
134 482
134 718
134 800
134 870
134 878
135 139
135 169
135 189
135 224
135 264
135 377
135 378
135 426
135 480
135 514
135 526
135 527
135 584
135 661
135 705
135 779
135 782
135 809
135 949
135 950
135 986
136 161
136 208
136 212
136 242
136 288
136 374
136 415
136 448
136 490
136 664
136 769
136 905
136 938
137 163
137 183
137 198
137 335
137 509
137 618
137 637
137 647
137 684
137 905
137 931
137 970
137 991
138 284
138 321
138 364
138 461
138 503
138 578
138 663
138 809
138 826
138 853
139 338
139 344
139 363
139 735
139 796
139 980
140 176
140 309
140 331
140 552
140 564
140 698
140 742
140 850
140 903
140 920
140 921
140 993
141 143
141 176
141 210
141 240
141 420
141 440
141 454
141 506
141 592
141 605
141 684
141 709
141 784
141 790
141 849
141 869
141 990
142 216
142 468
142 524
142 539
142 578
142 582
142 747
142 786
142 817
142 853
142 922
143 179
143 184
143 258
143 295
143 387
143 389
143 443
143 738
143 876
143 892
143 967
144 155
144 214
144 292
144 410
144 684
144 942
144 970
145 165
145 179
145 257
145 408
145 433
145 441
145 671
145 751
145 809
145 886
145 909
145 913
146 158
146 200
146 320
146 462
146 523
146 565
147 252
147 374
147 475
147 572
147 577
147 685
147 702
147 738
147 819
147 968
148 184
148 218
148 342
148 421
148 425
148 498
148 529
148 566
148 656
148 667
148 815
149 151
149 235
149 265
149 270
149 469
149 499
149 532
149 539
149 569
149 593
149 622
149 777
149 811
150 173
150 246
150 298
150 320
150 440
150 465
150 470
150 589
150 603
150 623
150 657
150 709
150 759
150 772
150 792
150 857
150 934
150 969
151 152
151 245
151 270
151 328
151 358
151 435
151 454
151 579
151 608
151 639
151 790
151 850
151 926
151 933
152 210
152 273
152 302
152 339
152 367
152 368
152 472
152 500
152 720
152 815
152 865
152 946
152 967
153 273
153 444
153 452
153 473
153 501
153 542
153 601
153 611
153 647
153 659
153 662
153 719
153 847
153 966
154 202
154 237
154 259
154 742
154 758
154 760
154 787
154 930
154 938
154 940
155 165
155 269
155 297
155 299
155 366
155 422
155 565
155 621
155 645
155 668
155 673
155 690
155 940
155 964
156 161
156 170
156 178
156 204
156 265
156 357
156 522
156 589
156 729
156 803
156 870
156 968
157 207
157 214
157 347
157 384
157 415
157 466
157 467
157 492
157 545
157 554
157 614
157 680
157 689
157 722
157 893
157 906
158 294
158 329
158 421
158 500
158 511
158 703
158 713
158 770
158 841
158 910
158 946
159 254
159 295
159 347
159 410
159 433
159 622
159 628
159 631
159 723
159 821
159 832
159 896
159 935
160 226
160 338
160 345
160 414
160 450
160 610
160 617
160 638
160 661
160 748
160 833
160 872
160 919
161 195
161 217
161 333
161 490
161 604
161 661
161 676
161 786
161 868
161 948
161 959
162 186
162 190
162 200
162 213
162 229
162 257
162 286
162 345
162 384
162 431
162 606
162 736
162 787
162 799
162 863
162 948
163 251
163 429
163 464
163 491
163 505
163 575
163 583
163 687
163 755
163 852
163 954
164 195
164 224
164 429
164 548
164 580
164 592
164 637
164 723
164 821
164 830
164 859
164 895
164 903
164 929
164 949
165 199
165 331
165 471
165 537
165 639
165 643
165 674
165 682
165 722
165 817
165 843
165 926
166 197
166 249
166 295
166 340
166 367
166 403
166 550
166 956
166 991
167 341
167 350
167 491
167 500
167 526
167 600
167 616
167 684
167 721
168 204
168 236
168 481
168 540
168 754
168 779
169 329
169 463
169 477
169 545
169 550
169 556
169 583
169 595
169 862
169 897
169 930
170 178
170 219
170 410
170 504
170 635
170 830
170 833
170 856
170 901
171 308
171 417
171 514
171 643
171 649
171 793
171 851
172 224
172 228
172 573
172 617
172 668
172 717
172 829
172 899
172 953
172 961
173 213
173 265
173 411
173 435
173 461
173 606
173 781
173 802
173 829
174 367
174 468
174 487
174 638
174 654
174 673
174 727
174 762
174 861
174 923
175 284
175 298
175 318
175 326
175 350
175 457
175 596
175 771
175 885
175 906
175 921
175 930
176 197
176 280
176 349
176 441
176 472
176 479
176 568
176 613
176 646
176 668
176 673
176 678
176 732
176 763
176 808
177 179
177 180
177 272
177 314
177 373
177 385
177 403
177 566
177 624
177 713
177 715
177 742
177 809
177 828
177 971
177 986
178 226
178 360
178 406
178 508
178 640
178 689
178 722
178 769
178 792
178 811
178 869
178 889
178 904
178 937
178 942
179 204
179 209
179 233
179 245
179 273
179 275
179 294
179 371
179 433
179 466
179 749
179 796
179 870
179 943
180 211
180 240
180 273
180 287
180 341
180 351
180 358
180 536
180 550
180 591
180 766
180 793
180 913
180 950
181 359
181 401
181 457
181 557
181 733
181 734
181 735
181 849
182 223
182 229
182 360
182 379
182 422
182 657
182 659
182 695
182 742
182 761
182 793
182 857
182 872
182 897
183 273
183 275
183 325
183 344
183 464
183 468
183 611
183 618
183 671
183 682
183 787
183 826
183 873
183 882
184 328
184 473
184 501
184 551
184 595
184 640
184 722
184 756
184 811
184 914
184 969
185 345
185 446
185 449
185 612
185 725
185 832
185 898
186 230
186 283
186 313
186 453
186 727
186 733
186 805
186 840
186 992
187 206
187 251
187 418
187 487
187 723
187 778
187 811
187 819
187 912
187 945
187 951
187 964
188 199
188 208
188 253
188 254
188 299
188 300
188 337
188 354
188 374
188 474
188 587
188 642
188 691
188 783
188 843
189 300
189 475
189 580
189 632
189 824
189 841
189 908
189 929
189 985
190 195
190 274
190 337
190 338
190 505
190 574
190 666
190 702
190 892
190 983
191 286
191 308
191 511
191 576
191 611
191 631
191 687
191 719
191 744
191 756
191 787
191 906
191 932
191 933
192 209
192 320
192 410
192 548
192 719
192 834
192 877
193 275
193 291
193 322
193 349
193 359
193 392
193 488
193 535
193 576
193 591
193 710
193 737
193 742
193 883
193 912
193 963
194 282
194 300
194 313
194 327
194 406
194 467
194 562
194 746
194 823
194 943
195 244
195 282
195 402
195 454
195 627
195 683
195 689
195 824
195 876
195 942
195 955
196 242
196 253
196 292
196 301
196 576
196 866
196 892
196 942
196 985
197 254
197 298
197 331
197 511
197 523
197 542
197 660
197 662
197 680
197 689
197 817
197 823
197 841
197 940
197 998
198 207
198 272
198 274
198 349
198 385
198 537
198 551
198 562
198 933
198 958
199 858
199 861
199 884
200 211
200 224
200 346
200 429
200 637
200 715
200 759
200 768
200 783
201 204
201 212
201 223
201 275
201 389
201 442
201 497
201 500
201 585
201 830
201 946
201 968
202 258
202 323
202 372
202 375
202 449
202 538
202 563
202 650
202 733
202 797
202 950
203 210
203 353
203 404
203 494
203 541
203 719
203 753
203 761
203 781
203 798
203 822
203 888
203 959
204 249
204 294
204 361
204 371
204 454
204 455
204 532
204 663
204 699
204 703
204 835
204 861
204 921
204 963
204 969
205 330
205 425
205 456
205 510
205 762
205 798
205 853
205 892
205 902
205 903
205 986
206 212
206 255
206 322
206 355
206 373
206 385
206 430
206 511
206 618
206 624
206 631
206 658
206 757
206 788
206 798
206 931
206 942
207 365
207 521
207 583
207 627
207 666
207 711
207 779
207 785
207 902
207 913
208 213
208 273
208 325
208 423
208 446
208 535
208 597
208 740
208 759
208 822
208 837
208 866
208 902
209 368
209 435
209 490
209 542
209 729
209 758
209 784
209 793
209 862
209 878
209 1000
210 365
210 369
210 380
210 541
210 584
210 648
210 657
210 737
210 782
210 810
210 827
210 887
211 217
211 247
211 251
211 311
211 397
211 418
211 430
211 446
211 700
211 708
211 846
211 932
212 299
212 562
212 594
212 710
212 720
212 730
212 792
212 826
212 888
212 897
212 903
212 907
212 921
212 944
212 947
213 278
213 286
213 308
213 313
213 362
213 479
213 508
213 636
213 721
213 816
213 876
213 982
214 238
214 304
214 505
214 614
214 743
214 836
215 244
215 280
215 281
215 324
215 396
215 446
215 553
215 656
215 750
215 795
215 817
216 288
216 306
216 329
216 379
216 579
216 599
216 673
216 822
217 276
217 310
217 428
217 467
217 539
217 553
217 669
217 737
217 767
217 771
217 864
217 880
217 919
217 983
218 329
218 346
218 460
218 588
218 652
218 667
218 801
218 814
219 308
219 422
219 516
219 524
219 714
219 747
219 797
219 799
219 857
219 925
219 934
219 938
220 251
220 329
220 342
220 361
220 402
220 435
220 439
220 533
220 546
220 665
220 701
221 263
221 325
221 433
221 436
221 471
221 506
221 544
221 611
221 615
221 839
221 942
222 226
222 330
222 340
222 393
222 594
222 683
222 775
222 790
222 799
222 813
222 862
222 882
222 916
223 244
223 280
223 343
223 352
223 353
223 480
223 489
223 520
223 740
223 752
223 775
223 866
224 272
224 368
224 392
224 507
224 845
224 849
224 874
224 905
225 529
225 562
225 645
225 683
225 789
225 842
225 965
226 328
226 461
226 541
226 559
226 947
226 994
227 364
227 396
227 423
227 478
227 524
227 701
227 711
227 820
227 835
227 859
227 919
228 267
228 304
228 378
228 394
228 396
228 406
228 424
228 598
228 670
228 927
228 931
229 238
229 258
229 276
229 317
229 320
229 324
229 399
229 435
229 569
229 599
229 604
229 671
229 722
229 782
229 819
229 834
229 845
229 881
229 889
230 234
230 273
230 322
230 350
230 370
230 409
230 433
230 579
230 731
230 782
230 910
230 970
231 313
231 470
231 576
231 801
231 836
231 879
231 932
232 253
232 323
232 390
232 506
232 618
232 629
232 777
232 833
232 876
233 235
233 240
233 243
233 274
233 297
233 365
233 416
233 417
233 474
233 538
233 592
233 748
233 911
233 925
234 324
234 354
234 365
234 417
234 529
234 535
234 644
234 673
234 707
234 912
234 953
235 640
235 663
235 780
235 869
235 917
236 243
236 358
236 389
236 456
236 573
236 623
236 712
236 726
236 779
236 873
236 926
236 940
237 259
237 570
237 674
237 910
237 918
238 245
238 253
238 358
238 446
238 448
238 494
238 543
238 554
238 603
238 773
238 891
239 451
239 514
239 896
239 921
240 431
240 505
240 549
240 586
240 848
240 928
240 945
240 958
241 278
241 301
241 355
241 367
241 398
241 422
241 474
241 491
241 523
241 566
241 688
241 764
241 822
241 880
241 925
242 284
242 297
242 328
242 357
242 392
242 731
242 767
242 807
242 985
243 279
243 352
243 395
243 584
243 601
243 637
243 703
243 895
243 970
244 303
244 381
244 458
244 497
244 725
244 735
244 947
245 329
245 525
245 608
245 687
245 828
245 964
246 307
246 366
246 447
246 455
246 457
246 535
246 540
246 671
246 815
246 903
246 952
247 258
247 302
247 342
247 359
247 382
247 387
247 462
247 589
247 732
247 813
247 855
248 355
248 379
248 482
248 619
249 263
249 270
249 344
249 357
249 420
249 558
249 564
249 825
249 915
249 935
249 960
249 992
250 425
250 662
250 896
251 286
251 349
251 412
251 604
251 705
251 724
251 784
251 822
251 833
251 880
251 907
251 918
252 309
252 492
252 615
252 642
252 646
252 655
252 836
252 858
252 920
252 958
253 311
253 340
253 365
253 428
253 484
253 614
253 641
253 705
253 749
253 750
253 781
253 826
253 828
253 868
253 886
253 954
253 958
254 259
254 737
254 813
254 839
254 843
254 907
254 911
254 920
255 423
255 454
255 522
255 558
255 735
255 850
255 915
256 278
256 410
256 425
256 507
256 566
256 740
256 829
256 860
256 893
256 969
256 981
257 327
257 337
257 372
257 515
257 657
257 728
258 430
258 607
258 706
258 762
258 908
259 324
259 386
259 670
259 794
259 840
259 860
259 992
260 314
260 357
260 461
260 539
260 631
260 690
260 693
260 869
261 271
261 275
261 353
261 445
261 489
261 535
261 568
261 588
261 612
261 790
261 816
261 835
261 883
261 978
262 375
262 405
262 420
262 597
262 610
262 646
262 689
262 724
262 728
262 826
263 322
263 420
263 426
263 498
263 522
263 754
263 815
264 312
264 373
264 465
264 466
264 518
264 521
264 532
264 601
264 609
264 656
264 684
264 790
264 911
265 389
265 419
265 425
265 562
265 637
265 711
265 748
265 842
265 867
265 921
265 970
266 315
266 373
266 400
266 453
266 458
266 530
266 598
266 651
266 690
266 821
266 893
267 390
267 436
267 487
267 694
267 723
267 829
267 893
267 921
267 931
267 975
267 987
268 270
268 284
268 344
268 380
268 389
268 397
268 496
268 667
268 786
269 273
269 277
269 285
269 310
269 323
269 328
269 371
269 449
269 454
269 562
269 617
269 692
269 719
269 756
269 798
269 807
269 829
269 842
269 847
269 914
269 940
269 941
270 349
270 375
270 423
270 453
270 490
270 497
270 558
270 647
270 822
270 843
270 847
270 873
270 913
270 991
271 294
271 314
271 365
271 387
271 405
271 588
271 702
271 712
271 803
271 823
271 833
271 857
271 890
271 931
271 949
271 995
272 470
272 592
272 650
272 762
272 767
272 918
272 936
273 281
273 448
273 515
273 660
273 713
273 749
273 819
273 845
273 852
273 918
274 351
274 362
274 386
274 435
274 547
274 597
274 633
274 642
274 650
274 657
274 695
274 705
274 707
274 767
274 972
275 321
275 379
275 442
275 490
275 504
275 561
275 651
275 688
275 695
275 746
275 762
275 946
276 340
276 408
276 609
276 623
276 667
276 812
276 850
277 289
277 415
277 497
277 505
277 535
277 763
277 791
277 831
277 841
277 844
277 899
277 909
277 926
278 337
278 387
278 395
278 457
278 479
278 575
278 666
278 725
278 730
278 738
278 775
278 868
278 900
278 971
279 522
279 671
280 300
280 350
280 458
280 467
280 485
280 554
280 565
280 576
280 606
280 639
280 743
280 848
280 861
280 865
281 315
281 336
281 363
281 427
281 434
281 463
281 493
281 574
281 997
282 329
282 355
282 356
282 389
282 409
282 426
282 440
282 441
282 548
282 627
282 641
282 765
282 925
283 365
283 385
283 435
283 550
283 632
283 640
283 660
283 674
283 723
283 788
283 871
283 894
283 948
283 991
284 299
284 318
284 323
284 362
284 532
284 593
284 719
284 926
284 981
285 325
285 359
285 428
285 472
285 506
285 547
285 549
285 627
285 632
285 636
285 733
285 755
285 857
285 955
285 981
285 998
286 330
286 420
286 482
286 488
286 710
286 777
286 799
286 945
286 958
287 321
287 562
287 580
287 653
287 740
287 841
287 854
287 934
288 392
288 423
288 516
288 524
288 603
288 738
288 805
288 847
288 886
288 931
288 932
289 302
289 306
289 349
289 422
289 440
289 615
289 697
289 754
289 762
289 779
289 780
289 786
289 873
289 926
289 987
290 342
290 397
290 457
290 515
290 617
290 717
290 745
290 832
290 855
290 947
290 973
291 375
291 467
291 561
291 603
291 653
291 665
291 704
291 771
291 818
291 831
291 891
292 309
292 349
292 392
292 547
292 577
292 615
293 296
293 306
293 331
293 410
293 579
293 606
293 663
293 689
293 697
293 730
293 960
294 306
294 427
294 447
294 472
294 501
294 649
294 763
294 772
294 814
294 830
294 911
295 368
295 451
295 469
295 532
295 564
295 602
295 710
295 726
295 737
295 859
295 881
295 903
295 919
295 967
296 341
296 363
296 646
296 745
296 807
296 844
296 914
296 988
297 300
297 333
297 492
297 516
297 541
297 547
297 602
297 614
297 664
297 746
297 808
297 987
298 449
298 514
298 570
298 678
298 722
298 777
298 881
299 475
299 515
299 516
299 718
299 813
299 817
299 864
299 919
300 348
300 402
300 489
300 523
300 537
300 558
300 569
300 580
300 603
300 690
300 770
300 815
300 842
300 852
300 858
300 865
300 920
300 971
301 546
301 659
301 667
301 732
301 760
301 914
302 428
302 493
302 512
302 691
302 762
302 865
302 874
302 903
303 419
303 423
303 562
303 638
303 656
303 808
303 827
303 887
304 362
304 378
304 433
304 558
304 911
304 914
304 951
304 963
304 967
305 481
305 536
305 573
305 624
305 651
305 756
305 894
305 915
305 919
305 935
306 323
306 581
306 708
306 726
306 812
306 828
307 409
307 461
307 513
307 548
307 554
307 556
307 574
307 668
307 682
307 890
307 971
308 310
308 320
308 337
308 623
308 649
308 683
308 774
308 776
309 508
309 528
309 579
309 598
309 603
309 651
309 775
309 794
309 822
309 855
309 906
310 314
310 317
310 318
310 394
310 497
310 648
310 809
310 818
310 855
310 877
311 652
311 689
311 713
311 728
311 909
312 335
312 336
312 346
312 377
312 440
312 650
312 656
312 690
312 701
312 756
312 802
312 831
312 836
312 968
313 380
313 542
313 643
313 736
313 851
313 971
313 973
314 463
314 517
314 525
314 542
314 571
314 655
314 770
314 905
315 332
315 507
315 639
315 711
316 436
316 468
316 486
316 496
316 564
316 568
316 639
316 703
316 753
316 757
316 992
317 348
317 367
317 369
317 417
317 490
317 577
317 682
317 803
317 948
318 348
318 506
318 509
318 581
318 589
318 609
318 753
318 884
318 923
319 412
319 600
319 617
319 620
319 736
319 884
319 896
320 380
320 532
320 540
320 595
320 597
320 628
320 776
320 824
320 912
320 919
320 936
321 457
321 505
321 535
321 580
321 645
321 768
321 941
322 323
322 394
322 458
322 682
322 703
322 796
322 926
322 954
323 545
323 597
323 671
323 783
323 801
323 970
324 325
324 433
324 439
324 513
324 514
324 632
324 690
324 712
324 774
324 808
324 838
325 372
325 416
325 444
325 490
325 520
325 621
325 680
325 727
325 748
325 808
325 868
325 903
326 392
326 434
326 585
326 616
326 772
326 836
326 882
326 886
326 960
326 992
327 360
327 368
327 390
327 396
327 419
327 478
327 606
327 874
328 623
328 900
328 983
329 528
329 566
329 611
329 764
329 817
329 858
329 938
330 372
330 452
330 483
330 608
330 613
330 663
330 757
330 771
330 861
330 877
331 338
331 537
331 545
331 600
331 616
331 816
331 823
331 841
331 861
331 884
331 936
331 952
332 378
332 419
332 435
332 436
332 491
332 602
332 702
332 850
333 463
333 545
333 584
333 619
333 673
333 689
333 709
333 906
333 944
334 457
334 521
334 555
334 596
334 765
334 812
334 846
335 377
335 409
335 480
335 486
335 715
335 748
335 908
335 923
335 975
335 985
336 387
336 426
336 440
336 450
336 620
336 659
336 675
336 762
336 814
336 827
336 856
336 866
336 890
336 941
336 997
337 354
337 480
337 488
337 509
337 557
337 586
337 607
337 613
337 662
337 802
337 841
337 883
337 934
338 365
338 505
338 555
338 728
338 765
338 805
338 856
338 928
338 935
338 941
339 382
339 413
339 463
339 500
339 538
339 637
339 700
339 757
339 854
339 875
340 486
340 515
340 608
340 749
340 828
340 912
341 480
341 565
341 644
341 646
341 818
341 832
341 862
342 423
342 521
342 530
342 533
342 540
342 658
342 712
342 759
342 845
342 866
342 898
342 949
343 377
343 381
343 566
343 703
343 859
343 902
343 989
344 414
344 423
344 427
344 465
344 478
344 499
344 743
344 744
344 776
344 940
344 996
345 396
345 577
345 579
345 693
345 739
345 793
345 878
346 376
346 470
346 603
346 637
346 638
346 653
346 806
347 370
347 529
347 743
347 792
347 829
347 913
347 975
347 1000
348 390
348 401
348 597
348 781
348 878
348 898
348 1000
349 354
349 433
349 486
349 640
349 672
349 761
349 779
349 929
350 888
350 964
351 422
351 468
351 481
351 492
351 773
351 824
351 871
351 948
351 999
352 463
352 480
352 481
352 578
352 597
352 685
352 695
352 715
352 753
352 784
352 813
352 841
352 929
352 973
353 368
353 511
353 597
353 668
353 677
353 678
353 884
353 892
353 971
354 387
354 511
354 619
354 671
354 862
354 997
355 449
355 597
355 740
355 883
356 592
356 631
356 758
356 862
356 943
357 553
357 712
357 723
357 745
357 785
357 795
357 859
357 873
357 898
357 957
358 371
358 435
358 485
358 486
358 516
358 530
358 542
358 593
358 736
359 363
359 393
359 479
359 483
359 592
359 658
359 659
359 782
359 795
359 816
359 972
359 975
359 987
360 365
360 432
360 498
360 601
360 690
360 890
361 362
361 381
361 474
361 492
361 633
361 665
361 700
361 816
361 877
361 995
362 498
362 539
362 560
362 584
362 609
362 630
362 763
362 772
362 811
362 828
362 974
363 379
363 405
363 420
363 422
363 472
363 534
363 644
363 650
363 655
363 874
363 948
364 421
364 437
364 464
364 576
364 579
364 604
364 618
364 841
364 973
364 987
365 483
365 494
365 717
365 764
365 792
365 845
365 880
365 923
365 955
366 380
366 440
366 555
366 559
366 569
366 628
366 718
366 783
366 931
366 1000
367 412
367 453
367 510
367 729
367 806
367 827
367 847
367 921
368 831
368 924
368 933
369 464
369 728
369 734
369 753
369 826
369 863
369 921
370 460
370 544
370 643
370 769
370 834
370 848
370 889
370 890
370 904
371 487
371 498
371 542
371 921
371 945
371 962
372 473
372 482
372 496
372 528
372 544
372 569
372 585
372 594
372 690
372 725
372 784
372 800
372 935
372 939
372 952
373 436
373 583
373 602
373 624
373 673
373 684
373 843
373 911
373 976
374 418
374 453
374 454
374 519
374 539
374 575
374 679
374 719
374 739
374 780
374 929
375 507
375 612
375 771
375 802
375 819
375 831
375 850
375 907
375 913
375 930
375 942
375 949
375 978
376 436
376 485
376 503
376 551
376 770
376 880
376 906
377 520
377 567
377 574
377 661
377 668
377 709
377 762
377 941
377 976
378 420
378 442
378 581
378 609
378 697
378 703
378 799
378 885
378 944
378 966
379 419
379 538
379 566
379 569
379 652
379 655
379 720
379 726
379 742
379 788
379 851
379 896
379 909
379 980
380 405
380 727
380 846
380 920
381 539
381 544
381 546
381 569
381 597
381 687
381 717
381 757
381 825
381 995
382 418
382 568
382 579
382 793
382 884
382 888
382 930
383 833
383 846
383 947
383 988
384 398
384 429
384 498
384 516
384 549
384 766
384 808
384 817
384 938
384 951
384 965
384 969
385 414
385 484
385 559
385 627
385 822
385 869
385 874
386 453
386 473
386 501
386 763
386 926
387 401
387 576
387 600
387 731
387 881
387 937
387 996
388 394
388 539
388 601
388 629
388 658
388 716
388 745
388 863
388 867
388 892
388 972
388 987
389 484
389 514
389 529
389 557
389 589
389 601
389 640
389 658
389 732
389 745
389 786
389 849
389 866
389 891
389 917
390 483
390 645
390 830
390 873
391 478
391 490
391 598
391 711
391 865
391 879
391 905
391 907
391 946
392 411
392 449
392 552
392 704
392 733
392 829
392 855
393 416
393 481
393 551
393 684
393 697
393 741
393 758
394 397
394 454
394 493
394 522
394 576
394 602
394 619
394 718
394 892
394 943
394 963
395 558
395 771
395 794
395 920
395 959
396 404
396 408
396 411
396 413
396 911
397 441
397 442
397 490
397 503
397 610
397 735
397 738
397 848
397 852
397 871
397 934
397 973
397 991
398 411
398 669
398 677
398 695
398 717
398 860
398 915
398 987
399 517
399 534
399 712
399 902
399 952
400 443
400 506
400 593
400 670
400 701
400 943
401 403
401 456
401 498
401 647
401 649
401 653
401 689
401 740
401 820
401 993
402 553
402 561
402 569
402 579
402 584
402 746
402 772
402 913
402 945
403 442
403 710
403 832
403 845
403 947
404 406
404 558
404 649
404 983
404 992
405 475
405 617
405 646
405 724
405 816
405 856
405 902
405 914
406 658
406 722
406 725
406 779
406 785
406 803
406 830
406 952
407 456
407 530
407 619
407 620
407 628
407 646
407 707
407 765
407 819
407 824
407 880
408 514
408 529
408 659
408 677
408 749
408 916
408 936
408 996
409 438
409 511
409 530
409 610
409 629
410 505
410 688
410 796
410 925
410 929
411 457
411 512
411 525
411 701
411 706
411 868
411 937
411 954
412 421
412 485
412 641
412 666
412 696
412 718
412 751
412 875
412 888
413 467
413 588
413 641
413 710
413 713
413 889
413 921
413 973
414 541
414 628
414 857
414 897
415 449
415 460
415 468
415 692
415 713
415 716
415 723
415 751
415 835
415 978
415 1000
416 559
416 567
416 605
416 629
416 732
416 752
417 654
417 686
417 756
417 760
417 957
418 451
418 459
418 463
418 617
418 655
418 663
418 726
418 910
418 942
419 479
419 493
419 570
419 577
419 740
419 745
419 800
419 828
419 882
419 987
420 434
420 558
420 579
420 691
420 768
420 845
420 925
420 935
421 465
421 488
421 521
421 531
421 741
421 855
421 861
421 997
422 566
422 718
422 775
422 923
423 532
423 575
423 702
423 855
423 892
423 931
423 937
424 446
424 478
424 480
424 584
424 759
424 787
424 865
424 907
424 942
424 953
424 986
425 513
425 553
425 624
425 761
425 806
425 829
425 865
425 935
425 939
425 961
426 560
426 602
426 634
426 641
426 699
426 762
426 821
426 887
426 910
426 927
427 512
427 604
427 634
427 672
427 701
427 835
427 859
427 884
427 910
427 939
428 434
428 465
428 588
428 623
428 735
428 803
428 859
428 897
428 921
429 453
429 514
429 527
429 532
429 568
429 982
430 517
430 564
430 591
431 518
431 536
431 686
431 796
431 889
431 924
432 462
432 539
432 876
432 942
432 977
433 472
433 598
433 608
433 617
433 689
433 701
433 714
433 727
433 851
433 863
433 867
433 945
433 984
434 450
434 470
434 477
434 568
434 662
434 686
434 759
434 798
434 809
434 848
434 860
434 862
434 898
435 437
435 488
435 518
435 568
435 656
435 787
435 881
435 938
435 977
436 454
436 651
436 670
436 705
436 857
437 463
437 648
437 671
437 767
437 783
437 861
437 867
437 990
438 469
438 569
438 625
438 840
438 871
438 888
439 498
439 591
439 607
439 795
439 842
439 890
439 990
440 538
440 825
440 856
440 868
441 472
441 583
441 598
441 770
441 785
441 812
441 870
441 996
442 756
442 758
442 788
442 873
442 879
442 947
443 460
443 485
443 503
443 715
443 737
443 757
443 759
443 845
444 558
444 564
444 594
444 632
444 671
444 895
445 527
445 530
445 634
445 649
445 716
445 738
445 802
445 863
446 496
446 636
446 690
446 702
446 748
446 750
446 815
446 817
446 983
447 451
447 455
447 466
447 477
447 521
447 683
447 740
447 750
448 454
448 503
448 558
448 579
448 664
448 679
448 746
448 843
448 947
448 1000
449 516
449 595
449 596
449 607
449 710
449 764
449 828
449 838
449 927
450 459
450 493
450 550
450 552
450 664
450 717
450 772
450 774
450 780
450 831
450 861
451 532
451 626
451 639
451 674
451 682
451 723
451 807
451 829
451 935
452 459
452 501
452 632
452 744
452 865
452 939
452 941
452 963
453 498
453 502
453 824
453 877
454 457
454 577
454 627
454 672
454 682
454 712
454 772
454 923
454 989
455 537
455 545
455 554
455 829
455 847
456 488
456 499
456 615
456 641
456 749
456 752
456 784
456 891
456 967
457 475
457 559
457 626
457 903
457 930
458 466
458 564
458 630
458 845
458 986
459 582
459 601
459 654
459 674
459 782
459 795
459 806
459 820
459 831
459 883
459 935
459 951
459 965
459 969
460 486
460 555
460 616
460 619
460 708
460 712
460 835
460 921
460 928
460 949
460 953
461 528
461 834
461 928
462 495
462 499
462 787
462 905
462 969
462 976
463 498
463 499
463 604
463 677
463 680
463 693
463 800
464 518
464 585
464 601
464 637
464 660
464 703
464 774
464 777
464 830
464 852
464 909
464 984
465 493
465 497
465 573
465 726
465 779
465 817
465 948
465 974
466 542
466 760
466 853
466 863
466 883
466 971
466 992
467 615
467 633
467 784
467 791
467 827
467 835
467 893
467 918
467 996
468 568
468 663
468 739
468 829
468 834
468 894
468 946
469 642
469 694
469 723
469 971
470 552
470 563
470 644
470 706
470 734
470 849
470 871
471 508
471 600
471 622
471 641
471 669
471 696
471 919
471 942
472 584
472 641
472 704
472 843
472 865
472 892
472 997
473 516
473 565
473 628
473 653
473 776
473 852
473 912
473 926
474 819
474 828
474 841
474 846
474 885
474 893
474 961
475 476
475 833
475 850
475 894
475 962
476 505
476 531
476 632
476 636
476 694
476 703
476 760
476 784
476 870
476 910
476 920
476 968
476 969
476 989
477 501
477 688
477 691
477 710
477 713
477 732
477 741
477 853
477 867
477 955
477 960
478 588
478 616
478 623
478 629
478 650
478 704
478 798
478 856
478 884
478 962
478 1000
479 509
479 546
479 558
479 677
479 785
479 799
479 909
479 942
480 569
480 701
480 709
480 768
480 811
480 831
480 834
480 892
480 987
481 515
481 614
481 627
481 860
482 553
482 555
482 705
482 711
482 817
482 821
482 874
482 887
482 907
482 918
482 937
482 950
483 524
483 526
483 592
483 663
483 830
483 906
483 955
483 975
484 497
484 629
484 887
484 945
485 615
485 691
485 754
485 925
486 694
486 696
486 731
486 772
486 858
486 866
486 995
487 709
487 716
487 750
487 770
487 802
487 821
487 901
487 956
487 1000
488 529
488 657
488 696
488 737
488 905
489 528
489 552
489 725
489 729
489 745
489 816
489 871
489 967
490 703
490 726
490 776
490 942
491 647
491 660
491 681
491 692
491 722
491 758
491 760
491 779
491 805
491 838
491 872
491 875
491 966
492 497
492 525
492 532
492 627
492 641
492 668
492 703
492 823
492 859
492 891
493 582
493 593
493 619
493 621
493 632
493 997
494 501
494 588
494 716
494 786
494 811
494 830
495 567
495 660
495 692
495 700
495 711
495 839
495 983
496 543
496 597
496 836
496 885
496 907
496 912
496 958
497 604
497 648
497 673
497 705
497 756
497 776
497 819
497 850
497 865
497 908
497 923
498 501
498 780
498 821
498 857
498 874
498 911
498 969
498 996
499 693
499 810
499 987
500 562
500 587
500 641
500 645
500 689
500 743
500 782
500 902
501 511
501 536
501 700
501 725
501 735
501 742
501 759
501 839
501 927
501 966
501 976
502 517
502 571
502 648
502 746
502 753
502 790
502 819
502 833
502 909
502 937
503 596
503 652
503 771
503 885
503 908
503 947
503 979
504 617
504 633
504 697
504 789
504 799
504 854
504 926
504 928
504 974
505 566
505 700
505 742
505 749
505 774
505 808
505 972
506 536
506 620
506 700
506 885
506 955
507 537
507 664
507 796
507 800
507 805
507 863
508 567
508 585
508 648
508 686
508 741
508 897
508 957
508 961
509 825
509 887
509 936
509 942
510 617
510 720
510 781
510 861
510 919
510 982
510 997
511 983
512 586
512 616
512 670
512 721
512 731
512 785
512 983
513 554
513 623
513 775
513 919
514 524
514 653
514 749
515 516
515 562
515 859
515 984
516 577
516 644
516 698
516 704
516 939
517 570
517 614
517 676
517 760
517 913
517 965
518 578
518 582
518 653
518 658
518 679
518 723
518 828
518 837
518 896
518 917
518 952
519 571
519 652
519 761
519 775
519 884
519 888
520 573
520 574
520 597
520 720
520 759
520 769
520 785
520 795
520 866
521 624
521 677
521 739
521 772
521 971
522 578
522 756
522 824
522 872
522 977
523 527
523 530
523 612
524 534
524 811
524 860
524 887
525 575
525 593
525 616
525 630
525 770
525 777
525 789
525 832
525 917
525 939
525 981
526 533
526 568
526 652
526 699
526 835
527 593
527 721
527 820
527 828
527 908
527 934
528 561
528 628
528 644
528 651
528 667
528 740
528 750
528 751
528 852
528 900
528 908
529 543
529 550
529 579
529 610
529 842
529 928
530 542
530 597
530 650
530 952
530 977
531 700
531 840
531 943
531 968
532 616
532 653
532 662
532 679
532 689
532 739
532 778
532 869
533 566
533 650
533 800
533 954
534 572
534 612
534 649
534 680
534 777
535 543
535 558
535 564
535 705
535 754
535 839
535 918
536 552
536 559
536 640
536 755
536 763
536 773
536 795
536 826
536 848
536 879
536 911
536 984
537 599
537 610
537 778
537 825
537 871
537 927
537 935
538 548
538 593
538 671
538 673
538 698
538 793
538 796
538 829
539 610
539 755
539 833
539 873
539 902
539 932
539 975
540 562
540 579
540 598
540 747
540 785
540 795
540 809
540 868
540 887
540 890
540 923
540 944
541 550
541 692
541 787
541 882
541 894
541 991
542 545
542 691
542 746
542 770
542 826
542 840
542 936
542 956
542 999
543 556
543 618
543 637
543 829
543 971
543 997
544 554
544 565
544 670
544 721
544 957
544 964
544 968
544 971
544 974
545 616
545 650
545 685
545 744
545 765
545 767
545 777
545 928
545 976
545 984
546 649
546 667
546 928
546 980
547 559
547 561
547 562
547 592
547 611
547 627
547 693
547 704
547 906
548 653
548 657
548 664
548 706
548 757
548 805
549 596
549 617
549 657
549 667
549 872
549 938
549 969
549 1000
550 610
550 627
550 670
550 763
550 765
550 782
550 936
551 647
551 695
551 716
551 844
551 866
551 902
551 991
552 571
552 758
552 818
552 848
552 918
552 952
553 580
553 641
553 904
554 635
554 645
554 767
554 1000
555 634
555 737
555 809
555 810
555 835
555 908
555 921
555 956
556 573
556 710
556 821
556 886
557 699
557 918
557 993
558 682
558 895
558 933
558 955
559 605
559 686
559 701
559 702
559 720
559 820
559 859
559 879
559 899
559 990
559 992
559 998
560 603
560 624
560 698
560 954
561 636
561 738
561 849
561 852
561 861
561 928
562 623
562 682
562 827
562 836
562 971
563 645
563 951
563 999
564 645
564 676
564 853
564 889
564 927
565 588
565 821
565 865
566 598
566 623
566 691
566 743
566 748
566 749
566 774
566 862
566 934
566 991
567 739
567 791
567 991
568 612
568 747
568 799
568 849
568 904
568 990
569 582
569 623
569 824
569 868
569 884
569 907
570 599
570 660
570 726
570 811
570 923
570 933
571 595
571 684
571 711
571 777
571 879
571 880
571 925
571 940
571 995
572 625
572 669
572 681
572 794
572 861
573 694
573 716
573 742
573 776
573 868
573 953
573 957
574 575
574 590
574 606
574 646
574 695
574 774
574 788
574 863
574 879
574 949
575 694
575 743
575 798
575 829
575 898
575 950
576 770
576 834
576 888
577 586
577 646
577 750
577 767
577 832
577 925
578 609
578 658
578 726
578 787
578 828
578 875
578 971
579 598
579 701
579 710
579 740
580 688
580 757
580 781
580 782
580 880
581 727
581 749
581 930
582 608
582 635
582 680
582 749
582 884
582 931
583 706
583 720
583 792
583 844
583 936
583 950
583 963
583 969
584 691
584 699
584 807
584 851
584 947
584 984
584 987
585 687
585 800
585 849
585 887
585 890
585 1000
586 749
586 903
586 944
587 589
587 616
587 744
587 870
587 957
588 742
588 774
588 786
588 810
588 854
588 902
589 619
589 865
590 596
590 739
590 790
590 793
590 806
590 918
591 624
591 677
591 745
591 803
591 932
591 959
592 623
592 627
592 678
592 732
592 780
592 818
592 932
592 952
593 724
593 744
593 796
593 818
593 851
593 951
594 716
594 863
594 890
595 604
595 699
595 744
595 916
595 945
596 713
596 746
596 752
596 764
596 800
596 812
596 861
597 747
597 815
597 890
598 630
598 638
598 696
598 725
598 784
598 819
598 837
598 957
598 975
599 681
599 694
599 783
599 949
600 648
600 688
600 724
600 769
600 775
600 793
600 815
600 896
600 909
600 967
601 667
601 833
601 849
601 924
601 932
601 935
601 938
601 984
602 665
602 758
602 771
602 780
602 802
602 832
602 840
602 913
602 937
603 607
603 612
603 732
603 886
603 921
603 941
604 857
604 885
604 926
605 658
605 773
605 786
605 823
605 945
605 960
606 674
606 682
606 768
606 908
606 928
606 959
607 718
607 753
607 827
607 830
607 869
607 874
607 948
608 712
608 886
608 930
608 973
609 626
609 703
609 706
609 855
609 898
609 933
610 648
610 805
610 831
610 991
611 686
611 727
611 732
612 630
612 700
612 832
612 839
612 910
612 945
613 705
613 740
613 774
613 797
613 831
613 870
613 889
613 892
613 984
614 632
614 652
614 677
614 729
614 768
614 771
614 964
614 970
615 636
615 710
615 755
615 783
615 931
615 980
616 665
616 763
616 796
616 823
616 874
616 901
616 989
617 732
617 796
617 884
618 715
618 931
618 999
619 714
619 833
620 712
620 917
620 964
621 648
621 659
622 656
622 669
622 696
622 705
622 805
622 811
622 816
622 818
622 903
622 933
622 951
623 913
623 962
623 977
624 680
624 721
624 757
624 838
624 924
624 999
625 632
625 682
625 689
625 707
625 798
625 955
625 964
626 699
627 660
627 732
627 759
627 849
627 880
628 825
628 897
628 936
628 973
629 631
629 700
629 748
629 815
629 818
629 899
629 977
630 751
630 837
630 905
630 986
631 645
631 727
631 793
631 821
631 839
631 870
631 889
631 962
631 976
631 978
631 994
632 647
632 661
632 722
632 789
632 898
633 764
633 769
633 781
633 856
633 887
633 935
633 971
633 993
633 995
634 658
634 742
634 822
634 827
634 838
635 641
635 920
635 999
636 753
636 792
636 958
637 640
637 667
637 704
637 818
637 988
638 664
638 665
638 751
638 757
638 847
638 856
638 984
638 985
639 643
639 645
639 721
639 806
639 903
639 961
639 999
640 792
640 863
640 898
640 915
640 959
641 700
641 701
641 713
641 715
641 859
641 873
641 915
641 943
641 982
642 814
642 906
642 919
642 987
643 654
643 702
643 728
643 733
643 932
644 650
644 653
644 734
644 847
644 967
644 986
645 701
645 752
645 835
645 847
645 938
646 667
646 730
646 838
646 968
647 686
647 797
647 807
647 932
648 745
648 780
648 927
649 814
649 829
649 862
649 924
649 933
649 971
650 924
650 941
650 994
651 676
651 791
651 795
651 805
651 814
651 911
651 971
652 806
652 839
652 861
652 974
653 773
654 673
654 759
654 795
654 947
654 951
654 969
654 975
654 976
654 988
655 686
655 739
655 867
655 907
655 916
656 664
656 718
656 724
656 734
656 879
656 963
657 763
657 801
658 831
659 724
659 895
660 667
660 693
660 709
660 776
661 676
661 690
661 700
661 729
661 735
661 776
661 809
661 821
661 929
661 980
662 663
662 717
662 939
662 949
663 683
663 770
663 783
663 809
663 895
663 924
664 785
665 830
665 885
665 906
665 977
666 714
666 773
666 827
666 900
666 944
667 722
667 828
667 848
667 865
667 901
667 902
668 682
668 700
668 817
668 904
669 723
670 798
670 799
670 838
670 920
670 957
671 711
671 778
671 988
672 700
672 794
672 842
672 852
672 864
672 890
672 987
673 724
673 765
673 807
673 863
673 994
674 715
674 730
674 742
674 752
674 780
674 783
674 932
674 938
674 940
675 816
675 915
675 943
676 790
676 829
676 841
676 860
676 867
676 893
676 937
677 982
678 683
678 763
678 797
679 681
679 746
679 762
679 788
679 895
680 753
680 839
680 906
680 983
680 998
681 807
681 891
682 712
682 873
682 984
683 760
683 783
683 786
683 863
683 971
684 765
684 830
684 851
684 853
684 908
684 916
684 981
685 746
685 900
685 954
685 957
685 987
686 689
686 702
686 777
686 799
686 899
686 906
687 850
687 911
688 709
688 805
688 867
688 881
688 899
688 925
688 961
688 965
689 732
689 905
689 913
689 979
690 693
690 770
690 793
690 847
690 900
691 744
691 846
691 907
691 909
691 919
691 956
691 970
692 776
692 789
692 980
692 981
693 729
693 753
693 759
693 807
693 936
694 714
694 746
694 758
694 944
694 956
695 859
695 882
696 917
696 919
697 762
697 766
697 872
697 909
698 731
698 756
698 765
698 794
698 810
698 845
698 911
698 949
699 725
699 843
699 854
699 892
699 921
700 775
700 777
700 852
700 964
701 702
701 787
701 974
702 782
702 852
702 877
703 783
703 883
703 945
704 722
705 773
705 820
705 899
705 914
705 979
706 874
706 881
706 952
706 992
706 994
707 894
707 896
708 710
708 713
708 831
709 750
709 753
709 839
709 902
710 762
710 766
710 771
710 797
710 897
710 909
711 713
711 754
711 815
711 957
712 989
713 728
714 826
714 866
714 960
715 911
716 745
716 781
716 802
716 820
716 835
716 911
716 935
717 738
717 823
717 978
718 793
718 809
718 820
718 828
718 861
718 916
719 763
719 786
719 856
719 885
719 926
719 990
719 997
720 764
720 788
720 850
720 915
720 916
720 951
720 963
720 972
721 944
721 1000
722 805
722 852
722 918
723 882
724 739
724 842
724 858
724 967
725 787
725 792
725 927
725 937
725 966
725 979
726 758
726 884
726 938
726 973
727 740
727 822
728 758
728 867
728 915
729 752
729 770
729 971
729 981
730 750
730 770
730 823
730 873
730 897
731 754
731 782
731 911
732 740
732 863
732 864
732 965
732 973
732 993
733 865
733 954
733 981
734 857
734 926
734 981
735 808
735 818
735 948
736 741
736 773
736 847
736 968
737 867
737 946
737 968
737 983
737 985
738 811
738 876
738 982
739 830
739 849
739 904
739 915
740 772
740 821
740 873
740 931
741 850
742 812
742 911
742 914
743 758
743 761
743 782
743 804
743 854
743 869
744 764
744 918
745 804
745 932
746 768
746 840
746 877
746 943
746 962
747 804
747 826
747 900
747 939
747 973
748 846
748 932
748 937
749 857
749 925
749 943
750 910
750 940
751 796
751 916
751 979
752 796
752 823
752 924
752 953
752 974
753 760
753 858
753 871
754 834
754 951
755 961
757 805
757 807
757 866
757 879
757 970
758 850
758 881
758 960
758 966
759 894
760 860
760 862
760 900
761 774
761 882
761 903
761 965
761 968
762 788
762 797
762 926
762 946
762 967
762 984
763 984
764 847
764 915
764 940
764 983
764 987
764 994
765 836
765 846
766 852
766 925
766 962
766 986
767 768
767 812
767 853
767 860
768 805
768 863
768 926
768 988
769 877
769 906
769 925
769 952
770 804
770 835
770 907
771 784
772 819
772 823
772 858
772 877
772 878
772 894
772 935
773 791
773 877
773 892
773 942
774 792
774 878
774 907
774 932
774 962
775 796
775 898
775 908
775 928
775 943
776 783
776 795
776 820
776 839
776 848
776 873
776 877
776 1000
777 988
778 918
778 968
779 814
779 834
779 905
779 996
780 879
780 883
780 979
781 795
782 861
782 931
782 942
782 973
782 992
783 874
783 905
783 931
783 973
784 867
784 998
785 963
785 998
786 815
786 947
787 833
788 796
788 834
788 846
788 854
788 954
788 990
789 862
789 945
790 821
790 863
790 886
790 946
790 956
791 857
791 908
791 919
791 948
791 953
791 988
792 844
792 883
792 944
793 826
793 917
793 932
793 955
795 822
795 837
796 847
796 993
797 801
797 904
797 921
797 928
798 976
798 988
799 873
799 938
799 963
799 964
799 976
800 937
800 981
801 889
801 927
802 849
802 937
802 944
802 952
803 804
803 857
803 888
803 915
803 929
803 954
803 995
804 849
804 947
805 863
805 865
805 876
805 946
805 968
805 991
806 852
806 956
807 814
807 848
807 917
809 814
809 929
811 820
811 948
811 976
812 968
813 819
813 877
814 855
814 869
815 890
815 970
816 827
816 835
816 843
816 894
816 901
816 917
817 905
817 953
818 838
819 825
819 861
819 928
820 889
820 984
821 851
822 979
823 907
824 863
824 934
824 971
825 876
825 990
826 833
826 900
826 938
826 985
827 884
827 890
827 941
827 996
829 901
829 946
830 836
830 897
830 969
831 936
833 858
833 899
833 938
833 951
833 954
834 835
834 838
834 902
834 981
835 872
835 936
836 963
838 842
838 869
838 873
838 943
839 923
841 924
841 980
842 993
843 907
843 985
845 863
845 937
845 947
845 973
846 866
847 895
847 984
848 963
849 916
849 973
850 855
850 910
850 911
850 945
850 977
850 988
851 994
852 857
852 894
852 979
853 870
853 907
853 965
853 971
853 986
853 988
855 888
856 894
857 907
857 975
857 987
858 861
858 887
859 875
859 966
859 988
860 965
860 992
861 930
862 889
862 897
862 922
862 954
863 871
866 921
866 925
866 940
866 945
866 952
866 965
866 968
867 897
867 903
868 888
868 957
868 998
869 871
869 900
869 972
869 982
870 880
870 928
870 953
870 972
871 950
871 985
872 926
872 957
873 876
873 885
873 887
873 958
874 923
874 969
874 987
875 952
875 990
875 991
876 973
878 951
878 968
879 931
879 960
880 883
881 955
881 995
882 889
882 897
882 986
882 994
883 898
883 903
883 958
884 888
884 908
884 993
886 970
886 997
887 907
888 891
888 893
888 899
888 900
888 986
890 891
890 961
890 962
890 994
893 948
894 907
894 933
894 953
894 998
895 976
896 945
896 968
896 989
898 904
898 961
898 983
900 973
900 992
903 921
903 970
905 932
906 920
906 925
906 927
906 945
906 954
906 989
906 1000
907 975
908 987
909 993
910 914
910 942
911 943
911 949
911 969
911 993
913 978
913 983
915 960
915 984
916 923
916 962
916 978
919 928
919 961
919 997
920 998
921 964
921 966
923 930
926 927
926 972
927 954
928 946
929 979
929 983
929 985
931 947
931 975
931 991
934 968
934 980
934 986
935 943
935 962
938 986
939 987
940 954
941 953
944 981
945 998
950 966
950 979
951 999
952 972
953 986
954 985
956 978
957 977
959 983
961 977
962 974
962 997
968 1000
969 990
971 983
973 990
975 996
977 982
