1000 6690
1 115
1 149
1 159
1 166
1 185
1 320
1 359
1 416
1 519
1 695
1 696
1 747
1 763
1 775
1 891
2 15
2 17
2 37
2 92
2 127
2 220
2 284
2 461
2 605
2 661
2 709
2 781
2 827
2 918
2 946
3 9
3 101
3 329
3 569
3 714
3 726
3 756
3 918
3 989
4 81
4 165
4 169
4 211
4 251
4 293
4 301
4 310
4 414
4 470
4 501
4 505
4 522
4 534
4 581
4 628
4 642
4 715
4 758
4 802
4 857
5 52
5 137
5 164
5 250
5 264
5 335
5 391
5 487
5 496
5 509
5 520
5 535
5 536
5 597
5 614
5 727
5 767
5 841
5 843
5 886
5 941
6 107
6 148
6 199
6 512
6 537
6 545
6 607
6 675
6 682
6 863
6 938
7 61
7 145
7 365
7 387
7 426
7 433
7 466
7 588
7 613
7 643
7 765
7 823
7 903
7 999
8 48
8 68
8 85
8 126
8 190
8 229
8 397
8 439
8 503
8 566
8 582
8 677
8 806
8 986
9 21
9 162
9 246
9 343
9 366
9 494
9 579
9 719
9 747
9 887
9 940
10 45
10 174
10 289
10 300
10 345
10 375
10 569
10 646
10 649
10 676
10 740
10 764
10 783
10 836
10 919
10 932
10 987
11 110
11 150
11 238
11 271
11 388
11 396
11 419
11 493
11 566
11 568
11 737
11 759
11 774
11 805
11 823
11 874
11 974
12 196
12 338
12 416
12 496
12 518
12 571
12 644
12 679
12 974
13 142
13 303
13 469
13 532
13 640
13 655
13 881
13 896
14 56
14 147
14 152
14 175
14 307
14 397
14 653
14 882
15 188
15 224
15 300
15 423
15 425
15 609
15 611
15 626
15 639
15 713
15 766
15 832
15 928
15 942
15 968
15 979
16 32
16 173
16 352
16 460
16 607
16 649
16 740
16 820
16 943
16 956
16 984
17 79
17 142
17 347
17 393
17 504
17 516
17 573
17 575
17 755
17 868
17 893
17 942
17 980
18 71
18 114
18 126
18 370
18 398
18 470
18 488
18 513
18 668
18 681
18 682
18 683
18 724
18 770
18 811
18 872
18 916
19 74
19 188
19 476
19 534
19 537
19 641
19 748
19 761
19 770
19 828
19 836
19 978
20 63
20 189
20 221
20 447
20 639
20 642
20 669
20 815
20 914
20 936
20 970
21 23
21 453
21 500
21 606
21 738
21 802
21 836
21 925
21 951
21 966
21 997
22 37
22 128
22 148
22 166
22 196
22 322
22 323
22 345
22 434
22 438
22 450
22 532
22 580
22 594
22 657
22 898
22 937
22 941
22 972
22 990
23 72
23 157
23 233
23 286
23 458
23 468
23 492
23 591
23 759
23 814
23 825
23 849
23 899
23 913
24 96
24 114
24 161
24 274
24 302
24 471
24 515
24 662
24 740
24 806
24 853
24 959
24 998
25 28
25 44
25 59
25 215
25 231
25 260
25 304
25 388
25 423
25 445
25 515
25 549
25 626
25 628
25 677
25 682
25 724
25 810
25 935
25 937
25 946
25 967
26 90
26 111
26 129
26 196
26 331
26 379
26 392
26 497
26 529
26 709
26 717
26 814
26 885
27 162
27 209
27 250
27 577
27 638
27 655
27 940
27 999
28 40
28 50
28 104
28 159
28 329
28 408
28 455
28 478
28 637
28 687
28 790
28 821
28 905
28 993
29 62
29 102
29 104
29 178
29 204
29 281
29 311
29 373
29 415
29 808
29 842
30 51
30 93
30 95
30 151
30 215
30 233
30 262
30 316
30 577
30 603
30 672
30 719
30 786
30 800
30 853
30 921
30 938
30 963
31 165
31 305
31 310
31 335
31 403
31 436
31 743
31 835
31 971
31 995
32 251
32 330
32 489
32 588
32 632
32 694
32 714
32 976
33 160
33 198
33 290
33 321
33 335
33 367
33 453
33 599
33 609
33 652
33 658
33 931
33 978
33 992
34 76
34 108
34 324
34 336
34 448
34 509
34 723
34 869
34 901
34 908
34 983
34 994
35 89
35 143
35 162
35 167
35 178
35 265
35 377
35 395
35 540
35 562
35 564
35 862
35 867
35 906
35 971
35 997
36 98
36 220
36 480
36 508
36 534
36 537
36 630
36 648
36 697
36 707
36 765
37 49
37 308
37 337
37 487
37 503
37 592
37 825
37 928
37 997
38 86
38 140
38 171
38 440
38 587
38 801
38 815
38 843
38 874
38 877
38 936
38 947
39 56
39 67
39 82
39 345
39 451
39 574
39 597
39 685
39 693
39 782
40 70
40 72
40 98
40 202
40 217
40 242
40 372
40 413
40 467
40 481
40 613
40 720
40 757
40 764
40 781
40 829
40 886
40 960
41 124
41 283
41 426
41 766
42 144
42 195
42 231
42 292
42 293
42 347
42 348
42 349
42 419
42 431
42 466
42 484
42 540
42 731
42 743
42 792
42 816
42 958
42 963
42 971
43 68
43 95
43 236
43 333
43 412
43 429
43 517
43 522
43 696
43 747
43 898
43 956
43 980
44 91
44 259
44 379
44 414
44 600
44 825
44 866
44 927
45 48
45 58
45 198
45 325
45 410
45 494
45 564
45 586
45 830
45 831
45 956
46 165
46 180
46 259
46 396
46 411
46 482
46 510
46 610
46 676
46 677
46 681
46 766
46 829
46 871
46 927
46 968
47 106
47 154
47 221
47 307
47 321
47 324
47 486
47 700
47 729
47 731
47 926
48 61
48 139
48 192
48 259
48 392
48 463
48 466
48 482
48 485
48 531
48 600
48 653
48 683
48 718
48 767
48 814
48 847
48 849
49 134
49 353
49 407
49 416
49 484
49 536
49 598
49 653
49 661
49 891
50 78
50 170
50 242
50 281
50 400
50 426
50 478
50 490
50 510
50 557
50 693
50 707
50 893
50 972
50 976
50 993
51 354
51 430
51 541
51 549
51 595
51 697
51 877
51 941
52 54
52 279
52 292
52 314
52 366
52 406
52 425
52 492
52 529
52 543
52 618
52 656
52 675
52 745
52 851
52 853
52 862
52 897
52 911
52 915
52 934
53 142
53 173
53 186
53 305
53 373
53 694
53 741
53 786
53 845
53 854
53 931
53 944
53 969
54 61
54 127
54 221
54 318
54 323
54 343
54 360
54 403
54 489
54 609
54 657
54 701
54 896
54 976
55 116
55 120
55 146
55 153
55 473
55 591
55 635
55 646
55 701
55 778
55 789
56 85
56 169
56 185
56 242
56 299
56 301
56 315
56 371
56 383
56 651
56 706
56 798
56 814
56 825
56 841
56 935
57 187
57 217
57 385
57 454
57 485
57 515
57 583
57 907
57 927
58 146
58 171
58 246
58 279
58 297
58 759
58 795
58 945
59 140
59 307
59 370
59 381
59 436
59 470
59 512
59 591
59 696
59 839
59 840
60 96
60 103
60 133
60 245
60 277
60 316
60 346
60 396
60 481
60 604
60 648
60 821
60 863
60 963
61 155
61 261
61 387
61 405
61 510
61 604
61 608
61 649
61 785
61 787
61 790
61 881
62 177
62 244
62 330
62 374
62 380
62 385
62 386
62 469
62 487
62 703
62 748
62 891
62 957
63 146
63 157
63 178
63 189
63 477
63 488
63 512
63 695
63 799
63 826
63 874
64 247
64 278
64 422
64 448
64 495
64 532
64 561
64 578
64 619
64 815
64 933
65 164
65 175
65 226
65 236
65 287
65 355
65 449
65 491
65 613
65 627
65 658
65 809
65 866
65 906
66 293
66 297
66 307
66 394
66 413
66 442
66 461
66 466
66 477
66 534
66 686
66 959
67 202
67 356
67 357
67 498
67 593
67 894
67 935
67 955
67 960
67 966
68 345
68 406
68 522
68 523
68 529
68 541
68 562
68 637
68 800
68 806
68 844
68 981
69 236
69 247
69 293
69 305
69 322
69 463
69 575
69 622
69 767
69 781
69 825
69 942
69 947
70 115
70 180
70 211
70 260
70 305
70 420
70 431
70 537
70 647
70 673
70 748
70 851
70 889
70 974
71 134
71 271
71 291
71 430
71 445
71 450
71 528
71 640
71 674
71 686
71 730
71 738
71 792
71 888
71 930
71 939
72 88
72 142
72 207
72 260
72 337
72 478
72 587
72 661
72 714
72 734
72 739
72 985
73 137
73 164
73 348
73 367
73 445
73 538
73 545
73 655
73 750
73 815
73 842
73 858
73 943
73 949
73 985
74 76
74 151
74 198
74 211
74 535
74 542
74 757
74 821
74 963
74 985
75 174
75 275
75 360
75 476
75 633
75 650
75 652
75 835
75 840
75 859
75 869
75 879
75 959
76 208
76 407
76 568
76 595
76 603
76 727
76 741
76 869
76 883
76 917
76 962
76 983
77 144
77 149
77 168
77 183
77 228
77 247
77 263
77 340
77 479
77 615
77 699
77 825
77 881
77 949
78 183
78 238
78 284
78 339
78 509
78 510
78 594
78 599
78 727
78 743
78 830
78 932
78 969
79 179
79 264
79 282
79 326
79 345
79 443
79 648
79 941
79 963
80 240
80 464
80 539
80 640
80 759
80 802
80 992
81 118
81 211
81 375
81 397
81 451
81 540
81 604
81 718
81 815
81 964
82 83
82 85
82 102
82 221
82 393
82 395
82 409
82 459
82 477
82 517
82 525
82 659
82 710
82 933
82 984
83 103
83 291
83 344
83 452
83 564
83 774
83 805
83 926
83 933
84 112
84 196
84 237
84 419
84 647
84 724
84 775
84 862
84 895
85 116
85 164
85 174
85 225
85 288
85 387
85 398
85 465
85 771
86 132
86 291
86 337
86 342
86 529
86 693
86 708
86 757
86 809
87 156
87 165
87 297
87 557
87 843
88 179
88 187
88 252
88 310
88 332
88 342
88 359
88 386
88 415
88 423
88 456
88 534
88 537
88 709
88 878
88 893
88 987
88 999
89 170
89 187
89 309
89 336
89 417
89 489
89 532
89 588
89 706
89 710
89 738
89 766
89 776
89 825
89 829
90 233
90 308
90 313
90 322
90 453
90 468
90 475
90 503
90 517
90 697
90 858
90 924
90 978
91 176
91 251
91 286
91 296
91 441
91 626
91 683
91 818
91 892
91 904
91 934
92 339
92 356
92 373
92 408
92 410
92 418
92 440
92 524
92 528
92 534
92 576
92 592
92 598
92 605
92 621
92 658
92 792
92 851
92 978
93 222
93 223
93 242
93 257
93 398
93 516
93 593
93 617
93 732
93 765
93 829
93 845
93 914
94 122
94 387
94 440
94 477
94 485
94 881
94 930
94 934
94 953
95 113
95 126
95 136
95 222
95 390
95 450
95 465
95 784
95 801
95 850
95 853
95 966
96 150
96 219
96 236
96 250
96 345
96 455
96 468
96 527
96 681
96 735
96 742
96 817
96 819
96 848
96 925
96 973
97 295
97 425
97 558
97 565
97 692
97 717
97 788
97 798
97 811
97 967
98 104
98 233
98 235
98 275
98 317
98 425
98 585
98 600
98 656
98 669
98 807
98 810
99 148
99 253
99 418
99 504
99 523
99 559
99 569
99 683
99 892
99 900
99 935
99 976
100 117
100 250
100 272
100 606
100 697
100 732
100 829
100 982
101 131
101 207
101 249
101 291
101 366
101 408
101 457
101 519
101 525
101 575
101 591
101 671
101 676
101 680
101 803
101 825
101 981
102 125
102 178
102 247
102 248
102 267
102 320
102 342
102 356
102 426
102 433
102 715
102 732
102 809
102 846
102 901
103 116
103 145
103 197
103 332
103 407
103 441
103 490
103 602
103 630
103 687
103 695
103 814
103 843
103 855
103 897
103 913
103 952
103 1000
104 170
104 184
104 361
104 397
104 518
104 528
104 565
104 622
104 648
104 696
104 773
104 782
104 804
104 815
104 862
104 948
104 961
104 981
105 215
105 320
105 423
105 515
105 775
105 812
105 834
105 877
105 931
105 940
105 980
106 356
106 376
106 438
106 658
106 776
107 142
107 178
107 257
107 258
107 274
107 277
107 439
107 470
107 490
107 510
107 575
107 719
107 755
107 789
107 814
107 842
107 888
107 974
108 190
108 234
108 267
108 275
108 288
108 289
108 325
108 379
108 553
108 554
108 578
108 581
108 614
108 640
108 729
108 883
109 126
109 139
109 172
109 240
109 245
109 423
109 629
109 630
109 733
109 787
109 798
109 846
109 890
109 896
109 919
110 238
110 347
110 596
110 808
110 880
110 904
110 911
110 981
111 229
111 258
111 291
111 479
111 571
111 585
111 608
111 611
111 776
111 853
111 859
111 935
111 992
112 136
112 144
112 183
112 277
112 317
112 339
112 377
112 477
112 640
112 645
112 723
112 735
112 823
112 882
113 118
113 203
113 315
113 347
113 367
113 632
113 675
113 691
113 808
113 817
113 909
113 978
114 185
114 358
114 747
114 751
114 931
114 999
115 144
115 157
115 196
115 282
115 335
115 338
115 344
115 354
115 361
115 393
115 547
115 552
115 601
115 619
115 697
115 709
115 845
115 887
115 930
115 971
116 161
116 168
116 218
116 220
116 374
116 393
116 867
116 884
116 979
117 124
117 131
117 153
117 162
117 191
117 209
117 351
117 368
117 372
117 384
117 413
117 472
117 511
117 551
117 576
117 584
117 839
117 896
117 908
118 271
118 455
118 519
118 528
118 529
118 608
118 646
118 752
118 789
118 817
118 877
118 898
118 918
119 131
119 177
119 232
119 316
119 366
119 371
119 652
119 783
120 146
120 289
120 365
120 480
120 516
120 555
120 576
120 643
120 698
120 719
120 730
120 792
121 129
121 203
121 345
121 427
121 564
121 769
121 806
121 869
121 890
121 919
122 124
122 268
122 282
122 342
122 378
122 426
122 449
122 658
122 661
122 742
122 832
122 848
122 961
123 149
123 157
123 181
123 197
123 224
123 227
123 336
123 469
123 546
123 604
123 797
123 799
123 842
123 884
123 959
123 979
124 224
124 420
124 421
124 466
124 524
124 525
124 532
124 589
124 624
124 653
124 677
124 762
124 791
124 822
124 958
124 997
125 154
125 237
125 312
125 391
125 506
125 549
125 798
126 164
126 177
126 220
126 236
126 351
126 478
126 531
126 621
126 784
127 147
127 331
127 419
127 420
127 542
127 566
127 715
127 794
127 814
127 841
127 869
128 175
128 246
128 264
128 331
128 352
128 417
128 462
128 526
128 559
128 731
128 801
128 853
128 889
128 951
129 162
129 202
129 223
129 273
129 376
129 415
129 432
129 453
129 483
129 540
129 567
129 620
129 622
129 642
129 652
129 689
129 777
129 851
129 877
129 898
129 903
129 980
130 284
130 355
130 377
130 392
130 401
130 417
130 546
130 725
130 743
130 764
130 924
131 178
131 262
131 332
131 440
131 582
131 597
131 645
131 909
131 948
131 989
131 990
131 991
132 306
132 359
132 377
132 413
132 490
132 506
132 531
132 616
132 675
132 689
132 749
132 755
132 898
132 901
132 998
133 200
133 242
133 252
133 464
133 811
133 816
133 875
134 183
134 225
134 420
134 441
134 448
134 671
134 805
134 884
134 953
134 960
134 971
135 222
135 352
135 391
135 471
135 488
135 556
135 567
135 601
135 625
135 761
135 882
135 989
136 241
136 245
136 369
136 466
136 586
136 678
136 703
136 726
136 816
136 947
137 332
137 403
137 563
137 653
137 724
137 751
137 768
137 771
137 809
137 854
137 895
137 926
138 162
138 300
138 343
138 367
138 659
139 254
139 261
139 280
139 331
139 347
139 368
139 474
139 516
139 740
139 772
139 919
139 995
140 209
140 269
140 320
140 478
140 484
140 519
140 741
140 771
140 808
140 844
141 168
141 262
141 281
141 305
141 465
141 482
141 541
141 688
141 745
141 815
141 919
142 200
142 224
142 259
142 269
142 279
142 288
142 318
142 442
142 469
142 571
142 723
142 764
142 774
142 821
142 865
143 163
143 199
143 204
143 281
143 337
143 412
143 424
143 497
143 621
143 673
143 706
143 728
143 795
143 815
143 957
144 224
144 245
144 272
144 287
144 344
144 360
144 372
144 623
144 766
144 814
144 910
144 973
144 987
144 989
145 220
145 274
145 331
145 567
145 837
145 961
145 963
146 248
146 277
146 317
146 361
146 375
146 388
146 402
146 436
146 438
146 587
146 651
146 809
146 933
146 995
147 173
147 299
147 449
147 548
147 609
147 627
147 686
147 870
148 169
148 237
148 368
148 689
148 732
148 892
148 899
148 919
149 212
149 221
149 370
149 447
149 481
149 505
149 523
149 543
149 777
149 857
149 867
149 903
149 917
150 230
150 313
150 454
150 472
150 592
150 684
150 857
151 183
151 206
151 289
151 323
151 413
151 607
151 781
151 965
152 214
152 324
152 372
152 413
152 548
152 613
152 624
152 660
152 667
152 723
152 739
152 842
152 899
153 154
153 180
153 191
153 221
153 226
153 253
153 411
153 603
153 680
153 718
153 750
153 774
153 886
154 198
154 379
154 511
154 788
154 808
154 814
154 905
155 522
155 567
155 634
155 696
155 738
155 742
155 774
155 796
155 803
155 933
155 937
156 229
156 236
156 325
156 328
156 427
156 507
156 583
156 808
157 255
157 281
157 303
157 304
157 360
157 550
157 562
157 615
157 669
157 715
157 737
157 763
157 999
158 235
158 270
158 418
158 613
158 629
158 825
158 929
159 195
159 198
159 217
159 222
159 230
159 275
159 300
159 421
159 427
159 476
159 512
159 572
159 705
159 709
159 770
159 802
159 883
160 248
160 733
160 796
160 825
160 918
161 232
161 236
161 264
161 269
161 290
161 449
161 564
161 730
161 757
161 770
161 783
162 218
162 234
162 295
162 326
162 376
162 406
162 513
162 677
162 701
162 775
162 862
162 866
163 277
163 286
163 307
163 318
163 321
163 326
163 327
163 417
163 431
163 579
163 591
163 603
163 623
163 642
163 739
163 758
163 779
163 974
163 991
164 173
164 248
164 404
164 447
164 736
164 829
164 924
164 972
165 179
165 204
165 241
165 377
165 423
165 585
165 693
165 706
165 824
166 266
166 382
166 467
166 495
166 764
166 849
166 904
167 210
167 313
167 478
167 533
167 547
167 592
167 609
167 712
167 765
168 173
168 204
168 315
168 719
168 724
168 758
168 878
169 225
169 327
169 429
169 510
169 533
169 643
169 661
169 676
169 744
169 827
169 848
169 850
170 257
170 391
170 450
170 559
170 676
170 739
170 743
170 814
170 916
170 919
170 995
171 197
171 198
171 252
171 263
171 281
171 527
171 658
171 695
171 723
171 868
171 905
172 174
172 178
172 599
172 610
172 612
172 636
172 852
172 861
172 870
172 884
173 470
173 688
173 702
173 773
173 790
173 791
173 804
173 815
173 879
173 902
173 979
174 196
174 437
174 488
174 548
174 590
174 719
174 904
175 195
175 342
175 520
175 670
175 681
175 711
175 919
175 999
176 186
176 351
176 484
176 522
176 695
176 697
176 811
176 845
176 988
176 992
177 322
177 338
177 417
177 474
177 537
177 640
177 705
177 910
177 944
177 959
178 466
178 471
178 527
178 537
178 563
178 575
178 647
178 728
178 746
178 834
178 859
178 941
179 241
179 298
179 443
179 524
179 562
179 741
179 988
180 192
180 226
180 232
180 322
180 364
180 461
180 470
180 620
180 754
180 764
180 779
180 797
180 826
180 900
180 932
181 240
181 302
181 307
181 484
181 513
181 519
181 574
181 722
181 754
181 797
181 893
181 897
182 377
182 403
182 423
182 579
182 637
182 809
182 817
182 839
182 910
182 925
182 932
182 936
183 233
183 378
183 427
183 439
183 526
183 544
183 691
183 843
183 946
183 960
183 999
184 185
184 217
184 311
184 314
184 334
184 402
184 437
184 475
184 485
184 500
184 531
184 537
184 592
184 920
184 955
184 974
185 222
185 364
185 372
185 408
185 566
185 694
185 905
185 941
186 374
186 415
186 527
186 589
186 695
186 700
186 756
186 797
186 799
186 900
186 912
186 916
186 964
187 346
187 389
187 547
187 631
187 647
187 793
187 886
187 947
187 953
188 287
188 387
188 395
188 484
188 514
188 615
188 628
188 636
188 722
188 825
188 867
189 190
189 283
189 291
189 383
189 423
189 441
189 523
189 574
189 647
189 678
189 683
189 812
189 876
189 887
189 893
189 900
190 193
190 273
190 318
190 324
190 358
190 593
190 684
190 729
190 771
190 907
190 908
191 201
191 290
191 407
191 440
191 463
191 509
191 666
191 739
191 750
191 792
191 865
191 940
191 996
192 211
192 240
192 349
192 731
192 773
192 841
192 856
192 889
193 365
193 505
193 548
193 570
193 637
194 198
194 268
194 303
194 652
194 735
194 745
194 828
195 203
195 372
195 503
195 507
195 526
195 629
195 639
195 670
195 759
195 793
196 262
196 265
196 267
196 278
196 425
196 472
196 596
196 602
196 628
196 738
196 748
196 763
196 825
197 198
197 251
197 381
197 494
197 550
197 663
197 760
197 813
197 838
197 899
197 906
197 991
198 295
198 540
199 239
199 244
199 281
199 306
199 359
199 365
199 377
199 383
199 397
199 442
199 547
199 766
199 945
199 972
199 976
200 268
200 455
200 459
200 464
200 488
200 517
200 566
200 668
200 720
200 735
200 795
200 843
200 874
200 955
200 956
200 977
201 206
201 229
201 357
201 361
201 537
201 782
201 855
201 948
202 233
202 381
202 403
202 456
202 475
202 537
202 542
202 803
202 860
203 355
203 421
203 458
203 535
203 538
203 577
203 595
203 604
203 655
203 657
203 685
203 691
203 714
203 868
203 927
203 949
204 284
204 322
204 474
204 748
204 788
204 983
205 252
205 256
205 381
205 422
205 519
205 554
205 573
205 609
205 641
205 682
205 716
205 892
205 925
205 949
205 986
206 388
206 502
206 565
206 734
206 812
206 982
207 237
207 328
207 422
207 475
207 476
207 498
207 620
207 891
207 935
207 944
207 965
208 215
208 261
208 343
208 357
208 511
208 721
208 863
208 867
208 974
208 986
209 266
209 369
209 381
209 438
209 455
209 487
209 505
209 540
209 677
209 751
209 816
210 264
210 371
210 469
210 503
210 527
210 582
210 622
210 649
210 699
210 741
210 747
210 873
210 988
210 992
211 276
211 344
211 429
211 540
211 609
211 757
211 871
211 934
212 237
212 364
212 650
213 233
213 238
213 404
213 514
213 678
213 702
213 725
213 917
214 273
214 278
214 373
214 457
214 479
214 551
214 560
214 613
214 643
214 723
214 736
214 792
214 856
214 916
214 974
215 410
215 743
215 845
215 876
215 926
216 220
216 238
216 537
216 570
216 574
216 605
216 631
216 641
216 781
216 823
216 910
216 967
216 975
217 236
217 464
217 495
217 579
217 634
217 639
217 640
217 768
217 819
217 909
217 934
218 256
218 311
218 469
218 472
218 498
218 515
218 522
218 625
218 758
218 802
218 854
219 477
219 718
219 767
219 811
219 880
219 949
220 346
220 416
220 466
220 481
220 517
220 528
220 559
220 702
220 742
220 769
220 907
221 232
221 239
221 305
221 329
221 331
221 433
221 475
221 479
221 529
221 588
221 714
221 728
221 741
221 892
221 966
222 270
222 296
222 389
222 673
222 731
222 746
222 840
222 900
222 968
222 982
223 225
223 254
223 296
223 438
223 451
223 473
223 577
223 596
223 633
223 635
223 747
223 929
224 269
224 286
224 362
224 365
224 376
224 377
224 382
224 454
224 482
224 527
224 558
224 625
224 699
224 726
224 750
224 810
224 960
224 973
224 988
225 238
225 247
225 255
225 285
225 490
225 617
225 697
225 715
225 763
225 784
225 970
226 249
226 296
226 460
226 552
226 565
226 660
226 707
226 731
226 845
226 871
227 597
227 655
227 726
227 859
227 972
227 994
228 231
228 251
228 327
228 454
228 501
228 590
228 641
228 721
228 746
228 783
228 844
228 868
228 963
228 970
228 998
228 999
229 266
229 270
229 274
229 280
229 305
229 499
229 513
229 550
229 662
229 778
229 830
229 917
229 951
230 458
230 499
230 500
230 536
230 550
230 693
230 952
231 327
231 331
231 474
231 504
231 508
231 562
231 750
231 799
231 857
231 859
231 877
231 883
231 917
231 919
231 922
232 328
232 399
232 400
232 426
232 485
232 882
233 252
233 266
233 297
233 576
233 764
233 876
233 911
233 925
233 969
233 985
233 998
234 270
234 288
234 311
234 383
234 498
234 507
234 600
234 692
234 793
234 810
234 826
234 948
235 239
235 254
235 255
235 353
235 675
235 799
235 947
235 952
236 330
236 394
236 515
236 589
236 619
236 640
236 648
236 702
236 759
236 811
236 836
236 864
236 917
236 949
237 261
237 393
237 420
237 435
237 506
237 675
237 776
237 813
237 941
237 986
238 458
238 474
238 486
238 593
238 622
238 831
238 912
238 915
239 372
239 645
239 646
239 724
239 967
240 287
240 443
240 885
240 932
240 994
241 273
241 295
241 389
241 624
241 779
241 814
241 921
242 294
242 397
242 536
242 611
242 643
242 703
242 855
242 910
242 932
243 248
243 280
243 332
243 347
243 372
243 487
243 531
243 624
243 648
243 880
243 963
244 313
244 361
244 398
244 456
244 515
244 571
244 609
244 671
244 679
244 951
244 972
245 258
245 277
245 420
245 432
245 473
245 506
245 618
245 631
245 684
245 689
245 805
245 874
245 909
246 262
246 286
246 287
246 401
246 467
246 493
246 497
246 512
246 629
246 663
246 898
246 933
247 275
247 334
247 384
247 413
247 477
247 540
247 693
247 706
247 713
247 754
247 820
247 890
247 892
247 893
247 965
248 311
248 486
248 499
248 561
248 625
248 823
248 839
248 851
248 852
248 859
248 880
249 252
249 412
249 516
249 561
249 623
249 639
249 662
249 777
249 813
249 909
250 261
250 353
250 495
250 769
250 776
250 827
250 868
250 870
250 920
251 292
251 340
251 379
251 419
251 691
251 707
251 722
251 870
251 981
252 354
252 443
252 595
252 615
252 745
252 782
252 883
253 270
253 364
253 414
253 560
253 651
253 690
253 756
253 759
253 825
253 1000
254 258
254 281
254 436
254 490
254 641
254 787
254 923
254 944
254 959
254 999
255 289
255 550
255 573
255 778
255 877
255 963
256 608
256 623
256 629
256 676
256 746
256 847
256 890
257 316
257 339
257 460
257 556
257 559
257 645
257 781
257 921
257 966
258 399
258 489
258 525
258 579
258 893
258 925
258 972
258 995
258 1000
259 386
259 459
259 463
259 604
259 638
259 820
259 825
260 373
260 407
260 423
260 468
260 761
260 824
260 833
260 883
260 969
261 333
261 344
261 433
261 506
261 575
261 618
261 653
261 679
261 689
261 706
261 735
261 756
261 959
261 997
262 412
262 582
262 903
262 906
263 351
263 355
263 414
263 484
263 492
263 515
263 526
263 589
263 639
263 649
263 721
263 840
263 868
263 882
263 941
263 992
264 503
264 516
264 641
264 676
264 724
264 805
264 950
265 288
265 304
265 364
265 418
265 494
265 571
265 581
265 653
265 731
265 760
265 779
265 783
265 818
265 977
266 281
266 341
266 418
266 477
266 556
266 574
266 579
266 643
266 692
266 778
266 782
266 797
266 914
266 933
267 316
267 363
267 514
267 596
267 654
267 824
267 831
267 962
268 295
268 431
268 478
268 484
268 492
268 590
268 612
268 643
268 741
268 757
268 868
268 987
269 422
269 483
269 517
269 535
269 751
269 840
269 941
269 956
270 364
270 582
270 917
270 959
271 435
271 461
271 507
271 556
271 634
271 711
271 791
271 887
271 889
271 903
271 922
271 929
272 300
272 365
272 398
272 481
272 724
272 726
273 319
273 366
273 379
273 488
273 516
273 589
273 709
273 875
273 977
273 979
274 370
274 385
274 691
274 716
274 737
274 843
274 890
274 999
275 331
275 391
275 404
275 461
275 471
275 494
275 645
275 745
275 763
275 847
275 861
275 896
276 473
276 528
276 799
276 911
277 351
277 367
277 411
277 500
277 690
277 721
277 752
277 866
277 876
277 907
277 908
277 986
278 438
278 444
278 449
278 482
278 552
278 557
278 688
278 724
278 848
278 863
279 289
279 373
279 567
279 583
279 862
279 968
279 990
280 286
280 602
280 754
280 851
280 935
280 982
281 283
281 564
281 588
281 650
281 749
281 779
281 850
282 346
282 356
282 427
282 600
282 836
282 860
282 912
282 996
283 300
283 346
283 503
283 626
283 662
283 830
283 893
283 923
284 359
284 440
284 471
284 486
284 535
284 570
284 753
284 863
284 866
284 994
285 336
285 472
285 570
285 818
285 827
285 921
285 987
286 379
286 434
286 453
286 461
286 541
286 547
286 549
286 616
286 727
286 779
286 811
286 838
286 896
286 934
286 990
287 338
287 387
287 420
287 447
287 488
287 540
287 643
287 860
288 400
288 440
288 448
288 453
288 575
288 616
288 694
288 717
288 912
288 953
288 985
289 340
289 416
289 460
289 659
289 678
289 684
289 746
289 828
289 892
290 392
290 421
290 481
290 650
290 668
290 724
290 765
290 922
290 930
290 973
290 978
291 488
291 514
291 547
291 554
291 669
291 722
291 741
291 810
291 865
291 879
292 323
292 415
292 432
292 541
292 586
292 598
292 644
292 730
292 740
292 784
292 785
292 789
292 803
292 932
292 944
292 951
292 997
293 302
293 462
293 554
293 590
293 608
293 651
293 902
293 906
294 322
294 531
294 563
294 608
294 824
294 885
294 938
294 996
295 319
295 577
295 632
295 658
295 860
295 872
296 561
296 562
296 773
296 847
296 875
296 901
296 907
296 924
296 988
296 989
297 312
297 589
297 598
297 716
297 900
297 994
298 317
298 347
298 501
298 524
298 537
298 714
298 768
298 830
298 917
298 924
299 387
299 467
299 739
299 871
299 872
299 904
299 956
300 431
300 446
300 511
300 534
300 571
300 584
300 601
300 642
300 804
300 932
300 991
301 305
301 586
301 719
301 744
301 844
301 925
302 311
302 367
302 436
302 574
302 646
302 676
302 691
302 709
302 723
302 734
302 802
302 805
302 847
302 905
302 970
302 981
303 364
303 455
303 496
303 544
303 876
303 893
303 920
303 991
304 312
304 316
304 413
304 420
304 444
304 735
304 754
304 811
304 844
304 886
305 416
305 446
305 596
305 683
305 696
305 718
305 763
306 452
306 582
306 646
306 669
306 882
306 908
306 936
307 483
307 550
307 580
307 636
307 741
307 960
308 364
308 374
308 428
308 455
308 514
308 594
308 657
308 697
308 818
308 930
309 314
309 385
309 389
309 402
309 442
309 476
309 494
309 559
309 570
309 590
309 592
309 663
309 680
309 703
310 312
310 352
310 361
310 487
310 612
310 635
310 682
310 687
310 770
310 816
310 905
310 966
311 356
311 486
311 511
311 533
311 758
311 778
312 362
312 395
312 405
312 415
312 446
312 625
312 639
312 640
312 650
312 687
312 789
312 814
312 861
312 892
312 931
313 342
313 383
313 488
313 532
313 673
313 703
313 715
313 728
313 739
313 753
313 776
313 852
313 870
314 315
314 448
314 463
314 527
314 558
314 589
314 726
314 744
314 765
314 827
314 886
314 920
314 958
315 325
315 395
315 439
315 557
315 728
315 833
315 855
316 500
316 524
316 607
316 860
316 882
317 332
317 377
317 396
317 623
317 659
317 697
317 840
317 866
317 901
317 909
318 319
318 426
318 555
318 735
318 762
318 795
318 860
318 947
319 384
319 394
319 461
319 466
319 529
319 535
319 562
319 703
319 829
320 334
320 467
320 882
321 355
321 371
321 434
321 514
321 657
321 722
321 744
322 582
322 664
322 952
323 344
323 387
323 454
323 517
323 519
323 622
323 658
323 662
323 796
323 810
323 857
323 859
323 865
323 917
323 946
324 372
324 447
324 490
324 594
324 624
324 672
324 712
324 754
324 767
324 819
324 929
324 972
325 326
325 521
325 589
325 612
325 614
325 616
326 397
326 471
326 531
326 549
326 616
326 806
327 355
327 429
327 575
327 598
327 782
327 963
328 466
328 535
328 553
328 558
328 569
328 701
328 840
328 903
328 953
329 384
329 552
329 553
329 588
329 604
329 623
329 649
329 698
329 709
329 751
329 834
329 931
329 970
329 996
329 1000
330 388
330 425
330 453
330 487
330 614
330 649
330 708
330 771
330 802
330 833
331 372
331 520
331 555
331 613
331 621
331 634
331 700
331 803
331 807
331 903
331 928
332 680
332 851
332 874
332 890
332 913
332 959
332 999
333 403
333 408
333 594
333 640
333 808
333 813
333 832
333 869
333 925
334 449
334 647
334 650
334 718
334 818
334 842
334 850
334 900
335 356
335 357
335 364
335 387
335 448
335 494
335 586
335 725
336 346
336 352
336 372
336 420
336 530
336 626
336 633
336 654
336 691
336 720
336 747
336 961
336 991
337 367
337 373
337 502
337 545
337 563
337 583
337 597
337 645
337 743
337 838
337 914
338 362
338 456
338 586
338 602
338 703
338 780
338 924
338 928
339 354
339 560
339 638
339 995
340 395
340 397
340 479
340 514
340 557
340 689
340 737
340 740
340 780
341 342
341 356
341 372
341 477
341 688
341 715
341 977
342 353
342 378
342 484
342 525
342 569
342 637
342 753
342 775
342 848
342 923
342 925
342 972
343 365
343 395
343 437
343 459
343 587
343 635
343 702
343 783
343 936
344 594
344 719
344 840
344 957
345 410
345 446
345 532
345 684
345 740
345 794
345 804
345 844
345 919
345 960
345 962
345 986
346 800
346 817
346 836
346 870
346 880
346 920
346 927
346 932
346 947
347 586
347 868
347 958
347 962
348 373
348 462
348 463
348 499
348 507
348 608
348 617
348 639
348 716
348 735
348 868
348 888
349 391
349 403
349 410
349 425
349 482
349 625
349 628
349 689
349 823
350 395
350 547
350 820
350 874
350 894
350 910
350 941
351 395
351 422
351 518
351 667
351 669
351 672
351 674
351 714
351 787
351 919
352 458
352 469
352 535
352 589
352 704
352 747
352 812
352 858
352 876
352 911
352 956
352 987
352 999
353 358
353 507
353 580
353 609
353 624
353 696
353 791
354 412
354 510
354 615
354 683
354 898
354 949
355 457
355 476
355 503
355 564
355 604
355 637
355 647
355 759
355 811
355 912
355 958
356 561
356 616
356 731
356 830
356 954
356 957
356 996
357 394
357 450
357 575
357 648
357 761
357 881
357 900
357 951
357 963
357 994
358 381
358 409
358 576
358 650
358 665
358 706
358 779
358 871
358 931
358 949
358 974
359 498
359 546
359 614
359 633
359 650
359 698
359 784
359 805
360 386
360 424
360 450
360 640
360 675
360 756
360 906
360 945
360 992
361 385
361 431
361 495
361 578
361 639
361 672
361 675
361 692
361 841
361 864
361 889
361 919
361 973
361 986
362 460
362 505
362 535
362 546
362 661
362 713
362 732
362 794
362 826
362 863
362 910
363 364
363 437
363 658
363 710
363 756
363 875
363 920
363 957
363 962
364 537
364 549
364 714
364 721
364 881
364 892
364 920
365 731
365 785
365 838
365 910
365 944
365 950
365 988
366 516
366 520
366 544
366 753
366 779
366 791
366 806
366 845
366 901
366 986
367 501
367 647
367 651
367 869
368 406
368 506
368 607
368 663
368 808
368 828
368 845
368 846
369 453
369 506
369 512
369 666
369 685
369 687
369 728
369 734
369 836
369 893
369 932
369 954
369 982
370 404
370 489
370 518
370 534
370 720
370 752
370 754
370 771
370 811
370 832
370 853
370 888
371 379
371 400
371 434
371 464
371 570
371 609
371 646
371 728
371 729
371 757
371 796
371 930
372 374
372 438
372 461
372 474
372 494
372 530
372 703
372 831
372 854
372 871
373 410
373 521
373 539
373 619
373 722
373 784
373 800
373 911
374 593
374 717
374 870
374 911
375 419
375 513
375 574
375 596
375 698
375 856
375 913
375 960
375 995
376 536
376 632
376 634
376 939
376 953
376 957
377 379
377 380
377 682
377 763
377 850
377 869
377 890
377 948
377 958
377 973
378 406
378 499
378 513
378 584
378 624
378 861
378 904
378 909
378 927
379 380
379 397
379 469
379 546
379 617
379 654
379 690
379 728
379 733
379 816
379 980
380 381
380 383
380 434
380 706
380 745
380 793
380 801
380 860
380 872
380 888
380 984
381 425
381 446
381 468
381 584
381 746
381 770
381 788
381 811
381 833
381 881
382 445
382 473
382 569
382 598
382 612
383 389
383 590
383 711
383 782
383 997
384 474
384 501
384 577
384 585
384 657
384 674
384 717
384 758
385 477
385 511
385 716
385 739
385 748
385 767
385 791
385 840
385 845
385 881
386 449
386 522
386 641
386 785
386 899
386 957
387 460
387 526
387 553
387 576
387 724
387 726
387 765
387 783
387 899
388 432
388 503
388 513
388 570
388 585
388 593
388 604
388 675
388 700
388 726
388 814
388 818
389 504
389 855
389 942
390 475
390 525
390 534
390 701
390 833
390 932
390 953
390 959
391 467
391 481
391 493
391 582
391 649
391 701
391 750
391 754
391 819
391 835
391 864
391 906
391 945
392 435
392 531
392 626
392 665
392 670
392 799
392 800
392 831
392 860
392 893
392 895
392 971
393 499
393 519
393 537
393 545
393 551
393 742
393 917
393 963
393 974
394 400
394 445
394 535
394 555
394 687
394 725
394 767
394 786
394 946
395 455
395 470
395 559
395 589
395 743
395 798
395 863
396 425
396 432
396 470
396 628
396 697
396 749
396 790
396 826
396 876
396 939
397 405
397 572
397 646
397 915
397 921
397 983
398 417
398 508
398 588
398 635
398 643
398 783
398 784
398 838
399 423
399 473
399 476
399 550
399 571
399 596
399 667
399 764
399 857
399 876
399 882
399 924
399 932
399 979
399 994
400 504
400 797
400 984
400 992
401 452
401 489
401 579
401 619
401 658
401 697
401 759
401 794
401 798
401 799
401 989
402 468
402 542
402 565
402 942
403 459
403 503
403 602
403 655
403 694
403 711
403 738
403 742
403 942
403 975
404 499
404 634
404 688
404 699
404 720
404 733
404 800
404 847
404 946
404 982
405 458
405 537
405 574
405 620
405 624
405 743
405 745
405 873
405 997
406 423
406 474
406 479
406 514
406 560
406 572
406 580
406 585
406 607
406 657
406 977
407 438
407 462
407 573
407 580
407 596
407 798
407 891
407 928
407 952
407 954
407 989
408 498
408 546
408 718
408 725
408 756
408 776
408 831
408 879
409 419
409 486
409 487
409 540
409 768
409 840
409 891
410 428
410 513
410 539
410 625
410 633
410 738
410 934
410 962
411 430
411 434
411 534
411 566
411 649
411 704
411 861
411 876
411 931
411 951
411 995
412 441
412 701
412 802
412 803
412 829
412 881
412 885
413 425
413 430
413 468
413 506
413 553
413 687
413 707
413 721
413 824
413 834
413 844
413 935
413 973
414 432
414 569
414 639
414 686
415 526
415 549
415 879
415 904
415 982
416 419
416 526
416 546
416 866
416 884
416 903
416 930
416 933
417 676
417 775
417 782
417 875
417 896
418 647
418 664
418 731
418 776
418 926
419 566
419 587
419 702
419 708
419 869
419 939
420 426
420 530
420 575
420 620
420 626
420 656
420 731
420 773
420 856
420 863
420 892
420 949
421 485
421 647
421 648
421 670
421 791
421 792
421 843
422 458
422 460
422 522
422 574
422 585
422 614
422 631
422 662
422 747
422 884
422 898
423 563
423 571
423 589
423 642
423 669
423 685
423 698
423 727
423 760
423 898
423 914
424 596
424 655
424 704
424 749
424 838
424 887
424 920
425 531
425 593
425 649
425 729
425 741
425 818
425 861
425 867
425 894
425 959
425 973
426 454
426 466
426 489
426 503
426 592
426 648
426 702
426 757
426 882
426 973
426 995
427 447
427 680
427 706
427 780
427 859
427 967
427 988
427 998
428 473
428 474
428 917
428 958
428 983
429 439
429 454
429 617
429 923
429 962
429 964
430 489
430 540
430 816
430 874
430 883
430 889
430 917
430 975
431 437
431 560
431 572
431 616
431 631
431 636
431 867
431 876
431 903
431 981
432 450
432 481
432 504
432 523
432 529
432 642
432 846
433 441
433 627
433 720
433 722
433 737
433 810
433 849
433 865
434 470
434 486
434 504
434 615
434 619
434 652
434 669
434 728
434 742
434 798
434 845
434 929
435 469
435 526
435 571
435 658
435 765
435 774
435 821
435 900
435 949
435 990
436 442
436 477
436 491
436 527
436 571
436 771
436 922
436 935
437 528
437 538
437 794
437 911
437 977
438 456
438 459
438 475
438 483
438 512
438 565
438 763
438 806
438 957
439 603
439 693
439 781
439 812
439 855
440 488
440 603
440 669
440 748
441 454
441 460
441 528
441 535
441 639
441 977
441 994
442 470
442 711
442 811
443 522
443 549
443 613
443 725
443 798
443 878
443 886
443 923
444 604
444 685
444 698
444 734
444 890
445 454
445 528
445 537
445 544
445 581
445 623
445 639
445 677
445 749
445 784
445 846
446 579
446 722
446 758
446 825
446 894
446 978
447 453
447 480
447 490
447 566
447 638
447 701
448 485
448 504
448 633
448 641
448 737
448 755
448 762
448 839
448 879
448 898
448 982
448 983
449 576
449 593
449 658
449 675
449 786
449 823
449 851
449 890
449 972
449 994
450 497
450 513
450 528
450 642
450 800
450 874
450 919
450 981
451 490
451 609
451 709
451 753
451 946
451 963
451 996
451 997
452 486
452 692
452 716
452 718
452 923
452 936
452 971
453 500
453 504
453 509
453 530
453 666
453 792
453 806
453 894
454 514
454 591
454 600
454 638
454 648
454 864
454 935
454 963
455 517
455 527
455 876
456 698
456 701
456 791
456 979
457 470
457 477
457 499
457 517
457 563
457 585
458 626
458 671
458 692
458 777
458 782
458 822
459 469
459 578
459 601
459 665
459 785
459 817
459 893
459 995
460 560
460 682
460 729
460 743
460 818
460 838
460 915
461 506
461 527
461 530
461 603
461 643
461 666
461 702
462 466
462 481
462 540
462 669
462 673
462 759
462 806
462 979
463 500
463 512
463 601
463 639
463 684
463 691
463 785
463 802
463 831
463 909
463 937
464 813
464 884
464 951
464 999
465 512
465 623
465 644
465 720
465 800
465 825
465 859
465 890
466 471
466 539
466 563
466 648
466 972
466 989
467 641
467 672
467 684
467 686
467 714
467 726
467 855
467 870
467 885
468 497
468 568
468 570
468 617
468 874
469 576
469 583
469 608
469 722
469 736
469 979
470 523
470 587
470 685
470 735
470 763
470 986
471 524
471 725
471 986
472 482
472 586
472 596
472 608
472 673
472 678
472 723
472 865
472 883
472 993
473 476
473 496
473 678
473 685
473 828
473 836
474 579
474 602
474 610
474 614
474 623
474 654
474 696
474 868
474 961
475 807
475 894
475 907
476 544
476 641
476 652
476 670
476 704
476 726
476 851
477 486
477 592
477 637
477 739
477 750
477 789
477 803
477 833
477 843
477 966
477 967
477 971
478 501
478 559
478 605
478 675
478 757
478 767
478 790
478 984
479 722
479 921
479 930
479 977
480 508
480 520
480 622
480 685
480 741
480 750
480 844
480 933
480 979
481 496
481 584
481 676
481 687
481 772
481 789
481 803
481 879
482 506
482 551
482 602
482 771
482 876
482 938
483 754
483 780
483 876
483 940
484 491
484 705
484 723
484 737
484 750
484 772
484 931
485 557
485 644
485 697
485 772
485 909
485 945
486 500
486 514
486 561
486 663
486 878
486 977
487 538
487 544
487 551
487 598
487 795
487 946
488 676
488 704
488 713
488 721
488 737
488 751
488 754
488 841
488 842
489 512
489 655
489 690
489 755
489 869
489 936
490 572
490 652
490 768
490 818
490 824
490 857
491 564
491 610
491 637
491 641
491 661
491 763
491 802
491 927
491 970
492 563
492 634
492 653
492 855
493 690
493 776
493 806
493 932
494 801
494 861
494 873
494 968
494 970
494 977
495 518
495 569
495 827
495 864
495 903
496 628
496 685
496 686
496 762
496 935
497 537
497 637
497 773
498 502
498 536
498 579
498 650
498 703
498 706
498 749
498 899
498 902
498 990
499 595
499 616
499 816
499 854
499 914
499 944
500 627
500 777
500 800
500 933
500 956
501 633
501 644
501 646
501 749
501 750
501 851
501 959
502 537
502 578
502 798
502 848
502 915
502 952
503 534
503 577
503 593
503 614
503 635
503 706
503 796
503 845
503 860
503 921
503 979
503 984
504 764
504 791
504 815
504 835
504 918
505 529
505 547
505 554
505 593
505 766
505 802
505 990
506 534
506 612
506 837
506 858
507 583
507 649
507 694
507 713
507 751
507 786
507 790
507 881
508 604
508 742
508 743
508 795
508 880
508 898
509 629
509 686
509 760
509 793
509 982
510 553
510 728
510 774
510 783
510 812
510 842
510 891
510 917
511 601
511 635
511 751
511 791
511 794
511 836
512 622
512 651
512 697
512 786
512 808
512 844
513 629
513 674
513 677
513 703
513 748
514 673
514 675
514 697
514 712
514 764
514 994
515 535
515 547
515 580
515 705
515 711
515 793
515 915
515 994
516 663
516 796
516 807
517 611
517 663
517 749
517 792
517 820
517 952
518 765
518 796
518 837
518 914
519 577
520 687
520 695
520 699
520 749
520 829
521 813
521 855
521 906
522 573
522 640
522 654
522 793
523 607
523 639
523 866
523 982
524 683
524 814
524 840
524 958
525 533
525 679
525 700
525 832
525 858
525 860
525 939
525 960
525 994
526 574
526 617
526 618
526 635
526 826
526 921
526 960
527 712
527 834
527 873
528 538
528 579
528 759
528 812
528 960
529 616
529 697
529 735
529 739
529 755
529 814
529 816
529 870
529 875
529 951
530 634
530 651
530 660
530 669
530 777
530 843
530 920
530 921
530 926
530 964
531 575
531 615
531 793
531 871
531 924
531 994
532 603
532 679
532 766
532 790
532 915
532 978
533 755
533 785
533 868
534 635
534 681
534 700
534 866
534 952
534 970
535 652
535 780
535 845
535 892
536 557
536 581
536 724
536 729
536 950
536 986
537 592
537 602
537 661
537 848
537 866
537 923
537 943
537 978
537 995
538 609
538 618
538 677
538 728
538 750
538 776
538 786
538 798
538 972
539 832
539 859
539 869
539 876
539 889
539 969
540 610
540 867
540 900
540 944
540 974
541 550
541 572
541 598
541 611
541 717
541 871
542 560
542 784
542 797
542 821
542 978
543 581
543 640
543 705
543 763
543 817
543 858
543 933
544 556
544 615
544 672
544 718
544 723
544 862
544 868
544 877
545 631
545 726
545 777
545 928
545 969
546 660
546 673
546 703
546 790
546 835
546 857
546 914
546 949
547 607
547 613
547 904
547 917
547 947
548 600
548 621
548 711
548 724
548 750
548 759
548 789
548 874
548 912
548 966
548 989
549 651
549 751
549 757
549 840
549 894
549 906
549 910
549 950
550 555
550 586
550 699
550 729
550 835
550 890
550 894
551 610
551 629
551 852
551 861
551 981
551 999
552 693
552 699
552 712
552 737
552 758
552 868
552 913
553 671
553 736
553 802
553 878
553 891
553 912
554 607
554 731
554 788
554 793
555 742
555 743
555 814
555 819
555 828
555 924
556 576
556 611
556 711
556 745
556 794
556 841
556 851
556 872
556 949
557 575
557 615
557 739
557 744
557 870
557 965
558 574
558 791
558 794
558 806
558 882
558 910
558 943
559 684
559 846
559 932
559 996
560 660
560 809
560 907
560 977
560 989
561 661
561 829
561 872
561 885
562 577
562 598
562 627
562 807
562 810
563 608
563 670
563 714
563 742
563 812
563 919
563 932
564 726
564 945
564 993
565 589
565 632
565 781
565 803
565 849
565 887
565 989
566 610
566 792
566 852
566 854
566 869
566 892
566 985
567 619
567 649
567 696
567 935
567 991
568 725
568 821
568 955
569 595
569 607
569 800
569 858
569 865
569 904
569 953
570 742
570 788
570 789
570 798
570 844
570 969
571 601
571 625
571 678
571 695
571 724
571 751
571 769
571 803
571 819
571 966
572 574
572 628
572 818
572 869
572 884
572 912
572 950
572 980
573 585
573 731
573 794
573 824
573 896
573 974
574 617
574 801
574 934
575 714
575 999
576 627
576 741
576 759
576 763
576 857
576 940
576 983
577 580
577 606
577 776
577 810
577 895
577 940
577 987
577 994
578 581
578 587
578 764
578 902
578 994
579 677
580 626
580 816
580 856
581 738
581 803
581 814
581 886
581 915
581 917
582 603
582 910
582 941
583 611
583 732
583 759
583 771
583 818
583 894
583 902
583 908
584 661
584 763
584 780
584 822
584 939
585 729
585 812
585 910
585 965
585 970
586 634
586 689
586 796
586 849
586 863
586 868
586 874
586 893
586 913
586 979
587 616
587 654
587 700
587 820
587 825
587 863
587 910
587 977
587 993
588 854
588 929
588 945
589 643
589 726
589 843
589 923
590 599
590 737
590 846
591 732
591 842
591 858
591 952
592 715
592 810
592 896
592 938
593 642
593 646
593 689
593 708
593 834
593 862
593 900
593 967
594 900
594 907
594 966
595 682
595 705
595 854
595 860
595 864
596 612
596 719
596 771
596 832
596 913
596 942
596 981
597 605
597 630
597 723
597 811
597 898
597 916
598 617
598 630
598 638
598 713
598 734
598 772
598 785
598 883
599 750
599 911
600 679
600 685
600 700
600 806
600 859
600 891
600 909
600 996
601 683
601 695
601 827
601 927
601 943
602 714
602 737
602 804
602 855
602 981
603 649
603 728
603 747
603 751
603 762
603 879
603 884
603 951
604 635
604 789
605 635
605 905
605 965
605 966
605 975
606 608
606 653
606 698
606 768
606 782
606 892
606 955
607 612
607 811
608 816
608 841
609 714
609 743
609 751
609 871
609 918
609 981
610 678
610 850
610 943
610 979
611 674
611 735
611 739
611 868
611 907
612 640
612 641
612 666
612 866
612 873
612 904
612 910
612 947
613 660
613 991
614 651
614 658
614 688
614 888
614 964
614 988
615 748
615 753
615 846
615 880
615 934
616 663
616 665
616 765
616 919
616 983
617 803
617 854
617 937
617 1000
618 638
618 688
618 717
618 721
618 776
618 801
618 843
618 863
618 867
618 916
618 939
618 948
619 640
619 862
619 872
619 914
619 990
620 622
620 691
620 732
620 880
621 706
621 888
621 961
621 995
622 627
622 713
622 723
622 845
622 849
623 700
623 848
623 990
625 647
625 781
625 835
625 849
626 709
626 840
627 634
627 753
627 902
628 655
628 701
628 772
628 793
628 845
629 665
629 725
629 729
629 836
629 946
630 649
630 701
630 714
630 755
630 785
630 794
630 840
630 867
630 873
630 946
630 951
630 969
631 653
631 759
631 763
631 841
631 889
631 942
631 949
632 774
632 780
632 878
632 908
633 653
633 654
633 657
633 672
633 688
633 711
633 768
633 959
633 965
633 989
634 782
634 843
635 647
635 649
635 769
635 877
635 895
635 958
635 977
636 637
636 682
636 801
636 866
636 905
636 931
636 986
637 643
637 669
637 691
637 699
637 728
637 881
637 913
637 988
638 813
638 937
638 985
639 815
640 702
640 716
640 855
641 707
641 907
641 967
642 657
642 776
642 784
642 818
642 965
643 656
643 720
643 776
643 845
643 966
643 968
643 979
644 679
644 880
644 882
644 895
644 956
644 982
645 826
645 910
645 969
646 666
646 704
646 747
646 788
646 877
646 878
646 960
646 972
647 716
647 788
647 846
647 860
647 873
647 928
647 976
647 980
647 995
648 678
648 810
648 850
648 851
648 852
648 912
649 672
649 724
649 730
649 750
649 796
649 934
649 958
650 875
650 896
651 767
651 780
651 782
651 814
651 858
651 940
651 960
652 788
652 828
653 663
653 708
653 722
653 754
653 818
653 854
654 687
654 716
654 730
654 799
654 826
654 895
654 956
654 957
654 981
655 670
655 728
655 847
656 719
657 669
657 715
657 734
657 803
658 811
658 840
658 868
658 906
658 962
659 761
659 785
659 796
659 907
660 801
660 943
661 771
661 971
662 667
662 675
662 716
662 843
662 901
662 907
662 913
662 932
663 746
663 848
663 902
664 674
664 738
664 775
664 789
664 964
665 712
665 835
665 847
665 984
666 746
666 822
666 908
667 680
667 707
667 976
668 704
668 722
668 824
668 898
668 939
668 992
669 716
669 723
669 743
669 950
670 679
670 681
670 715
670 725
670 818
670 833
670 841
670 871
670 894
670 970
671 675
671 775
671 823
671 826
671 975
672 674
672 749
672 875
672 893
672 906
673 767
673 977
674 760
674 850
674 891
674 987
675 800
675 965
676 721
676 752
676 972
676 974
676 995
677 691
677 702
677 752
677 840
677 858
678 688
679 817
679 846
679 853
679 869
679 968
679 974
680 781
680 822
680 997
681 742
681 820
682 758
682 813
682 902
682 963
683 720
683 870
684 799
685 711
685 741
685 855
685 863
686 936
686 949
687 726
687 774
688 694
688 914
689 695
689 823
689 852
689 987
690 705
690 710
690 824
690 943
691 728
691 811
691 982
692 712
692 721
692 797
692 893
693 695
693 707
693 748
693 804
693 808
693 845
693 920
693 1000
694 728
694 786
694 832
694 838
695 702
695 752
695 766
695 779
695 862
695 898
695 928
695 941
696 703
696 729
696 740
696 781
696 884
696 899
696 902
696 955
696 969
697 713
697 770
697 835
697 863
698 785
698 882
698 892
698 904
698 940
698 944
698 997
699 722
699 727
700 769
700 776
700 777
700 825
700 909
700 910
700 991
701 756
701 768
701 856
701 897
701 951
702 719
702 728
702 772
702 790
702 809
702 931
703 727
703 752
703 774
703 917
703 928
703 980
704 728
704 801
704 802
704 865
704 927
704 971
705 780
705 826
705 837
705 845
705 939
705 982
707 713
707 725
707 749
707 800
707 833
707 881
708 775
708 784
708 819
708 841
709 764
709 784
709 864
709 947
710 830
710 836
711 861
711 873
711 989
712 805
712 846
712 848
712 855
712 856
712 918
712 945
713 714
713 736
713 826
713 857
713 916
713 935
713 954
714 764
714 825
715 865
716 808
716 848
716 893
716 971
717 718
717 787
718 797
718 834
718 846
718 872
718 942
718 964
719 909
719 994
720 830
720 831
720 840
720 891
720 923
721 809
721 845
721 872
721 888
721 923
721 938
722 766
722 813
722 890
722 968
723 796
723 806
723 834
723 934
723 953
723 974
724 789
724 928
724 937
724 950
725 783
725 961
726 775
726 958
727 896
727 899
728 916
728 992
729 737
729 791
729 796
729 837
729 1000
730 754
730 935
731 852
731 897
731 945
731 955
732 735
732 857
732 909
732 914
732 987
733 765
733 815
733 929
733 996
734 759
734 787
734 880
734 975
735 738
736 794
736 915
737 747
737 827
737 846
737 920
738 767
738 838
738 863
738 909
738 947
738 984
739 816
739 841
739 966
740 779
740 967
740 984
740 986
741 801
741 842
741 909
741 916
741 968
742 753
742 883
742 886
742 973
742 987
743 810
743 896
743 924
744 922
745 817
745 819
746 826
746 862
746 866
746 903
746 942
746 980
746 994
747 832
747 834
747 945
747 982
748 750
748 761
748 913
748 914
748 940
750 803
750 880
750 914
750 959
751 848
751 986
752 765
752 793
752 964
753 994
754 761
754 821
754 870
754 894
754 902
755 762
755 774
755 783
755 936
755 947
755 962
755 990
755 992
756 962
757 937
757 996
758 887
759 911
759 975
760 830
760 941
761 768
761 838
761 893
763 859
763 931
764 885
764 906
764 942
765 766
765 922
766 777
766 889
766 924
766 963
767 768
767 791
767 954
767 965
767 983
768 799
768 828
768 877
768 887
768 915
768 917
768 995
769 791
769 982
769 985
770 788
770 909
770 930
770 948
770 976
771 798
771 882
771 901
771 920
772 773
772 891
772 910
772 986
773 850
773 854
773 896
773 922
773 950
773 973
774 794
774 806
774 981
775 854
775 979
777 866
777 868
777 950
777 973
777 983
778 833
778 840
778 859
778 935
779 835
779 855
779 868
779 956
780 896
781 833
781 902
781 985
782 889
782 903
782 937
782 964
782 987
783 824
783 947
783 949
784 857
784 888
785 851
785 999
786 796
786 810
786 886
787 866
788 853
788 965
789 828
789 872
789 974
790 994
790 996
791 920
791 940
791 971
792 815
792 816
792 997
793 814
793 853
793 880
794 797
794 897
794 929
795 808
795 952
795 991
795 995
796 823
796 827
796 837
796 855
796 888
796 994
797 817
797 838
797 883
798 845
798 861
798 888
798 983
799 812
799 813
799 944
799 953
799 974
800 903
800 908
800 918
800 924
800 933
801 987
801 996
802 812
802 831
802 849
802 862
802 962
803 824
803 982
804 833
804 882
804 897
805 806
805 835
805 837
805 927
806 808
806 809
807 867
807 884
808 825
808 860
809 819
809 823
810 841
810 872
810 913
810 1000
811 924
811 934
812 889
812 993
813 823
814 837
814 906
814 915
814 969
815 843
815 873
815 881
815 998
816 833
816 896
816 921
816 974
816 980
817 828
817 871
817 880
817 988
817 995
818 935
818 955
818 997
819 887
819 973
820 975
820 991
821 869
821 911
821 913
823 849
823 963
824 900
824 955
824 983
825 860
825 862
826 880
826 928
826 964
827 845
828 859
828 985
829 847
830 870
830 871
831 843
831 853
832 882
832 919
832 954
833 846
833 893
833 990
834 913
834 976
835 930
835 975
835 977
837 905
838 852
838 883
838 923
839 856
839 996
840 852
840 853
840 958
841 958
841 986
842 864
842 896
842 907
842 968
842 995
843 899
843 913
843 989
844 847
844 948
844 971
845 883
845 921
845 975
845 976
846 879
847 864
847 892
848 875
848 948
848 973
849 880
849 891
849 962
849 967
851 879
853 901
853 909
853 939
853 957
853 983
853 993
854 919
854 936
854 955
854 985
855 946
855 983
856 903
857 949
857 952
858 898
858 965
859 873
859 884
859 949
860 873
860 913
860 1000
861 896
861 986
861 993
862 961
862 983
863 928
863 962
864 919
864 969
865 939
866 995
868 873
868 952
869 883
869 898
870 953
870 963
871 922
871 937
872 954
873 990
874 905
874 949
876 924
876 936
877 973
882 972
883 914
885 890
885 955
886 903
886 938
886 976
887 950
887 961
888 903
888 989
889 893
889 950
893 955
894 909
894 991
895 917
895 933
896 993
897 985
898 929
898 941
900 910
900 915
900 917
902 975
903 990
904 945
904 956
906 980
907 962
907 967
907 976
907 978
908 914
908 935
908 989
908 996
909 935
909 962
909 969
909 973
910 922
911 952
911 978
912 939
913 915
913 933
913 973
914 964
914 976
915 961
916 977
918 960
920 939
920 972
920 980
921 975
922 940
922 949
922 966
922 989
922 998
924 975
925 935
925 944
926 937
926 990
927 997
930 939
931 963
933 978
934 937
934 947
934 962
935 983
936 969
937 956
937 998
939 949
939 959
939 961
939 963
939 969
939 974
940 945
940 950
941 952
947 979
947 985
950 953
950 995
952 985
953 957
954 977
954 993
957 983
958 967
961 984
963 983
964 985
964 996
966 976
970 974
970 999
971 995
977 992
984 993
