1000 6940
1 289
1 325
1 333
1 485
1 528
1 627
1 637
1 665
1 696
1 782
1 880
1 946
2 14
2 33
2 77
2 186
2 195
2 207
2 238
2 321
2 323
2 385
2 448
2 462
2 538
2 568
2 683
2 884
2 953
2 980
2 988
2 998
3 49
3 57
3 59
3 220
3 251
3 295
3 345
3 407
3 550
3 601
3 734
3 814
4 142
4 266
4 350
4 522
4 566
4 596
4 628
4 651
4 845
4 956
5 32
5 109
5 146
5 186
5 201
5 208
5 260
5 274
5 438
5 440
5 539
5 610
5 638
5 656
5 781
5 857
5 926
5 945
5 955
6 31
6 65
6 92
6 116
6 168
6 176
6 260
6 341
6 389
6 435
6 457
6 513
6 573
6 577
6 578
6 612
6 693
6 699
6 740
6 750
6 765
6 781
6 783
6 800
6 805
6 874
6 958
6 999
7 116
7 239
7 280
7 422
7 459
7 544
7 584
7 647
7 649
7 711
7 718
7 719
7 809
7 812
8 41
8 91
8 104
8 118
8 264
8 436
8 652
8 690
8 736
8 740
8 781
8 848
8 902
8 913
9 16
9 23
9 65
9 137
9 354
9 391
9 449
9 452
9 480
9 570
9 651
9 702
9 744
9 780
9 801
9 850
9 928
9 983
10 113
10 119
10 302
10 384
10 425
10 548
10 552
10 706
10 760
10 761
10 997
11 17
11 42
11 63
11 140
11 245
11 321
11 416
11 497
11 512
11 562
11 600
11 721
11 723
11 787
11 827
11 922
12 39
12 153
12 186
12 264
12 280
12 302
12 505
12 622
12 635
12 754
12 853
12 879
12 888
12 897
12 949
12 973
12 979
13 18
13 26
13 212
13 214
13 325
13 415
13 485
13 487
13 752
13 818
13 832
13 917
14 47
14 154
14 216
14 377
14 416
14 434
14 509
14 512
14 539
14 915
14 959
14 971
15 32
15 219
15 293
15 417
15 435
15 461
15 525
15 590
15 719
15 731
15 832
15 861
15 873
15 992
16 263
16 509
16 588
16 598
16 604
16 610
16 638
16 712
16 722
16 823
16 892
17 130
17 275
17 352
17 369
17 397
17 444
17 505
17 537
17 663
17 692
17 807
17 820
17 884
17 973
17 995
18 44
18 82
18 289
18 504
18 553
18 643
18 686
18 714
18 774
18 783
18 881
18 903
18 914
19 39
19 69
19 89
19 119
19 220
19 241
19 385
19 412
19 451
19 513
19 519
19 556
19 617
19 693
19 781
19 787
19 844
19 875
19 917
19 924
19 968
20 119
20 153
20 161
20 305
20 350
20 423
20 588
20 613
20 827
20 929
20 937
21 39
21 92
21 166
21 168
21 215
21 240
21 277
21 318
21 322
21 354
21 445
21 573
21 605
21 699
21 771
21 786
21 980
22 25
22 75
22 82
22 352
22 453
22 468
22 543
22 591
22 608
22 661
22 741
22 826
22 863
22 953
23 36
23 206
23 318
23 418
23 601
23 725
23 857
23 870
23 887
23 990
24 106
24 127
24 193
24 215
24 308
24 410
24 545
24 655
24 687
24 711
24 840
24 987
25 170
25 185
25 240
25 463
25 509
25 516
25 561
25 586
25 636
25 644
25 760
25 780
25 836
25 867
25 894
25 939
26 66
26 106
26 149
26 169
26 336
26 337
26 483
26 512
26 513
26 526
26 560
26 610
26 680
26 718
26 738
27 71
27 171
27 198
27 210
27 328
27 342
27 361
27 452
27 518
27 589
27 613
27 670
27 789
27 924
27 943
28 418
28 518
28 575
28 744
28 824
29 35
29 147
29 213
29 215
29 300
29 303
29 315
29 323
29 357
29 420
29 463
29 586
29 664
29 696
29 719
29 735
29 874
29 980
29 991
30 43
30 118
30 145
30 156
30 307
30 328
30 372
30 418
30 463
30 467
30 539
30 540
30 614
30 656
30 756
30 989
31 71
31 79
31 150
31 188
31 223
31 245
31 262
31 298
31 317
31 470
31 542
31 595
31 652
31 671
31 672
31 960
31 998
32 40
32 84
32 112
32 250
32 411
32 469
32 518
32 622
32 694
32 772
32 853
32 889
32 906
33 89
33 144
33 336
33 339
33 425
33 575
33 590
33 631
33 656
33 713
33 721
33 753
33 758
33 833
33 847
33 918
33 929
33 931
34 45
34 94
34 163
34 185
34 241
34 267
34 315
34 499
34 578
34 587
34 589
34 726
34 735
34 744
34 765
34 864
34 917
35 48
35 156
35 237
35 280
35 367
35 523
35 542
35 615
35 669
35 759
35 760
35 850
36 263
36 265
36 303
36 306
36 334
36 393
36 590
36 604
36 691
36 702
36 849
36 904
36 978
37 44
37 78
37 126
37 307
37 394
37 451
37 455
37 599
37 620
37 643
38 39
38 95
38 97
38 122
38 163
38 348
38 375
38 520
38 564
38 565
38 701
38 740
38 834
38 874
39 53
39 276
39 370
39 411
39 532
39 577
39 611
39 804
39 963
40 156
40 160
40 327
40 415
40 490
40 529
40 644
40 870
40 960
40 982
41 51
41 221
41 341
41 432
41 541
41 596
41 641
41 708
41 776
41 828
41 843
41 847
41 913
42 75
42 120
42 392
42 599
42 734
42 761
42 888
43 100
43 457
43 563
43 564
43 640
43 738
43 753
43 755
43 821
43 983
44 127
44 193
44 419
44 517
44 583
44 597
44 623
44 714
44 742
44 770
45 70
45 210
45 461
45 481
45 543
45 556
45 633
45 677
45 684
45 702
45 760
45 814
45 938
46 125
46 132
46 148
46 171
46 365
46 525
46 577
46 588
46 611
46 659
46 695
46 753
46 798
46 800
46 862
46 868
46 873
46 931
47 185
47 259
47 294
47 437
47 472
47 524
47 675
47 678
47 682
47 703
47 746
47 800
47 818
47 829
47 877
47 960
48 110
48 167
48 177
48 246
48 539
48 646
48 682
48 769
48 915
48 993
49 85
49 89
49 105
49 305
49 373
49 379
49 512
49 623
49 654
49 678
49 842
50 361
50 374
50 441
50 451
50 512
50 520
50 697
50 739
50 789
50 931
50 983
50 988
50 996
51 93
51 96
51 203
51 381
51 388
51 396
51 503
51 630
51 641
51 660
51 680
51 928
51 943
52 94
52 112
52 196
52 346
52 422
52 479
52 522
52 537
52 647
52 724
52 739
52 839
52 867
52 923
52 991
53 78
53 147
53 163
53 193
53 402
53 441
53 528
53 629
53 767
53 770
53 787
53 852
53 863
53 950
53 1000
54 219
54 220
54 228
54 301
54 409
54 417
54 484
54 659
54 766
54 805
54 847
54 903
54 958
55 78
55 88
55 229
55 238
55 247
55 319
55 329
55 384
55 402
55 571
55 679
55 717
55 747
55 763
55 969
56 94
56 123
56 239
56 403
56 431
56 434
56 545
56 658
56 688
56 812
56 827
56 986
57 152
57 265
57 267
57 399
57 412
57 487
57 511
57 721
57 898
57 923
57 937
57 972
58 297
58 302
58 306
58 307
58 354
58 476
58 507
58 624
58 766
58 778
58 783
58 823
58 833
58 867
58 955
58 972
59 74
59 83
59 164
59 271
59 324
59 392
59 457
59 499
59 528
59 663
59 703
59 738
60 64
60 97
60 233
60 261
60 490
60 513
60 525
60 536
60 641
60 729
60 845
60 886
60 957
60 959
60 970
60 971
60 990
61 177
61 209
61 239
61 290
61 378
61 424
61 490
61 516
61 582
61 695
61 815
61 848
61 888
61 908
62 115
62 182
62 271
62 326
62 395
62 409
62 410
62 424
62 425
62 616
62 643
62 698
62 772
62 806
62 808
62 849
62 874
62 878
63 163
63 170
63 260
63 298
63 395
63 419
63 487
63 538
63 652
64 76
64 167
64 172
64 470
64 497
64 545
64 668
64 800
64 884
65 82
65 163
65 247
65 248
65 249
65 421
65 457
65 552
65 582
65 761
65 825
65 922
65 943
65 968
65 970
66 213
66 245
66 366
66 559
66 560
66 564
66 740
66 831
66 844
66 892
66 911
66 967
67 124
67 236
67 251
67 265
67 318
67 354
67 367
67 424
67 681
67 793
67 822
67 865
68 207
68 287
68 318
68 403
68 446
68 481
68 603
68 604
68 634
68 716
68 735
68 771
68 862
68 947
68 956
69 118
69 202
69 303
69 367
69 409
69 416
69 496
69 618
69 679
69 736
69 739
69 838
69 878
69 886
69 929
69 982
70 276
70 319
70 349
70 443
70 542
70 559
70 597
70 682
70 708
70 714
70 872
70 936
70 966
70 976
71 198
71 205
71 233
71 269
71 611
71 626
71 667
71 816
71 943
71 965
71 973
71 989
72 80
72 189
72 233
72 255
72 318
72 327
72 362
72 545
72 643
72 693
72 699
72 743
72 780
72 919
72 946
73 77
73 123
73 180
73 238
73 302
73 362
73 434
73 458
73 754
73 773
73 800
73 804
73 822
74 149
74 150
74 180
74 197
74 206
74 302
74 419
74 431
74 464
74 513
74 595
74 656
74 665
74 883
74 913
75 100
75 161
75 216
75 256
75 315
75 317
75 340
75 423
75 444
75 542
75 555
75 565
75 581
75 646
75 820
75 825
75 840
75 904
75 923
76 196
76 212
76 421
76 481
76 534
76 627
76 695
76 715
76 717
77 92
77 147
77 166
77 211
77 263
77 341
77 450
77 460
77 516
77 670
77 714
77 758
77 882
77 899
78 146
78 172
78 211
78 253
78 304
78 364
78 407
78 445
78 490
78 572
78 632
78 693
78 713
78 753
78 769
78 848
78 933
79 340
79 377
79 416
79 450
79 708
79 815
79 828
79 901
79 925
79 952
79 991
80 92
80 209
80 364
80 378
80 467
80 554
80 651
80 656
80 673
80 677
80 777
80 810
80 832
80 877
80 941
81 132
81 191
81 335
81 651
81 657
81 692
81 723
81 735
81 802
81 804
81 847
81 849
82 98
82 231
82 320
82 326
82 409
82 594
82 602
82 636
82 643
82 711
82 888
82 902
82 961
83 124
83 194
83 318
83 396
83 400
83 417
83 581
83 582
83 748
83 757
83 838
83 865
84 137
84 201
84 202
84 221
84 300
84 308
84 335
84 389
84 399
84 442
84 488
84 514
84 545
84 550
84 653
84 660
84 759
85 171
85 275
85 426
85 434
85 459
85 468
85 504
85 515
85 710
85 965
85 995
86 140
86 255
86 401
86 404
86 412
86 520
86 570
86 610
86 739
86 790
86 801
86 822
86 842
86 858
86 935
86 943
86 953
87 115
87 127
87 172
87 182
87 271
87 345
87 398
87 575
87 590
87 602
87 606
87 665
87 719
87 819
87 978
87 981
87 988
88 94
88 206
88 209
88 218
88 235
88 243
88 288
88 346
88 370
88 410
88 474
88 554
88 644
88 726
88 830
88 858
88 979
89 107
89 255
89 401
89 503
89 567
89 647
89 762
89 786
89 845
89 935
90 234
90 409
90 429
90 560
90 567
90 626
90 729
90 734
90 828
90 838
90 856
90 996
91 110
91 145
91 166
91 197
91 267
91 299
91 327
91 550
91 673
91 708
91 787
91 796
91 839
91 912
91 981
92 119
92 150
92 227
92 279
92 423
92 449
92 453
92 471
92 598
92 614
92 737
92 741
92 817
92 823
92 924
93 120
93 194
93 231
93 278
93 279
93 299
93 420
93 445
93 599
93 600
93 635
93 652
93 808
93 888
93 947
94 124
94 135
94 308
94 400
94 489
94 566
94 600
94 679
94 696
94 911
94 996
95 328
95 364
95 416
95 440
95 472
95 503
95 569
95 693
95 717
95 836
96 279
96 283
96 463
96 468
96 531
96 555
96 648
96 669
96 798
96 904
96 967
97 255
97 372
97 383
97 433
97 550
97 746
97 759
97 769
97 890
97 941
98 158
98 292
98 337
98 443
98 472
98 655
98 699
98 786
98 831
98 994
99 106
99 149
99 150
99 268
99 520
99 572
99 620
99 664
99 738
99 746
99 865
99 869
99 880
99 959
100 222
100 661
100 735
101 325
101 422
101 463
101 626
101 752
101 795
101 926
101 988
102 189
102 280
102 284
102 484
102 502
102 520
102 529
102 624
102 626
102 628
102 641
102 675
102 825
102 923
102 954
103 113
103 216
103 239
103 247
103 268
103 274
103 281
103 301
103 333
103 339
103 343
103 344
103 348
103 447
103 472
103 506
103 598
103 647
103 691
103 897
103 931
104 106
104 148
104 152
104 153
104 211
104 225
104 311
104 607
104 634
104 670
104 757
104 910
104 940
104 984
105 147
105 215
105 246
105 338
105 362
105 377
105 462
105 472
105 487
105 509
105 596
105 662
105 681
105 740
105 858
105 873
105 895
105 913
105 940
106 156
106 214
106 273
106 314
106 358
106 479
106 525
106 541
106 623
106 640
106 705
106 707
106 721
106 887
106 892
106 920
106 974
107 109
107 177
107 232
107 320
107 331
107 431
107 505
107 579
107 605
107 697
107 708
107 709
107 893
108 265
108 338
108 368
108 410
108 412
108 450
108 506
108 512
108 545
108 567
108 636
108 650
108 694
108 721
108 796
108 816
108 855
108 878
108 924
109 264
109 455
109 485
109 605
109 661
109 782
109 812
109 832
109 856
109 878
109 961
109 968
110 118
110 156
110 253
110 289
110 293
110 325
110 365
110 460
110 462
110 520
110 530
110 541
110 599
110 612
110 657
110 739
110 865
110 911
111 115
111 194
111 197
111 342
111 377
111 404
111 517
111 519
111 671
111 713
111 735
111 827
111 843
111 998
112 344
112 354
112 481
112 501
112 512
112 516
112 721
112 733
112 765
112 805
112 893
113 180
113 213
113 520
113 847
113 910
114 120
114 176
114 206
114 225
114 322
114 399
114 647
114 737
114 802
114 867
114 869
114 918
114 935
114 939
114 958
114 968
115 131
115 199
115 216
115 248
115 375
115 621
115 713
115 715
115 811
115 920
116 153
116 185
116 249
116 323
116 333
116 362
116 382
116 456
116 477
116 531
116 642
116 681
116 973
117 180
117 184
117 222
117 224
117 259
117 317
117 424
117 427
117 548
117 642
117 858
117 861
117 872
117 884
117 940
117 979
117 991
118 131
118 136
118 153
118 168
118 211
118 273
118 303
118 486
118 549
118 648
118 734
118 795
119 190
119 240
119 249
119 254
119 264
119 273
119 446
119 478
119 509
119 510
119 862
119 911
119 966
120 216
120 253
120 499
120 526
120 607
120 863
120 895
120 926
120 956
120 961
120 993
121 251
121 297
121 353
121 368
121 372
121 387
121 505
121 605
121 636
121 653
121 703
121 776
121 796
121 863
122 210
122 217
122 273
122 340
122 398
122 424
122 445
122 505
122 518
122 576
122 656
122 706
122 745
122 759
122 781
122 798
122 952
122 999
123 156
123 217
123 221
123 307
123 327
123 384
123 428
123 506
123 529
123 534
123 547
123 754
123 769
123 779
123 955
124 350
124 400
124 453
124 612
124 690
124 697
124 737
124 848
124 870
124 914
124 919
124 944
124 968
125 197
125 250
125 260
125 396
125 413
125 416
125 484
125 523
125 567
125 593
125 836
125 939
125 956
126 345
126 604
126 638
126 728
126 937
127 158
127 216
127 236
127 431
127 465
127 533
127 539
127 585
127 632
127 648
127 749
127 899
127 914
127 978
128 229
128 267
128 328
128 441
128 501
128 535
128 578
128 583
128 585
128 725
128 746
128 768
128 772
128 867
129 131
129 180
129 195
129 324
129 336
129 511
129 569
129 813
129 881
129 909
129 934
130 297
130 458
130 655
130 744
130 878
130 891
130 992
131 259
131 298
131 312
131 375
131 466
131 473
131 497
131 535
131 582
131 654
131 879
132 218
132 419
132 437
132 563
132 640
132 804
132 865
132 935
133 176
133 186
133 379
133 453
133 471
133 474
133 546
133 614
133 637
134 184
134 223
134 250
134 253
134 317
134 346
134 386
134 413
134 535
134 928
134 971
135 218
135 221
135 682
135 705
135 720
135 766
135 847
136 155
136 318
136 326
136 369
136 437
136 488
136 645
136 801
136 838
136 950
136 970
137 249
137 268
137 288
137 355
137 407
137 475
137 501
137 547
137 562
137 880
137 911
137 947
138 233
138 322
138 337
138 364
138 502
138 553
138 585
138 606
138 705
138 876
138 953
139 162
139 253
139 362
139 429
139 573
139 592
139 703
139 818
139 958
140 146
140 148
140 159
140 303
140 345
140 354
140 508
140 692
140 693
140 700
140 785
140 939
140 991
141 299
141 329
141 348
141 407
141 443
141 476
141 551
141 557
141 587
141 843
141 865
142 218
142 227
142 284
142 305
142 314
142 399
142 448
142 476
142 600
142 672
142 814
142 840
142 928
143 175
143 246
143 538
143 546
143 626
143 726
143 742
143 770
143 830
143 842
143 917
143 949
143 958
143 964
144 152
144 173
144 181
144 253
144 309
144 324
144 329
144 446
144 522
144 546
144 583
144 656
144 696
144 957
144 983
144 991
145 175
145 185
145 227
145 269
145 337
145 393
145 586
145 664
145 725
145 748
145 822
145 834
145 841
145 873
145 876
145 902
145 904
145 942
146 196
146 251
146 264
146 344
146 349
146 364
146 383
146 481
146 578
146 648
146 876
146 909
147 271
147 357
147 412
147 434
147 468
147 475
147 498
147 522
147 607
147 752
147 797
147 852
148 205
148 265
148 288
148 315
148 392
148 393
148 438
148 508
148 520
148 614
148 671
148 702
149 219
149 312
149 360
149 442
149 461
149 507
149 577
149 600
149 645
149 697
149 734
149 790
149 813
149 815
149 816
149 852
149 881
149 925
149 938
150 307
150 311
150 386
150 430
150 491
150 684
150 815
150 858
150 914
151 266
151 358
151 399
151 556
151 646
151 708
151 724
151 786
151 797
151 846
152 162
152 250
152 383
152 417
152 468
152 478
152 497
152 709
152 751
152 770
152 796
152 834
152 979
152 993
153 166
153 239
153 332
153 508
153 509
153 601
153 712
153 743
153 893
153 982
153 998
154 342
154 581
154 722
154 733
154 735
154 743
154 903
154 960
155 258
155 449
155 501
155 520
155 627
155 692
155 742
155 745
155 845
155 864
155 879
156 171
156 238
156 353
156 416
156 562
156 638
156 754
156 796
156 831
156 840
156 999
157 172
157 277
157 401
157 428
157 508
157 554
157 566
157 569
157 612
157 664
157 693
157 755
157 955
157 965
158 173
158 201
158 322
158 463
158 496
158 523
158 627
158 725
158 771
158 794
158 840
159 255
159 258
159 297
159 371
159 664
159 981
160 364
160 393
160 501
160 516
160 519
160 566
160 576
160 578
160 594
160 598
160 614
160 620
160 655
160 950
161 212
161 369
161 518
161 596
161 598
161 622
161 667
161 721
161 744
161 857
161 907
161 954
162 171
162 175
162 185
162 250
162 368
162 538
162 667
162 676
162 813
162 906
163 173
163 207
163 215
163 357
163 466
163 530
163 613
163 743
163 827
163 829
163 890
164 265
164 274
164 416
164 470
164 510
164 519
164 662
164 868
164 895
164 929
164 938
165 231
165 319
165 346
165 468
165 471
165 579
165 609
165 736
165 974
166 195
166 422
166 502
166 551
166 565
166 593
166 714
166 837
166 893
167 221
167 340
167 373
167 519
167 540
167 572
167 685
168 231
168 293
168 326
168 638
168 674
168 743
168 758
168 768
168 870
168 948
169 176
169 279
169 406
169 450
169 489
169 607
169 666
169 745
169 749
169 783
169 863
169 887
169 905
169 912
170 240
170 265
170 324
170 407
170 439
170 467
170 570
170 707
170 736
170 751
170 825
170 921
170 975
170 982
171 231
171 245
171 246
171 290
171 457
171 472
171 485
171 663
171 750
171 842
172 213
172 226
172 249
172 380
172 399
172 591
172 603
172 658
172 677
172 686
172 690
172 861
172 913
173 537
173 612
173 659
173 789
173 992
174 190
174 275
174 324
174 339
174 489
174 564
174 881
174 908
174 947
175 370
175 374
175 716
175 730
175 898
176 274
176 339
176 343
176 503
176 694
176 717
176 742
176 749
176 949
176 965
176 983
177 184
177 327
177 420
177 506
177 562
177 574
177 588
177 603
177 612
177 623
177 649
177 799
177 809
177 891
178 227
178 245
178 261
178 274
178 336
178 367
178 476
178 630
178 785
178 972
179 211
179 342
179 369
179 464
179 579
179 587
179 704
179 768
179 818
179 874
180 242
180 258
180 267
180 321
180 475
180 699
180 716
180 740
180 807
180 888
180 903
180 907
180 919
180 935
180 993
181 528
181 603
181 627
181 642
181 719
181 780
181 940
182 210
182 389
182 670
182 842
182 902
182 921
182 941
182 997
183 264
183 435
183 452
183 505
183 512
183 513
183 525
183 584
183 782
183 795
183 816
184 224
184 268
184 301
184 319
184 466
184 485
184 517
184 857
185 218
185 299
185 373
185 388
185 392
185 398
185 424
185 642
185 678
185 698
185 701
185 721
185 776
185 791
185 854
186 205
186 329
186 381
186 456
186 479
186 619
186 645
186 746
186 806
186 823
186 945
187 209
187 222
187 228
187 278
187 354
187 415
187 536
187 539
187 566
187 569
187 607
187 675
187 677
187 679
187 703
187 711
187 765
187 912
187 1000
188 209
188 356
188 610
188 660
188 770
188 960
189 264
189 379
189 416
189 454
189 748
190 492
190 595
190 603
190 613
190 649
190 682
190 752
190 803
190 915
190 919
190 993
191 213
191 435
191 499
191 607
191 765
191 818
191 885
191 945
191 960
192 276
192 316
192 343
192 562
192 579
192 606
192 607
192 650
192 695
192 727
192 735
192 925
192 938
193 203
193 264
193 373
193 521
193 546
193 601
193 700
193 783
193 803
193 804
193 856
193 904
193 940
193 960
194 209
194 240
194 354
194 470
194 551
194 678
194 700
194 708
194 755
194 859
194 893
195 197
195 231
195 296
195 316
195 358
195 391
195 432
195 489
195 565
195 576
195 630
195 692
195 807
195 828
195 925
195 950
196 256
196 263
196 321
196 336
196 508
196 544
196 608
196 751
196 764
196 768
196 783
196 789
196 922
196 972
196 993
197 249
197 303
197 304
197 307
197 338
197 451
197 480
197 660
197 862
197 882
197 909
197 924
197 971
197 985
198 205
198 215
198 279
198 298
198 358
198 523
198 532
198 789
199 207
199 227
199 233
199 306
199 354
199 434
199 562
199 614
199 658
199 666
199 780
199 799
199 806
199 914
199 955
199 963
200 214
200 229
200 295
200 412
200 572
200 820
200 834
200 843
201 296
201 404
201 433
201 460
201 515
201 532
201 556
201 718
201 730
201 863
201 866
201 883
201 946
202 253
202 364
202 394
202 423
202 607
202 841
202 858
202 948
203 225
203 329
203 335
203 393
203 428
203 513
203 601
203 706
203 780
203 858
203 925
203 963
203 982
203 994
204 349
204 493
204 500
204 677
204 689
204 981
205 398
205 443
205 486
205 643
205 882
205 900
205 984
206 248
206 376
206 433
206 467
206 604
206 626
206 662
206 674
206 758
206 813
206 922
206 962
206 963
207 240
207 297
207 387
207 403
207 453
207 459
207 508
207 617
207 722
207 885
207 899
207 904
207 943
207 974
207 998
208 231
208 308
208 345
208 365
208 421
208 476
208 498
208 621
208 645
208 991
209 348
209 473
209 585
209 722
209 798
209 992
210 267
210 361
210 449
210 622
210 668
210 748
210 777
210 788
210 804
210 839
210 874
210 911
211 220
211 472
211 572
211 598
211 610
211 615
211 655
211 677
211 781
211 788
211 826
211 841
211 874
212 247
212 319
212 389
212 692
212 733
212 820
212 833
212 913
213 234
213 252
213 262
213 638
213 667
213 753
214 452
214 491
214 781
214 831
214 869
214 975
214 986
215 287
215 308
215 319
215 382
215 431
215 627
215 633
215 671
215 731
215 751
215 802
215 842
215 894
216 218
216 340
216 399
216 462
216 688
216 780
216 818
216 903
216 929
217 242
217 279
217 313
217 333
217 373
217 394
217 401
217 420
217 663
217 892
218 224
218 252
218 275
218 381
218 411
218 466
218 604
218 634
218 658
218 676
218 684
218 803
218 812
218 824
218 909
219 259
219 266
219 287
219 416
219 421
219 442
219 597
219 664
219 724
219 725
219 741
219 803
219 890
220 231
220 274
220 288
220 504
220 575
220 631
220 659
220 703
220 921
220 949
221 223
221 237
221 401
221 425
221 445
221 477
221 578
221 701
221 725
221 881
222 244
222 246
222 352
222 533
222 534
222 626
222 660
222 752
222 806
222 841
222 954
222 963
223 275
223 359
223 450
223 558
223 665
223 945
224 239
224 292
224 346
224 416
224 480
224 670
224 715
224 741
224 855
224 927
225 333
225 702
225 727
225 816
225 934
226 429
226 449
226 469
226 544
226 601
226 677
226 765
226 859
226 945
227 245
227 259
227 302
227 442
227 487
227 550
227 596
227 604
227 641
227 654
227 678
227 730
227 891
227 984
228 295
228 320
228 335
228 363
228 377
228 457
228 474
228 518
228 570
228 582
228 647
228 815
228 818
228 854
228 903
228 986
228 989
229 271
229 282
229 360
229 649
229 693
229 720
229 737
229 921
229 944
229 951
230 483
230 536
230 571
230 614
230 708
230 728
230 843
230 887
230 939
231 261
231 279
231 322
231 333
231 334
231 353
231 672
231 805
232 302
232 318
232 394
232 450
232 461
232 489
232 609
232 624
232 706
232 737
232 760
232 761
232 828
233 342
233 547
233 587
233 695
233 736
233 813
233 987
234 242
234 435
234 454
234 490
234 725
234 771
234 805
234 814
234 836
235 288
235 493
235 583
235 623
235 655
235 698
235 759
235 763
235 784
235 803
235 911
236 262
236 294
236 447
236 608
236 703
236 757
236 883
236 885
236 945
237 353
237 367
237 389
237 399
237 424
237 535
237 582
237 593
237 607
237 636
237 736
237 737
237 874
237 903
237 972
237 980
238 349
238 552
238 590
238 620
238 879
238 900
239 260
239 272
239 391
239 707
239 846
239 848
239 855
240 253
240 312
240 354
240 421
240 471
240 502
240 512
240 832
240 945
240 969
241 247
241 339
241 486
241 517
241 550
241 585
241 737
242 293
242 362
242 649
242 678
242 702
242 767
242 808
242 841
242 896
242 904
242 914
242 919
242 926
242 946
243 318
243 517
243 529
243 554
243 562
243 832
243 994
244 495
244 561
244 664
244 755
244 772
244 798
244 854
244 990
245 308
245 366
245 373
245 412
245 629
245 636
245 647
245 726
245 729
245 744
245 868
245 960
246 296
246 304
246 461
246 472
246 487
246 537
246 542
246 576
246 620
246 656
246 693
246 766
246 796
247 267
247 376
247 475
247 566
247 591
247 723
247 733
247 833
247 904
247 905
247 959
247 972
248 321
248 342
248 373
248 439
248 496
248 514
248 536
248 588
248 601
248 612
248 632
248 652
248 662
248 667
248 985
249 268
249 276
249 388
249 427
249 531
249 540
249 587
249 603
249 727
249 831
249 912
249 914
249 924
249 926
249 988
250 355
250 386
250 412
250 452
250 502
250 617
250 630
250 698
250 717
250 734
250 765
250 795
250 827
250 916
250 926
250 983
251 270
251 341
251 354
251 411
251 499
251 500
251 511
251 529
251 573
251 701
251 852
251 920
251 925
252 286
252 332
252 403
252 433
252 624
252 634
253 290
253 295
253 493
253 827
254 264
254 265
254 322
254 451
254 505
254 568
254 622
254 680
254 743
254 776
254 798
254 830
254 918
254 952
254 968
254 993
254 997
255 268
255 275
255 284
255 286
255 369
255 454
255 514
255 527
255 558
255 632
255 640
255 652
255 673
255 711
255 754
255 792
255 808
255 824
255 879
255 902
255 966
255 995
256 261
256 328
256 435
256 467
256 561
256 672
256 768
256 775
256 797
256 838
256 866
256 943
256 965
256 981
256 990
257 282
257 306
257 307
257 317
257 368
257 422
257 628
257 644
257 761
257 866
257 929
257 995
258 282
258 365
258 425
258 490
258 580
258 615
258 710
258 720
258 736
258 750
258 765
258 790
258 926
258 927
258 977
259 280
259 411
259 431
259 448
259 612
259 733
259 740
259 771
259 808
259 837
259 851
259 976
259 987
260 303
260 397
260 435
260 459
260 519
260 520
260 529
260 966
261 326
261 355
261 363
261 375
261 486
261 680
261 704
261 856
262 421
262 432
262 836
262 847
262 917
262 920
262 928
262 931
262 950
263 378
263 391
263 636
263 683
263 725
263 842
263 851
263 986
263 996
264 426
264 520
264 653
264 680
264 704
264 911
264 980
264 995
265 297
265 350
265 416
265 453
265 462
265 510
265 521
265 677
265 747
265 817
265 840
265 873
265 950
266 322
266 429
266 478
266 490
266 520
266 680
266 730
266 734
266 756
266 759
266 818
266 853
266 864
266 889
267 325
267 425
267 462
267 519
267 550
267 712
267 774
267 788
267 795
267 824
267 836
267 988
268 306
268 320
268 352
268 356
268 359
268 360
268 452
268 479
268 604
268 624
268 634
268 647
268 916
268 990
269 278
269 300
269 345
269 369
269 486
269 519
269 593
269 624
269 646
269 735
269 895
269 911
270 314
270 333
270 357
270 445
270 561
270 702
270 710
270 737
270 872
270 971
270 999
271 416
271 642
271 744
271 859
271 887
271 890
271 941
272 335
272 483
272 522
272 552
272 700
272 710
272 744
272 787
272 797
272 838
272 981
273 279
273 475
273 487
273 513
273 518
273 533
273 548
273 629
273 698
273 733
273 888
274 364
274 411
274 455
274 516
274 579
274 633
274 659
274 813
274 832
274 834
274 858
274 999
275 289
275 292
275 458
275 563
275 599
275 666
275 903
275 994
276 279
276 280
276 363
276 373
276 538
276 573
276 682
276 728
276 741
276 888
276 900
277 466
277 550
277 554
277 712
277 759
277 812
277 834
277 881
277 979
278 306
278 327
278 340
278 646
278 825
278 843
279 338
279 357
279 433
279 724
279 726
279 730
279 758
279 945
279 965
279 985
280 304
280 307
280 309
280 310
280 567
280 655
280 666
280 747
280 945
280 950
281 381
281 517
281 722
281 782
281 820
281 865
282 293
282 356
282 357
282 375
282 460
282 472
282 531
282 574
282 596
282 647
282 711
282 783
282 809
282 901
283 359
283 644
283 659
283 688
283 734
283 757
283 812
283 900
283 964
283 990
284 338
284 470
284 506
284 529
284 532
284 568
284 664
284 771
284 792
284 883
284 884
285 304
285 408
285 411
285 437
285 464
285 481
285 558
285 778
285 805
285 846
285 863
285 929
286 421
286 603
286 613
286 625
286 642
286 643
286 678
286 699
286 832
286 872
286 968
287 403
287 532
287 553
287 584
287 632
287 711
287 766
287 846
288 400
288 406
288 453
288 528
288 581
288 680
288 686
288 796
288 857
289 393
289 520
289 535
289 754
289 791
289 913
289 918
289 936
290 406
290 439
290 449
290 452
290 607
290 742
290 812
290 841
290 842
290 900
290 906
290 964
291 323
291 346
291 407
291 436
291 453
291 464
291 563
291 722
291 736
292 423
292 474
292 481
292 620
292 702
292 703
292 769
292 814
292 872
292 971
293 312
293 383
293 396
293 436
293 445
293 469
293 497
293 603
293 701
293 709
293 716
293 885
294 360
294 417
294 439
294 444
294 478
294 513
294 519
294 529
294 559
294 564
294 576
294 602
294 605
294 631
294 647
294 743
294 753
294 848
294 877
294 924
294 962
295 307
295 308
295 334
295 342
295 445
295 501
295 535
295 682
295 758
295 805
295 818
295 858
295 956
296 337
296 434
296 436
296 437
296 611
296 702
296 959
297 394
297 425
297 467
297 807
297 842
297 891
298 319
298 346
298 393
298 474
298 489
298 562
298 573
298 615
298 624
298 880
299 363
299 401
299 425
299 488
299 573
299 603
299 622
299 639
299 744
299 867
299 944
300 352
300 375
300 412
300 475
300 515
300 565
300 761
300 795
300 839
300 909
300 950
301 413
301 440
301 493
301 507
301 560
301 606
301 629
301 854
301 908
302 345
302 388
302 435
302 502
302 530
302 730
302 800
302 819
302 956
303 613
303 659
303 693
303 720
303 732
303 775
303 879
303 918
303 951
304 441
304 461
304 636
304 727
304 811
304 819
304 820
304 881
304 896
304 952
305 418
305 747
305 868
305 876
305 901
305 907
305 932
305 941
306 317
306 358
306 525
306 593
306 613
306 645
306 750
306 752
306 773
306 796
306 801
306 827
306 857
306 917
307 356
307 511
307 526
307 566
307 685
307 704
308 407
308 424
308 581
308 689
308 754
308 784
308 848
309 472
309 526
309 642
309 844
310 354
310 375
310 507
310 521
310 656
310 803
310 918
310 943
310 977
310 988
311 399
311 461
311 570
311 612
311 626
311 709
311 748
311 764
311 770
311 797
311 833
311 896
311 916
312 371
312 491
312 632
312 713
312 736
312 762
312 778
312 810
312 871
312 989
313 351
313 360
313 365
313 400
313 424
313 458
313 503
313 561
313 639
313 678
313 685
313 788
313 807
313 853
313 875
313 995
314 340
314 422
314 429
314 444
314 533
314 537
314 555
314 569
314 596
314 642
314 707
314 766
314 815
314 859
315 420
315 421
315 478
315 545
315 662
315 764
315 782
315 862
315 944
315 955
316 325
316 362
316 407
316 416
316 504
316 522
316 774
316 961
317 479
317 513
317 539
317 668
317 759
317 762
317 913
317 982
318 328
318 446
318 451
318 497
318 545
318 632
318 656
318 781
318 798
319 325
319 360
319 491
319 499
319 511
319 560
319 657
319 721
319 792
320 347
320 461
320 555
320 674
320 701
320 899
320 937
321 338
321 342
321 352
321 413
321 471
321 629
321 768
321 836
321 918
322 352
322 492
322 525
322 528
322 562
322 612
322 625
322 641
322 705
322 756
322 788
322 912
323 460
323 524
323 584
323 612
323 620
323 851
323 889
323 924
323 928
323 968
324 407
324 410
324 417
324 438
324 441
324 474
324 493
324 530
324 612
324 660
324 678
324 844
324 865
324 932
325 441
325 477
325 624
325 637
325 824
325 838
325 847
325 949
325 983
326 460
326 607
326 687
326 723
326 767
326 878
326 981
326 989
327 370
327 406
327 520
327 593
327 604
327 618
327 826
327 841
327 842
327 858
327 909
327 911
327 943
328 334
328 441
328 481
328 503
328 520
328 579
328 604
328 633
328 649
328 686
328 825
328 851
328 880
328 943
329 358
329 367
329 455
329 462
329 637
329 647
329 738
329 864
329 889
329 925
329 998
330 408
330 486
330 639
330 736
330 752
330 794
330 908
330 942
330 994
331 350
331 359
331 383
331 526
331 649
331 687
331 704
331 732
331 740
331 795
331 818
331 958
332 360
332 439
332 603
332 611
332 624
332 808
332 941
333 493
333 578
333 748
333 766
333 851
333 880
333 920
334 366
334 546
334 644
334 780
334 787
334 823
335 481
335 542
335 569
335 623
335 648
335 660
335 792
335 908
335 922
336 363
336 399
336 480
336 532
336 536
336 538
336 762
336 880
336 941
336 949
337 360
337 370
337 381
337 423
337 465
337 496
337 499
337 533
337 695
338 339
338 722
338 746
338 870
338 989
339 450
339 464
339 483
339 505
339 601
339 619
339 692
339 699
339 770
339 779
339 812
339 839
339 853
339 928
340 350
340 517
340 573
340 579
340 597
340 739
340 746
340 772
340 775
340 813
340 827
340 890
341 345
341 420
341 533
341 534
341 678
341 702
341 723
341 741
341 895
341 907
342 419
342 507
342 519
342 598
342 599
342 601
342 680
342 686
342 739
342 770
342 773
342 839
342 872
342 880
343 406
343 450
343 469
343 580
343 648
343 692
343 747
344 372
344 434
344 479
344 565
344 605
344 642
344 856
344 885
344 933
344 948
344 953
344 954
344 969
344 979
345 349
345 352
345 414
345 616
345 643
345 737
345 890
346 519
346 606
346 609
346 809
346 866
346 880
347 434
347 675
347 700
347 752
347 827
347 871
348 379
348 418
348 577
348 598
348 673
348 723
348 793
348 880
348 884
348 888
349 421
349 491
349 496
349 548
349 560
349 599
349 605
349 649
349 669
349 715
349 881
349 961
349 967
350 440
350 513
350 607
350 870
350 919
350 991
351 357
351 377
351 581
351 640
351 698
351 712
351 869
351 936
352 572
352 635
352 678
352 682
352 707
352 718
352 762
352 791
352 843
352 887
352 933
353 407
353 576
353 598
353 625
353 663
353 723
353 770
353 812
353 858
353 942
353 966
354 469
354 502
354 512
354 667
354 721
354 764
354 915
355 501
355 505
355 546
355 621
355 832
355 844
355 876
355 905
355 983
356 451
356 554
356 561
356 623
356 796
356 836
356 914
356 988
357 418
357 445
357 452
357 521
357 533
357 572
357 677
357 817
357 829
357 845
357 871
357 889
357 902
357 942
358 427
358 509
358 512
358 568
358 595
358 604
358 629
358 818
358 902
359 369
359 435
359 440
359 466
359 520
359 588
359 788
359 939
360 500
360 522
360 538
360 627
360 650
360 656
360 671
360 713
360 764
360 807
361 376
361 394
361 436
361 471
361 513
361 529
361 556
361 692
361 707
361 753
361 793
361 839
361 956
362 460
362 505
362 628
362 693
362 718
362 837
362 858
362 913
362 953
362 962
362 974
363 428
363 429
363 758
363 788
363 855
363 965
364 382
364 462
364 465
364 498
364 692
364 706
364 838
364 876
364 924
364 967
365 429
365 501
365 518
365 571
365 644
365 702
365 729
365 808
365 846
366 615
366 621
366 647
366 701
366 760
366 837
366 889
367 391
367 407
367 630
367 788
367 899
368 470
368 570
368 929
369 415
369 447
369 551
369 577
369 606
369 657
369 702
370 427
370 577
370 781
370 787
370 938
371 470
371 532
371 567
371 740
371 762
371 945
371 963
371 1000
372 410
372 501
372 517
372 527
372 663
372 681
372 682
372 718
372 917
372 942
372 980
373 416
373 509
373 528
373 599
373 619
373 710
373 728
373 741
373 790
373 839
373 871
374 413
374 510
374 564
374 626
374 810
374 844
374 893
374 964
375 381
375 416
375 541
375 573
375 844
375 873
375 941
375 970
376 417
376 435
376 670
376 767
376 784
376 838
376 851
376 875
377 385
377 429
377 549
377 559
377 694
377 716
377 929
377 969
378 462
378 493
378 545
378 668
378 694
378 705
378 715
378 727
378 742
378 773
378 839
378 906
378 978
379 404
379 415
379 427
379 450
379 581
379 775
379 956
379 975
380 395
380 447
380 512
380 600
380 681
380 782
380 829
380 937
380 951
381 400
381 530
381 634
381 667
381 675
381 689
381 716
381 788
381 858
381 862
381 909
381 957
381 961
381 996
382 390
382 537
382 557
382 683
382 730
382 798
382 801
382 905
383 554
383 602
383 616
383 622
383 630
383 725
383 886
383 973
384 392
384 398
384 465
384 496
384 500
384 776
384 837
384 840
384 848
384 893
384 899
384 909
384 992
385 501
385 584
385 590
385 886
385 935
386 399
386 462
386 667
386 757
386 820
387 483
387 513
387 573
387 649
387 776
387 791
387 801
387 941
387 956
388 398
388 486
388 749
388 812
388 817
388 960
388 999
389 513
389 536
389 605
389 623
389 643
389 780
389 820
390 407
390 460
390 538
390 715
390 799
390 804
390 968
391 431
391 465
391 538
391 557
391 642
391 740
391 865
392 399
392 412
392 560
392 578
392 624
392 664
392 746
392 756
392 828
392 858
392 957
393 467
393 703
393 722
393 775
393 894
393 930
393 948
394 466
394 552
394 571
394 596
394 813
394 850
394 892
394 947
394 979
395 425
395 529
395 555
395 856
395 966
395 983
396 523
396 538
396 610
396 615
396 637
396 779
396 815
396 835
396 866
396 892
397 449
397 552
397 555
397 850
397 911
397 938
397 941
397 986
398 506
398 553
398 606
398 639
398 681
398 894
399 400
399 417
399 418
399 440
399 615
399 620
399 657
399 694
399 818
399 876
399 958
399 976
400 498
400 586
400 617
400 888
400 916
401 405
401 490
401 555
401 591
401 613
401 729
401 819
401 896
402 495
402 504
402 525
402 563
402 616
402 663
402 715
403 481
403 488
403 563
403 618
403 626
403 910
403 961
404 411
404 425
404 446
404 459
404 538
404 589
404 593
404 659
404 748
404 768
405 461
405 581
405 668
405 694
405 788
405 994
406 408
406 437
406 494
406 782
406 835
406 844
406 932
406 958
407 577
407 785
407 812
407 987
408 448
408 474
408 563
408 574
408 697
408 855
409 595
409 631
409 798
409 876
409 911
409 991
409 1000
410 444
410 484
410 503
410 538
410 570
410 769
410 838
410 982
411 428
411 492
411 675
411 701
411 704
411 791
411 843
411 926
411 938
411 941
412 471
412 508
412 557
412 768
412 809
412 838
412 860
412 920
412 934
412 990
412 994
413 452
413 513
413 546
413 664
413 721
413 745
413 775
413 780
413 790
413 810
413 853
413 989
414 582
414 820
414 821
414 884
414 915
414 986
415 442
415 537
415 569
415 629
415 902
415 922
415 949
416 434
416 536
416 648
416 650
416 672
416 673
416 683
416 693
416 713
416 886
416 936
417 488
417 503
417 530
417 907
417 951
417 975
417 982
418 535
418 598
418 691
418 711
418 879
419 490
419 528
419 598
419 626
419 725
419 759
419 785
419 805
419 884
420 511
420 523
420 559
420 712
420 717
420 732
420 756
420 813
420 858
420 907
420 912
420 921
420 935
421 438
421 454
421 477
421 485
421 531
421 740
421 741
421 896
421 968
422 549
422 621
422 660
422 677
422 698
422 725
422 752
422 858
422 929
423 490
423 606
423 614
423 691
423 728
423 806
423 885
423 966
424 462
424 466
424 617
424 637
424 755
424 808
425 485
425 524
425 574
425 597
425 630
425 708
425 739
425 782
425 867
425 926
426 509
426 566
426 607
426 670
426 679
426 705
426 719
426 780
426 835
426 956
427 429
427 434
427 476
427 513
427 525
427 620
427 704
427 740
427 757
427 792
427 829
427 870
427 914
428 437
428 571
428 614
428 727
428 850
429 569
429 801
429 835
429 849
429 928
429 944
429 958
430 441
430 480
430 602
430 753
430 908
430 953
431 557
431 617
431 708
431 787
431 843
431 865
431 901
431 933
431 972
432 539
432 564
432 576
432 597
432 631
432 690
432 805
432 844
432 881
432 960
433 595
433 607
433 759
433 911
433 963
433 975
434 438
434 489
434 565
434 586
434 661
434 711
434 767
434 922
434 987
435 545
435 558
435 604
435 605
435 610
435 702
435 715
435 780
435 854
435 910
435 932
435 947
435 981
436 576
436 675
436 810
437 443
437 504
437 634
437 674
437 717
437 738
437 847
437 855
438 473
438 474
438 503
438 517
438 679
438 745
438 749
438 839
438 885
438 915
439 535
439 545
439 563
439 565
439 724
439 832
439 833
439 879
439 921
440 455
440 460
440 526
440 612
440 654
440 656
440 659
440 688
440 803
440 923
440 924
441 476
441 713
441 952
441 998
442 500
442 609
442 807
442 855
442 879
442 885
442 907
442 969
443 555
443 605
443 616
443 674
443 687
443 754
443 766
443 785
443 888
443 943
443 973
444 483
444 507
444 637
444 682
444 740
444 789
445 487
445 551
445 691
445 720
445 802
445 804
445 815
445 927
445 956
446 490
446 511
446 552
446 902
446 949
446 976
447 549
447 556
447 622
447 747
447 766
447 776
447 899
447 906
447 936
448 468
448 478
448 540
448 606
448 648
448 656
448 693
448 771
448 903
448 999
449 658
449 803
449 893
449 908
449 965
450 454
450 538
450 584
450 801
450 891
450 932
450 985
451 485
451 659
451 769
451 803
451 922
451 977
452 511
452 556
452 569
452 589
452 630
452 643
452 694
452 718
452 750
452 859
452 955
452 990
453 465
453 469
453 483
453 517
453 599
453 791
453 860
453 871
454 494
454 515
454 687
454 727
454 737
454 919
454 965
455 466
455 600
455 713
455 721
455 723
455 729
455 900
455 968
456 510
456 567
456 668
456 749
456 825
456 949
456 953
456 969
457 614
457 707
457 844
457 942
457 963
458 514
458 781
458 841
458 866
458 917
458 930
458 967
459 617
459 681
459 727
459 838
459 996
460 467
460 512
460 518
460 600
460 678
460 731
460 826
460 829
460 843
460 864
460 948
460 993
461 502
461 576
461 723
461 772
461 809
461 842
461 911
461 931
461 946
461 953
461 972
462 532
462 646
462 722
462 723
462 750
462 784
462 985
463 596
463 632
463 663
463 733
463 771
463 774
463 828
463 922
464 641
464 702
464 759
464 825
464 865
464 900
464 901
465 468
465 529
465 541
465 649
465 663
465 688
465 696
465 789
465 954
466 498
466 535
466 537
466 649
466 654
466 722
466 771
466 861
466 883
466 922
467 470
467 557
467 832
467 939
468 579
468 611
468 617
468 873
468 891
468 989
469 470
469 604
469 646
469 649
469 651
469 663
469 899
470 492
470 533
470 542
470 630
470 733
470 745
470 772
471 565
471 583
471 606
471 735
471 790
471 839
471 884
471 910
471 952
471 963
472 497
472 534
472 545
472 552
472 644
472 748
472 858
472 889
472 969
473 547
473 593
473 717
473 774
473 956
473 962
473 997
474 499
474 533
474 547
474 640
475 526
475 564
475 928
476 478
476 605
476 614
476 718
476 771
476 869
476 885
476 938
477 634
477 667
477 823
477 901
477 949
478 645
478 705
478 723
478 747
478 818
478 880
478 905
479 616
479 710
479 711
479 762
479 765
479 912
479 940
479 948
480 523
480 542
480 636
480 867
480 891
481 580
481 698
481 717
481 752
481 853
482 536
482 618
482 687
482 999
483 633
483 764
483 826
483 855
483 927
483 967
484 580
484 684
484 838
484 936
485 594
485 597
485 658
485 763
485 879
485 943
486 497
486 588
486 589
486 595
486 632
486 692
486 774
486 899
486 942
487 522
487 566
487 699
487 721
487 883
487 992
488 577
488 612
488 657
488 759
488 779
488 794
488 817
488 838
488 945
488 966
488 970
489 621
489 632
489 685
489 775
489 787
489 798
489 828
489 875
489 920
490 694
490 704
490 772
490 977
491 509
491 626
491 896
492 734
492 767
492 820
492 830
492 938
492 967
493 723
493 881
494 597
494 725
494 785
494 800
494 818
494 887
495 515
495 611
495 636
495 772
495 789
495 790
495 807
495 972
496 501
496 511
496 535
496 820
496 895
496 964
496 995
497 541
497 576
497 606
497 620
497 667
497 699
497 737
497 772
497 870
497 971
498 623
498 629
498 703
498 722
498 806
498 914
499 533
499 534
499 544
499 580
499 692
499 763
499 777
499 782
500 573
500 578
500 614
500 676
500 921
501 629
501 648
501 751
501 917
501 977
501 992
502 661
502 681
502 717
502 766
502 806
502 807
502 819
502 899
502 926
502 985
503 806
503 827
503 923
503 947
503 970
504 520
504 624
504 709
504 797
504 868
504 924
504 947
504 982
505 527
505 532
505 670
505 771
505 787
505 875
505 913
505 931
506 564
506 631
506 675
506 690
506 709
506 882
507 598
507 693
507 768
507 801
507 822
507 992
508 757
508 771
508 777
508 861
508 938
508 939
508 954
508 972
509 548
509 575
509 615
509 660
510 526
510 551
510 620
510 635
510 657
510 739
510 760
510 885
510 967
510 978
511 552
511 603
511 624
511 635
511 837
511 884
511 963
512 523
512 584
512 587
512 629
512 815
513 536
513 623
513 660
513 667
513 746
513 806
513 893
513 901
513 926
513 967
513 988
514 795
514 858
515 564
515 571
515 592
515 718
515 829
515 868
515 904
516 522
516 596
516 719
516 831
516 837
516 926
517 776
517 818
517 877
517 935
517 960
518 626
518 855
519 585
519 605
519 631
519 652
519 700
519 703
519 711
519 730
520 534
520 612
520 672
520 800
520 809
520 973
521 688
521 778
521 881
521 903
521 918
522 630
522 773
522 801
522 979
523 594
523 647
523 741
523 767
523 820
523 974
524 649
524 661
524 681
524 924
524 935
524 980
525 701
525 764
526 610
526 684
526 740
526 786
526 815
526 891
526 913
526 919
526 927
526 947
526 990
526 999
527 665
527 791
527 805
527 810
527 840
527 860
527 887
527 896
527 900
527 926
527 981
528 574
528 764
528 844
528 853
528 882
528 931
528 991
529 728
529 731
529 751
529 795
529 806
529 881
529 885
529 916
529 975
530 550
530 589
530 654
530 657
530 968
531 615
531 621
531 647
531 667
531 794
531 894
532 601
532 656
532 812
532 954
533 701
533 737
533 751
533 812
533 829
533 916
533 933
534 807
534 879
534 931
535 624
535 639
535 700
535 870
535 897
535 933
535 941
536 543
536 568
536 569
536 621
536 831
536 841
536 858
536 874
536 882
536 904
537 556
537 559
537 599
537 675
537 696
537 781
537 796
537 899
537 959
538 626
538 725
538 742
538 780
539 577
539 586
539 907
540 583
540 643
540 660
540 691
540 799
540 816
540 841
540 921
541 662
541 666
541 926
541 985
542 550
542 551
542 562
542 604
542 651
542 763
542 876
542 896
542 905
542 955
543 664
543 748
543 756
543 828
543 882
543 934
544 615
544 643
544 658
544 663
544 681
544 724
544 847
545 684
545 737
545 940
545 970
546 568
546 729
546 865
546 882
546 932
546 961
546 972
547 557
547 886
547 918
547 949
548 552
548 577
548 808
548 813
548 814
548 850
548 859
548 875
548 905
548 946
549 570
549 679
549 789
549 805
550 586
550 668
550 675
550 689
550 692
550 962
550 974
551 648
551 660
551 869
551 925
551 958
552 575
552 588
552 591
552 627
552 737
552 848
552 911
553 577
553 620
553 638
553 816
553 886
553 939
553 978
553 1000
554 637
554 644
554 647
554 670
554 850
554 972
555 569
555 753
555 790
555 874
555 951
555 999
556 611
556 812
556 875
556 890
556 912
556 944
557 810
557 916
557 970
558 610
558 674
558 681
558 688
558 767
558 826
558 851
558 865
558 948
558 968
558 1000
559 727
559 756
559 814
559 820
559 914
559 957
559 966
560 562
560 624
560 790
560 804
560 899
560 938
561 702
561 816
561 847
561 914
562 715
562 741
562 802
562 828
562 882
562 886
562 980
563 567
563 594
563 676
563 809
563 940
563 977
564 578
564 778
564 940
565 592
565 649
565 746
565 863
565 877
566 629
566 633
566 641
566 726
566 729
566 749
566 783
566 840
566 913
566 997
567 604
567 650
567 661
567 687
567 713
567 733
567 790
567 808
567 852
567 916
567 920
567 961
567 977
567 992
568 589
568 722
568 809
569 806
569 856
569 971
570 586
570 873
570 882
570 972
571 576
571 642
571 744
571 919
571 932
572 641
572 742
572 779
572 801
572 914
572 956
572 984
573 578
573 621
573 747
574 717
574 792
574 798
574 935
574 988
575 642
575 665
575 773
575 806
575 812
575 887
575 921
575 993
575 1000
576 678
576 719
576 812
576 886
576 936
577 615
577 649
577 685
577 689
577 692
577 795
577 811
577 814
577 869
577 939
577 960
578 579
578 679
578 708
578 749
578 799
578 847
578 930
578 991
579 607
579 615
579 803
579 823
579 979
580 606
580 619
580 808
580 959
581 909
582 735
582 742
582 744
582 863
582 982
583 678
583 687
583 695
583 746
583 771
583 787
583 795
583 860
583 905
583 946
583 952
584 777
584 809
584 917
585 599
585 628
585 673
585 676
585 700
585 930
585 948
585 999
586 664
586 691
586 752
586 827
586 847
587 596
587 666
587 726
587 818
587 914
587 928
588 623
588 631
588 641
588 654
588 691
588 701
588 815
588 904
589 738
589 787
589 790
589 948
589 977
590 662
590 684
590 819
590 846
590 868
591 620
591 674
591 688
591 928
591 937
592 682
592 688
592 695
593 614
593 709
593 930
593 990
594 687
594 694
594 744
594 975
594 990
595 603
595 744
595 794
595 858
595 884
596 653
596 726
596 838
596 941
596 999
597 643
597 716
597 720
597 757
597 818
597 856
597 870
597 884
597 938
597 963
598 697
598 730
598 740
598 792
598 794
598 806
599 730
599 787
599 793
600 665
600 808
600 810
600 811
600 922
601 675
601 785
601 836
601 846
601 857
601 933
601 937
601 941
602 707
602 793
602 828
602 878
602 897
602 900
602 938
602 999
603 640
603 749
603 856
603 889
603 996
604 630
604 695
604 768
604 827
604 857
604 888
604 953
604 979
605 652
605 725
605 811
605 879
605 941
605 944
606 612
606 662
606 697
606 931
607 686
607 706
607 779
607 882
607 913
607 937
608 612
608 659
608 687
608 758
608 803
608 808
609 700
609 776
609 806
609 914
609 937
610 621
610 633
610 651
610 692
610 745
610 960
611 667
611 728
611 748
611 938
611 957
612 661
612 764
612 814
612 877
612 882
612 886
612 922
613 692
613 729
613 834
613 965
614 788
614 797
614 865
614 949
614 991
615 621
615 687
615 827
615 829
615 924
615 994
616 759
616 783
617 726
617 736
617 741
617 957
617 969
617 984
617 989
618 622
618 732
618 735
618 776
618 809
618 862
618 880
618 883
618 924
619 674
619 699
619 929
620 634
620 681
620 734
620 921
620 925
620 932
620 973
620 975
621 624
621 681
621 738
621 764
621 776
621 786
621 801
621 812
621 813
621 993
622 645
622 838
622 945
622 991
623 681
623 688
623 695
623 760
623 868
623 892
624 747
624 865
624 893
625 813
625 887
625 888
626 664
626 669
626 727
626 751
626 847
627 646
627 705
627 835
627 921
628 676
628 692
628 753
628 804
628 806
628 809
628 910
629 636
629 661
629 898
629 946
630 639
630 650
630 677
630 723
630 801
630 959
630 977
631 649
631 751
631 810
631 822
631 875
631 948
632 653
632 676
632 749
632 807
632 880
633 673
633 699
633 845
633 895
633 966
634 773
634 808
634 845
635 686
635 720
635 758
635 935
635 940
635 950
635 955
635 999
636 665
636 739
636 802
636 962
636 999
637 653
637 735
637 743
637 870
637 932
637 976
638 639
638 666
638 679
638 799
638 903
639 710
639 778
639 801
639 868
639 929
639 998
640 713
640 860
640 944
641 681
641 820
641 910
641 931
642 645
642 745
642 800
642 852
642 959
642 974
642 985
644 774
644 842
644 983
645 736
645 765
645 978
646 707
646 875
646 941
646 945
646 953
647 655
647 706
647 724
647 761
647 816
647 880
647 995
648 662
648 692
648 726
648 925
648 972
649 693
649 737
649 776
649 984
650 770
650 830
651 931
651 933
652 731
652 768
652 769
652 817
652 830
652 987
653 681
653 774
653 779
653 855
654 666
654 693
654 698
654 754
654 840
654 981
655 701
655 755
655 764
655 884
655 929
655 970
655 983
655 1000
656 782
656 862
656 907
656 914
656 952
656 990
657 749
657 866
657 883
657 966
658 670
658 699
658 715
658 777
658 871
658 878
658 899
658 971
658 973
659 660
659 882
659 899
659 974
659 993
660 702
660 737
660 897
660 904
661 686
661 693
661 709
661 766
661 799
661 811
661 891
661 902
661 936
663 815
663 983
664 753
665 666
665 899
665 934
666 739
666 752
666 879
666 997
667 682
667 700
667 706
667 836
667 850
667 992
668 683
668 834
668 945
668 981
669 699
670 692
670 702
670 807
670 815
670 897
670 986
671 757
671 774
671 785
671 973
671 990
672 728
672 756
672 859
672 933
673 743
673 1000
674 724
674 740
674 820
674 895
674 997
675 688
675 714
675 922
676 704
676 743
676 837
676 859
676 913
676 916
676 941
676 944
676 983
676 989
677 712
677 780
677 808
677 815
677 860
677 959
677 977
678 685
678 746
678 780
678 783
678 813
678 860
679 727
679 828
680 698
680 699
680 754
680 851
681 699
681 896
682 795
682 804
682 830
682 920
682 926
682 930
683 727
683 758
683 763
683 767
683 978
684 764
684 768
684 845
684 902
684 925
685 782
685 934
686 786
686 900
687 811
687 838
687 847
687 937
687 993
688 739
688 767
688 792
688 917
689 715
689 730
689 809
690 706
690 736
690 784
690 817
691 708
691 723
691 744
691 792
691 836
691 848
691 983
692 807
692 811
692 821
692 858
692 915
692 994
693 755
693 793
693 804
693 964
694 707
694 829
694 944
694 961
695 819
695 935
696 774
697 703
697 735
697 770
697 993
698 744
698 768
698 981
699 943
699 955
699 973
700 733
700 845
700 895
701 713
701 768
701 779
701 809
701 874
701 888
701 957
701 967
702 716
702 743
702 855
702 911
702 935
703 764
703 829
703 849
703 855
703 873
703 905
704 722
704 777
704 847
704 892
705 849
706 732
706 979
707 714
707 791
707 860
707 965
708 805
708 927
708 935
708 971
709 721
709 822
709 888
710 795
710 930
712 724
712 843
712 894
712 922
712 952
713 761
713 805
713 831
713 1000
714 805
714 899
715 725
716 791
716 818
716 819
716 837
716 870
716 878
716 909
716 921
716 972
716 988
717 777
717 885
717 891
717 895
717 935
718 938
718 959
719 894
719 958
719 959
719 983
720 909
720 922
721 789
721 812
721 830
721 921
721 946
722 877
722 939
722 941
722 959
722 983
723 902
723 908
723 927
724 849
725 784
725 826
725 959
725 970
726 793
726 843
726 954
726 998
727 778
727 804
727 817
728 740
728 742
728 808
728 926
728 959
729 996
730 768
730 776
730 777
730 799
730 896
730 900
730 957
730 989
732 901
732 936
732 971
733 750
733 966
734 735
734 849
735 968
736 765
736 770
736 779
736 787
736 798
736 870
736 874
737 820
738 816
738 965
738 983
739 863
739 874
739 985
740 772
740 787
740 906
740 930
741 793
741 875
741 944
741 979
742 913
743 833
743 850
743 879
743 958
743 959
744 841
744 892
744 921
745 812
745 855
745 966
748 862
748 875
748 926
748 978
749 885
749 901
749 933
749 941
750 762
750 900
750 987
751 817
751 836
752 846
752 908
752 977
753 784
753 810
753 812
753 828
753 898
753 981
754 812
754 879
754 883
754 899
754 941
754 975
755 881
756 952
756 957
757 801
757 854
758 845
758 924
758 932
759 760
759 846
759 944
759 968
759 974
760 999
761 772
761 812
761 835
761 914
761 959
761 961
761 986
764 873
764 930
765 812
765 854
765 864
766 906
766 967
766 986
767 973
767 979
767 981
768 837
768 906
769 794
769 801
769 854
769 859
769 874
769 936
769 969
769 991
769 997
770 816
770 818
770 874
770 897
771 817
771 857
771 981
771 1000
772 781
772 891
773 797
773 840
773 841
773 917
774 947
774 950
774 992
775 793
775 816
775 833
775 834
775 925
775 943
776 968
777 828
777 900
777 911
778 788
778 860
778 884
778 906
778 933
779 856
779 896
779 974
781 938
781 940
781 973
782 800
782 923
782 954
782 961
783 813
784 981
785 806
785 819
786 826
786 966
786 981
787 836
787 987
788 845
788 884
788 944
789 805
789 820
789 909
790 871
790 887
790 913
790 929
790 971
792 862
793 821
794 797
794 968
795 924
795 928
796 797
797 843
798 829
798 894
799 820
799 929
799 952
800 861
800 893
800 905
800 912
800 949
800 993
801 883
801 895
803 894
803 906
803 958
803 995
803 998
804 994
805 872
805 878
805 881
805 885
805 935
805 997
806 827
806 846
806 876
806 989
806 991
807 863
807 934
807 936
807 970
807 979
808 862
808 871
808 998
809 903
809 921
809 924
809 943
810 961
811 880
811 953
812 890
812 892
812 927
812 995
813 838
813 966
814 821
814 840
814 868
814 878
815 841
815 866
815 932
816 841
816 895
816 915
816 981
816 987
817 848
818 837
818 839
818 889
819 949
819 991
820 926
820 936
821 844
822 833
822 916
822 960
823 824
824 963
825 910
825 941
826 881
826 917
826 926
826 968
826 975
827 877
827 949
828 857
828 881
828 885
828 923
829 903
829 912
830 853
831 839
832 854
832 863
832 896
833 852
833 859
833 882
833 898
833 940
833 994
834 911
835 878
835 896
836 889
836 905
836 984
836 991
837 939
837 959
838 976
838 995
839 961
839 991
840 896
840 938
840 960
840 971
840 988
841 998
842 857
842 943
842 947
843 898
843 942
843 959
844 916
845 959
846 943
847 849
847 876
847 973
848 884
848 969
849 954
849 955
849 983
851 878
851 916
851 917
851 954
852 893
853 905
854 963
855 913
855 944
855 963
856 875
856 880
856 914
856 974
857 873
857 898
857 916
857 926
858 862
859 915
859 919
859 987
860 920
860 967
861 894
861 910
862 885
862 905
862 970
864 876
864 963
865 884
865 897
865 920
865 926
867 910
867 924
870 891
870 893
870 908
870 952
870 982
871 904
871 912
871 941
872 999
873 897
873 901
875 920
875 949
878 900
879 898
880 904
880 939
881 983
882 895
882 913
882 946
883 946
884 887
884 901
884 934
885 949
887 1000
888 906
888 953
888 991
890 902
891 948
891 967
893 898
893 928
894 927
895 953
895 959
896 904
896 911
896 989
897 919
897 950
897 966
899 984
901 962
902 930
902 974
902 990
903 955
904 974
904 990
905 965
907 916
908 926
908 959
909 964
910 936
910 986
911 995
912 929
913 950
914 977
914 997
916 965
916 987
918 938
918 971
921 940
921 944
921 948
923 995
924 964
925 998
926 992
928 938
933 981
934 936
934 963
935 949
937 974
941 957
941 975
941 978
942 943
943 985
947 966
947 984
947 996
948 981
952 972
952 978
957 990
958 970
958 997
959 998
963 968
967 983
968 989
968 998
969 976
978 996
979 990
983 988
984 989
