1000 6928
1 22
1 59
1 77
1 180
1 355
1 370
1 376
1 451
1 480
1 503
1 589
1 593
1 839
1 872
2 216
2 235
2 373
2 388
2 413
2 415
2 475
2 520
2 643
2 770
2 947
3 39
3 166
3 187
3 245
3 539
3 562
3 600
3 630
3 661
3 786
3 903
3 956
3 972
4 41
4 160
4 161
4 256
4 399
4 445
4 865
4 944
5 53
5 58
5 353
5 479
5 516
5 530
5 568
5 828
5 926
5 935
5 965
6 62
6 154
6 158
6 197
6 233
6 268
6 369
6 401
6 462
6 536
6 639
6 656
6 786
6 788
6 894
6 963
6 982
6 992
7 183
7 243
7 254
7 395
7 413
7 538
7 580
7 609
7 741
7 767
7 853
7 974
7 997
8 30
8 231
8 239
8 336
8 364
8 619
8 664
8 713
8 736
8 855
8 906
8 932
8 950
9 43
9 98
9 118
9 120
9 121
9 200
9 396
9 428
9 464
9 541
9 557
9 609
9 644
9 753
9 854
9 910
10 65
10 243
10 417
10 551
10 567
10 648
10 698
10 727
10 815
10 859
11 26
11 36
11 165
11 192
11 283
11 299
11 362
11 454
11 479
11 533
11 583
11 633
11 789
11 850
11 898
11 925
12 73
12 99
12 135
12 202
12 260
12 301
12 304
12 316
12 331
12 478
12 579
12 645
12 688
12 712
12 879
12 884
12 910
12 946
12 996
13 47
13 79
13 131
13 303
13 326
13 333
13 390
13 399
13 409
13 570
13 666
13 695
14 69
14 93
14 167
14 213
14 233
14 277
14 297
14 299
14 463
14 583
14 605
14 863
14 945
14 974
15 41
15 61
15 149
15 213
15 275
15 403
15 450
15 667
15 801
15 844
15 866
15 947
16 185
16 207
16 284
16 335
16 338
16 340
16 349
16 373
16 444
16 613
16 637
16 665
16 678
16 701
16 742
16 825
16 842
16 935
16 937
17 22
17 31
17 34
17 70
17 86
17 142
17 169
17 331
17 346
17 394
17 443
17 578
17 625
17 631
17 634
17 651
18 96
18 101
18 142
18 273
18 312
18 313
18 410
18 558
18 583
18 591
18 629
18 735
18 794
18 861
18 973
19 69
19 79
19 130
19 166
19 171
19 179
19 194
19 319
19 469
19 475
19 520
19 527
19 626
19 684
19 743
19 765
19 827
19 889
19 997
20 231
20 358
20 526
20 648
20 790
20 884
21 52
21 98
21 266
21 374
21 675
21 685
21 882
22 134
22 137
22 167
22 188
22 216
22 222
22 256
22 326
22 349
22 453
22 571
22 583
22 673
22 842
22 945
22 953
23 337
23 343
23 412
23 505
23 532
23 539
23 559
23 578
23 853
23 905
23 967
24 108
24 128
24 171
24 194
24 312
24 484
24 526
24 621
24 676
25 72
25 168
25 286
25 364
25 398
25 627
25 631
25 687
25 767
25 886
25 893
25 982
26 53
26 109
26 243
26 573
26 717
26 781
26 806
26 863
26 987
27 28
27 113
27 114
27 210
27 237
27 274
27 281
27 308
27 343
27 364
27 392
27 437
27 472
27 621
27 668
28 107
28 128
28 150
28 163
28 412
28 431
28 562
28 691
28 832
29 36
29 85
29 106
29 129
29 208
29 279
29 304
29 386
29 388
29 448
29 520
29 587
29 601
29 606
29 806
29 816
30 132
30 346
30 460
30 660
30 685
30 782
30 792
30 888
30 916
31 90
31 186
31 255
31 301
31 468
31 485
31 597
31 635
31 666
31 709
31 710
31 768
31 806
31 812
31 1000
32 63
32 169
32 170
32 290
32 294
32 338
32 479
32 497
32 527
32 648
32 675
32 807
32 925
33 74
33 94
33 424
33 435
33 626
33 879
33 908
34 48
34 81
34 113
34 155
34 157
34 168
34 490
34 567
34 853
35 301
35 452
35 520
35 570
35 617
35 623
35 740
35 911
35 919
35 982
36 56
36 61
36 77
36 291
36 515
36 651
36 657
36 676
36 699
36 708
36 862
36 886
36 1000
37 124
37 142
37 175
37 244
37 314
37 513
37 628
37 727
37 947
38 125
38 189
38 200
38 322
38 346
38 387
38 420
38 497
38 516
38 560
38 655
38 664
39 95
39 152
39 178
39 355
39 679
39 767
39 879
39 901
39 993
40 82
40 136
40 138
40 140
40 223
40 249
40 349
40 725
40 738
40 772
40 823
41 90
41 143
41 218
41 293
41 321
41 328
41 374
41 422
41 439
41 484
41 519
41 523
41 558
41 569
41 688
41 754
41 820
41 913
42 170
42 315
42 420
42 429
42 517
42 583
42 618
42 620
42 622
42 625
42 751
42 754
42 951
42 995
43 193
43 220
43 283
43 326
43 508
43 616
43 650
43 675
43 894
43 911
43 979
44 74
44 141
44 181
44 312
44 327
44 416
44 516
44 560
44 582
44 622
44 790
44 794
44 818
44 840
44 841
44 896
44 908
44 942
44 949
45 67
45 108
45 112
45 170
45 199
45 225
45 229
45 230
45 263
45 400
45 692
45 864
45 873
46 90
46 105
46 111
46 115
46 134
46 148
46 181
46 197
46 247
46 317
46 398
46 423
46 441
46 521
46 525
46 597
46 748
46 815
47 67
47 182
47 199
47 205
47 353
47 355
47 397
47 465
47 470
47 653
47 785
47 881
48 99
48 177
48 195
48 376
48 609
48 611
48 663
48 717
48 957
49 77
49 209
49 404
49 482
49 535
49 550
49 609
49 707
49 742
49 811
50 120
50 192
50 208
50 418
50 545
50 592
50 623
50 624
50 882
50 898
50 900
50 981
51 75
51 212
51 221
51 238
51 265
51 398
51 491
51 603
51 604
51 621
51 745
51 751
51 856
51 879
52 175
52 396
52 399
52 521
52 572
52 614
52 626
52 651
52 867
52 915
53 261
53 434
53 459
53 490
53 542
53 714
53 781
53 814
53 829
53 846
53 920
53 961
54 110
54 160
54 191
54 366
54 371
54 405
54 478
54 504
54 561
54 581
54 636
54 638
54 752
54 774
54 811
54 872
54 941
54 962
55 108
55 164
55 263
55 320
55 336
55 399
55 510
55 731
55 733
55 775
55 819
55 999
56 59
56 184
56 206
56 411
56 590
56 659
56 760
56 785
56 791
56 892
57 62
57 110
57 229
57 317
57 467
57 493
57 588
57 693
57 789
57 807
57 816
57 920
57 939
57 971
58 132
58 246
58 293
58 354
58 572
58 687
58 863
58 895
59 74
59 77
59 115
59 138
59 179
59 301
59 391
59 413
59 619
59 637
59 715
59 761
59 863
59 966
60 87
60 117
60 140
60 207
60 231
60 315
60 375
60 489
60 599
60 689
60 820
60 825
60 839
60 853
60 909
60 914
60 958
61 137
61 261
61 600
61 632
61 685
61 728
61 801
61 843
62 73
62 84
62 93
62 214
62 363
62 459
62 482
62 558
62 584
62 737
62 753
62 758
62 781
62 797
62 864
62 896
62 932
62 1000
63 93
63 211
63 282
63 315
63 348
63 471
63 493
63 640
63 714
63 725
63 746
63 766
63 836
63 839
63 887
63 937
63 995
64 77
64 149
64 173
64 215
64 262
64 289
64 381
64 495
64 610
64 628
64 707
64 731
64 742
64 765
64 913
64 956
64 970
65 162
65 180
65 204
65 212
65 213
65 287
65 529
65 671
65 742
65 765
65 808
65 902
65 993
66 88
66 166
66 271
66 663
66 735
66 794
66 963
67 158
67 463
67 486
67 671
67 746
67 980
68 236
68 411
68 425
68 536
68 578
68 641
68 683
68 727
68 775
68 788
68 829
68 924
69 232
69 307
69 350
69 391
69 407
69 456
69 525
69 713
69 762
69 906
69 957
69 958
70 77
70 84
70 216
70 241
70 317
70 359
70 412
70 422
70 439
70 456
70 474
70 476
70 534
70 538
70 576
70 580
70 604
70 660
70 740
70 756
70 858
70 913
71 413
71 476
71 684
71 778
71 968
71 969
72 170
72 262
72 326
72 345
72 424
72 460
72 516
72 592
72 603
72 635
72 640
72 642
72 846
72 911
73 164
73 201
73 253
73 263
73 290
73 363
73 504
73 522
73 719
73 792
73 843
73 872
73 965
74 75
74 232
74 530
74 568
74 629
74 678
74 704
74 807
74 896
74 962
75 88
75 197
75 310
75 324
75 328
75 335
75 485
75 526
75 673
75 684
75 706
75 786
75 798
75 810
75 914
75 921
75 928
75 941
75 980
76 153
76 193
76 230
76 291
76 313
76 325
76 342
76 352
76 375
76 428
76 453
76 497
76 507
76 513
76 619
76 644
76 660
76 762
76 979
77 79
77 275
77 375
77 573
77 613
77 645
77 664
77 724
77 803
77 852
77 857
77 898
77 953
77 992
78 106
78 158
78 273
78 409
78 445
78 453
78 457
78 470
78 763
78 924
78 993
79 102
79 159
79 193
79 243
79 251
79 393
79 415
79 530
79 708
79 709
79 719
79 788
79 831
79 961
80 104
80 115
80 134
80 358
80 511
80 559
80 567
81 105
81 144
81 171
81 222
81 248
81 311
81 487
81 507
81 582
81 592
81 700
81 735
81 876
81 887
81 892
81 909
81 976
81 978
82 231
82 243
82 249
82 366
82 469
82 479
82 565
82 609
82 717
82 727
82 791
82 846
82 865
82 885
82 894
83 105
83 122
83 174
83 285
83 407
83 503
83 600
83 643
83 710
83 805
83 815
83 817
83 823
83 826
83 828
83 880
83 887
83 924
83 962
83 986
84 110
84 218
84 342
84 409
84 444
84 482
84 592
84 735
84 774
84 1000
85 492
85 758
85 877
85 879
85 924
85 996
86 91
86 420
86 563
86 631
86 677
86 747
86 800
86 878
86 967
86 987
87 111
87 127
87 277
87 312
87 325
87 365
87 600
87 680
87 751
87 755
87 768
87 805
87 893
87 951
88 106
88 288
88 355
88 465
88 547
88 584
88 616
88 624
88 659
88 691
88 787
88 809
89 173
89 174
89 180
89 200
89 296
89 298
89 299
89 493
89 572
89 877
89 896
89 1000
90 253
90 342
90 376
90 437
90 519
90 536
90 636
90 686
90 768
90 906
91 118
91 157
91 236
91 244
91 282
91 319
91 394
91 536
91 573
91 626
91 632
91 790
91 866
91 910
91 937
91 955
92 93
92 192
92 221
92 310
92 322
92 350
92 392
92 431
92 483
92 595
92 603
92 751
92 768
92 853
93 174
93 210
93 403
93 443
93 463
93 472
93 628
93 648
93 668
93 695
93 714
93 806
93 811
93 829
93 859
93 866
93 870
93 887
93 893
93 908
94 147
94 280
94 331
94 525
94 757
94 872
94 918
94 947
95 127
95 227
95 266
95 424
95 438
95 641
95 773
95 813
95 861
95 921
95 976
96 106
96 367
96 392
96 586
96 630
96 799
96 803
96 833
96 857
96 938
96 990
97 236
97 325
97 341
97 400
97 408
97 485
97 582
97 605
97 651
97 697
97 796
97 868
97 954
97 975
98 165
98 247
98 269
98 295
98 358
98 363
98 455
98 503
98 538
98 591
98 731
98 834
98 846
98 916
98 922
98 943
98 966
99 263
99 319
99 543
99 875
99 908
99 959
100 130
100 151
100 256
100 329
100 355
100 465
100 472
100 495
100 515
100 862
100 930
101 197
101 331
101 347
101 513
101 688
101 790
101 811
101 856
102 141
102 160
102 215
102 218
102 405
102 473
102 482
102 702
102 784
102 877
103 304
103 316
103 329
103 399
103 560
103 576
103 581
103 602
103 639
103 708
103 722
103 738
103 783
103 811
103 822
104 268
104 579
104 583
104 606
104 660
104 720
104 739
104 761
104 788
104 849
104 904
104 926
104 972
105 167
105 273
105 362
105 412
105 486
105 498
105 621
105 625
105 655
105 672
105 910
105 912
105 944
105 963
106 122
106 164
106 246
106 264
106 285
106 315
106 373
106 414
106 643
106 658
106 767
106 817
107 117
107 139
107 289
107 321
107 439
107 484
107 596
107 614
107 633
107 787
107 803
107 831
107 950
107 972
108 184
108 247
108 288
108 355
108 387
108 463
108 481
108 574
108 641
108 806
108 815
108 874
108 906
108 924
108 985
109 123
109 128
109 132
109 222
109 230
109 279
109 299
109 336
109 508
109 707
109 735
109 778
109 859
109 916
109 943
109 961
109 976
109 992
110 155
110 200
110 380
110 389
110 525
110 550
110 648
110 711
110 733
110 753
110 768
110 772
110 868
110 888
111 291
111 318
111 339
111 453
111 499
111 536
111 555
111 587
111 596
111 658
111 746
111 980
112 281
112 490
112 503
112 526
112 773
112 780
112 810
112 917
112 970
113 128
113 197
113 230
113 420
113 455
113 457
113 542
113 697
113 704
113 723
113 890
113 966
114 180
114 293
114 376
114 379
114 432
114 445
114 549
114 647
114 659
114 694
114 718
114 828
114 862
114 947
114 965
115 193
115 393
115 434
115 536
115 599
115 646
115 673
115 748
115 764
115 809
115 911
116 543
116 552
116 571
116 605
116 704
116 712
116 815
116 833
116 856
117 152
117 231
117 290
117 295
117 331
117 439
117 483
117 515
117 530
117 594
117 646
117 706
117 720
117 737
117 762
117 772
117 782
117 808
118 127
118 178
118 232
118 263
118 312
118 328
118 360
118 394
118 452
118 453
118 504
118 529
118 703
118 864
119 162
119 357
119 515
119 517
119 655
119 700
119 807
119 924
119 935
119 996
120 128
120 223
120 283
120 329
120 360
120 397
120 481
120 513
120 535
120 602
120 676
120 720
120 728
120 801
120 819
120 828
120 862
120 947
120 994
121 213
121 237
121 342
121 466
121 570
121 579
121 894
121 950
121 957
121 988
122 189
122 195
122 207
122 212
122 436
122 475
122 575
122 735
122 738
122 815
122 842
122 988
123 124
123 361
123 629
123 686
123 691
123 724
123 791
123 867
123 894
123 937
123 951
123 981
124 201
124 214
124 279
124 329
124 334
124 337
124 489
124 530
124 628
124 643
124 668
124 713
124 744
124 765
124 816
124 916
125 137
125 190
125 196
125 214
125 254
125 498
125 535
125 544
125 576
125 599
125 646
125 666
125 705
125 742
125 749
125 808
125 822
125 893
125 924
126 145
126 256
126 383
126 494
126 616
126 716
126 799
126 813
126 836
126 854
127 221
127 223
127 225
127 263
127 383
127 524
127 624
127 643
127 678
128 221
128 279
128 368
128 398
128 401
128 405
128 431
128 558
128 577
128 667
128 692
128 761
128 808
128 882
128 978
128 997
129 137
129 185
129 204
129 215
129 229
129 267
129 313
129 317
129 387
129 393
129 576
129 728
129 772
129 821
129 828
129 864
129 869
129 917
129 970
129 999
130 147
130 321
130 639
130 686
130 937
130 990
131 464
131 495
131 526
131 611
131 624
131 712
131 740
131 868
131 955
131 959
132 178
132 326
132 381
132 442
132 447
132 548
132 798
132 840
132 856
132 899
133 145
133 335
133 353
133 610
133 830
133 840
133 881
133 977
134 188
134 374
134 393
134 438
134 644
134 676
134 723
134 789
134 793
134 794
134 815
134 839
134 862
134 927
135 185
135 297
135 314
135 323
135 431
135 432
135 518
135 647
135 727
135 754
135 796
135 817
135 855
135 859
135 993
136 254
136 287
136 461
136 575
136 625
136 643
136 811
136 818
136 819
136 933
137 482
137 511
137 767
137 916
137 939
137 995
138 281
138 320
138 476
138 681
138 768
138 941
138 994
139 183
139 360
139 365
139 450
139 496
139 520
139 563
139 705
139 882
139 985
140 177
140 196
140 218
140 319
140 429
140 435
140 496
140 624
140 749
140 943
140 949
141 181
141 277
141 393
141 573
141 681
141 835
141 859
141 863
141 961
142 185
142 198
142 278
142 318
142 384
142 425
142 445
142 458
142 600
142 666
142 669
142 704
142 884
142 920
143 173
143 439
143 444
143 463
143 481
143 598
143 622
143 677
143 704
143 852
143 937
143 955
143 971
144 149
144 268
144 373
144 425
144 448
144 498
144 517
144 615
144 697
144 787
144 808
144 809
144 851
144 889
144 947
145 418
145 535
145 542
145 550
145 581
145 671
145 738
145 749
145 803
145 816
145 976
146 190
146 258
146 281
146 499
146 555
146 562
146 578
146 759
146 771
146 940
147 371
147 372
147 385
147 444
147 469
147 591
147 603
147 621
147 647
147 744
147 821
147 840
147 846
147 849
147 892
147 894
147 987
148 158
148 425
148 485
148 573
148 688
148 708
148 854
149 275
149 315
149 403
149 509
149 633
149 690
149 730
149 840
149 845
149 955
149 973
150 160
150 169
150 218
150 256
150 314
150 316
150 352
150 416
150 436
150 570
150 588
150 665
150 696
150 701
150 765
150 916
150 958
150 1000
151 152
151 258
151 315
151 386
151 533
151 537
151 548
151 650
151 671
151 851
151 956
152 192
152 307
152 321
152 371
152 424
152 588
152 732
152 896
152 910
153 170
153 223
153 253
153 263
153 424
153 588
153 728
153 772
153 789
153 886
153 892
153 909
154 168
154 231
154 363
154 411
154 534
154 808
154 822
154 928
154 929
154 930
155 166
155 206
155 257
155 417
155 435
155 487
155 518
155 535
155 565
155 566
155 580
155 633
155 746
155 764
155 779
155 782
155 884
155 944
155 965
155 999
156 167
156 300
156 303
156 310
156 490
156 517
156 556
156 567
156 637
156 757
156 945
157 182
157 301
157 342
157 343
157 350
157 351
157 369
157 397
157 405
157 471
157 510
157 560
157 655
157 752
157 838
157 873
157 915
158 353
158 481
158 717
158 774
158 812
158 826
158 846
158 863
158 905
158 983
159 284
159 314
159 330
159 355
159 446
159 492
159 508
159 620
159 626
159 694
159 719
159 721
159 763
159 783
159 817
159 880
159 976
160 372
160 403
160 483
160 485
160 562
160 578
160 580
160 591
160 612
160 761
160 789
160 824
160 882
160 990
160 991
161 296
161 303
161 394
161 436
161 466
161 513
161 559
161 823
161 847
161 968
161 984
162 179
162 224
162 296
162 431
162 460
162 464
162 521
162 623
162 639
162 953
163 225
163 278
163 279
163 285
163 311
163 312
163 322
163 400
163 506
163 653
163 655
163 757
163 815
163 906
164 180
164 238
164 272
164 307
164 598
164 623
164 738
164 749
164 791
165 247
165 316
165 574
165 813
165 851
165 880
165 918
165 946
165 952
165 992
166 247
166 255
166 271
166 291
166 293
166 343
166 362
166 599
166 616
166 847
166 871
166 912
166 929
166 940
167 231
167 274
167 287
167 380
167 411
167 430
167 537
167 592
167 622
167 713
167 824
167 909
168 321
168 344
168 350
168 351
168 360
168 626
168 676
168 802
168 806
168 959
169 246
169 410
169 492
169 550
169 611
169 755
169 902
169 910
169 959
170 174
170 269
170 324
170 350
170 367
170 415
170 423
170 815
170 823
170 930
170 979
171 215
171 233
171 293
171 353
171 388
171 541
171 677
171 940
172 195
172 267
172 275
172 388
172 435
172 477
172 508
172 572
172 668
172 808
172 834
172 904
172 972
173 210
173 307
173 405
173 440
173 477
173 703
173 712
173 715
173 760
173 807
173 810
173 844
174 199
174 290
174 378
174 407
174 643
174 648
174 655
174 758
174 773
174 924
174 986
175 285
175 293
175 381
175 391
175 543
175 571
175 580
175 718
175 833
175 956
176 191
176 193
176 220
176 237
176 306
176 520
176 585
176 682
176 696
176 800
176 860
176 882
176 896
176 973
176 976
177 193
177 208
177 288
177 317
177 421
177 515
177 541
177 652
177 694
177 772
177 842
177 853
177 937
177 965
178 261
178 262
178 315
178 368
178 369
178 525
178 547
178 613
178 636
178 711
178 748
178 957
178 960
179 185
179 326
179 346
179 438
179 648
179 766
179 849
180 240
180 454
180 466
180 557
180 645
180 684
180 734
180 774
180 792
180 800
180 820
180 872
181 307
181 384
181 546
181 638
181 694
181 806
181 905
182 273
182 280
182 283
182 390
182 606
182 851
182 952
183 223
183 264
183 440
183 506
183 602
183 606
183 614
183 669
183 795
183 830
184 326
184 366
184 434
184 451
184 515
184 566
184 767
185 194
185 267
185 273
185 356
185 368
185 394
185 490
185 530
185 548
185 619
185 732
185 784
185 872
185 891
185 956
185 997
186 361
186 366
186 392
186 396
186 425
186 535
186 560
186 603
186 668
186 744
186 753
186 807
186 820
186 837
186 884
187 223
187 229
187 300
187 386
187 392
187 423
187 430
187 531
187 652
187 723
187 970
188 264
188 698
188 767
188 830
188 891
188 988
189 221
189 258
189 358
189 385
189 391
189 394
189 486
189 551
189 589
189 596
189 605
189 773
189 923
189 942
189 964
189 971
190 283
190 419
190 459
190 721
190 750
190 805
190 822
190 879
190 921
191 243
191 278
191 335
191 348
191 464
191 518
191 607
191 769
191 837
191 951
192 284
192 442
192 459
192 473
192 525
192 684
192 752
192 762
192 848
192 888
192 980
192 981
193 247
193 307
193 321
193 513
193 532
193 760
193 834
193 864
193 935
193 995
193 999
194 254
194 265
194 291
194 300
194 304
194 309
194 314
194 345
194 408
194 426
194 437
194 546
194 614
194 657
194 744
194 867
194 972
195 424
195 501
195 543
195 630
195 758
195 809
195 880
195 946
196 269
196 687
196 958
197 254
197 264
197 442
197 509
197 536
197 584
197 612
197 614
197 740
197 898
197 923
198 391
198 676
198 808
198 892
198 964
199 344
199 366
199 517
199 520
199 595
199 614
199 711
199 754
199 800
199 832
199 847
199 878
200 204
200 206
200 253
200 322
200 504
200 563
200 844
200 889
200 918
200 964
201 213
201 215
201 280
201 282
201 419
201 452
201 480
201 521
201 557
201 587
201 599
201 603
201 605
201 617
201 701
201 746
201 755
201 783
201 829
201 874
201 907
201 961
201 1000
202 233
202 283
202 307
202 343
202 465
202 474
202 542
202 626
202 633
202 657
202 702
202 719
202 836
202 854
202 870
202 929
202 965
203 234
203 409
203 485
203 500
203 541
203 545
203 571
203 626
203 693
203 807
203 881
203 901
204 221
204 292
204 362
204 578
204 583
204 588
204 656
204 740
204 866
204 874
204 910
204 940
205 247
205 251
205 260
205 380
205 398
205 419
205 635
205 756
205 787
205 808
205 818
206 248
206 389
206 460
206 525
206 575
206 634
206 701
206 859
206 899
207 245
207 262
207 291
207 297
207 413
207 516
207 572
207 637
207 659
207 710
207 727
207 744
208 223
208 455
208 472
208 486
208 533
208 559
208 630
208 677
208 702
208 737
208 903
209 211
209 248
209 311
209 384
209 423
209 475
209 641
209 725
209 794
209 889
209 988
210 279
210 352
210 365
210 459
210 601
210 668
210 695
210 709
210 889
210 893
210 969
210 974
211 493
211 660
211 694
211 955
211 967
211 980
211 983
212 351
212 427
212 454
212 522
212 620
212 627
212 653
212 680
212 685
212 737
212 755
212 791
212 838
212 888
212 912
213 237
213 396
213 447
213 529
213 611
213 752
213 991
214 285
214 451
214 461
214 629
214 715
214 717
214 723
214 733
214 761
214 824
214 897
214 908
214 927
215 348
215 511
215 555
215 576
215 675
215 689
215 807
215 991
216 272
216 309
216 352
216 354
216 377
216 507
216 531
216 547
216 563
216 645
216 653
216 670
216 772
216 824
216 869
217 255
217 307
217 318
217 327
217 354
217 372
217 424
217 452
217 484
217 575
217 597
217 786
217 817
217 848
217 970
217 978
218 397
218 472
218 489
218 703
218 721
218 820
218 876
218 943
219 325
219 366
219 385
219 423
219 628
219 661
219 733
219 745
219 781
220 498
220 539
220 601
220 643
220 695
220 789
220 831
220 942
220 983
221 229
221 250
221 324
221 414
221 417
221 641
221 726
221 778
221 791
221 832
221 993
222 411
222 548
222 587
222 612
222 649
222 672
222 762
222 819
222 983
223 238
223 244
223 293
223 309
223 364
223 437
223 528
223 538
223 619
223 871
223 872
223 970
224 399
224 461
224 584
224 639
224 676
224 717
224 773
224 799
224 892
224 969
225 289
225 615
225 660
225 670
225 691
225 693
225 840
225 885
225 937
225 973
226 233
226 251
226 257
226 309
226 338
226 367
226 472
226 710
226 748
226 795
227 267
227 310
227 315
227 340
227 398
227 477
227 522
227 635
227 643
227 701
227 712
227 734
227 735
227 822
228 297
228 310
228 343
228 507
228 668
228 675
228 694
228 747
228 784
228 863
228 928
228 941
228 963
229 253
229 394
229 418
229 477
229 520
229 643
229 712
229 867
229 953
229 977
229 983
230 264
230 285
230 297
230 312
230 352
230 354
230 428
230 468
230 513
230 613
230 628
230 718
230 819
230 830
230 891
230 923
230 942
231 324
231 342
231 373
231 426
231 427
231 447
231 464
231 626
231 746
231 762
231 788
231 792
231 795
231 925
232 285
232 321
232 379
232 381
232 456
232 505
232 593
232 647
232 778
232 863
232 895
233 240
233 440
233 546
233 614
233 616
233 716
233 750
233 835
234 272
234 324
234 541
234 737
234 787
234 884
234 906
234 913
234 980
235 253
235 278
235 370
235 424
235 430
235 466
235 509
235 523
235 618
235 621
235 687
235 788
235 945
235 949
235 971
235 973
236 287
236 377
236 528
236 594
236 649
236 664
236 675
236 706
236 739
236 778
236 853
236 984
237 380
237 396
237 415
237 428
237 475
237 579
237 581
237 591
237 686
237 729
237 741
237 923
238 264
238 297
238 437
238 450
238 480
238 554
238 566
238 866
238 876
238 893
239 314
239 417
239 509
239 626
239 634
239 651
239 670
239 708
239 709
239 737
239 759
239 804
239 818
239 943
240 305
240 311
240 346
240 437
240 484
240 513
240 529
240 610
240 701
240 785
240 799
240 813
240 894
240 910
240 958
241 327
241 394
241 462
241 551
241 557
241 705
241 707
241 756
241 913
241 967
242 298
242 305
242 343
242 360
242 376
242 525
242 605
242 902
242 906
242 971
243 270
243 306
243 408
243 466
243 482
243 486
243 494
243 501
243 602
243 744
243 814
243 830
243 960
243 980
243 994
244 322
244 324
244 360
244 429
244 474
244 606
244 640
244 661
244 694
244 950
244 980
245 817
245 818
245 823
245 970
245 978
246 276
246 327
246 353
246 448
246 470
246 684
246 965
246 977
247 288
247 333
247 536
247 555
247 591
247 604
247 634
247 779
247 804
247 850
247 965
248 258
248 334
248 350
248 421
248 663
249 251
249 275
249 359
249 400
249 451
249 479
249 486
249 565
249 601
249 605
249 708
249 813
249 880
249 884
249 897
249 942
249 985
250 379
250 537
250 779
250 804
250 930
250 935
250 958
250 981
251 468
251 526
251 604
251 708
251 956
251 988
251 992
252 303
252 341
252 445
252 507
252 617
252 666
252 700
252 851
252 893
252 985
253 390
253 393
253 471
253 532
253 565
253 582
253 647
253 699
253 905
253 951
254 433
254 698
254 804
254 856
255 306
255 316
255 370
255 390
255 484
255 573
255 600
255 620
255 635
255 695
255 714
255 718
255 721
255 747
255 812
255 832
255 938
256 413
256 437
256 458
256 466
256 499
256 534
256 574
256 860
256 862
257 276
257 280
257 298
257 336
257 359
257 432
257 777
257 782
257 859
257 899
257 915
257 936
257 972
258 496
258 500
258 549
258 594
258 740
258 951
258 969
259 412
259 449
259 476
259 536
259 607
259 662
259 664
259 694
259 808
259 848
259 883
259 963
260 345
260 413
260 479
260 489
260 647
260 900
260 925
260 1000
261 316
261 341
261 531
261 560
261 590
261 650
261 678
261 817
261 934
262 623
262 670
262 704
262 762
262 971
262 973
262 978
263 372
263 567
263 610
263 761
263 814
263 852
263 889
264 594
264 784
264 794
264 850
264 892
264 968
264 978
265 315
265 510
265 521
265 595
265 610
265 666
265 875
265 886
265 911
266 306
266 454
266 538
266 694
266 744
266 786
266 823
266 825
266 884
266 904
266 953
267 324
267 452
267 474
267 531
267 641
267 670
267 719
267 742
267 851
267 877
267 912
267 941
267 988
268 412
268 467
268 799
268 820
268 891
268 918
268 974
268 975
269 357
269 375
269 397
269 406
269 453
269 503
269 509
269 616
269 707
269 743
269 772
269 792
269 820
269 940
270 287
270 291
270 337
270 515
270 529
270 598
270 638
270 668
270 922
270 979
271 280
271 305
271 343
271 359
271 389
271 415
271 468
271 588
271 637
271 757
271 891
272 305
272 323
272 368
272 373
272 414
272 444
272 533
272 634
272 744
272 748
272 795
272 802
273 292
273 304
273 373
273 677
273 692
273 756
273 786
273 800
273 927
273 986
273 989
274 447
274 541
274 557
274 628
274 636
274 835
275 310
275 342
275 576
275 592
275 747
275 777
275 841
275 894
275 959
275 971
276 320
276 340
276 381
276 432
276 454
276 521
276 588
276 704
276 775
276 790
276 832
276 956
277 347
277 423
277 552
277 652
277 687
277 776
277 795
277 833
278 328
278 376
278 412
278 416
278 505
278 552
278 737
278 826
278 978
278 984
278 991
279 425
279 730
279 819
279 851
279 895
279 971
280 344
280 484
280 819
280 850
280 885
280 936
280 945
280 950
281 286
281 369
281 526
281 610
281 633
281 883
282 287
282 371
282 377
282 407
282 419
282 485
282 562
282 619
282 642
282 666
282 670
282 699
282 730
282 839
282 849
282 902
282 948
283 331
283 393
283 428
283 495
283 558
283 641
283 646
283 783
283 784
283 943
284 386
284 412
284 548
284 549
284 571
284 587
284 625
284 648
284 681
284 840
285 379
285 484
285 632
285 700
285 743
285 756
285 811
285 898
285 930
285 938
285 941
285 954
285 985
286 288
286 297
286 302
286 509
286 513
286 529
286 555
286 578
286 690
286 713
286 738
286 807
286 845
286 945
286 951
286 957
286 996
287 288
287 327
287 340
287 348
287 559
287 669
287 716
287 862
288 304
288 399
288 673
288 841
288 972
288 974
289 541
289 543
289 573
289 697
289 735
289 778
289 809
289 815
289 865
289 910
289 926
289 939
289 988
290 426
290 429
290 528
290 577
290 681
290 785
290 791
290 836
290 947
291 368
291 370
291 537
291 623
291 625
291 668
291 775
291 961
291 965
291 977
292 548
292 588
292 643
292 833
292 857
292 878
293 354
293 388
293 492
293 549
293 681
293 686
293 694
293 724
293 807
293 844
293 906
294 437
294 517
294 526
294 528
294 655
294 723
294 801
294 838
295 316
295 326
295 367
295 470
295 514
295 669
295 750
295 849
295 911
295 983
296 364
296 413
296 418
296 455
296 598
296 639
296 814
296 879
296 889
296 991
297 299
297 307
297 325
297 328
297 510
297 517
297 554
297 661
297 742
297 750
297 791
297 792
298 300
298 313
298 352
298 493
298 550
298 601
298 641
298 662
298 686
298 700
298 713
298 761
298 784
298 802
298 820
298 916
298 957
299 394
299 401
299 419
299 445
299 469
299 536
299 550
299 757
299 810
299 982
300 486
300 504
300 593
300 595
300 637
300 717
300 768
300 889
300 908
300 917
300 919
300 925
300 953
300 971
300 980
301 411
301 424
301 702
301 703
301 706
301 744
301 816
301 817
302 307
302 441
302 512
302 548
302 566
302 576
302 599
302 600
302 662
302 670
302 930
302 946
303 381
303 405
303 422
303 542
303 587
303 739
303 746
303 762
303 904
303 980
304 330
304 372
304 439
304 517
304 597
304 623
304 774
304 784
304 794
304 943
305 361
305 369
305 385
305 416
305 608
305 632
305 815
305 896
306 317
306 355
306 383
306 399
306 616
306 701
306 804
307 374
307 495
307 503
307 555
307 641
307 659
307 689
307 690
307 724
307 859
308 403
308 541
308 609
308 674
308 760
308 847
308 900
308 987
309 329
309 405
309 445
309 449
309 540
309 541
309 666
309 709
309 722
309 737
310 324
310 341
310 503
310 561
310 578
310 669
310 732
310 741
310 836
310 840
310 845
310 849
310 857
310 919
310 975
311 325
311 348
311 407
311 511
311 573
311 587
311 655
311 756
311 792
311 908
311 918
311 979
312 347
312 404
312 481
312 487
312 581
313 561
313 605
313 670
313 672
313 690
313 834
313 919
314 411
314 439
314 582
314 671
314 947
315 559
315 668
315 861
315 866
315 877
315 900
315 906
315 963
316 397
316 400
316 403
316 422
316 459
316 499
316 566
316 619
316 653
316 800
316 917
317 333
317 393
317 615
317 874
317 916
318 331
318 390
318 392
318 525
318 792
318 882
318 937
319 321
319 360
319 448
319 500
319 565
319 580
319 637
319 643
319 660
319 707
319 782
319 826
319 900
319 934
319 979
320 389
320 529
320 599
320 610
320 761
320 797
320 978
321 379
321 409
321 437
321 470
321 471
321 512
321 516
321 614
321 801
321 818
321 931
321 990
322 368
322 434
322 467
322 483
322 550
322 772
322 824
322 954
322 958
322 974
322 991
323 335
323 382
323 401
323 414
323 566
323 583
323 633
323 711
323 754
323 760
323 828
323 837
323 878
323 883
323 885
324 344
324 397
324 455
324 476
324 595
324 622
324 669
324 836
324 912
324 940
324 943
325 350
325 531
325 538
325 577
325 678
325 689
325 721
325 725
325 825
325 839
325 874
325 934
326 413
326 421
326 475
326 488
326 680
326 809
326 865
327 490
327 523
327 536
327 632
327 742
327 760
327 803
327 846
327 897
328 483
328 505
328 536
328 540
328 554
328 567
328 684
328 730
328 828
328 855
329 331
329 459
329 564
329 627
329 658
329 680
329 685
330 364
330 515
330 633
330 673
330 687
330 752
330 833
330 930
330 945
330 996
331 398
331 413
331 443
331 469
331 472
331 590
331 672
331 720
331 771
331 894
331 1000
332 344
332 481
332 485
332 497
332 633
332 670
332 698
332 706
332 891
332 896
332 916
332 918
332 963
333 334
333 339
333 380
333 416
333 589
333 726
333 778
333 790
334 462
334 530
334 637
334 681
334 753
334 765
334 838
334 863
334 901
334 916
334 969
334 971
335 435
335 518
335 521
335 573
335 625
335 648
335 678
335 991
336 409
336 481
336 600
336 619
336 674
336 705
336 709
336 759
336 856
336 893
336 945
336 967
337 348
337 408
337 489
337 638
337 649
337 686
337 730
337 817
337 876
337 895
337 994
338 404
338 523
338 534
338 774
338 815
338 817
338 819
338 910
338 986
339 488
339 543
339 557
339 645
339 807
340 387
340 407
340 413
340 607
340 611
340 686
340 761
340 814
340 868
340 893
340 899
341 393
341 494
341 507
341 529
341 765
341 786
341 933
341 960
342 368
342 435
342 624
342 676
342 687
342 715
342 911
342 953
342 978
343 488
343 534
343 582
343 795
343 922
343 967
344 372
344 376
344 482
344 560
344 725
344 863
345 370
345 391
345 476
345 487
345 544
345 663
345 773
345 921
346 425
346 511
346 526
346 624
346 659
346 672
346 687
346 701
346 747
346 780
347 375
347 414
347 710
347 931
348 619
348 628
348 713
348 775
348 792
348 857
348 897
348 972
349 369
349 438
349 449
349 505
349 570
349 834
349 841
350 557
350 559
350 752
350 820
350 905
351 432
351 564
351 709
351 720
351 724
351 749
351 886
351 1000
352 372
352 410
352 423
352 439
352 465
352 477
352 546
352 584
352 663
352 731
352 817
352 966
353 567
353 615
353 764
353 773
353 816
353 824
353 826
353 868
353 999
354 388
354 390
354 507
354 541
354 574
354 709
354 847
354 928
354 958
355 356
355 390
355 412
355 440
355 456
355 489
355 494
355 593
355 657
355 677
355 792
355 847
355 869
355 985
355 999
356 384
356 386
356 393
356 552
356 574
356 624
356 658
356 874
357 500
357 603
357 605
357 706
357 855
357 935
358 571
358 653
358 695
358 745
358 800
358 827
358 860
359 459
359 462
359 529
359 548
359 896
359 962
360 392
360 404
360 417
360 463
360 618
360 714
360 745
360 771
360 816
360 867
360 930
361 383
361 525
361 587
361 635
361 870
361 927
362 453
362 508
362 538
362 552
362 574
362 579
362 769
362 898
362 933
363 371
363 506
363 555
363 571
363 604
363 772
363 795
363 900
363 990
364 371
364 383
364 417
364 442
364 687
364 688
364 753
364 755
364 868
364 877
364 940
365 400
365 517
365 553
365 587
365 595
365 621
365 671
365 674
365 785
365 926
365 963
365 987
366 486
366 548
366 558
366 611
366 661
366 693
366 769
366 799
366 915
367 494
367 503
367 506
367 517
367 577
367 715
367 791
368 413
368 417
368 471
368 494
368 529
368 646
368 747
368 859
368 868
368 989
369 440
369 452
369 559
369 612
369 646
369 675
369 751
369 784
369 847
370 384
370 395
370 463
370 589
370 792
370 802
370 806
370 843
371 396
371 399
371 418
371 433
371 567
371 632
371 650
371 655
371 822
371 912
371 919
371 988
372 501
372 610
372 722
372 848
373 389
373 410
373 467
373 539
373 561
373 567
373 577
373 594
373 606
373 621
373 750
373 892
373 928
374 382
374 604
374 683
374 688
374 733
374 826
374 905
374 928
374 971
374 999
375 550
375 569
375 657
375 765
375 865
375 925
376 393
376 398
376 420
376 827
376 898
376 900
376 953
377 412
377 433
377 443
377 452
377 504
377 518
377 649
377 753
377 782
377 839
377 934
378 422
378 441
378 489
378 515
378 529
378 549
378 572
378 583
378 603
378 801
379 510
379 517
379 607
379 694
379 783
379 844
380 466
380 488
380 634
380 707
380 712
380 739
380 907
381 406
381 481
381 661
381 676
381 719
381 760
381 959
382 405
382 502
382 551
382 605
382 653
382 717
382 910
383 437
383 588
383 682
383 834
383 928
384 392
384 414
384 475
384 589
384 616
384 713
384 936
385 454
385 481
385 893
385 904
385 919
385 996
386 405
386 497
386 506
386 706
386 821
386 869
387 476
387 500
387 540
387 566
387 713
387 747
387 787
388 394
388 425
388 489
388 491
388 643
388 676
388 713
388 736
388 804
388 805
388 898
388 926
389 614
389 800
389 817
389 833
389 887
390 430
390 529
390 666
390 710
390 718
390 729
390 806
391 423
391 430
391 445
391 595
391 601
391 616
391 653
391 931
391 952
391 963
391 967
392 408
392 442
392 477
392 544
392 576
392 577
392 638
392 682
392 858
392 956
393 467
393 517
393 535
393 547
393 676
393 711
393 718
393 728
393 768
393 779
393 814
393 890
394 407
394 429
394 431
394 487
394 656
394 725
394 730
394 747
394 760
394 870
394 918
395 450
395 527
395 644
395 676
395 854
395 887
395 1000
396 476
396 487
396 531
396 580
396 591
396 893
396 939
396 987
397 403
397 538
397 656
397 657
397 660
397 716
397 728
397 766
397 770
397 795
397 815
397 891
397 932
398 534
398 562
398 565
398 576
398 633
398 652
398 744
398 795
398 818
398 919
399 473
399 611
399 742
399 772
399 775
399 864
399 888
399 942
400 454
400 459
400 473
400 489
400 567
400 573
400 708
400 744
400 776
400 791
401 508
401 541
401 694
401 729
401 759
401 828
401 858
401 865
401 944
402 422
402 486
402 498
402 500
402 506
402 723
402 776
402 832
403 436
403 523
403 798
403 940
403 956
403 959
404 617
404 657
404 666
404 788
404 804
405 454
405 594
405 727
405 808
405 833
405 843
405 857
405 860
405 887
405 971
406 433
406 617
406 863
406 889
407 432
407 477
407 645
407 650
407 653
407 698
407 857
407 920
408 434
408 543
408 611
408 724
408 748
408 751
408 798
408 870
409 423
409 624
409 636
409 663
409 908
409 992
410 492
410 670
410 671
410 718
410 763
410 779
410 839
410 978
411 461
411 616
411 703
412 502
412 536
412 575
412 949
413 458
413 486
413 700
413 779
414 478
414 512
414 626
414 736
414 788
414 919
414 944
414 945
414 960
415 558
415 571
415 636
415 677
415 717
415 718
415 842
415 958
416 458
416 733
416 739
416 741
416 780
416 814
416 819
416 892
417 477
417 520
417 533
417 559
417 701
417 828
417 888
417 998
418 429
418 489
418 532
418 598
418 615
418 651
418 700
418 748
418 770
418 828
418 845
418 866
418 966
418 968
419 424
419 441
419 558
419 963
420 553
420 707
420 708
420 747
420 761
420 765
420 839
421 467
421 515
421 604
421 609
421 667
421 719
421 877
421 884
422 454
422 575
422 581
422 675
422 848
422 888
422 967
423 426
423 443
423 524
423 546
423 588
423 619
423 999
424 476
424 533
424 588
424 615
424 649
424 653
424 810
424 847
424 869
424 958
425 535
425 578
425 581
425 635
425 636
425 684
425 724
425 725
425 830
426 656
426 693
426 912
427 530
427 564
427 630
427 669
427 796
427 814
427 840
427 903
427 948
427 976
428 541
428 753
428 756
428 957
429 444
429 445
429 509
429 552
429 683
429 689
429 868
429 869
429 947
430 466
430 647
430 747
430 799
430 808
430 989
431 536
431 591
431 598
431 603
431 612
431 861
432 616
432 882
432 947
432 948
432 994
433 464
433 601
433 613
433 649
433 654
433 689
433 696
433 754
433 855
433 876
433 944
434 460
434 531
434 558
434 628
434 645
434 733
434 792
434 821
434 855
434 920
434 966
434 978
435 506
435 593
435 664
435 683
435 703
435 720
435 788
435 852
435 915
435 996
436 444
436 445
436 555
436 623
436 725
436 744
436 893
436 897
437 598
437 625
437 674
437 849
437 857
437 860
437 887
437 907
437 972
438 490
438 574
438 623
438 633
438 671
438 747
438 824
438 858
438 898
438 907
438 908
438 971
438 993
439 457
439 580
439 658
439 665
439 695
439 733
439 836
439 856
439 871
440 528
440 639
440 787
440 850
440 888
440 975
441 583
441 656
441 822
441 864
441 940
441 951
442 508
442 566
442 630
442 750
442 759
442 889
443 484
443 502
443 586
443 722
443 798
443 838
443 914
443 950
444 454
444 636
444 662
444 778
444 839
444 887
444 951
444 952
444 956
444 976
444 993
445 446
445 498
445 531
445 643
445 699
445 806
445 820
445 840
445 878
445 891
445 902
445 932
445 994
446 472
446 554
446 603
446 720
446 854
446 888
446 912
447 465
447 620
447 628
447 698
447 730
447 739
447 757
447 798
447 857
447 911
447 962
447 989
448 464
448 792
448 872
449 458
449 550
449 896
449 911
450 495
450 511
450 744
450 748
450 770
450 845
450 895
450 896
450 954
450 988
451 452
451 458
451 502
451 517
451 554
451 628
451 630
451 633
451 705
451 951
452 497
452 773
452 790
452 892
453 491
453 515
453 551
453 562
453 633
453 657
453 679
453 733
453 759
453 827
453 877
453 923
454 525
454 533
454 644
454 688
454 699
454 736
454 873
454 874
455 459
455 789
455 820
455 879
455 890
455 964
456 592
456 672
456 728
456 766
456 787
456 815
456 826
456 882
456 983
457 540
457 566
457 641
457 713
457 827
457 917
457 980
458 482
458 552
458 556
458 572
458 616
458 656
458 782
458 877
458 923
458 927
458 944
459 490
459 562
459 745
459 750
459 773
459 775
460 534
460 606
460 681
460 699
460 771
460 782
460 872
461 515
461 567
461 611
461 676
461 719
461 725
461 851
461 882
461 886
462 523
462 533
462 540
462 621
462 711
462 821
462 988
463 510
463 562
463 694
463 773
463 859
463 870
464 466
464 492
464 623
464 675
464 694
464 702
464 713
464 782
464 844
464 921
464 971
464 990
465 468
465 480
465 492
465 566
465 735
465 802
465 824
465 827
465 879
465 899
466 495
466 566
466 721
466 779
466 825
466 958
466 979
467 499
467 622
467 628
467 743
467 757
467 775
467 776
467 862
467 917
468 486
468 600
468 607
468 638
468 655
468 808
468 820
469 570
469 653
469 768
469 774
469 891
469 937
469 969
469 986
470 608
470 634
471 530
471 561
471 593
471 594
471 764
472 634
472 646
472 786
472 911
472 935
472 962
472 986
472 998
473 568
473 580
473 655
473 669
473 782
473 801
473 934
474 498
474 619
474 696
474 711
474 793
474 911
474 918
474 953
475 494
475 496
475 502
475 548
475 571
475 625
475 627
475 705
475 706
475 824
475 962
475 975
476 551
476 587
476 642
476 798
476 845
476 955
476 987
477 566
477 570
477 596
477 625
477 726
477 738
477 790
477 907
477 977
478 544
478 547
478 637
478 680
478 715
479 492
479 537
479 538
479 613
479 635
479 695
479 713
479 736
479 848
479 860
479 915
479 916
479 949
480 538
480 568
480 615
480 736
480 796
480 868
480 953
480 987
481 521
481 695
481 733
481 807
481 823
481 982
482 506
482 585
482 733
482 855
482 941
482 970
483 497
483 504
483 589
483 630
483 672
483 793
483 797
483 820
483 918
483 972
484 677
484 680
484 718
484 887
484 984
485 522
485 530
485 681
485 918
485 955
485 969
486 590
486 636
486 707
486 988
487 610
487 717
487 804
487 888
488 511
488 549
488 556
488 667
488 672
488 702
488 753
488 836
488 903
488 906
488 954
489 587
489 736
489 949
489 957
489 975
489 996
490 510
490 515
490 588
490 749
490 902
490 921
490 958
491 504
491 999
492 560
492 626
492 673
492 730
492 745
492 865
492 897
492 910
492 992
493 613
493 624
493 629
493 674
493 754
493 878
493 931
494 551
494 570
494 619
494 636
494 750
494 986
494 997
495 588
495 593
495 628
495 696
495 799
495 804
495 849
495 860
495 941
495 965
495 998
496 499
496 546
496 550
496 664
496 667
496 683
496 699
496 832
496 933
497 513
497 544
497 568
497 598
497 619
497 675
497 682
497 740
497 912
497 941
497 966
498 526
498 554
498 571
498 599
498 611
498 656
498 674
498 719
498 793
498 865
498 911
498 914
498 967
499 720
500 510
500 533
500 589
500 687
500 731
500 795
500 840
500 905
500 960
500 986
501 544
501 576
501 593
501 731
501 740
501 844
501 871
501 953
502 659
502 941
502 945
503 544
503 643
503 664
503 879
503 922
504 584
504 686
504 694
504 737
504 747
504 941
504 947
505 553
505 559
505 785
505 844
506 678
506 715
506 803
506 846
506 847
506 928
506 961
506 974
507 511
507 516
507 590
507 650
507 699
507 763
507 789
507 956
508 656
508 802
508 876
508 883
508 963
509 604
509 674
509 861
509 874
510 511
510 591
510 677
510 701
510 724
510 725
510 742
510 751
510 757
510 786
510 789
510 798
510 810
510 820
510 842
510 873
510 918
510 927
511 716
511 782
511 834
511 866
511 897
511 908
512 616
512 816
512 987
513 543
513 582
513 636
513 687
513 902
513 997
514 644
514 670
514 751
514 761
514 791
514 825
515 545
515 550
515 627
515 723
515 735
515 745
515 977
516 689
516 729
516 783
516 970
517 559
517 615
517 685
517 772
517 841
517 843
517 943
517 982
518 540
518 558
518 560
518 582
518 623
518 629
518 651
518 706
518 797
518 799
518 811
518 857
519 578
519 650
519 807
519 824
519 915
520 554
520 574
520 608
520 680
520 698
520 702
520 732
520 774
520 809
520 824
521 710
521 732
521 791
521 973
521 995
522 574
522 598
522 695
522 703
522 802
522 879
522 921
522 936
522 992
523 545
523 569
523 754
523 802
523 980
524 537
524 555
524 608
524 671
524 760
524 911
525 570
525 741
525 777
525 895
525 926
525 982
526 534
526 548
526 799
526 857
526 861
526 965
526 990
527 698
527 711
527 712
527 735
527 952
528 591
528 886
528 944
529 571
529 628
529 637
529 665
529 724
529 731
529 738
529 891
529 924
529 982
530 531
530 533
530 545
530 595
530 623
530 657
530 886
530 949
531 631
531 740
531 849
532 555
532 584
532 597
532 627
532 642
532 725
532 876
532 908
533 579
533 667
533 756
533 772
533 842
533 846
534 804
534 812
534 836
534 839
534 914
534 917
534 947
535 554
535 747
535 754
535 760
535 780
535 853
535 879
535 933
535 997
536 625
536 905
536 955
536 1000
537 586
537 599
537 683
537 703
537 812
537 835
537 841
537 882
537 953
538 606
538 613
538 710
538 733
538 867
538 926
538 973
539 563
539 651
539 768
539 858
539 859
539 937
539 999
540 582
540 615
540 646
540 670
540 717
540 798
540 808
540 900
540 953
540 991
541 673
541 731
541 789
541 790
541 821
541 840
541 882
541 918
541 946
542 618
542 622
542 698
542 744
542 763
542 827
542 876
542 958
542 982
543 637
543 725
543 799
543 924
543 941
543 995
544 569
544 634
544 696
544 702
544 725
544 765
544 904
545 673
545 687
545 721
545 794
545 848
545 909
545 997
546 553
546 709
546 919
546 920
546 995
547 621
547 642
547 718
547 750
547 845
547 848
547 852
547 897
548 656
548 738
548 820
548 885
549 610
549 614
549 623
549 638
549 727
549 771
549 774
549 810
549 819
549 852
549 934
549 970
550 649
550 657
550 715
550 791
550 922
551 573
551 591
551 630
551 713
551 714
551 742
551 780
551 795
551 821
551 824
552 726
552 785
552 853
552 893
553 556
553 575
553 600
553 722
553 799
553 871
554 578
554 600
554 719
554 806
554 855
555 563
555 591
555 674
555 702
555 707
555 749
555 759
555 887
555 990
556 645
556 673
556 750
556 762
556 851
556 857
556 874
556 943
556 944
557 573
557 796
558 618
558 662
558 701
558 859
558 951
559 583
559 588
559 724
559 767
559 848
559 939
559 986
560 605
560 618
560 634
560 770
560 835
560 894
560 954
560 981
561 580
561 625
561 758
561 809
561 975
561 995
562 679
562 833
562 882
562 906
562 924
562 933
563 682
563 740
563 817
563 861
563 870
564 694
564 722
564 878
564 978
565 705
565 735
565 747
565 947
565 956
565 981
566 581
566 617
566 761
566 772
566 900
566 901
566 936
566 949
566 977
567 611
567 676
567 842
567 901
568 607
568 609
568 621
568 640
568 760
568 886
568 931
569 628
569 703
569 853
569 909
570 587
570 635
570 646
570 653
570 691
570 751
570 812
570 960
571 694
571 759
571 793
571 822
571 832
571 877
571 956
572 590
572 598
572 612
572 692
572 807
572 860
572 874
572 889
572 908
572 919
573 761
573 864
573 879
574 723
574 811
574 871
574 917
575 748
575 844
575 847
575 853
575 930
575 1000
576 648
576 690
576 772
577 601
577 649
577 753
577 782
577 799
577 872
577 894
577 912
577 936
578 759
578 854
578 924
578 925
578 985
579 615
579 782
579 823
579 848
579 884
579 945
579 960
580 581
580 597
580 616
580 668
580 672
580 759
580 781
580 940
580 973
581 668
581 687
581 704
581 735
581 762
581 932
582 757
582 774
582 809
582 885
582 889
582 992
583 590
583 647
583 659
583 696
583 709
583 736
583 782
583 885
583 919
583 952
583 976
584 639
584 853
584 874
584 914
585 623
585 705
585 815
585 836
585 856
585 924
585 947
585 980
585 983
586 639
586 762
586 811
586 846
586 945
587 663
587 705
587 757
587 769
587 822
587 860
587 965
588 589
588 635
588 854
588 938
588 952
589 624
589 676
589 712
589 752
589 854
590 666
590 717
590 849
590 885
590 914
590 916
591 598
591 645
591 768
591 794
592 630
592 639
592 823
593 594
593 636
593 670
593 808
593 874
593 883
593 898
593 930
593 949
594 664
594 743
594 782
594 936
595 607
595 687
595 729
595 743
595 854
595 879
595 917
596 620
596 638
596 805
596 837
596 844
596 851
596 893
597 599
597 797
597 808
597 965
598 653
598 714
598 749
598 816
598 855
598 865
599 619
599 643
599 670
599 785
600 625
600 651
600 666
600 684
600 834
600 927
600 975
601 831
601 877
601 895
601 940
601 951
601 958
601 970
602 726
602 730
602 769
602 795
602 898
602 938
603 620
603 656
603 669
603 753
603 787
603 809
603 869
603 930
604 706
604 957
604 982
605 619
605 705
605 710
605 731
605 775
605 826
605 852
606 677
606 743
606 750
606 781
606 804
606 811
606 901
607 664
607 674
607 756
607 933
607 955
608 820
608 842
609 697
609 777
609 840
609 845
609 850
609 871
610 668
610 777
610 857
611 637
611 782
611 871
611 873
611 948
612 629
612 742
612 762
612 800
612 886
613 639
613 766
613 951
614 635
614 642
614 643
614 755
614 895
615 636
615 751
615 824
616 711
616 794
616 894
617 689
617 716
617 850
617 869
617 908
618 627
618 696
618 832
618 870
619 632
619 683
619 706
619 729
619 784
619 866
619 902
619 911
620 659
620 676
620 769
620 842
620 945
620 954
620 964
621 663
621 682
621 717
621 803
621 865
622 640
622 695
622 871
622 923
622 983
622 984
623 816
623 835
623 839
623 868
624 889
626 657
626 667
626 700
626 705
626 709
626 880
626 894
626 926
626 937
627 668
627 727
627 949
628 687
628 725
628 783
628 800
628 836
628 855
628 859
628 862
628 892
628 997
629 670
629 712
629 825
629 851
629 886
629 988
630 710
630 830
630 932
631 695
631 775
631 860
631 880
632 674
632 682
632 709
632 722
632 727
632 807
632 855
632 895
632 940
632 960
633 737
633 836
633 853
633 916
633 929
633 974
633 986
634 714
634 730
634 856
635 698
635 807
635 816
635 826
635 838
636 672
637 763
637 769
637 832
637 837
637 905
637 910
637 915
637 989
638 681
638 811
638 889
638 999
639 724
639 814
639 873
639 937
639 982
640 805
640 818
641 663
641 680
641 738
641 842
641 888
641 895
642 674
642 751
642 763
642 846
642 873
642 910
642 986
643 894
644 715
644 847
644 934
644 990
645 707
645 726
646 676
646 710
646 873
646 878
647 844
647 887
648 706
648 750
648 752
648 792
648 821
648 822
648 886
648 950
648 976
649 664
649 703
649 721
650 721
650 800
650 909
650 990
651 1000
652 693
652 720
652 725
652 746
652 902
652 904
653 715
653 733
653 893
653 909
653 914
653 977
654 693
654 833
654 854
654 875
654 929
654 949
654 997
654 999
655 745
655 780
655 785
655 789
655 805
655 920
656 726
656 764
656 890
656 914
657 830
657 831
657 840
657 891
658 681
658 710
658 750
658 755
658 767
658 864
658 886
659 689
659 742
659 782
659 860
659 886
659 903
659 977
659 984
660 684
660 779
660 800
660 832
660 846
660 865
660 893
660 919
661 710
661 996
661 997
662 671
662 734
662 791
662 827
662 904
663 871
663 954
663 990
664 692
664 724
664 808
664 813
664 924
664 981
664 1000
665 783
665 824
665 904
665 907
667 754
667 798
667 886
667 887
667 929
668 725
668 745
668 765
668 775
668 791
668 970
669 733
669 736
669 929
670 677
670 748
670 755
670 857
670 860
671 697
671 742
671 804
671 827
671 981
672 720
672 819
672 964
673 843
673 979
674 708
674 730
674 758
674 765
674 797
674 946
674 985
675 717
675 741
675 859
675 871
676 705
676 817
676 844
676 908
676 909
676 999
677 704
677 766
677 858
677 878
677 963
677 979
678 687
678 766
678 903
678 954
679 714
679 746
679 820
679 854
679 882
679 891
679 916
679 942
679 950
679 972
680 710
680 723
680 725
680 787
680 884
680 936
680 947
681 769
681 783
681 800
681 803
681 811
681 905
682 684
682 785
682 803
682 814
682 842
682 923
683 795
683 846
683 856
684 687
684 764
684 937
685 811
685 996
686 849
686 888
686 982
686 997
687 731
687 795
687 831
687 907
687 910
687 961
687 985
688 761
688 787
688 853
688 857
688 880
688 883
689 751
689 979
689 996
690 792
690 955
690 982
691 710
691 793
691 820
691 961
692 782
692 838
692 931
692 942
692 945
693 694
693 733
693 760
693 794
693 824
693 827
693 895
693 922
694 703
694 821
694 927
694 993
695 770
695 789
695 833
695 840
695 855
695 866
695 878
695 958
696 698
696 716
696 722
696 726
696 874
696 875
696 985
697 700
697 738
697 763
697 782
697 812
697 844
697 881
698 791
698 874
699 809
699 926
699 948
700 709
700 775
700 785
700 847
700 928
700 949
700 956
700 986
701 734
701 769
701 802
701 826
701 932
701 934
701 942
701 971
701 994
702 872
702 885
702 945
702 949
702 960
703 827
704 916
704 944
705 826
705 941
705 963
706 739
706 744
706 822
706 973
707 865
707 916
708 914
709 717
709 769
709 887
710 757
710 768
710 783
710 896
711 884
711 924
712 734
712 798
712 876
712 906
712 962
713 740
713 922
714 729
714 760
714 766
714 828
714 934
714 973
715 765
715 834
715 913
716 874
716 949
717 761
717 914
717 973
717 991
718 732
718 824
718 861
718 869
718 895
718 950
718 993
719 774
719 791
719 798
719 817
719 875
720 729
720 743
720 789
720 846
720 929
720 963
721 722
721 770
721 822
721 860
721 880
721 932
722 854
722 861
722 980
723 762
723 896
723 900
723 990
724 726
724 729
724 786
724 943
724 955
724 973
725 759
725 765
725 775
725 850
725 865
725 888
725 973
726 777
726 789
726 797
726 820
727 759
727 968
728 741
728 755
728 809
728 952
729 779
729 880
729 944
730 739
730 849
730 857
730 895
730 940
730 951
731 874
731 880
731 956
731 990
732 733
732 873
732 876
732 901
732 913
732 935
732 963
733 764
733 801
733 819
733 850
733 967
734 795
734 914
734 969
735 830
736 770
736 799
736 939
737 757
737 895
737 988
738 775
738 841
738 847
739 755
739 907
739 910
739 940
739 953
739 1000
740 793
740 894
740 932
741 753
741 789
741 807
741 930
741 961
742 833
742 923
742 956
743 746
743 861
743 938
744 746
744 760
744 868
744 877
745 908
746 764
746 862
746 933
746 948
747 869
747 923
747 970
748 893
748 981
749 946
750 778
750 809
750 822
750 830
750 890
750 935
750 952
750 998
751 789
751 887
751 897
752 767
752 778
752 981
753 893
753 996
754 809
754 815
754 836
754 863
754 928
755 777
755 796
755 969
756 897
756 906
756 968
756 981
757 773
757 886
758 888
758 924
759 776
759 811
759 867
760 895
760 928
760 959
760 971
761 789
761 865
761 887
761 892
761 906
761 910
762 831
762 847
762 927
762 961
763 821
763 853
763 871
763 899
764 855
764 890
764 946
765 969
766 773
766 786
767 771
767 808
767 996
768 898
768 906
768 909
768 993
769 871
769 898
769 903
769 908
769 951
769 982
770 884
770 987
771 808
771 866
771 877
772 802
772 843
772 868
772 924
773 896
774 836
774 855
774 860
774 883
774 970
775 790
775 832
775 871
776 893
776 940
776 968
777 837
777 892
777 931
777 947
778 788
778 844
778 866
778 908
779 895
779 937
780 811
780 869
780 894
780 983
781 785
781 880
782 831
782 837
782 840
782 895
782 900
782 915
782 934
782 971
783 832
783 923
784 795
784 837
784 851
785 930
786 897
786 925
786 944
786 976
787 795
787 804
787 942
788 880
788 926
789 917
790 800
790 861
790 864
790 878
790 906
790 915
790 975
791 796
791 962
792 832
792 983
793 869
793 966
793 977
794 816
794 866
794 915
795 831
795 910
796 916
797 875
798 960
798 990
798 995
799 840
799 860
799 921
799 987
801 825
801 837
801 950
802 844
803 819
805 829
805 872
805 965
806 814
806 870
806 989
806 995
807 837
807 915
807 977
807 987
808 825
808 894
808 968
808 987
809 886
809 934
809 970
809 998
810 946
811 984
812 893
813 833
813 875
813 946
814 866
815 909
815 937
816 849
818 822
818 823
818 876
819 877
819 978
820 853
820 861
820 921
820 938
820 939
821 874
821 880
821 948
822 858
822 924
822 954
823 852
823 871
823 876
823 891
823 977
824 895
824 907
825 830
825 915
825 956
825 987
826 854
826 904
826 945
827 927
827 946
827 970
828 841
828 863
828 986
829 905
829 942
829 993
830 871
830 884
831 849
831 882
833 951
833 989
835 856
835 903
835 914
835 980
836 837
836 945
836 969
838 847
838 910
839 866
839 913
839 943
840 907
841 948
842 851
842 925
843 866
844 847
844 861
844 893
844 916
845 974
845 994
846 850
846 935
846 991
849 884
849 892
849 894
849 917
849 935
851 879
851 915
851 919
853 883
853 893
853 975
853 980
854 866
855 856
855 869
855 907
855 915
857 881
857 968
857 971
858 993
860 924
861 891
862 867
862 956
862 959
862 988
863 923
863 947
863 970
863 987
863 997
864 873
864 930
866 898
866 938
866 942
867 888
867 922
868 926
869 886
869 978
870 953
870 956
871 894
871 898
871 960
871 991
872 887
872 906
872 958
872 974
872 976
873 964
875 908
875 993
876 952
876 977
877 879
878 952
878 973
880 907
880 958
880 978
881 889
882 902
882 910
882 912
883 934
883 983
884 902
885 911
885 935
886 941
887 926
888 956
888 966
889 955
889 973
889 991
891 927
891 963
893 919
895 917
895 922
895 928
896 924
897 916
897 999
898 967
899 910
899 991
900 974
901 916
901 948
904 906
904 929
905 926
905 957
906 980
908 923
910 916
910 961
911 971
912 932
913 951
913 992
914 944
914 985
915 929
915 976
917 953
917 968
918 939
921 993
921 994
922 928
924 936
924 966
926 996
927 938
929 981
931 970
933 957
933 1000
934 939
938 941
939 975
940 976
946 951
946 969
947 955
947 997
951 974
954 965
955 985
956 966
959 964
961 995
962 992
963 964
983 987
989 999
991 993
995 996
