1000 6949
1 36
1 109
1 418
1 477
1 592
1 632
1 649
1 694
1 700
1 956
2 66
2 108
2 503
2 585
2 608
2 800
2 829
2 868
2 878
3 12
3 52
3 62
3 68
3 70
3 143
3 258
3 315
3 378
3 380
3 410
3 412
3 439
3 520
3 547
3 669
3 705
3 718
3 751
3 754
3 780
3 882
4 35
4 56
4 137
4 220
4 221
4 382
4 396
4 437
4 460
4 556
4 611
4 858
4 872
4 917
4 983
5 141
5 151
5 222
5 245
5 333
5 502
5 556
5 608
5 625
5 686
5 746
5 811
5 834
5 864
5 921
6 11
6 31
6 121
6 134
6 293
6 332
6 476
6 664
6 960
6 984
7 86
7 97
7 169
7 298
7 366
7 516
7 595
7 762
7 837
7 909
8 81
8 136
8 211
8 231
8 273
8 333
8 385
8 414
8 433
8 457
8 587
8 632
8 776
8 984
8 994
9 28
9 34
9 49
9 64
9 104
9 161
9 344
9 347
9 599
9 624
9 625
9 733
9 875
9 898
9 931
9 995
10 63
10 216
10 259
10 270
10 295
10 296
10 364
10 376
10 471
10 503
10 681
10 791
10 805
10 958
10 970
10 981
11 311
11 320
11 375
11 399
11 494
11 602
11 702
11 727
11 782
11 786
11 914
11 915
11 922
11 968
12 79
12 84
12 132
12 134
12 291
12 338
12 376
12 379
12 591
12 782
12 830
12 919
12 982
13 55
13 187
13 215
13 269
13 340
13 357
13 468
13 509
13 514
13 524
13 537
13 545
13 562
13 934
14 42
14 105
14 140
14 163
14 240
14 574
14 579
14 651
14 738
14 814
14 953
14 975
15 58
15 192
15 200
15 330
15 424
15 471
15 532
15 664
15 689
15 709
15 710
15 718
15 738
15 752
15 782
15 806
15 908
15 921
15 929
16 25
16 28
16 197
16 362
16 390
16 518
16 536
16 579
16 717
16 751
16 929
17 29
17 290
17 301
17 333
17 334
17 366
17 446
17 466
17 568
17 600
17 607
17 674
17 721
17 799
17 924
17 979
18 87
18 164
18 349
18 394
18 475
18 488
18 568
18 635
18 643
18 701
18 706
18 874
18 951
18 992
19 111
19 116
19 149
19 275
19 343
19 472
19 710
19 745
19 833
19 860
19 887
19 888
19 956
19 966
20 40
20 248
20 378
20 400
20 465
20 494
20 512
20 519
20 534
20 655
20 698
20 716
20 750
20 822
20 908
20 967
20 977
21 83
21 273
21 333
21 395
21 446
21 466
21 674
21 734
22 255
22 278
22 297
22 349
22 364
22 395
22 431
22 664
22 673
22 764
22 785
22 866
23 116
23 161
23 168
23 304
23 505
23 523
23 558
23 650
23 677
23 682
23 715
23 728
23 900
23 978
24 91
24 97
24 131
24 172
24 179
24 213
24 256
24 299
24 353
24 410
24 596
24 652
24 712
24 772
24 785
24 850
24 878
25 52
25 187
25 213
25 239
25 256
25 336
25 420
25 479
25 480
25 527
25 583
25 594
25 602
25 659
25 702
25 899
26 87
26 108
26 254
26 264
26 394
26 417
26 458
26 502
26 518
26 564
26 618
26 674
26 835
27 199
27 224
27 283
27 388
27 498
27 502
27 558
27 633
27 665
27 860
27 924
27 928
28 110
28 180
28 232
28 284
28 288
28 386
28 520
28 558
28 603
28 626
28 677
28 792
29 82
29 123
29 196
29 239
29 241
29 262
29 268
29 319
29 422
29 566
29 601
29 636
29 691
29 735
29 807
29 810
29 840
29 960
30 184
30 205
30 285
30 299
30 399
30 671
30 689
30 732
30 945
31 84
31 116
31 136
31 172
31 189
31 228
31 242
31 268
31 323
31 410
31 493
31 526
31 553
31 636
31 640
31 668
31 733
31 800
31 875
32 54
32 122
32 192
32 326
32 394
32 540
32 591
32 623
32 755
32 873
32 880
33 169
33 316
33 342
33 356
33 370
33 437
33 537
33 680
33 825
33 971
34 112
34 312
34 465
34 533
34 670
34 697
34 783
34 964
35 47
35 102
35 161
35 179
35 243
35 352
35 358
35 460
35 530
35 663
35 669
35 796
35 886
36 51
36 80
36 575
36 580
36 608
36 652
36 733
36 738
37 194
37 331
37 347
37 444
37 504
37 529
37 554
37 731
37 803
37 848
37 864
37 924
37 937
37 941
38 120
38 150
38 189
38 195
38 248
38 382
38 424
38 452
38 634
38 691
38 788
38 859
38 887
38 950
38 992
39 212
39 292
39 347
39 351
39 650
39 899
39 956
39 968
39 974
40 110
40 153
40 291
40 350
40 517
40 594
40 619
40 629
40 715
40 772
40 829
40 853
40 866
40 913
40 917
40 975
41 44
41 72
41 111
41 166
41 367
41 560
41 591
41 764
42 174
42 265
42 304
42 331
42 344
42 420
42 475
42 550
42 577
42 585
42 655
42 661
42 683
42 695
42 697
42 720
42 967
43 80
43 195
43 327
43 480
43 657
43 663
43 746
43 830
43 847
43 874
43 957
44 77
44 87
44 179
44 211
44 217
44 277
44 362
44 463
44 483
44 586
44 736
44 939
44 942
45 80
45 258
45 284
45 298
45 521
45 593
45 647
45 717
45 765
45 885
46 83
46 166
46 255
46 304
46 360
46 405
46 477
46 512
46 551
46 566
46 575
46 901
46 939
46 974
47 277
47 393
47 416
47 420
47 484
47 539
47 623
47 682
47 697
47 729
47 783
47 924
47 992
48 96
48 224
48 285
48 286
48 375
48 430
48 551
48 663
48 759
48 813
48 838
48 867
49 240
49 262
49 264
49 333
49 342
49 433
49 548
49 583
49 667
49 719
49 868
49 968
49 988
49 991
50 138
50 190
50 278
50 336
50 449
50 566
50 589
50 660
50 712
50 779
50 853
50 939
50 948
51 141
51 200
51 397
51 561
51 630
51 669
51 846
51 866
51 922
51 989
52 206
52 207
52 319
52 406
52 426
52 552
52 630
52 813
52 840
53 251
53 332
53 461
53 719
53 796
54 98
54 260
54 310
54 383
54 390
54 404
54 455
54 456
54 467
54 511
54 793
54 856
54 990
55 62
55 128
55 162
55 189
55 298
55 385
55 537
55 755
55 900
55 934
56 124
56 177
56 180
56 206
56 229
56 255
56 368
56 417
56 434
56 452
56 528
56 550
56 566
56 647
56 682
56 831
56 974
57 72
57 110
57 171
57 175
57 201
57 217
57 331
57 533
57 727
57 759
57 765
57 836
57 887
58 176
58 191
58 199
58 232
58 326
58 361
58 419
58 493
58 501
58 605
58 609
58 844
58 886
58 926
59 392
59 399
59 417
59 424
59 528
59 619
59 727
59 821
60 81
60 201
60 340
60 459
60 493
60 557
60 623
60 737
60 804
60 816
60 998
61 85
61 125
61 166
61 205
61 370
61 413
61 448
61 520
61 611
61 724
61 771
61 805
61 814
61 816
61 849
61 943
61 994
62 121
62 258
62 277
62 322
62 387
62 393
62 458
62 488
62 497
62 505
62 579
62 623
62 659
62 868
62 935
62 999
63 126
63 175
63 190
63 248
63 447
63 463
63 599
63 724
63 738
63 907
63 918
63 932
63 964
63 982
64 230
64 298
64 410
64 419
64 476
64 514
64 568
64 629
64 665
64 706
64 796
64 843
64 924
65 111
65 391
65 418
65 569
65 573
65 682
65 731
66 116
66 177
66 203
66 213
66 274
66 294
66 339
66 366
66 495
66 515
66 551
66 747
66 762
66 804
66 886
66 889
67 93
67 99
67 145
67 276
67 279
67 664
67 770
67 778
67 852
67 972
68 76
68 199
68 201
68 253
68 310
68 336
68 351
68 619
68 782
68 833
68 840
68 855
68 913
68 960
69 371
69 431
69 569
69 657
69 661
69 662
69 675
69 705
69 735
69 769
69 799
69 821
69 903
69 919
69 954
69 985
69 989
70 162
70 367
70 464
70 473
70 489
70 554
70 767
70 807
70 851
70 870
70 872
70 881
71 286
71 383
71 572
71 662
71 696
71 755
71 769
71 827
71 841
71 999
72 116
72 124
72 191
72 413
72 518
72 576
72 610
72 678
72 754
72 764
72 772
72 801
72 820
73 160
73 161
73 174
73 348
73 463
73 566
73 605
73 714
73 912
73 975
74 80
74 122
74 148
74 228
74 331
74 353
74 374
74 377
74 450
74 453
74 551
74 744
74 804
74 819
74 856
74 867
74 968
75 186
75 210
75 211
75 228
75 373
75 381
75 503
75 518
75 548
75 576
75 644
75 754
75 789
75 827
75 888
75 951
75 965
75 990
76 94
76 106
76 115
76 224
76 362
76 565
76 875
76 889
76 944
76 952
77 99
77 137
77 235
77 281
77 298
77 442
77 448
77 676
77 990
78 148
78 216
78 234
78 273
78 280
78 429
78 431
78 534
78 760
78 787
78 874
78 973
79 159
79 189
79 251
79 421
79 496
79 539
79 547
79 553
79 643
79 644
79 730
79 764
79 787
79 800
79 879
79 913
79 937
80 169
80 276
80 286
80 429
80 436
80 524
80 592
80 640
80 692
80 763
80 907
81 181
81 273
81 323
81 330
81 620
81 687
81 802
81 931
82 293
82 472
82 499
82 648
82 687
82 730
83 102
83 174
83 215
83 276
83 385
83 444
83 524
83 547
83 598
83 635
83 746
83 767
83 773
83 801
83 871
83 897
83 916
83 971
84 105
84 148
84 155
84 158
84 173
84 238
84 268
84 277
84 296
84 334
84 496
84 592
84 633
84 687
84 892
84 949
85 114
85 192
85 223
85 329
85 372
85 399
85 427
85 466
85 500
85 543
85 881
85 919
85 931
85 954
86 171
86 198
86 272
86 352
86 429
86 475
86 538
86 554
86 651
86 659
86 710
86 793
86 830
86 878
86 890
86 935
86 942
86 971
87 95
87 108
87 132
87 168
87 179
87 330
87 429
87 494
87 533
87 673
87 748
87 829
87 847
87 896
87 946
87 967
88 223
88 228
88 268
88 297
88 360
88 429
88 467
88 507
88 555
88 577
88 617
88 652
88 689
88 746
88 829
89 94
89 99
89 121
89 130
89 276
89 300
89 432
89 439
89 471
89 490
89 627
89 709
89 776
89 791
89 802
89 852
89 894
90 106
90 155
90 324
90 447
90 457
90 483
90 495
90 522
90 602
90 604
90 671
90 705
90 716
90 731
90 737
90 770
90 772
90 798
90 887
90 891
91 129
91 158
91 279
91 364
91 412
91 523
91 646
91 727
91 785
91 931
92 177
92 192
92 283
92 308
92 334
92 378
92 515
92 535
92 595
92 663
92 733
92 755
92 774
92 846
92 871
92 940
93 126
93 282
93 297
93 370
93 430
93 611
93 704
93 709
93 877
93 931
93 959
93 979
94 125
94 137
94 222
94 287
94 366
94 474
94 520
94 581
94 818
94 837
94 888
94 912
95 118
95 193
95 578
95 747
95 805
95 840
95 922
95 924
96 142
96 202
96 213
96 426
96 446
96 453
96 521
96 611
96 624
96 639
96 702
96 881
97 145
97 155
97 182
97 271
97 344
97 415
97 441
97 581
97 616
97 716
97 764
97 865
97 957
98 173
98 335
98 343
98 434
98 442
98 631
98 641
98 642
98 713
98 758
98 806
98 950
99 115
99 237
99 390
99 466
99 541
99 553
99 729
99 743
99 764
99 796
99 896
99 943
100 165
100 203
100 207
100 208
100 461
100 591
100 688
100 857
100 895
100 912
101 172
101 212
101 323
101 324
101 363
101 433
101 581
101 605
101 606
101 629
101 725
101 991
102 113
102 140
102 162
102 227
102 331
102 338
102 342
102 382
102 482
102 573
102 625
102 703
102 802
103 125
103 167
103 209
103 266
103 275
103 285
103 366
103 447
103 454
103 535
103 552
103 573
103 722
103 735
103 820
103 973
104 106
104 139
104 222
104 298
104 525
104 535
104 544
104 571
104 587
104 613
104 650
104 709
104 803
104 933
105 252
105 315
105 388
105 400
105 455
105 557
105 619
105 634
105 730
105 751
105 814
105 899
105 958
105 967
106 315
106 438
106 447
106 585
106 659
106 698
106 727
106 752
107 123
107 126
107 231
107 239
107 273
107 363
107 410
107 539
107 708
107 710
107 769
107 875
108 124
108 236
108 522
108 623
108 637
108 659
108 670
108 687
108 715
108 823
108 978
108 983
109 248
109 574
109 585
109 861
109 883
109 911
109 983
110 132
110 266
110 292
110 417
110 515
110 550
110 875
110 947
110 960
110 978
110 982
111 143
111 182
111 233
111 244
111 469
111 646
111 735
111 783
111 827
111 843
111 918
111 936
112 165
112 225
112 249
112 446
112 511
112 516
112 561
112 635
112 654
112 657
112 690
112 783
112 821
112 830
112 977
112 996
113 178
113 207
113 227
113 258
113 425
113 492
113 527
113 700
113 749
113 910
113 981
113 986
114 179
114 212
114 260
114 321
114 442
114 522
114 561
114 570
114 663
114 705
114 720
114 741
115 119
115 163
115 222
115 237
115 312
115 317
115 392
115 530
115 558
115 567
115 826
115 846
115 869
115 904
115 985
116 206
116 307
116 347
116 367
116 436
116 507
116 574
116 636
116 704
116 778
116 798
116 973
117 203
117 214
117 310
117 361
117 363
117 464
117 470
117 502
117 578
117 691
117 700
117 711
117 769
117 980
118 284
118 492
118 516
118 606
118 704
118 736
118 861
119 146
119 193
119 213
119 242
119 250
119 302
119 349
119 401
119 515
119 584
119 718
119 810
119 837
119 937
119 963
120 142
120 178
120 183
120 273
120 433
120 568
120 635
120 677
120 689
120 691
120 709
120 713
120 910
120 944
120 981
121 159
121 238
121 271
121 273
121 368
121 402
121 439
121 632
121 642
121 812
121 884
121 903
122 214
122 368
122 395
122 457
122 504
122 621
122 722
122 818
122 886
122 918
123 192
123 229
123 290
123 292
123 410
123 514
123 631
123 639
123 685
123 694
123 715
123 839
123 860
124 215
124 218
124 287
124 408
124 452
124 515
124 621
124 661
124 690
124 692
124 734
124 738
124 755
124 757
124 763
124 959
125 149
125 186
125 276
125 296
125 336
125 438
125 474
125 567
125 581
125 589
125 592
125 600
125 747
125 762
125 844
125 947
125 962
126 332
126 407
126 432
126 752
126 892
126 934
127 359
127 366
127 474
127 556
127 661
127 951
128 188
128 203
128 221
128 242
128 283
128 424
128 479
128 605
128 619
128 637
128 657
128 673
128 780
129 186
129 358
129 377
129 475
129 527
129 564
129 575
129 576
129 660
129 731
129 763
129 764
129 786
130 203
130 296
130 383
130 405
130 535
130 553
130 713
130 854
130 896
130 917
131 383
131 442
131 554
131 583
131 591
131 848
131 969
131 974
132 189
132 275
132 279
132 287
132 324
132 349
132 384
132 440
132 475
132 607
132 689
132 695
132 806
132 838
132 860
132 874
132 932
132 959
132 973
132 997
133 220
133 241
133 297
133 321
133 356
133 623
133 678
133 753
133 868
134 235
134 296
134 298
134 312
134 370
134 434
134 650
134 743
134 766
134 854
134 860
134 998
135 229
135 433
135 502
135 585
135 588
135 674
135 784
135 851
135 905
135 973
136 148
136 301
136 426
136 560
136 628
136 684
136 696
136 800
136 838
136 909
136 965
136 999
137 267
137 373
137 441
137 465
137 586
137 686
137 768
137 862
137 928
137 936
137 994
137 995
138 462
138 492
138 631
138 811
138 980
139 214
139 275
139 327
139 351
139 359
139 412
139 579
139 585
139 606
139 612
139 622
139 642
139 665
139 714
139 797
139 869
139 925
139 948
139 989
140 160
140 216
140 387
140 573
140 648
140 735
140 887
140 967
141 330
141 335
141 643
141 671
141 738
141 751
141 796
141 834
141 889
141 955
142 220
142 329
142 460
142 626
142 705
142 788
142 848
142 892
142 963
143 154
143 465
143 639
143 757
143 803
143 836
143 845
143 849
143 890
143 982
144 309
144 340
144 341
144 566
144 638
144 690
144 864
145 255
145 399
145 567
145 580
145 708
145 731
145 928
145 998
146 243
146 247
146 265
146 308
146 479
146 588
146 674
146 714
146 788
146 809
146 912
146 929
147 275
147 382
147 388
147 395
147 538
147 549
147 669
147 858
147 946
148 229
148 258
148 266
148 283
148 287
148 306
148 355
148 447
148 460
148 552
148 667
148 761
148 961
149 189
149 226
149 378
149 403
149 424
149 624
149 756
149 828
149 829
149 843
149 870
149 951
149 993
150 186
150 204
150 208
150 266
150 460
150 486
150 632
150 639
150 658
150 667
150 692
150 742
150 807
150 848
150 883
150 884
150 979
151 240
151 436
151 581
152 181
152 211
152 348
152 412
152 475
152 491
152 528
152 634
152 689
152 699
152 811
152 822
152 894
152 980
153 261
153 275
153 278
153 360
153 375
153 408
153 465
153 538
153 642
153 725
153 822
153 874
153 990
154 195
154 218
154 219
154 226
154 274
154 284
154 387
154 394
154 808
154 871
154 872
154 965
154 981
155 202
155 209
155 268
155 294
155 390
155 431
155 540
155 576
155 727
155 748
155 787
155 881
156 230
156 268
156 306
156 453
156 519
156 599
156 658
156 747
156 842
156 874
156 883
157 180
157 274
157 303
157 358
157 369
157 446
157 471
157 566
157 569
157 584
157 591
157 598
157 712
157 726
157 829
158 210
158 260
158 363
158 453
158 482
158 624
158 884
158 979
159 267
159 280
159 394
159 424
159 426
159 441
159 485
159 488
159 591
159 596
159 724
159 736
159 744
159 753
159 888
159 912
160 273
160 284
160 400
160 410
160 417
160 429
160 494
160 527
160 559
160 589
160 700
160 804
160 943
160 957
160 969
161 182
161 317
161 447
161 462
161 544
161 561
161 581
161 750
161 774
161 846
161 861
161 873
161 936
161 953
162 263
162 267
162 295
162 385
162 425
162 550
162 596
162 656
162 699
162 798
162 896
162 934
163 189
163 201
163 265
163 368
163 412
163 426
163 554
163 556
163 763
163 852
163 870
164 303
164 397
164 407
164 421
164 443
164 549
164 627
164 662
164 824
164 903
164 941
165 388
165 551
165 709
165 723
165 739
165 741
165 797
165 823
165 897
165 998
166 203
166 219
166 248
166 324
166 518
166 535
166 556
166 618
166 723
166 740
166 752
166 759
166 774
166 831
166 832
166 916
166 917
166 989
166 1000
167 196
167 245
167 253
167 268
167 289
167 381
167 407
167 509
167 716
167 748
167 811
167 900
167 961
168 201
168 441
168 497
168 594
168 598
168 705
168 763
168 805
168 879
169 219
169 279
169 300
169 391
169 511
169 660
169 695
169 754
169 866
169 869
169 977
169 988
170 189
170 242
170 339
170 343
170 356
170 380
170 454
170 666
170 906
170 955
170 972
171 269
171 307
171 345
171 364
171 411
171 432
171 448
171 484
171 524
171 559
171 604
171 980
171 991
172 251
172 434
172 439
172 539
172 619
172 635
172 734
172 756
172 781
172 814
172 831
172 977
172 993
173 410
173 452
173 541
173 823
173 843
174 238
174 309
174 338
174 448
174 552
174 575
174 584
174 604
174 665
174 673
174 718
174 926
174 1000
175 189
175 337
175 388
175 425
175 511
175 574
175 644
175 834
175 871
175 913
176 186
176 269
176 283
176 293
176 324
176 329
176 370
176 494
176 514
176 570
176 649
176 663
176 675
176 704
176 839
176 857
176 992
177 343
177 433
177 475
177 557
177 768
177 829
177 838
177 842
177 918
177 923
177 951
177 967
177 983
178 190
178 316
178 352
178 563
178 569
178 574
178 577
178 634
178 684
178 702
178 740
178 742
178 847
179 195
179 217
179 251
179 274
179 314
179 358
179 486
179 527
179 555
179 657
179 661
179 681
179 685
179 789
179 821
179 836
179 854
179 907
179 923
179 987
180 222
180 393
180 512
180 631
180 689
180 759
181 292
181 305
181 363
181 603
181 624
181 731
181 827
181 893
181 999
182 189
182 195
182 296
182 414
182 422
182 518
182 525
182 684
182 694
182 708
182 730
182 783
182 876
182 990
183 319
183 333
183 447
183 555
183 632
183 671
183 684
183 741
183 821
183 899
183 932
184 199
184 211
184 314
184 386
184 611
184 642
184 645
184 732
184 787
184 800
184 834
184 882
184 904
185 234
185 239
185 247
185 312
185 353
185 370
185 383
185 452
185 505
185 597
185 642
185 677
185 858
185 995
186 227
186 259
186 260
186 281
186 488
186 568
186 604
186 711
186 778
186 843
186 948
187 193
187 356
187 483
187 549
187 583
187 669
187 730
187 778
187 828
187 891
188 198
188 250
188 465
188 471
188 482
188 606
188 656
188 657
188 688
188 828
188 849
188 930
189 324
189 442
189 513
189 844
189 870
189 916
189 939
190 218
190 379
190 449
190 477
190 527
190 564
190 613
190 616
190 620
190 648
190 679
190 724
190 755
190 760
190 762
191 193
191 199
191 270
191 287
191 309
191 387
191 458
191 467
191 569
191 679
191 734
191 784
191 817
191 821
192 220
192 408
192 421
192 467
192 489
192 499
192 553
192 572
192 590
192 756
192 856
192 887
192 969
193 202
193 215
193 390
193 438
193 588
193 772
193 812
193 974
194 283
194 292
194 370
194 411
194 412
194 458
194 556
194 694
194 705
194 733
194 772
194 791
195 290
195 341
195 447
195 505
195 548
195 569
195 654
195 674
195 773
195 801
195 839
195 880
195 882
195 976
196 296
196 371
196 412
196 740
196 876
196 957
197 306
197 495
197 591
197 761
197 811
197 887
197 891
197 897
198 232
198 271
198 295
198 324
198 464
198 470
198 496
198 499
198 640
198 648
198 701
198 911
198 943
199 302
199 362
199 363
199 486
199 489
199 521
199 581
199 714
199 812
199 947
199 984
200 240
200 424
200 449
200 596
200 599
200 761
200 791
201 266
201 307
201 342
201 363
201 374
201 387
201 580
201 588
201 733
201 743
201 772
201 827
201 872
201 993
202 261
202 262
202 287
202 420
202 450
202 483
202 613
202 624
202 640
202 737
202 837
202 939
203 236
203 301
203 404
203 473
203 506
203 576
203 602
203 636
203 649
203 676
203 682
203 830
203 928
203 938
203 977
204 258
204 352
204 378
204 404
204 435
204 504
204 612
204 628
204 684
204 723
204 994
205 436
205 475
205 558
205 571
205 622
205 655
205 696
205 721
205 921
205 1000
206 212
206 357
206 435
206 443
206 507
206 539
206 559
206 592
206 641
206 663
206 715
206 840
206 900
206 944
206 1000
207 262
207 376
207 437
207 456
207 499
207 545
207 574
207 713
207 731
207 798
207 812
207 871
207 892
207 937
207 994
208 217
208 383
208 501
208 504
208 583
208 584
208 597
208 721
208 812
208 932
208 989
209 343
209 399
209 491
209 570
209 621
209 724
209 725
209 767
209 824
210 271
210 546
210 561
210 585
210 595
210 616
210 651
210 789
210 834
210 846
210 864
210 870
210 978
210 991
211 273
211 352
211 368
211 393
211 406
211 521
211 527
211 532
211 700
211 765
211 870
211 889
211 956
211 969
212 227
212 257
212 281
212 374
212 402
212 419
212 733
212 906
212 921
212 928
212 939
212 990
213 264
213 359
213 373
213 408
213 428
213 437
213 452
213 471
213 658
213 723
213 857
213 876
213 887
213 921
213 956
214 221
214 251
214 253
214 274
214 400
214 433
214 451
214 509
214 527
214 549
214 573
214 638
214 779
214 936
214 996
215 263
215 413
215 450
215 460
215 483
215 513
215 596
215 660
215 755
215 785
215 935
216 392
216 483
216 541
216 564
216 606
216 651
216 890
216 922
216 987
217 281
217 421
217 436
217 550
217 618
217 812
217 826
217 924
217 965
218 276
218 306
218 400
218 451
218 631
218 706
218 751
218 816
218 863
218 890
219 246
219 294
219 579
219 809
220 229
220 279
220 405
220 662
220 695
220 702
220 718
220 734
220 799
220 800
220 825
220 849
220 851
220 970
220 979
221 349
221 360
221 497
221 531
221 572
221 768
221 797
221 851
221 864
221 946
222 255
222 270
222 471
222 492
222 557
222 903
222 910
223 230
223 231
223 281
223 288
223 289
223 293
223 352
223 396
223 405
223 710
223 807
223 863
223 912
223 933
223 938
223 941
224 229
224 273
224 292
224 431
224 645
224 658
224 659
224 781
224 831
224 896
224 909
224 972
224 973
225 253
225 315
225 331
225 423
225 432
225 629
225 775
225 789
225 840
225 860
225 865
226 280
226 304
226 348
226 479
226 678
226 762
226 782
226 905
226 913
226 939
226 958
227 433
227 602
227 674
227 749
227 972
228 230
228 249
228 251
228 334
228 361
228 362
228 476
228 480
228 516
228 606
228 653
228 655
228 727
228 898
228 922
228 935
228 959
229 250
229 282
229 345
229 354
229 360
229 368
229 582
229 757
229 785
229 834
229 898
230 341
230 430
230 628
230 701
230 731
230 823
230 870
230 911
230 992
231 327
231 389
231 419
231 596
231 616
231 694
231 812
231 977
231 995
232 242
232 279
232 312
232 352
232 439
232 474
232 688
232 922
232 964
232 970
233 311
233 492
233 513
233 522
233 571
233 595
233 687
233 749
233 814
233 843
233 907
234 256
234 316
234 396
234 433
234 503
234 521
234 537
234 553
234 561
234 576
234 597
234 610
234 643
234 680
234 740
234 777
234 888
234 971
235 290
235 309
235 424
235 438
235 454
235 598
235 874
235 955
236 303
236 327
236 335
236 486
236 505
236 513
236 521
236 609
236 617
236 746
236 865
236 950
237 295
237 313
237 471
237 487
237 571
237 787
237 816
237 840
237 899
237 902
238 323
238 383
238 469
238 495
238 536
238 580
238 607
238 667
238 702
238 984
239 242
239 264
239 292
239 325
239 351
239 371
239 454
239 470
239 592
239 608
239 707
239 714
239 768
239 785
239 877
239 900
240 258
240 296
240 307
240 382
240 396
240 400
240 506
240 521
240 525
241 386
241 399
241 513
241 592
241 754
241 769
241 836
241 866
241 965
242 264
242 274
242 366
242 403
242 443
242 444
242 500
242 565
242 625
242 726
242 772
243 273
243 404
243 499
243 530
243 587
243 672
243 679
243 693
243 739
243 791
243 812
243 877
244 254
244 290
244 306
244 311
244 624
244 635
244 668
244 707
244 927
244 968
245 270
245 427
245 504
245 598
245 608
245 748
245 749
245 781
245 954
246 383
246 574
246 627
246 645
246 817
247 372
247 399
247 415
247 434
247 436
247 659
247 703
247 852
248 305
248 350
248 392
248 432
248 485
248 486
248 573
248 584
248 590
248 734
248 821
249 273
249 449
249 591
249 598
249 835
249 892
249 924
249 926
250 303
250 440
250 564
250 624
250 739
250 763
250 807
250 922
250 970
251 254
251 347
251 355
251 460
251 635
251 890
251 924
251 955
251 964
251 980
252 292
252 364
252 454
252 459
252 490
252 718
252 759
252 855
252 870
253 400
253 411
253 490
253 913
253 952
254 318
254 473
254 489
254 623
254 698
254 703
254 727
254 772
254 783
254 888
254 940
254 997
255 351
255 362
255 425
255 522
255 531
255 596
255 718
255 730
255 832
255 843
255 848
255 909
255 935
256 265
256 284
256 439
256 490
256 595
257 413
257 488
257 510
257 524
257 617
257 626
257 726
257 807
257 860
257 923
257 942
257 975
258 260
258 290
258 317
258 373
258 440
258 539
258 593
258 749
258 816
258 848
258 873
258 915
258 924
258 967
259 261
259 350
259 390
259 441
259 486
259 494
259 556
259 584
259 701
259 766
259 802
259 941
259 979
260 388
260 414
260 657
260 716
260 723
260 775
260 796
260 908
261 302
261 340
261 427
261 632
261 801
261 807
261 820
261 862
261 877
261 901
261 910
262 333
262 666
262 796
262 869
263 564
263 884
263 933
263 984
264 294
264 375
264 438
264 488
264 527
264 533
264 550
264 606
264 658
264 686
264 687
264 825
264 886
264 940
264 979
265 304
265 340
265 397
265 422
265 460
265 466
265 580
265 589
265 652
265 664
265 703
265 724
265 822
266 433
266 476
266 484
266 725
266 924
267 282
267 346
267 379
267 431
267 555
267 556
267 867
267 896
267 905
267 916
267 923
267 965
268 348
268 375
268 425
268 440
268 490
268 971
269 320
269 373
269 387
269 524
269 550
269 563
269 578
269 663
269 707
269 759
269 838
269 905
269 949
270 551
270 560
270 608
270 724
270 915
270 949
271 354
271 534
271 606
271 615
271 636
271 915
271 923
271 980
272 472
272 609
272 695
272 840
272 876
272 943
273 297
273 344
273 351
273 508
273 627
273 781
273 927
273 981
273 986
273 999
274 590
274 657
274 698
274 812
274 837
274 846
274 848
274 909
275 404
275 438
275 444
275 479
275 489
275 494
275 496
275 705
275 727
275 758
275 948
276 296
276 359
276 478
276 527
276 551
276 555
276 579
276 609
276 635
276 718
276 805
276 812
276 847
276 894
277 308
277 380
277 478
277 557
277 568
277 574
277 663
277 675
277 703
277 843
277 894
277 920
277 939
278 290
278 325
278 513
278 556
278 739
278 743
278 819
278 857
278 999
279 361
279 397
279 462
279 508
279 652
279 755
279 894
279 991
280 292
280 334
280 397
280 444
280 520
280 561
280 590
280 607
280 626
280 641
280 706
280 727
280 774
280 908
281 325
281 366
281 370
281 466
281 470
281 535
281 689
281 820
282 286
282 369
282 419
282 465
282 685
282 779
282 854
282 943
282 985
283 450
283 455
283 518
283 578
283 594
283 596
283 688
283 694
283 744
283 797
283 856
283 949
284 352
284 487
284 496
284 544
284 687
284 798
284 854
284 884
284 919
284 931
285 455
285 499
285 500
285 585
285 636
285 704
285 738
285 744
285 861
285 910
285 944
285 991
286 577
286 580
286 581
286 655
286 669
286 762
286 765
286 949
286 967
286 988
287 407
287 493
287 563
287 576
287 602
287 610
287 645
287 646
287 788
287 995
288 366
288 388
288 455
288 769
289 414
289 433
289 437
289 482
289 519
289 783
289 796
289 841
289 846
289 876
289 962
289 987
290 356
290 368
290 430
290 464
290 595
290 686
290 812
290 837
290 959
291 337
291 415
291 435
291 628
291 882
291 898
291 936
292 298
292 377
292 404
292 426
292 445
292 759
292 767
292 980
293 363
293 389
293 436
293 450
293 482
293 488
293 511
293 635
293 783
293 841
293 958
294 338
294 467
294 603
294 649
294 694
294 821
294 887
294 997
295 375
295 428
295 521
295 623
295 721
295 797
295 802
295 833
296 344
296 525
296 625
296 652
296 767
296 787
296 827
296 974
297 455
297 494
297 582
297 690
297 702
297 832
297 836
297 926
297 935
297 990
297 996
298 424
298 474
298 562
298 666
298 760
298 842
298 847
299 356
299 360
299 478
299 526
299 649
299 654
299 693
299 707
299 845
299 912
299 937
300 357
300 407
300 408
300 499
300 614
300 677
300 685
300 730
300 754
300 785
300 791
300 981
301 348
301 373
301 381
301 571
301 578
301 588
301 613
301 662
301 669
301 977
302 339
302 351
302 398
302 518
302 539
302 565
302 692
302 824
302 882
302 889
302 932
302 960
303 430
303 468
303 493
303 527
303 530
303 554
303 631
303 668
303 682
303 714
303 866
303 907
303 983
304 326
304 525
304 618
304 636
304 665
304 911
305 377
305 429
305 520
305 605
305 784
305 878
306 512
306 529
306 661
306 708
306 721
306 722
306 746
306 781
306 787
306 883
307 319
307 322
307 355
307 377
307 545
307 622
307 625
307 824
307 862
307 865
307 932
308 313
308 331
308 343
308 363
308 404
308 471
308 599
308 609
308 652
308 707
308 793
308 795
308 907
308 992
309 480
309 711
309 788
309 792
309 996
310 316
310 389
310 440
310 550
310 592
310 643
310 665
310 689
310 725
310 761
310 856
310 894
311 365
311 461
311 498
311 566
311 627
311 677
311 794
312 446
312 561
312 614
312 865
312 876
312 880
312 962
312 986
313 384
313 458
313 518
313 802
313 811
313 951
313 961
313 985
313 994
314 315
314 456
314 477
314 489
314 518
314 631
314 788
314 848
314 962
315 419
315 447
315 457
315 508
315 584
315 665
315 738
315 779
315 830
315 851
315 922
315 962
316 335
316 364
316 372
316 416
316 577
316 719
317 459
317 676
317 714
317 764
317 877
317 882
317 901
317 920
318 368
318 381
318 578
318 610
318 681
318 729
318 784
318 902
318 998
319 330
319 364
319 399
319 509
319 561
319 660
319 833
319 871
319 940
319 944
319 977
320 418
320 571
320 581
320 774
320 792
320 862
320 987
320 989
321 354
321 362
321 367
321 379
321 494
321 595
321 605
321 664
321 680
321 812
321 847
321 888
321 975
321 979
322 416
322 583
322 871
323 330
323 367
323 387
323 389
323 463
323 562
323 852
323 885
324 332
324 433
324 484
324 496
324 638
324 644
324 937
324 949
325 353
325 449
325 551
325 726
325 875
326 397
326 478
326 533
326 663
326 722
326 725
326 763
326 806
327 459
327 557
327 603
327 731
327 757
327 828
327 880
327 884
327 954
327 956
328 371
328 468
328 581
328 822
328 837
328 841
328 880
328 888
329 355
329 447
329 460
329 774
329 942
330 425
330 433
330 486
330 566
330 569
330 674
330 683
330 748
330 886
331 373
331 377
331 390
331 405
331 524
331 555
331 595
331 601
331 654
331 669
331 704
331 716
331 717
331 722
331 827
331 927
332 356
332 400
332 464
332 683
332 714
332 744
332 752
332 761
332 916
333 374
333 404
333 520
333 523
333 552
333 652
333 876
333 994
334 417
334 538
334 708
334 743
334 748
334 769
334 839
334 853
334 875
334 946
334 958
334 991
335 414
335 425
335 560
335 657
335 716
335 741
335 762
335 765
335 776
335 796
335 797
335 866
336 339
336 394
336 452
336 504
336 553
336 558
336 564
336 647
336 660
336 711
336 724
336 804
336 866
336 951
337 340
337 370
337 372
337 383
337 391
337 402
337 405
337 438
337 483
337 486
337 560
337 612
337 653
337 703
337 718
337 839
337 926
337 928
337 943
337 977
337 996
338 349
338 431
338 485
338 521
338 545
338 689
338 705
338 727
338 926
338 928
338 931
338 975
339 381
339 422
339 598
339 707
339 809
339 838
339 995
340 383
340 552
340 595
340 642
340 698
340 777
340 835
340 839
340 996
341 452
341 571
341 588
341 672
341 757
341 828
341 857
341 870
341 932
342 348
342 391
342 394
342 516
342 572
342 588
342 662
342 722
342 764
342 794
342 880
342 903
342 970
342 988
343 438
343 461
343 474
343 497
343 592
343 601
343 736
343 743
343 863
343 924
343 938
344 508
344 624
344 680
344 789
344 801
344 848
344 953
344 982
344 986
345 362
345 461
345 498
345 569
345 607
345 723
345 781
345 788
345 851
345 927
346 406
346 417
346 443
346 456
346 464
346 465
346 602
346 687
346 746
346 770
346 791
346 799
346 820
346 836
347 374
347 437
347 439
347 446
347 555
347 560
347 584
347 714
347 745
347 842
348 426
348 785
348 836
348 960
349 422
349 473
349 675
349 689
349 702
349 799
349 815
349 817
349 834
349 850
349 889
349 991
350 374
350 550
350 728
350 906
350 930
350 993
351 389
351 404
351 549
351 687
351 699
351 781
351 825
351 839
351 883
352 522
352 532
352 546
352 626
352 719
352 724
352 871
352 923
352 960
352 983
353 366
353 589
353 594
353 643
353 650
353 775
353 836
353 969
354 366
354 493
354 504
354 581
354 753
354 837
354 891
355 482
355 755
356 379
356 437
356 488
356 652
356 656
356 675
356 959
356 980
357 445
357 456
357 457
357 474
357 482
357 504
357 567
357 593
357 845
357 890
357 932
358 379
358 501
358 660
358 728
358 743
358 793
359 376
359 477
359 689
359 699
359 848
359 894
360 384
360 388
360 555
360 573
360 603
360 653
360 655
360 685
360 766
360 851
360 888
361 402
361 412
361 422
361 461
361 617
361 662
361 752
361 834
362 422
362 467
362 473
362 486
362 573
362 668
362 823
362 835
363 516
363 524
363 724
363 763
363 828
363 985
364 436
364 452
364 471
364 581
364 660
364 800
364 835
364 984
365 391
365 396
365 417
365 560
365 584
365 664
365 681
365 686
365 725
365 738
365 762
365 768
365 798
365 825
365 829
365 897
365 928
366 405
366 450
366 844
366 957
366 964
367 417
367 551
367 613
367 980
368 432
368 828
368 843
368 897
368 938
369 385
369 487
369 544
369 687
369 706
369 762
369 912
369 973
370 873
370 908
370 917
370 932
370 989
371 463
371 543
371 710
371 761
371 891
371 917
371 941
371 996
372 524
372 627
372 638
372 764
372 856
372 872
372 928
372 930
372 945
372 968
373 519
373 522
373 617
373 636
373 659
373 821
373 834
373 931
373 956
374 440
374 470
374 605
374 828
374 906
374 937
374 952
375 501
375 576
375 588
375 615
375 633
375 715
375 751
375 765
375 808
375 881
375 985
376 635
376 654
376 658
376 667
376 680
376 717
376 792
376 829
377 416
377 643
377 771
377 841
377 843
377 862
377 883
377 885
377 938
377 970
378 442
378 466
378 500
378 665
378 667
378 745
378 810
378 819
378 836
379 449
379 598
379 671
379 787
379 914
379 964
379 996
380 432
380 503
380 508
380 520
380 552
380 614
380 713
380 740
380 811
380 847
380 949
381 495
381 500
381 561
381 683
381 695
381 822
381 864
381 922
382 386
382 437
382 512
382 553
382 592
382 617
382 625
382 739
382 861
382 870
382 908
382 928
383 557
383 609
383 649
383 745
383 751
383 764
383 789
383 991
384 389
384 415
384 471
384 532
384 540
384 558
384 576
384 588
384 698
384 788
384 829
384 847
384 857
384 884
385 404
385 653
385 680
385 767
385 871
385 903
385 905
385 931
386 421
386 541
386 568
386 628
386 682
386 887
386 903
386 913
386 916
386 960
387 610
387 757
387 784
387 788
387 836
387 848
387 979
388 451
388 550
388 736
388 753
388 870
388 980
389 487
389 506
389 548
389 731
389 902
389 918
390 509
390 637
390 652
390 680
390 711
391 475
391 513
391 544
391 547
391 561
391 583
391 634
391 770
391 799
391 816
391 861
391 957
392 393
392 480
392 494
392 558
392 615
392 650
392 652
392 726
392 734
392 735
392 765
392 950
393 398
393 445
393 480
393 497
393 538
393 678
393 714
393 715
393 852
393 999
394 594
394 666
394 701
394 764
394 927
395 406
395 440
395 475
395 493
395 550
395 570
395 589
395 650
395 754
396 496
396 545
396 569
396 574
396 780
397 411
397 478
397 541
397 729
397 738
397 739
397 756
397 778
397 779
397 870
398 470
398 540
398 888
398 972
399 518
399 638
399 660
399 703
399 827
399 833
399 928
399 941
399 958
400 426
400 498
400 566
400 568
400 569
400 610
400 629
400 741
400 820
400 880
400 942
401 536
401 719
401 746
401 764
401 777
402 550
402 650
402 764
402 771
403 525
403 613
403 624
403 676
403 772
403 774
403 779
403 793
403 831
403 868
403 994
404 469
404 477
404 512
404 644
404 726
404 736
404 796
404 870
404 985
405 423
405 427
405 456
405 498
405 564
405 656
405 669
405 864
405 883
405 944
405 991
406 515
406 587
406 695
406 801
406 824
406 835
406 843
406 873
406 993
407 442
407 459
407 468
407 522
407 662
407 730
407 869
407 945
407 950
408 551
408 669
408 698
408 770
408 782
408 798
408 833
408 871
409 433
409 440
409 489
409 575
409 872
409 949
409 961
409 973
409 985
410 487
410 688
411 466
411 633
411 687
411 793
411 841
411 900
412 439
412 558
412 655
412 665
412 740
412 818
412 886
412 889
412 918
412 979
413 456
413 469
413 566
413 635
413 638
413 641
413 881
413 993
414 479
414 544
414 551
414 623
414 707
414 731
414 846
414 852
415 766
415 794
415 810
415 898
415 920
415 967
416 423
416 459
416 509
416 600
416 636
416 655
416 692
416 743
416 746
416 796
416 813
416 900
416 913
417 589
417 617
417 691
417 862
417 874
417 894
417 917
417 965
417 999
417 1000
418 470
418 521
418 564
418 700
418 707
418 807
418 855
418 938
419 432
419 455
419 456
419 516
419 565
419 647
419 655
419 817
419 848
419 992
420 427
420 459
420 477
420 487
420 704
420 719
420 743
420 816
420 841
420 955
421 562
421 772
421 782
421 952
421 981
421 998
422 483
422 503
422 738
422 864
422 895
423 431
423 495
423 502
423 506
423 539
423 581
423 620
423 725
423 730
423 802
423 886
423 978
424 557
424 620
424 639
424 819
424 840
424 844
425 435
425 473
425 539
425 612
425 625
425 647
425 655
425 700
425 755
425 802
425 855
425 897
425 976
426 582
426 717
426 722
426 750
426 795
426 809
426 823
427 548
427 552
427 570
427 629
427 700
427 750
427 838
427 866
427 886
427 971
427 973
427 994
428 437
428 555
428 664
428 681
428 712
428 816
428 847
428 989
429 464
429 509
429 661
429 835
429 846
429 858
430 818
430 837
431 482
431 503
431 529
431 581
431 642
431 653
431 662
431 684
431 769
431 868
431 878
431 895
432 441
432 570
432 604
432 700
432 703
432 727
432 794
432 945
433 499
433 514
433 625
433 898
433 934
433 982
434 497
434 550
434 601
434 695
434 782
434 862
434 948
435 464
435 512
435 540
435 683
435 696
435 843
435 848
435 902
436 482
436 499
436 568
436 586
436 800
436 882
436 943
437 554
437 727
437 885
437 909
438 446
438 644
438 752
438 791
438 1000
439 503
439 509
439 728
439 737
439 757
439 765
439 819
439 853
440 453
440 459
440 469
440 507
440 547
440 571
440 609
440 748
440 888
440 976
441 576
441 713
441 821
441 868
441 951
441 955
441 1000
442 499
442 554
442 654
442 736
442 784
442 826
442 878
442 892
442 899
442 979
443 574
443 681
444 504
444 533
444 640
444 763
444 798
444 871
444 883
445 645
445 723
445 756
445 841
446 534
446 562
446 693
446 736
446 776
446 783
446 858
447 574
447 581
447 653
447 678
447 690
447 737
447 740
447 783
447 814
447 854
447 956
447 975
448 852
448 881
449 484
449 604
449 644
449 946
450 505
450 514
450 546
450 652
450 673
450 759
450 834
450 882
450 992
451 496
451 509
451 638
451 696
451 744
451 936
451 966
451 979
452 512
452 521
452 573
452 660
452 665
452 703
452 734
452 791
452 907
452 919
452 948
452 983
453 491
453 596
453 632
453 666
453 682
453 779
453 887
453 943
454 531
454 622
454 673
454 712
454 717
454 750
454 768
454 781
454 813
454 861
455 655
455 665
455 737
455 739
455 763
455 791
455 793
456 465
456 513
456 552
456 567
456 578
456 837
456 839
457 533
457 610
457 661
457 664
457 732
457 742
457 972
458 476
458 547
458 560
458 618
458 657
458 686
458 787
458 840
458 850
458 893
458 934
459 500
459 533
459 711
459 923
459 969
460 605
460 685
460 719
460 732
460 781
460 874
460 887
460 947
460 995
461 500
461 536
461 660
461 717
461 777
461 914
461 929
462 650
462 661
462 688
462 694
462 899
462 920
462 945
462 962
462 984
462 990
463 493
463 527
463 703
463 718
463 835
463 874
463 907
463 908
463 913
463 938
463 951
464 475
464 499
464 527
464 570
464 611
464 666
464 813
464 936
464 968
465 473
465 540
465 577
465 610
465 626
465 639
465 645
465 703
465 766
465 815
465 902
465 909
465 950
466 470
466 511
466 629
466 673
466 682
466 690
466 724
466 728
466 762
466 990
467 520
467 566
467 596
467 647
467 793
467 823
467 903
467 918
467 946
467 981
468 488
468 554
468 565
468 582
468 668
468 688
468 702
468 704
468 726
468 814
468 848
468 862
468 940
469 600
469 695
469 702
469 756
469 869
469 898
470 490
470 689
470 699
470 748
471 502
471 558
471 576
471 618
471 793
471 811
471 837
471 843
471 862
471 996
472 529
472 553
472 798
472 823
472 921
473 501
473 524
473 776
473 779
473 787
473 862
473 917
473 947
474 636
474 675
474 677
474 752
474 818
474 967
475 477
475 503
475 630
475 654
475 656
475 672
475 678
475 845
476 481
476 495
476 603
476 629
476 728
476 762
476 808
476 871
476 903
476 921
477 480
477 482
477 553
477 611
477 658
477 703
477 795
477 834
477 861
477 872
477 877
478 510
478 523
478 546
478 595
478 826
478 831
478 879
478 920
478 929
478 979
479 560
479 577
479 615
479 643
479 773
479 775
479 797
479 841
479 990
480 491
480 521
480 538
480 633
480 653
480 794
480 815
480 863
480 871
481 496
481 512
481 533
481 704
481 917
482 559
482 740
482 851
483 547
483 559
483 632
483 638
483 690
483 721
483 800
483 873
483 948
484 526
484 635
484 652
484 682
484 746
484 809
484 851
484 898
485 537
485 722
485 873
485 877
486 488
486 531
486 591
486 627
486 700
486 726
486 792
486 809
487 528
487 685
487 886
488 514
488 519
488 600
488 624
488 653
488 762
488 945
489 543
489 579
489 723
489 739
489 760
489 777
489 845
489 875
489 968
489 985
490 546
490 624
490 645
490 731
490 760
490 825
490 829
490 930
490 939
490 940
490 984
491 528
491 924
491 974
491 995
492 533
492 922
492 967
493 512
493 523
493 629
493 647
493 700
493 772
493 800
493 898
493 1000
494 515
494 518
494 635
494 779
494 866
494 883
494 942
494 972
494 980
495 620
495 748
496 601
496 607
496 676
496 795
496 860
496 908
497 646
497 788
497 824
497 923
498 501
498 556
498 660
498 718
498 835
498 865
499 505
499 561
499 620
499 861
499 897
499 915
499 932
499 983
499 994
500 566
500 569
500 666
500 684
500 690
500 752
500 792
500 854
500 867
500 887
500 913
501 529
501 553
501 764
501 829
501 875
501 899
501 966
502 541
502 560
502 570
502 599
502 604
502 725
502 735
502 778
502 885
502 934
502 945
503 546
503 680
503 990
504 702
504 769
504 841
504 899
504 999
505 522
505 651
505 864
505 887
506 545
506 604
506 677
506 882
507 610
507 626
507 684
507 696
507 713
507 731
507 778
507 825
507 829
507 924
507 926
507 935
507 954
507 971
507 977
508 649
508 728
508 743
508 824
508 873
508 936
509 548
509 648
509 691
509 818
509 873
509 937
509 978
510 513
510 549
510 593
510 607
510 784
510 863
510 901
510 927
511 514
511 518
511 562
511 596
511 622
511 692
511 702
511 703
511 720
511 777
511 802
511 987
512 554
512 587
512 699
512 881
512 918
513 608
513 737
513 791
513 855
513 858
513 861
513 866
513 946
513 953
513 998
513 1000
514 567
514 578
514 637
514 640
514 688
514 723
514 727
514 752
514 759
514 799
514 813
514 913
514 939
514 992
515 531
515 609
515 658
515 679
515 693
515 708
515 726
515 784
515 820
515 957
516 619
516 814
517 571
517 581
517 584
517 715
517 719
517 721
517 735
517 858
517 927
517 929
518 535
518 538
518 540
518 572
518 620
518 846
519 578
519 686
519 712
519 766
519 771
519 824
520 719
520 852
520 856
520 885
520 896
520 926
520 982
521 627
521 678
521 788
521 792
521 893
522 664
522 742
522 795
522 858
522 886
523 597
523 599
523 699
523 829
523 836
523 868
523 889
523 893
523 911
523 956
524 652
524 662
524 798
524 828
524 864
524 884
524 902
524 928
524 948
524 957
525 677
525 875
525 951
526 621
526 680
526 774
527 562
527 583
527 615
527 619
527 691
527 909
527 944
527 946
528 529
528 574
528 800
528 812
528 834
528 995
528 999
529 642
529 795
529 828
529 863
529 941
529 947
529 964
529 971
530 592
530 796
530 828
530 938
530 993
531 542
531 602
531 740
531 754
531 757
531 787
531 819
531 821
531 823
531 857
532 543
532 571
532 684
532 687
532 713
532 730
532 754
532 813
532 815
532 827
532 860
532 882
532 923
533 556
533 573
533 614
533 730
533 736
533 862
533 911
533 932
533 959
534 833
534 900
534 905
535 567
535 590
535 803
536 553
536 644
536 658
536 771
536 933
536 955
537 581
537 766
537 854
538 836
538 920
538 924
539 589
539 669
539 899
540 573
540 618
540 747
541 581
541 603
541 620
541 630
541 637
541 639
541 710
541 762
541 853
541 858
541 900
541 967
542 554
542 604
542 771
542 988
543 696
543 711
543 755
543 911
543 932
544 632
544 637
544 861
544 878
544 914
545 551
545 566
545 625
545 629
545 663
545 720
545 839
545 905
545 932
545 981
546 556
546 573
546 638
546 723
546 783
546 817
546 973
547 579
547 699
547 725
547 754
547 841
547 864
547 906
548 609
548 633
548 639
548 685
548 695
548 702
548 717
548 741
548 927
548 945
548 988
549 570
549 609
549 752
549 843
549 855
549 876
549 909
550 559
550 682
550 724
550 804
551 596
551 607
551 839
551 887
552 634
552 640
552 648
552 668
552 690
552 691
552 723
552 755
553 723
553 772
553 784
553 885
554 628
554 680
554 859
554 937
554 945
555 568
555 684
555 839
555 859
555 871
555 968
555 987
556 753
556 761
556 851
556 1000
557 714
557 855
557 890
557 989
557 994
557 998
558 589
558 597
558 706
558 716
558 733
558 736
558 808
558 840
558 905
558 927
558 933
558 943
559 614
559 725
559 764
559 808
559 991
560 633
560 681
560 968
561 611
561 682
561 812
561 881
561 932
561 989
562 583
562 589
562 622
562 625
562 742
562 815
562 861
562 898
562 943
562 981
562 988
562 1000
563 613
563 623
563 634
563 760
563 781
563 938
564 620
564 831
564 875
564 915
564 916
564 934
565 589
565 626
565 731
565 760
565 816
565 898
565 937
565 946
566 731
566 777
566 877
567 595
567 800
567 910
567 929
567 946
567 981
568 595
568 676
568 779
568 792
568 811
568 890
568 914
568 976
569 696
569 718
569 733
569 760
569 803
569 815
569 820
569 916
570 622
570 822
570 964
570 985
571 595
571 671
571 700
571 750
571 801
572 635
572 802
572 899
573 828
573 920
574 595
574 716
574 759
574 767
574 790
574 870
574 885
574 940
574 953
574 969
575 594
575 651
575 669
575 704
575 746
575 833
575 953
576 589
576 686
576 732
576 835
576 841
576 876
577 593
577 598
577 642
577 658
577 716
577 818
577 836
577 845
577 929
578 720
578 782
578 805
578 816
578 919
579 659
579 718
579 821
579 888
579 934
580 599
580 735
580 878
580 904
580 940
580 984
580 994
581 612
581 630
581 645
581 731
581 734
581 850
581 868
581 901
581 940
581 971
582 606
582 622
582 720
582 731
582 796
582 879
582 891
583 686
583 781
583 783
583 885
583 943
583 982
584 727
584 785
584 862
584 997
585 667
585 675
585 686
585 717
585 850
586 599
586 708
586 901
586 951
587 618
587 788
587 792
587 857
587 967
587 976
588 624
588 827
588 856
588 992
589 610
589 731
589 779
589 814
589 947
589 980
590 643
590 661
590 685
590 761
590 762
590 910
591 622
591 674
591 823
591 828
591 856
591 902
591 960
592 633
592 750
592 781
592 785
592 899
592 902
592 937
592 954
593 628
593 713
593 785
593 847
594 597
594 633
594 656
594 854
594 872
594 881
594 956
594 976
595 634
595 639
595 657
595 776
595 798
595 805
595 829
595 976
596 693
596 754
596 793
596 886
596 896
596 908
596 931
596 940
597 599
597 600
597 731
597 868
597 905
597 958
597 975
598 672
598 675
598 689
598 698
598 707
598 729
598 774
598 822
599 600
599 606
599 728
599 747
599 758
599 804
599 910
599 986
600 609
600 627
600 648
600 865
600 887
600 911
601 776
601 824
601 849
601 856
601 988
602 603
602 756
602 896
602 923
603 669
603 711
603 792
603 793
603 863
603 896
603 988
604 846
604 860
604 912
604 973
605 916
606 620
606 668
606 790
606 905
606 995
607 659
607 669
607 690
607 767
607 818
607 822
607 870
607 876
608 711
608 744
608 909
608 949
608 999
609 629
609 704
609 852
609 911
610 619
610 624
610 765
610 826
610 850
611 680
611 753
611 754
611 838
612 629
612 697
612 724
612 732
612 909
612 941
612 963
613 650
613 718
613 720
613 727
613 763
613 769
613 860
614 624
614 634
614 714
614 778
614 821
614 847
614 978
614 982
614 991
615 622
615 678
615 881
615 928
615 976
616 753
616 805
616 898
616 966
616 974
617 662
617 752
617 759
617 788
617 831
618 654
618 656
618 690
618 719
618 760
618 935
618 969
620 637
620 736
620 745
620 775
621 769
621 840
621 892
622 718
622 891
622 925
622 953
623 671
623 681
623 698
623 802
623 889
623 958
623 973
624 641
624 804
624 986
624 988
625 632
625 704
625 783
625 903
625 973
626 642
626 656
626 696
626 711
626 733
626 930
626 961
626 994
627 661
627 795
627 801
627 813
627 968
627 991
628 675
628 820
628 882
628 912
628 952
629 791
629 855
629 909
630 638
630 732
630 760
630 778
630 789
630 809
630 826
630 850
630 942
630 958
630 971
631 725
632 640
632 735
632 834
632 859
632 870
632 903
632 910
633 782
633 879
633 914
633 975
634 764
634 845
635 646
635 672
635 690
635 859
636 674
636 760
636 877
636 889
636 895
636 936
636 941
636 987
637 648
637 677
637 784
637 863
637 896
637 932
637 938
637 994
638 658
638 672
638 695
638 964
639 743
639 774
639 868
639 877
639 937
639 997
640 749
640 784
640 804
640 830
640 930
640 953
641 932
641 977
642 716
642 727
642 817
642 840
642 915
642 955
642 964
642 967
643 806
643 856
643 863
643 942
643 969
643 993
644 790
644 792
644 883
644 902
645 889
646 800
646 877
647 782
647 933
648 649
648 788
648 854
648 876
648 879
649 658
649 765
649 931
650 713
650 720
650 754
650 758
650 804
650 946
651 774
651 798
651 800
651 808
651 915
651 939
653 760
653 782
653 883
653 965
653 972
654 661
654 679
654 916
654 923
654 976
655 678
655 698
655 716
656 687
656 803
656 816
657 698
657 839
657 895
657 953
658 668
658 678
658 756
658 857
658 908
658 944
658 954
659 728
659 926
659 944
660 745
660 770
660 904
660 916
661 729
661 745
661 926
661 953
661 960
661 995
662 680
662 720
662 753
662 761
662 840
662 857
662 953
662 965
663 767
663 888
664 678
664 904
665 799
665 805
665 880
665 916
666 703
666 709
666 743
666 794
666 819
666 898
667 704
667 881
667 943
667 982
668 730
668 831
668 866
668 879
668 917
669 944
669 965
670 687
670 780
670 787
670 806
670 832
671 731
671 755
671 756
671 761
671 861
671 899
671 967
672 766
672 805
672 821
672 838
672 979
673 804
673 892
673 928
673 987
674 727
674 763
674 782
674 810
674 863
674 890
674 895
674 926
674 955
674 982
675 757
675 814
675 836
675 853
675 923
675 950
675 960
676 685
676 691
676 731
676 769
676 795
676 801
676 936
676 945
676 946
677 702
677 728
677 753
677 769
677 854
677 862
677 939
677 975
678 900
678 912
678 972
679 815
679 966
680 708
680 712
680 772
680 885
680 952
681 722
681 850
681 862
681 913
681 991
682 684
682 843
682 942
682 946
682 992
683 690
683 693
683 768
683 864
683 880
683 960
684 707
684 751
684 813
684 869
684 949
684 955
684 997
685 699
685 863
685 928
685 999
686 687
686 761
686 789
686 793
686 873
686 875
686 972
687 780
687 797
687 834
687 847
687 873
687 931
688 727
688 752
688 779
688 794
688 827
688 833
688 962
689 712
689 786
689 938
689 969
690 706
690 739
690 759
690 764
690 834
690 909
690 917
690 924
690 970
691 696
691 855
692 755
692 786
692 787
692 926
692 994
693 711
693 762
693 777
694 836
694 857
694 927
695 805
695 819
695 849
695 915
695 973
696 725
696 839
696 844
697 744
697 773
697 775
697 925
698 752
698 824
698 895
699 719
699 772
699 868
700 702
700 925
700 968
700 989
701 717
701 775
701 845
701 954
702 824
702 874
702 878
702 880
702 969
703 851
703 874
703 968
703 995
704 764
704 769
704 860
704 935
704 970
705 711
705 756
705 795
705 797
705 934
706 753
706 812
706 821
706 892
706 949
706 999
707 949
708 790
708 904
708 939
708 972
708 984
709 759
709 961
709 973
709 994
710 712
710 733
710 744
710 984
711 966
712 838
712 882
712 921
712 933
712 991
713 813
713 824
713 851
713 970
714 817
714 937
714 960
715 771
715 794
715 829
715 840
715 884
716 813
716 863
716 997
717 807
717 887
717 957
717 969
718 796
718 811
718 997
719 806
719 890
719 960
720 730
720 887
720 985
721 795
721 872
721 902
721 929
721 955
721 964
722 937
722 996
723 790
723 843
723 886
723 986
724 762
724 775
724 792
724 900
724 953
725 800
725 812
725 925
725 926
725 941
725 964
726 804
726 819
726 901
726 941
727 807
727 914
727 998
728 751
728 822
728 914
729 749
729 802
729 934
729 1000
730 796
730 873
730 875
730 949
731 738
731 778
731 813
731 888
731 892
731 954
732 754
732 781
733 765
733 794
733 903
734 847
734 897
734 911
734 958
734 973
735 916
736 776
736 799
736 845
736 872
736 932
736 988
737 842
737 869
737 896
737 908
737 977
738 820
738 845
738 880
738 898
738 938
739 863
739 934
740 833
740 878
741 912
741 966
741 969
741 991
742 796
742 926
743 751
743 806
743 813
743 829
743 903
743 926
743 937
743 969
744 764
744 792
744 831
744 851
744 907
744 918
744 937
745 883
745 970
746 814
746 893
746 929
746 934
747 771
747 882
747 902
747 918
747 949
747 972
748 759
748 864
748 933
748 960
748 963
749 794
749 867
749 940
750 778
750 785
750 803
750 810
750 835
750 990
750 996
751 777
751 805
751 898
752 760
753 793
753 859
753 864
753 918
753 997
754 765
754 806
754 821
754 847
754 932
754 984
754 985
755 994
756 815
756 825
756 849
757 758
757 800
757 854
757 863
757 915
757 939
758 902
759 805
759 851
759 867
759 947
760 812
761 799
761 894
761 938
761 984
762 787
762 867
762 918
762 921
762 949
763 779
763 878
763 909
763 964
763 989
763 993
764 778
765 865
765 905
765 963
766 767
766 786
766 875
766 916
766 975
767 776
767 877
767 885
767 894
768 783
768 839
768 855
769 804
769 812
769 941
770 826
770 894
770 957
770 974
770 984
771 844
772 806
772 817
772 844
772 954
772 996
773 941
774 856
774 966
775 795
775 805
775 813
775 829
775 916
775 991
776 996
777 780
777 820
777 833
777 850
778 818
778 839
778 856
778 883
778 931
778 958
779 792
779 883
779 936
779 976
779 995
780 816
780 944
781 982
782 795
782 892
782 965
783 837
784 850
784 855
784 990
785 819
785 922
785 982
786 923
786 932
787 826
787 842
787 886
789 842
789 846
789 944
790 838
790 880
791 849
791 907
791 927
792 826
792 840
792 895
793 800
793 876
794 813
794 880
794 949
795 842
795 883
796 845
796 923
796 956
797 845
797 948
798 810
798 817
798 870
798 983
798 994
799 807
799 808
799 878
799 890
800 953
800 965
800 986
801 932
801 958
802 825
802 827
802 903
802 932
803 851
803 980
804 861
804 979
805 840
805 885
806 851
806 865
806 899
806 943
806 960
807 826
807 911
808 922
808 924
808 938
809 844
809 883
810 825
810 934
810 950
811 821
811 903
811 908
811 930
811 937
811 965
812 927
813 816
813 849
813 928
813 960
813 986
814 969
815 859
815 912
816 826
816 926
817 957
818 831
818 931
819 845
820 821
820 865
820 945
821 849
821 914
821 991
821 1000
822 856
822 857
822 938
822 971
822 998
823 886
824 870
824 880
824 885
824 888
824 933
825 843
827 912
827 919
827 997
828 844
828 881
828 905
828 948
829 926
829 955
829 959
829 969
830 858
830 968
831 858
831 940
832 862
833 886
833 949
833 986
834 989
835 852
835 940
838 871
838 891
840 993
841 891
842 846
842 869
842 908
843 846
843 977
844 879
844 905
845 853
845 856
845 859
845 884
846 859
846 904
847 921
847 949
847 954
847 992
848 930
849 922
849 935
849 945
850 864
850 882
851 881
851 931
852 940
852 957
853 896
853 899
854 1000
855 889
855 933
855 937
857 920
857 970
857 996
857 998
858 901
860 926
860 987
861 933
861 966
862 973
863 919
863 945
863 980
863 982
864 935
864 965
866 889
866 896
866 960
866 977
867 869
867 929
867 945
868 893
868 969
869 878
870 955
871 875
874 926
874 983
874 985
875 938
875 975
876 892
878 922
879 902
879 951
880 895
880 957
881 910
881 940
883 927
883 976
885 920
885 991
885 996
886 995
887 919
887 946
887 956
888 895
888 950
888 973
889 934
889 943
890 940
890 977
890 992
890 999
891 895
892 978
893 975
897 937
900 917
900 944
900 980
901 997
902 991
905 980
905 994
905 997
907 938
908 933
909 973
912 929
912 935
913 932
913 972
914 917
914 947
915 997
916 922
916 930
916 939
916 945
916 958
916 974
918 933
918 952
919 976
920 973
920 988
921 958
921 980
922 950
922 994
923 964
923 976
924 932
924 939
925 941
925 956
926 989
927 937
931 965
932 956
933 966
934 950
934 959
937 992
938 960
939 964
940 945
940 990
941 942
941 969
942 992
943 949
943 993
944 956
944 961
945 962
945 990
947 960
949 950
949 976
949 991
950 982
951 986
953 968
956 981
957 967
958 988
959 988
960 969
963 978
969 986
970 980
974 995
975 987
976 985
981 990
