1000 7060
1 255
1 256
1 267
1 324
1 347
1 510
1 624
1 706
1 792
2 5
2 20
2 34
2 51
2 296
2 425
2 491
2 517
2 674
2 767
2 845
2 853
2 981
3 174
3 186
3 462
3 466
3 484
3 516
3 588
3 591
3 822
3 859
3 934
3 958
4 107
4 124
4 142
4 278
4 566
4 652
4 679
4 739
4 747
4 818
4 852
4 867
4 908
4 911
4 953
4 969
5 36
5 120
5 127
5 217
5 309
5 313
5 479
5 528
5 648
5 650
5 669
5 673
5 876
6 388
6 518
6 601
6 629
6 711
6 765
6 877
6 925
7 34
7 51
7 104
7 138
7 170
7 186
7 253
7 319
7 326
7 538
7 572
7 590
7 603
7 627
7 683
7 724
7 785
7 829
7 885
7 906
7 982
8 57
8 94
8 153
8 189
8 218
8 269
8 338
8 366
8 421
8 503
8 513
8 527
8 574
8 650
8 678
8 718
8 738
8 752
8 756
8 767
8 915
8 959
8 977
9 18
9 219
9 286
9 315
9 523
9 535
9 576
9 599
9 669
9 817
9 875
9 983
10 66
10 112
10 265
10 374
10 430
10 490
10 537
10 561
10 564
10 620
10 639
10 753
10 781
10 809
10 830
10 846
10 914
11 93
11 240
11 273
11 293
11 372
11 386
11 484
11 517
11 601
11 640
11 683
11 703
11 731
11 767
11 820
11 851
11 869
12 137
12 144
12 291
12 301
12 353
12 397
12 442
12 541
12 558
12 625
12 635
12 766
12 848
12 937
12 951
13 84
13 94
13 253
13 295
13 407
13 465
13 854
13 918
14 116
14 322
14 382
14 523
14 608
14 631
14 703
14 730
14 810
14 875
15 68
15 118
15 142
15 144
15 316
15 354
15 371
15 445
15 522
15 749
15 763
15 772
15 878
15 882
15 957
15 995
16 91
16 216
16 326
16 364
16 464
16 536
16 780
16 943
17 33
17 118
17 262
17 348
17 404
17 452
17 538
17 570
17 592
17 599
17 620
17 718
17 833
17 971
18 19
18 124
18 268
18 399
18 620
18 699
18 749
18 792
18 984
18 990
19 31
19 136
19 153
19 201
19 208
19 272
19 335
19 359
19 551
19 761
19 934
19 994
20 102
20 121
20 186
20 237
20 331
20 352
20 385
20 571
20 850
20 893
20 954
21 41
21 66
21 113
21 292
21 297
21 472
21 521
21 557
21 585
21 616
21 688
21 728
21 739
21 994
21 996
22 135
22 207
22 276
22 305
22 326
22 390
22 452
22 491
22 589
22 770
22 889
22 980
23 156
23 157
23 420
23 481
23 563
23 708
23 713
23 800
24 36
24 39
24 165
24 214
24 265
24 513
24 698
24 735
24 824
24 831
24 964
24 992
25 34
25 134
25 252
25 258
25 259
25 262
25 295
25 425
25 510
25 542
25 770
25 807
25 865
25 986
26 183
26 379
26 410
26 528
26 591
26 619
26 724
26 934
26 965
26 989
26 992
27 29
27 126
27 139
27 285
27 331
27 351
27 371
27 416
27 437
27 514
27 747
27 780
27 906
27 972
28 212
28 314
28 324
28 384
28 398
28 452
28 534
28 540
28 626
28 641
28 662
28 725
28 786
28 890
28 906
29 31
29 62
29 186
29 225
29 251
29 259
29 305
29 346
29 405
29 452
29 532
29 557
29 559
29 590
29 619
29 691
29 763
29 856
29 865
29 894
29 920
29 927
30 31
30 98
30 246
30 265
30 279
30 330
30 439
30 551
30 644
30 721
30 751
30 828
30 873
30 888
30 891
30 900
30 955
30 984
31 55
31 132
31 144
31 178
31 322
31 393
31 405
31 499
31 529
31 641
31 847
31 897
31 938
32 36
32 158
32 220
32 234
32 258
32 383
32 599
32 615
32 776
32 962
32 987
33 58
33 117
33 121
33 341
33 519
33 614
33 930
34 75
34 180
34 512
34 514
34 575
34 620
34 624
34 625
34 749
34 863
34 867
35 222
35 416
35 492
35 509
35 639
35 675
35 720
35 772
35 845
35 846
35 914
35 981
35 991
36 94
36 118
36 340
36 462
36 576
36 596
36 793
36 898
36 963
37 120
37 123
37 183
37 237
37 362
37 381
37 408
37 580
37 662
37 721
37 740
37 751
37 926
38 55
38 110
38 135
38 357
38 450
38 471
38 496
38 521
38 551
38 598
38 620
38 937
38 999
39 310
39 367
39 386
39 396
39 489
39 697
39 705
39 710
39 855
39 867
39 929
40 44
40 48
40 95
40 96
40 138
40 190
40 197
40 352
40 382
40 427
40 465
40 490
40 532
40 537
40 561
40 582
40 595
40 853
40 924
41 86
41 119
41 175
41 450
41 616
41 663
41 718
41 861
41 946
42 69
42 95
42 163
42 216
42 254
42 323
42 342
42 380
42 407
42 464
42 471
42 568
42 648
42 658
42 957
43 60
43 97
43 162
43 205
43 396
43 483
43 506
43 519
43 624
43 729
43 738
43 746
43 831
43 835
43 844
44 86
44 88
44 92
44 211
44 226
44 237
44 390
44 580
44 591
44 593
44 651
44 665
44 706
44 724
44 727
44 765
44 830
44 839
44 941
44 946
44 973
44 989
45 96
45 99
45 255
45 260
45 286
45 337
45 459
45 502
45 584
45 597
45 599
45 656
45 718
45 854
45 940
45 970
46 66
46 101
46 159
46 212
46 280
46 347
46 357
46 367
46 402
46 432
46 445
46 480
46 920
46 964
47 61
47 163
47 180
47 217
47 264
47 345
47 452
47 511
47 529
47 533
47 535
47 763
47 786
47 947
48 103
48 217
48 249
48 384
48 564
48 602
48 651
48 746
48 757
48 760
48 761
48 920
49 275
49 293
49 393
49 453
49 471
49 506
49 715
49 770
49 817
49 831
49 841
49 930
49 965
50 57
50 92
50 176
50 199
50 325
50 328
50 406
50 408
50 697
50 699
50 769
50 798
50 810
50 825
50 834
51 164
51 203
51 212
51 403
51 485
51 514
51 567
51 568
51 634
51 777
51 783
51 817
52 68
52 126
52 137
52 150
52 155
52 201
52 277
52 319
52 323
52 448
52 492
52 620
52 718
52 751
52 817
52 818
52 851
52 868
52 897
53 101
53 103
53 114
53 137
53 182
53 187
53 215
53 310
53 444
53 577
53 670
53 702
53 802
53 809
53 842
53 906
53 984
53 1000
54 106
54 237
54 250
54 374
54 388
54 425
54 477
54 524
54 554
54 583
54 591
54 630
54 875
54 943
55 149
55 171
55 257
55 319
55 330
55 439
55 767
55 780
55 841
55 951
55 994
56 66
56 146
56 192
56 204
56 237
56 250
56 288
56 354
56 357
56 393
56 395
56 512
56 522
56 550
56 632
56 721
56 835
56 893
56 906
56 940
57 139
57 156
57 201
57 250
57 262
57 354
57 543
57 571
57 616
57 647
57 696
57 737
57 878
57 940
57 972
57 973
57 979
58 131
58 245
58 359
58 471
58 473
58 498
58 534
58 595
58 705
58 771
58 898
58 915
59 72
59 108
59 295
59 339
59 344
59 503
59 537
59 588
59 592
59 594
59 635
59 720
59 763
59 805
59 937
59 941
59 973
60 80
60 163
60 177
60 253
60 271
60 284
60 305
60 399
60 570
60 636
60 658
60 725
60 749
60 828
61 88
61 183
61 264
61 414
61 426
61 497
61 692
61 986
62 91
62 180
62 252
62 260
62 486
62 487
62 778
62 781
63 182
63 203
63 217
63 267
63 429
63 500
63 624
63 779
63 794
63 835
63 838
63 854
63 871
63 929
63 975
64 164
64 166
64 263
64 341
64 350
64 388
64 401
64 534
64 571
64 595
64 681
64 760
64 887
64 916
64 969
65 112
65 160
65 217
65 232
65 353
65 393
65 526
65 556
65 642
65 651
65 723
65 736
65 789
65 794
65 798
65 808
65 822
66 221
66 277
66 312
66 350
66 352
66 374
66 382
66 424
66 458
66 495
66 498
66 597
66 717
66 757
66 777
66 901
67 100
67 103
67 118
67 194
67 278
67 356
67 402
67 548
67 580
67 591
67 702
67 739
67 767
67 795
68 282
68 365
68 420
68 442
68 555
68 706
68 810
68 954
69 124
69 218
69 258
69 283
69 329
69 362
69 407
69 457
69 596
69 751
69 762
69 836
70 83
70 200
70 264
70 282
70 483
70 531
70 576
70 604
70 687
70 775
70 853
70 938
70 970
71 177
71 192
71 197
71 232
71 364
71 373
71 432
71 546
71 586
71 679
71 863
72 479
72 521
72 542
72 770
72 771
72 780
72 855
73 255
73 258
73 325
73 377
73 403
73 515
73 568
73 649
73 687
73 725
73 822
73 897
73 931
73 981
74 95
74 111
74 232
74 421
74 426
74 564
74 611
74 665
74 675
74 693
74 694
74 897
74 942
75 257
75 277
75 282
75 335
75 444
75 588
75 620
75 684
75 699
75 855
75 862
76 86
76 120
76 265
76 291
76 417
76 469
76 483
76 503
76 534
76 602
76 644
76 661
76 664
76 737
76 785
77 107
77 250
77 376
77 401
77 524
77 609
77 676
77 874
77 899
77 903
78 104
78 205
78 355
78 433
78 439
78 536
78 540
78 592
78 649
78 664
78 712
78 823
78 972
79 151
79 226
79 237
79 270
79 615
79 618
79 848
80 124
80 245
80 305
80 329
80 373
80 459
80 631
80 691
80 761
80 815
80 860
80 887
80 891
81 89
81 271
81 316
81 325
81 398
81 489
81 499
81 542
81 646
81 657
81 764
81 863
82 126
82 172
82 189
82 201
82 208
82 285
82 287
82 302
82 340
82 508
82 571
82 593
82 612
82 613
82 663
82 724
82 893
83 93
83 144
83 276
83 298
83 301
83 338
83 339
83 375
83 486
83 538
83 851
83 857
84 227
84 237
84 301
84 397
84 424
84 440
84 493
84 516
84 590
84 597
84 630
84 653
84 659
84 696
84 743
84 758
84 868
84 900
85 168
85 174
85 239
85 383
85 423
85 641
85 651
85 707
85 731
85 758
85 875
85 882
85 889
85 903
86 177
86 226
86 277
86 369
86 397
86 544
86 584
86 758
86 790
86 914
86 970
86 979
86 981
87 164
87 277
87 337
87 353
87 584
87 646
87 763
87 823
87 882
87 909
88 111
88 332
88 505
88 506
88 609
88 791
88 985
89 110
89 225
89 240
89 276
89 435
89 437
89 444
89 479
89 490
89 494
89 650
89 714
89 770
89 776
90 112
90 294
90 431
90 550
90 594
90 622
90 636
90 709
90 756
90 766
90 829
90 914
90 918
90 943
91 93
91 244
91 278
91 294
91 525
91 677
91 905
91 929
91 952
91 967
91 979
91 995
92 175
92 177
92 210
92 276
92 369
92 414
92 441
92 442
92 505
92 535
92 580
92 872
92 895
92 948
93 98
93 258
93 308
93 443
93 500
93 725
93 763
93 780
93 815
93 886
93 993
94 204
94 221
94 364
94 391
94 420
94 450
94 559
94 576
94 613
94 636
94 851
94 862
94 923
94 988
95 156
95 212
95 265
95 269
95 464
95 884
95 918
95 937
95 969
95 995
96 284
96 333
96 370
96 402
96 477
96 705
96 775
96 783
96 873
96 919
97 220
97 302
97 369
97 370
97 410
97 505
97 559
97 629
97 693
97 934
97 988
98 223
98 313
98 339
98 361
98 372
98 463
98 614
98 770
99 134
99 249
99 282
99 359
99 468
99 576
99 586
99 615
99 741
99 819
99 896
99 918
99 929
99 938
99 941
100 283
100 502
100 608
100 749
100 779
100 815
100 903
100 949
100 997
101 409
101 442
101 524
101 628
101 697
101 846
101 934
102 420
102 438
102 456
102 461
102 516
102 539
102 680
102 814
102 829
103 166
103 183
103 226
103 233
103 325
103 328
103 333
103 351
103 376
103 417
103 433
103 451
103 497
103 583
103 749
103 766
103 770
103 924
103 999
104 264
104 289
104 315
104 317
104 402
104 430
104 545
104 550
104 554
104 686
104 687
105 159
105 187
105 351
105 355
105 607
105 667
105 804
105 809
105 819
105 832
105 858
105 884
105 916
106 162
106 182
106 246
106 257
106 287
106 288
106 317
106 393
106 564
106 625
106 631
106 681
106 722
106 757
106 841
106 906
107 161
107 250
107 305
107 325
107 494
107 576
107 626
107 680
107 719
107 731
107 738
107 791
107 906
107 944
107 993
108 170
108 263
108 299
108 305
108 313
108 414
108 542
108 560
108 658
108 664
108 720
108 721
108 798
108 934
109 314
109 350
109 368
109 594
109 673
109 718
109 733
109 744
109 899
109 922
109 967
110 232
110 276
110 290
110 323
110 364
110 374
110 453
110 501
110 538
110 560
110 599
110 603
110 736
110 821
110 944
111 185
111 197
111 205
111 269
111 309
111 353
111 366
111 384
111 503
111 506
111 615
111 665
111 702
111 893
111 932
111 986
112 172
112 181
112 380
112 391
112 410
112 471
112 502
112 515
112 558
112 563
112 578
112 603
112 642
112 663
112 671
112 739
112 779
112 786
112 816
112 829
112 946
112 990
113 174
113 234
113 402
113 477
113 572
113 814
113 838
113 955
114 142
114 279
114 283
114 451
114 654
114 685
114 704
114 771
114 803
114 900
114 914
114 943
115 398
115 447
115 500
115 684
115 742
115 782
115 804
115 857
115 895
115 990
116 292
116 302
116 344
116 471
116 651
116 723
116 726
116 772
116 775
116 940
117 120
117 128
117 129
117 131
117 150
117 187
117 236
117 293
117 294
117 309
117 362
117 366
117 518
117 628
117 690
117 753
117 845
117 849
117 986
118 269
118 560
118 640
118 672
118 809
118 863
118 906
119 283
119 288
119 486
119 555
119 721
119 803
119 804
119 866
119 975
120 399
120 485
120 515
120 579
120 658
120 778
120 901
120 988
121 131
121 221
121 231
121 242
121 305
121 329
121 360
121 650
121 683
121 690
121 742
121 755
121 787
121 888
121 907
121 939
121 944
121 986
122 423
122 685
122 688
122 714
122 820
122 904
123 124
123 185
123 188
123 198
123 287
123 363
123 415
123 444
123 485
123 649
123 669
123 671
123 700
123 785
123 797
123 826
123 933
123 954
124 144
124 161
124 257
124 300
124 601
124 952
124 980
125 129
125 151
125 272
125 297
125 342
125 355
125 529
125 632
125 657
125 689
125 753
125 769
125 817
125 888
126 261
126 289
126 323
126 367
126 411
126 415
126 419
126 464
126 611
126 649
126 667
126 722
126 742
126 789
126 968
127 154
127 155
127 314
127 334
127 347
127 411
127 554
127 598
127 651
127 797
127 824
128 167
128 261
128 391
128 395
128 423
128 725
128 762
128 857
128 976
129 157
129 170
129 175
129 176
129 189
129 235
129 418
129 467
129 476
129 507
129 565
129 734
129 897
130 175
130 205
130 285
130 418
130 453
130 685
130 738
130 750
130 768
130 811
130 927
131 264
131 282
131 323
131 329
131 348
131 505
131 536
131 540
131 621
131 631
131 683
131 798
131 908
131 957
131 983
131 990
132 187
132 188
132 337
132 476
132 631
132 670
132 728
132 754
132 881
132 902
132 995
133 150
133 164
133 225
133 261
133 265
133 368
133 371
133 404
133 429
133 479
133 514
133 595
133 643
133 706
133 737
133 796
133 823
134 204
134 215
134 266
134 344
134 360
134 371
134 401
134 526
134 632
134 718
134 768
134 804
134 846
134 851
134 879
134 965
134 973
135 194
135 234
135 319
135 333
135 354
135 375
135 390
135 437
135 468
135 495
135 663
135 694
135 849
135 965
136 153
136 159
136 304
136 396
136 607
136 630
136 719
136 756
136 801
136 975
136 996
137 264
137 274
137 347
137 504
137 640
137 657
137 672
137 825
137 909
137 917
137 981
138 153
138 156
138 263
138 352
138 427
138 431
138 508
138 555
138 826
138 897
139 315
139 321
139 361
139 376
139 461
139 498
139 546
139 561
139 571
139 639
139 825
139 867
139 895
139 945
140 193
140 203
140 245
140 281
140 328
140 350
140 444
140 574
140 613
140 700
140 823
140 857
140 863
140 911
141 161
141 181
141 188
141 366
141 398
141 450
141 692
141 731
141 906
141 958
141 971
142 159
142 162
142 240
142 376
142 461
142 492
142 539
142 592
142 634
142 866
142 870
142 918
143 198
143 207
143 222
143 472
143 502
143 540
143 583
143 650
143 684
143 725
143 824
143 890
143 897
144 275
144 277
144 351
144 394
144 483
144 623
144 669
144 685
144 694
144 741
144 878
145 278
145 491
145 689
145 969
146 178
146 252
146 371
146 413
146 419
146 423
146 489
146 624
146 665
146 783
146 863
147 453
147 585
147 586
147 682
147 696
147 756
147 928
147 963
147 968
147 976
148 200
148 231
148 314
148 325
148 390
148 462
148 482
148 511
148 550
148 706
148 721
148 777
148 814
148 865
148 898
148 963
149 212
149 259
149 283
149 340
149 356
149 373
149 595
149 649
149 673
149 694
149 719
149 752
149 915
150 163
150 166
150 258
150 299
150 333
150 415
150 608
150 633
150 657
150 722
150 915
150 958
151 203
151 273
151 337
151 386
151 401
151 575
151 660
151 674
151 817
151 836
151 888
151 930
151 969
151 976
152 178
152 185
152 313
152 348
152 371
152 387
152 390
152 455
152 466
152 496
152 614
152 654
152 909
152 982
152 989
153 178
153 218
153 248
153 250
153 469
153 607
153 785
153 791
153 849
153 857
153 873
154 190
154 315
154 324
154 351
154 374
154 430
154 433
154 451
154 482
154 545
154 611
154 664
154 694
154 771
154 934
154 998
155 354
155 384
155 385
155 577
155 626
155 749
155 854
155 889
155 916
155 964
156 217
156 253
156 257
156 293
156 313
156 347
156 363
156 372
156 459
156 502
156 580
156 588
156 650
156 849
157 164
157 232
157 249
157 309
157 357
157 370
157 412
157 477
157 574
157 694
157 718
157 800
157 812
157 836
157 863
157 898
157 927
157 940
157 963
158 176
158 205
158 208
158 297
158 313
158 339
158 399
158 435
158 441
158 469
158 487
158 495
158 556
158 576
158 692
158 772
158 829
158 909
158 923
158 958
158 973
159 164
159 444
159 468
159 667
159 682
159 756
159 813
159 827
159 918
159 942
160 171
160 210
160 237
160 450
160 478
160 484
160 497
160 518
160 523
160 527
160 581
160 599
160 656
160 717
160 855
160 862
161 218
161 275
161 304
161 473
161 733
161 765
161 807
161 822
161 918
161 928
162 301
162 351
162 354
162 379
162 560
162 567
162 643
162 651
162 759
162 780
162 825
162 988
163 284
163 345
163 449
163 478
163 479
163 494
163 580
163 624
163 638
163 712
163 731
163 959
163 968
164 201
164 207
164 208
164 210
164 219
164 292
164 302
164 369
164 450
164 463
164 500
164 542
164 575
164 587
164 632
164 692
164 742
164 822
164 824
164 844
164 865
164 884
165 205
165 222
165 244
165 487
165 625
165 661
165 725
165 768
165 869
165 904
165 974
166 200
166 256
166 600
166 633
166 721
166 732
166 835
166 907
166 916
167 185
167 209
167 360
167 558
167 560
167 599
167 669
167 678
167 717
167 780
167 940
168 204
168 245
168 283
168 357
168 414
168 437
168 461
168 729
168 735
168 801
168 862
168 921
168 936
168 999
169 426
169 550
169 553
169 588
169 630
169 652
169 697
169 787
169 838
169 860
169 915
170 291
170 295
170 378
170 501
170 561
170 592
170 627
170 633
170 664
170 851
170 867
171 333
171 435
171 543
171 600
171 650
171 654
171 815
171 829
171 877
171 921
172 290
172 305
172 381
172 429
172 492
172 976
172 998
173 334
173 357
173 441
173 520
173 536
173 594
173 618
173 625
173 706
173 753
173 817
173 833
173 879
174 205
174 230
174 234
174 356
174 406
174 427
174 459
174 613
174 749
174 785
174 806
174 823
174 861
174 940
174 941
175 261
175 280
175 283
175 402
175 406
175 447
175 453
175 538
175 571
175 635
175 725
175 737
175 841
175 848
176 261
176 264
176 343
176 344
176 355
176 357
176 419
176 460
176 615
176 620
176 993
177 218
177 220
177 231
177 389
177 431
177 449
177 478
177 562
177 701
177 730
177 796
177 822
177 850
177 885
177 932
178 238
178 333
178 364
178 385
178 397
178 449
178 552
178 621
178 624
178 653
178 704
178 718
178 760
178 929
178 938
178 948
178 951
179 267
179 361
179 368
179 515
179 602
179 690
179 698
179 700
179 822
179 845
179 882
179 930
179 962
179 983
180 190
180 197
180 220
180 230
180 232
180 270
180 275
180 277
180 297
180 506
180 509
180 624
180 625
180 733
180 782
180 788
180 842
180 934
180 939
180 979
181 449
181 524
181 575
181 616
181 713
181 807
181 824
181 897
181 921
181 968
182 341
182 342
182 471
182 475
182 634
182 660
182 671
182 762
182 775
182 776
183 220
183 246
183 264
183 276
183 299
183 338
183 394
183 619
183 675
183 685
183 771
183 836
184 310
184 364
184 463
184 681
184 722
184 777
184 831
184 870
185 238
185 272
185 310
185 388
185 413
185 566
185 605
185 629
185 712
185 736
185 835
185 911
185 936
185 975
185 993
186 191
186 284
186 377
186 443
186 542
186 600
186 634
186 732
186 827
186 837
186 911
186 927
187 314
187 484
187 570
187 651
187 781
187 841
187 887
187 892
187 976
188 250
188 440
188 543
188 637
188 833
188 915
188 931
189 268
189 272
189 411
189 430
189 446
189 536
189 585
189 653
189 671
189 701
189 749
189 781
190 227
190 267
190 355
190 382
190 397
190 457
190 466
190 479
190 626
190 648
190 673
190 692
190 714
190 766
190 941
190 982
191 205
191 219
191 258
191 409
191 508
191 572
191 711
191 786
191 815
191 836
191 895
191 927
191 963
191 976
192 288
192 329
192 383
192 395
192 448
192 737
192 777
192 857
192 858
192 946
192 992
193 308
193 409
193 417
193 477
193 612
193 739
193 768
193 808
193 831
193 867
193 935
193 982
193 998
194 229
194 264
194 267
194 321
194 629
194 633
194 691
194 765
194 794
194 820
194 865
194 970
195 214
195 303
195 330
195 339
195 365
195 392
195 467
195 468
195 573
195 666
195 668
195 693
195 724
195 728
195 851
195 857
196 239
196 298
196 327
196 392
196 454
196 495
196 514
196 624
196 657
196 687
196 717
196 773
196 774
196 843
196 991
197 199
197 299
197 318
197 389
197 429
197 476
197 499
197 837
197 857
197 893
198 247
198 398
198 463
198 584
198 586
198 590
198 708
198 820
198 935
198 1000
199 297
199 354
199 369
199 525
199 597
199 737
199 758
199 800
199 878
199 991
200 287
200 303
200 452
200 531
200 537
200 559
200 614
200 747
200 818
200 849
200 856
200 870
200 895
201 281
201 305
201 311
201 343
201 524
201 615
201 759
201 831
201 892
201 923
201 935
201 971
202 290
202 436
202 443
202 592
202 611
202 628
202 646
202 673
202 691
202 700
202 799
202 897
203 233
203 263
203 272
203 324
203 326
203 361
203 556
203 570
203 588
203 606
203 613
203 712
203 726
203 796
204 263
204 405
204 578
204 581
204 596
204 764
204 844
204 964
204 987
204 999
205 238
205 241
205 251
205 427
205 630
205 740
205 801
205 876
206 208
206 275
206 292
206 300
206 306
206 327
206 332
206 364
206 367
206 383
206 386
206 517
206 594
206 743
206 835
206 942
207 252
207 255
207 323
207 443
207 539
207 608
207 667
207 795
207 810
207 857
207 944
208 326
208 396
208 422
208 424
208 606
208 685
208 705
208 743
208 788
208 833
208 842
208 856
208 882
208 909
208 964
209 219
209 220
209 257
209 342
209 420
209 440
209 517
209 593
209 647
209 702
209 738
209 790
209 806
209 861
209 864
209 883
209 915
209 922
210 416
210 583
210 639
210 677
211 257
211 304
211 474
211 488
211 498
211 520
211 689
211 780
211 849
211 951
212 236
212 278
212 310
212 319
212 332
212 375
212 399
212 417
212 452
212 542
212 873
213 244
213 409
213 414
213 417
213 439
213 532
213 636
213 637
213 693
213 714
213 818
213 847
213 916
214 219
214 270
214 341
214 433
214 599
214 624
214 657
214 658
214 917
214 936
214 984
215 216
215 252
215 318
215 430
215 512
215 518
215 627
215 698
215 873
215 895
215 901
215 910
215 940
216 251
216 278
216 297
216 310
216 349
216 371
216 580
216 647
216 717
216 750
216 782
216 786
216 788
216 792
216 916
216 951
216 960
216 966
217 346
217 533
217 571
217 829
217 837
217 848
217 859
218 250
218 380
218 457
218 567
218 568
218 730
218 771
218 893
218 915
219 241
219 413
219 472
219 507
219 518
219 603
219 607
219 666
219 668
219 783
219 800
219 944
220 299
220 332
220 361
220 409
220 491
220 542
220 581
220 618
220 652
220 839
220 866
220 977
221 358
221 436
221 511
221 716
221 910
221 979
221 981
222 258
222 465
222 688
222 750
222 835
222 874
223 411
223 540
223 634
223 717
223 750
223 860
223 947
223 949
224 262
224 274
224 288
224 374
224 402
224 420
224 503
224 573
224 600
224 843
224 861
224 997
225 233
225 453
225 510
225 520
225 544
225 568
225 590
225 643
225 697
225 731
225 744
225 811
225 863
225 864
225 963
226 254
226 291
226 375
226 497
226 564
226 571
226 605
226 639
226 743
226 855
226 896
226 911
227 304
227 312
227 327
227 449
227 536
227 560
227 821
227 922
228 272
228 436
228 447
228 468
228 607
228 629
228 636
228 671
228 725
228 760
228 883
228 957
229 306
229 380
229 403
229 603
229 666
230 244
230 276
230 349
230 432
230 435
230 461
230 563
230 575
230 587
230 643
230 787
230 862
231 250
231 271
231 276
231 292
231 380
231 397
231 419
231 518
231 672
231 678
231 779
231 831
231 918
231 926
231 997
232 328
232 336
232 410
232 561
232 576
232 626
232 691
232 702
232 717
232 761
232 821
232 887
232 940
233 319
233 366
233 385
233 414
233 464
233 492
233 520
233 552
233 564
233 626
233 796
233 837
233 865
234 240
234 285
234 394
234 501
234 516
234 532
234 826
234 877
234 879
235 271
235 436
235 536
235 605
235 651
235 683
235 751
235 787
235 834
235 869
235 904
236 249
236 481
236 551
236 574
236 586
236 742
236 745
236 807
236 969
237 249
237 271
237 417
237 524
237 533
237 581
237 715
237 922
237 946
237 956
237 965
238 240
238 302
238 380
238 493
238 638
238 661
238 705
238 762
238 800
238 821
238 897
238 919
238 950
238 995
239 295
239 378
239 473
239 509
239 594
239 761
239 762
239 802
239 843
239 958
240 480
240 502
240 540
240 562
240 612
240 630
240 653
240 730
240 931
241 294
241 301
241 343
241 380
241 483
241 532
241 607
241 715
241 779
241 815
241 841
241 897
241 908
242 344
242 425
242 496
242 701
242 712
242 729
242 793
242 930
242 936
242 989
243 278
243 299
243 356
243 369
243 485
243 486
243 525
243 565
243 776
243 787
244 259
244 472
244 632
244 690
244 763
244 766
244 777
244 811
244 822
244 955
245 247
245 291
245 344
245 350
245 451
245 484
245 514
245 554
245 650
245 661
245 742
245 794
245 830
245 913
245 938
246 253
246 302
246 304
246 372
246 423
246 478
246 596
246 632
246 727
246 808
246 820
246 831
246 867
247 269
247 283
247 305
247 405
247 442
247 523
247 524
247 695
247 767
247 804
247 805
247 937
247 964
248 333
248 419
248 512
248 524
248 532
248 698
248 709
248 826
248 932
249 360
249 377
249 433
249 586
249 621
249 691
249 738
249 749
249 952
250 388
250 527
250 563
250 621
250 741
250 773
250 783
250 881
250 885
250 897
251 281
251 300
251 341
251 368
251 442
251 663
252 253
252 434
252 441
252 450
252 640
252 699
252 715
252 735
252 739
252 844
252 946
253 404
253 447
253 474
253 489
253 512
253 531
253 547
253 629
253 661
253 684
253 810
253 834
253 892
253 912
253 989
254 269
254 394
254 444
254 472
254 526
254 605
254 693
254 807
254 823
254 885
254 907
255 264
255 501
255 550
255 620
255 653
255 666
255 867
255 889
255 976
256 378
256 391
256 401
256 466
256 501
256 528
256 566
256 568
256 579
256 677
256 703
256 857
256 926
257 271
257 323
257 351
257 419
257 569
257 615
257 652
257 817
257 861
257 868
257 908
257 922
257 980
258 298
258 372
258 419
258 450
258 454
258 501
258 503
258 515
258 696
258 735
258 777
258 786
258 904
259 285
259 315
259 379
259 390
259 394
259 421
259 513
259 533
259 644
260 465
260 557
260 611
260 734
260 787
260 864
260 952
260 991
261 346
261 434
261 473
261 522
261 558
261 640
261 697
261 979
262 334
262 518
262 554
262 686
262 833
262 914
263 438
263 731
263 762
263 800
263 829
263 982
264 329
264 377
264 413
264 448
264 645
264 646
264 654
264 712
264 885
264 972
265 487
265 567
265 673
265 681
265 881
266 349
266 432
266 440
266 500
266 619
266 748
266 864
266 921
266 966
267 298
267 381
267 593
267 650
267 732
267 766
267 776
267 792
267 987
268 332
268 383
268 402
268 423
268 537
268 544
268 617
268 728
268 749
268 764
268 788
268 833
268 955
269 347
269 384
269 479
269 556
269 570
269 628
269 752
269 912
269 933
269 996
270 311
270 346
270 383
270 534
270 817
270 851
270 911
270 944
270 948
270 953
270 994
271 524
271 540
271 567
271 655
271 692
271 734
271 769
271 943
271 944
271 961
271 982
272 373
272 432
272 536
272 555
272 575
272 687
272 720
272 896
272 937
272 941
272 951
272 962
273 354
273 384
273 549
273 657
273 670
273 697
273 714
273 748
273 955
273 981
273 986
274 474
274 617
274 774
274 801
274 906
274 939
275 352
275 502
275 642
275 842
275 977
276 325
276 378
276 425
276 479
276 499
276 626
276 675
276 689
276 721
276 754
277 318
277 330
277 331
277 399
277 410
277 426
277 440
277 476
277 559
277 609
277 701
277 878
278 293
278 600
278 609
278 857
278 865
278 873
278 896
278 912
278 925
278 939
278 964
279 464
279 493
279 509
279 515
279 532
279 609
279 671
279 744
279 955
279 964
279 978
280 311
280 412
280 421
280 490
280 531
280 534
280 596
280 642
280 707
280 825
280 865
280 885
280 937
280 938
281 290
281 440
281 461
281 538
281 622
281 648
281 666
281 760
281 850
281 946
282 575
282 585
282 633
282 783
282 998
283 290
283 317
283 351
283 468
283 543
283 620
283 660
283 792
283 820
283 887
283 925
283 954
283 962
283 982
284 388
284 393
284 423
284 450
284 500
284 503
284 538
284 587
284 596
284 706
284 707
284 708
284 929
284 954
284 957
285 292
285 467
285 506
285 517
285 590
285 630
285 632
285 650
285 703
286 328
286 381
286 673
286 727
286 824
286 903
286 982
287 390
287 403
287 471
287 489
287 573
287 720
287 788
287 826
287 982
287 1000
288 290
288 317
288 327
288 352
288 364
288 384
288 430
288 529
288 636
288 802
288 854
288 930
288 931
289 324
289 368
289 439
289 529
289 646
289 717
289 754
289 995
289 999
290 329
290 332
290 386
290 424
290 483
290 493
290 520
290 533
290 721
290 960
290 972
291 292
291 382
291 413
291 475
291 492
291 753
291 798
292 356
292 402
292 424
292 427
292 478
292 495
292 496
292 503
292 513
292 630
292 854
292 878
292 905
292 992
293 337
293 383
293 418
293 430
293 461
293 539
293 553
293 683
293 698
293 721
293 733
294 360
294 380
294 551
294 559
294 789
294 871
294 940
294 944
295 340
295 362
295 388
295 460
295 495
295 500
295 530
295 588
295 616
295 617
295 682
295 735
295 749
295 860
295 886
295 902
295 919
295 954
296 417
296 466
296 558
296 608
296 670
296 708
296 817
296 835
296 855
296 906
296 909
296 934
297 334
297 342
297 434
297 505
297 569
297 582
297 626
297 783
297 820
297 852
297 904
297 959
298 348
298 433
298 466
298 510
298 511
298 747
298 840
299 317
299 359
299 403
299 448
299 739
299 828
299 876
299 993
300 323
300 541
300 558
300 564
300 577
300 661
300 673
300 692
300 831
300 837
300 859
300 916
300 930
300 995
301 333
301 343
301 403
301 409
301 537
301 545
301 593
301 630
301 715
301 821
301 830
301 866
301 888
301 912
302 442
302 496
302 512
302 518
302 534
302 639
302 735
302 895
303 447
303 466
303 618
303 674
303 712
303 824
303 829
303 947
304 383
304 695
304 770
304 920
305 327
305 381
305 396
305 407
305 538
305 636
305 711
305 753
305 766
305 790
305 835
305 895
305 943
305 950
305 972
306 383
306 464
306 564
306 601
306 697
306 821
306 824
306 837
306 912
307 309
307 416
307 515
307 572
307 643
307 644
307 682
307 805
308 382
308 426
308 443
308 457
308 532
308 724
308 746
308 903
309 358
309 454
309 486
309 599
309 604
309 701
309 973
310 516
310 557
310 566
310 572
310 585
310 690
310 757
310 759
310 891
311 346
311 498
311 583
311 617
311 723
311 809
311 961
311 978
311 983
312 384
312 430
312 462
312 506
312 620
312 625
312 671
312 674
312 715
312 826
313 374
313 400
313 476
313 587
313 878
313 972
313 999
314 331
314 351
314 421
314 428
314 508
314 605
314 782
314 927
314 935
315 382
315 394
315 571
315 607
315 640
315 666
315 691
315 700
315 730
315 749
315 754
315 813
315 855
315 968
316 318
316 370
316 400
316 407
316 434
316 514
316 547
316 562
316 654
316 834
316 845
316 894
316 991
317 373
317 451
317 541
317 563
317 575
317 576
317 698
317 935
318 332
318 449
318 566
318 575
318 620
318 655
318 676
318 677
318 697
318 858
318 863
318 964
319 507
319 720
319 792
319 823
319 871
319 979
320 390
320 394
320 413
320 598
320 667
320 713
320 741
320 765
320 789
320 917
320 962
321 349
321 367
321 481
321 543
321 569
321 607
321 656
321 702
321 724
321 858
321 881
321 907
321 996
322 367
322 419
322 573
322 660
322 671
322 692
322 740
322 764
322 801
322 985
323 324
323 356
323 396
323 406
323 415
323 448
323 540
323 838
323 872
323 992
324 388
324 539
324 570
324 621
324 630
324 634
324 651
324 710
324 723
324 732
324 733
324 735
324 948
324 963
325 611
325 643
325 671
325 866
325 966
326 341
326 414
326 422
326 474
326 483
326 554
326 617
326 634
326 760
326 783
326 812
326 906
326 925
327 517
327 567
327 700
327 765
327 855
328 638
328 747
328 785
328 908
328 929
328 983
329 342
329 360
329 374
329 400
329 428
329 466
329 742
329 906
330 434
330 515
330 585
330 650
330 748
330 794
330 916
331 369
331 430
331 442
331 444
331 458
331 484
331 504
331 554
331 673
331 846
331 859
332 421
332 468
332 589
332 616
332 684
332 936
333 407
333 490
333 505
333 614
333 696
333 766
333 783
333 894
334 484
334 645
334 674
334 713
334 820
334 914
334 960
334 976
334 990
335 391
335 395
335 491
335 495
335 504
335 546
335 605
335 689
335 854
335 884
335 937
335 949
335 979
335 990
336 567
336 623
336 695
336 729
336 749
336 857
336 896
337 378
337 388
337 454
337 460
337 512
337 570
337 616
337 632
337 637
337 762
337 799
337 869
337 894
337 966
338 367
338 609
338 744
338 794
338 864
338 960
338 964
339 369
339 414
339 487
339 568
339 651
339 719
339 769
339 800
339 811
339 895
339 931
340 380
340 396
340 525
340 611
340 629
340 674
340 706
340 742
340 791
340 852
340 920
340 941
340 989
341 383
341 437
341 441
341 677
341 695
341 704
341 758
341 921
341 971
342 381
342 503
342 549
342 584
342 622
342 641
342 652
342 689
342 700
342 735
342 752
342 851
343 345
343 364
343 440
343 461
343 519
343 603
343 617
343 678
343 835
343 917
344 479
344 672
344 706
344 757
344 845
344 976
345 471
345 474
345 808
345 826
345 973
346 367
346 389
346 406
346 416
346 458
346 479
346 483
346 505
346 521
346 556
346 576
346 653
346 749
346 857
346 880
346 929
346 938
346 945
346 992
347 355
347 399
347 444
347 601
347 623
347 625
347 674
347 817
347 845
347 869
347 893
347 898
347 942
348 352
348 359
348 586
348 764
348 779
348 832
348 942
349 364
349 387
349 482
349 498
349 813
349 878
350 375
350 451
350 485
350 522
350 536
350 625
350 663
350 671
350 763
350 773
350 860
350 873
350 903
350 924
350 952
351 411
351 498
351 559
351 586
351 642
351 681
351 686
351 735
351 852
351 871
351 879
352 373
352 490
352 593
352 640
352 665
352 760
352 797
352 823
352 830
352 844
352 853
352 922
352 937
353 443
353 620
353 704
353 723
353 770
353 892
353 930
353 947
354 406
354 440
354 574
354 620
354 647
354 678
354 754
354 785
354 824
354 947
355 371
355 374
355 407
355 545
355 562
355 592
355 606
355 648
355 699
355 743
355 779
355 824
355 841
355 891
356 379
356 416
356 424
356 521
356 597
356 606
356 680
356 692
356 695
356 870
356 913
356 963
357 365
357 639
357 663
357 681
357 936
357 955
358 360
358 397
358 419
358 498
358 524
358 537
358 583
358 675
358 685
358 761
358 782
358 835
358 883
358 943
358 964
359 410
359 466
359 777
359 979
360 494
360 637
360 679
360 688
360 693
360 702
360 744
360 749
360 773
360 957
361 377
361 575
361 633
361 681
361 717
361 725
361 752
361 843
361 884
361 911
362 365
362 408
362 430
362 444
362 449
362 518
362 568
362 638
362 652
363 453
363 537
363 600
363 611
363 636
363 738
363 817
363 912
363 949
363 994
364 419
364 571
364 618
364 950
364 957
364 991
365 412
365 457
365 688
365 958
366 398
366 597
366 599
366 609
366 841
366 858
366 923
366 982
367 440
367 685
367 731
367 750
367 845
367 863
367 897
367 901
367 921
367 933
368 457
368 633
368 668
368 708
368 848
368 876
368 941
369 490
369 514
369 551
369 564
369 567
369 667
369 676
369 756
369 768
369 888
369 923
369 940
369 942
369 991
370 409
370 434
370 471
370 529
370 626
370 667
370 723
370 861
370 868
370 929
370 930
370 946
370 955
370 960
370 970
370 973
371 382
371 480
371 570
371 574
371 651
371 699
371 725
371 829
371 873
371 925
372 434
372 454
372 508
372 517
372 631
372 659
372 667
372 673
373 401
373 442
373 592
373 802
373 837
373 848
373 902
373 944
373 977
374 403
374 404
374 482
374 522
374 600
374 702
374 713
375 398
375 460
375 621
375 655
375 703
375 752
375 767
375 772
375 775
375 790
375 855
375 904
375 976
376 379
376 646
376 653
376 770
376 817
376 841
376 851
376 912
377 472
377 537
377 567
377 621
377 643
377 779
377 840
378 499
378 516
378 561
378 572
378 725
378 851
378 923
379 397
379 403
379 496
379 632
379 812
379 838
379 932
380 396
380 466
380 513
380 529
380 620
380 661
380 729
380 860
380 973
381 457
381 501
381 820
381 858
381 903
382 672
382 780
382 831
382 832
382 863
382 928
382 957
383 386
383 387
383 428
383 479
383 541
383 700
383 701
383 775
383 801
383 922
383 955
384 439
384 455
384 520
384 608
384 627
384 639
384 785
384 865
384 957
384 962
384 975
385 489
385 491
385 515
385 731
385 802
385 854
385 900
385 907
385 957
385 999
386 474
386 616
386 632
386 685
386 901
387 432
387 714
387 833
387 995
388 399
388 456
388 738
388 928
388 934
388 952
389 409
389 447
389 480
389 634
389 710
389 844
390 434
390 444
390 479
390 490
390 524
390 537
390 631
390 810
390 976
391 442
391 551
391 622
391 631
391 654
391 879
391 885
391 905
391 919
392 462
392 504
392 703
392 714
392 769
392 817
392 828
392 854
393 408
393 411
393 473
393 521
393 783
393 823
393 870
393 888
393 900
393 919
393 921
394 430
394 452
394 623
394 633
394 659
394 759
394 806
394 837
394 842
394 897
395 530
395 539
395 626
395 755
395 783
395 814
396 413
396 491
396 519
396 530
396 566
396 653
396 714
396 729
396 850
396 895
396 953
396 980
397 426
397 495
397 515
397 614
397 623
397 673
397 733
397 746
397 832
398 419
398 430
398 439
398 584
398 647
398 684
398 730
398 801
398 841
398 975
399 480
399 538
399 557
399 652
399 757
399 865
399 925
399 931
399 942
400 480
400 530
400 613
400 664
400 693
400 739
400 846
400 879
400 880
400 951
401 476
401 524
401 619
401 643
401 708
401 776
401 827
401 887
401 947
402 416
402 490
402 542
402 597
402 650
402 664
402 733
402 764
402 858
402 918
402 923
403 520
403 696
403 743
403 806
403 872
403 945
404 456
404 476
404 560
404 573
404 752
404 838
404 951
404 967
405 598
405 610
405 702
405 922
405 993
406 412
406 569
406 582
406 594
406 613
406 704
406 706
406 712
406 843
406 999
407 567
407 940
408 422
408 435
408 483
408 526
408 835
408 970
409 411
409 487
409 550
409 611
409 679
409 697
409 711
409 730
409 741
409 804
409 828
409 848
410 472
410 498
410 507
410 621
410 655
410 876
410 912
410 923
410 932
410 941
411 412
411 521
411 692
411 746
411 802
411 915
412 498
412 589
412 608
412 899
412 954
413 433
413 515
413 557
413 690
413 873
413 898
414 542
414 554
414 652
414 687
414 807
414 809
414 868
414 887
415 434
415 448
415 470
415 490
415 607
415 720
415 721
415 745
415 752
415 808
415 896
416 665
416 667
416 834
416 894
417 512
417 513
417 514
417 604
417 629
417 632
417 703
417 738
417 744
417 765
417 827
417 856
417 951
418 621
418 691
418 819
418 907
418 957
419 557
419 569
419 801
419 898
419 915
419 968
420 452
420 525
420 597
420 675
420 874
420 976
420 990
421 463
421 637
421 717
421 810
421 828
421 854
421 921
421 924
421 970
422 462
422 514
422 791
422 793
422 859
422 872
422 917
423 601
423 662
423 732
423 742
423 784
424 470
424 510
424 577
424 581
424 628
424 664
424 879
424 904
425 437
425 503
425 573
425 612
425 621
425 638
425 658
425 742
425 764
425 893
425 981
426 442
426 543
426 728
426 759
427 480
427 601
427 766
427 870
427 912
427 944
428 612
428 634
428 920
428 925
428 956
428 976
429 582
429 610
429 758
429 800
429 939
429 975
430 435
430 520
430 525
430 578
430 604
430 647
430 668
430 723
430 766
430 802
430 891
430 895
430 916
431 453
431 580
431 599
431 857
431 919
432 472
432 473
432 478
432 525
432 593
432 660
432 736
432 772
432 822
432 930
433 489
433 548
433 694
433 700
433 993
434 463
434 638
434 741
434 783
434 800
434 808
434 827
434 832
434 934
434 941
434 952
434 956
434 993
435 440
435 763
435 779
435 795
435 816
435 827
436 445
436 594
436 605
436 765
436 825
437 643
437 703
437 798
437 875
437 914
437 969
438 492
438 516
438 517
438 565
438 590
438 645
438 650
438 677
438 698
438 831
438 973
438 999
439 443
439 487
439 524
439 780
439 808
439 842
439 915
439 921
439 933
439 947
439 983
439 999
440 537
440 544
440 549
440 604
440 608
440 726
440 884
440 921
441 502
442 452
442 484
442 623
442 699
442 775
442 791
442 904
442 954
443 582
443 646
443 699
443 946
443 967
443 983
444 517
444 555
444 640
444 702
444 710
444 724
444 755
444 789
444 824
444 857
444 963
445 505
445 516
445 584
445 831
445 868
445 891
445 963
445 964
446 532
446 612
446 825
447 533
447 660
447 672
447 810
447 854
447 876
447 929
448 575
448 631
448 675
448 770
448 784
448 957
448 984
448 985
449 472
449 553
449 592
449 624
449 716
449 717
449 774
449 806
449 899
449 938
449 951
449 981
450 609
450 622
450 715
450 856
450 870
450 956
451 501
451 805
451 934
451 968
452 490
452 535
452 730
452 784
452 941
452 950
453 462
453 694
453 712
453 723
453 749
453 795
453 870
453 899
454 624
454 688
454 722
454 743
454 758
455 489
455 647
455 674
455 789
455 833
455 893
455 915
456 468
456 527
456 630
456 652
456 659
456 671
456 727
456 794
456 942
456 985
457 526
457 527
457 582
457 605
457 652
457 666
457 675
457 695
457 756
457 896
457 976
458 463
458 489
458 510
458 790
458 863
458 892
458 982
459 545
459 570
459 819
459 984
460 484
460 519
460 525
460 610
460 694
460 732
460 855
460 888
460 931
460 942
460 983
461 496
461 555
461 643
461 690
461 704
461 719
461 746
461 781
462 463
462 482
462 538
462 677
462 732
462 874
462 923
462 933
462 957
463 509
463 547
463 700
463 731
463 748
463 833
463 867
463 945
463 988
463 992
464 511
464 564
464 620
464 710
464 711
464 824
464 839
464 901
464 908
465 577
465 589
465 676
465 713
465 758
465 763
465 849
465 861
465 863
465 865
465 929
465 963
465 983
466 534
466 612
466 691
466 794
466 856
466 967
466 985
466 995
467 552
467 712
467 787
467 820
467 850
468 650
468 717
468 744
468 766
468 778
468 858
468 956
469 479
469 564
469 647
469 656
469 786
469 834
470 525
470 599
470 642
470 771
471 497
471 585
471 655
471 735
471 749
471 768
471 966
472 490
472 536
472 538
472 667
472 729
472 888
473 497
473 505
473 635
473 685
473 740
473 784
473 803
474 499
474 563
474 690
474 713
474 781
474 825
474 831
474 866
475 489
475 553
475 572
475 708
475 850
475 863
475 915
475 940
476 552
476 554
476 624
476 639
476 648
476 739
476 765
476 797
476 863
476 903
476 962
477 497
477 508
477 601
477 717
477 735
477 832
477 911
477 969
478 487
478 709
478 727
478 752
478 754
478 790
478 852
478 894
478 913
479 483
479 513
479 522
479 534
479 641
479 724
479 775
479 862
479 900
479 964
480 580
480 714
480 761
480 791
480 794
480 810
480 873
481 744
481 848
481 903
482 514
482 543
482 545
482 588
482 839
482 870
482 894
482 954
482 970
483 845
483 890
484 756
484 787
484 852
484 945
484 966
484 977
484 989
484 993
485 495
485 522
485 752
485 853
486 509
486 615
486 735
486 750
486 849
486 953
487 497
487 516
487 574
487 635
487 650
487 693
487 702
487 703
487 719
487 828
487 836
487 887
487 900
487 901
487 987
488 505
488 577
488 641
488 711
488 723
488 751
488 785
488 824
488 953
489 653
489 671
489 988
490 556
490 563
490 608
490 830
490 862
490 885
491 502
491 503
491 552
491 647
491 741
491 758
491 781
492 512
492 574
492 591
492 731
492 842
492 845
492 900
493 529
493 554
493 755
493 833
493 846
493 892
493 981
493 995
494 502
494 737
494 743
494 791
494 815
494 824
494 983
495 520
495 534
495 803
495 832
495 843
495 847
495 860
496 501
496 542
496 571
496 639
496 676
496 817
496 848
496 849
496 899
496 922
496 967
497 760
497 792
497 845
498 543
498 601
498 793
499 576
499 641
499 700
499 743
499 814
499 892
499 896
499 916
499 979
500 656
500 674
500 727
500 728
500 863
500 871
500 919
500 970
501 557
501 651
501 923
501 995
502 637
502 693
502 878
502 884
502 886
503 508
503 548
503 611
503 635
503 655
503 817
503 833
503 853
503 954
503 983
504 645
504 675
504 711
504 718
504 733
504 808
504 825
504 988
505 509
505 636
505 702
505 723
505 727
505 741
505 826
505 830
505 849
505 924
506 507
506 569
506 689
506 692
506 777
506 917
507 540
507 695
507 719
507 777
507 868
507 910
507 923
507 926
508 511
508 715
508 770
508 835
508 881
509 697
509 726
509 915
509 952
510 511
510 587
510 658
510 756
510 821
510 995
511 520
511 589
511 644
511 872
512 549
512 578
512 617
512 689
512 810
512 824
512 833
512 938
513 552
513 600
513 616
513 698
513 759
513 785
513 791
513 794
513 800
513 838
513 967
514 579
514 584
514 586
514 614
514 666
514 916
515 560
515 561
515 578
515 607
515 675
515 866
515 904
515 944
516 573
516 694
516 787
516 907
516 910
516 941
517 583
517 706
517 709
517 767
517 810
517 843
518 570
518 591
518 677
518 694
518 718
518 799
519 656
519 660
519 677
519 698
519 740
519 746
519 762
519 833
519 872
519 947
520 524
520 572
520 758
520 810
520 946
520 979
521 557
521 597
521 689
521 690
521 969
521 984
522 574
522 682
522 754
522 786
522 838
522 839
523 755
523 837
523 910
523 923
523 988
524 528
524 536
524 537
524 581
524 587
524 647
524 777
524 811
524 868
524 944
525 550
525 577
525 578
525 805
525 824
525 866
525 977
526 570
526 617
526 639
526 659
526 738
526 991
527 677
527 701
527 786
527 795
527 896
527 965
527 980
527 982
527 990
527 999
528 643
528 751
528 977
528 991
529 590
529 663
529 667
529 684
529 709
530 659
530 686
530 758
530 830
530 893
530 916
531 588
531 657
531 767
531 885
531 921
531 930
531 965
531 998
532 567
532 724
532 781
532 873
532 916
533 649
533 897
534 826
534 865
535 651
535 700
535 784
535 787
535 874
535 986
536 614
536 617
536 694
537 541
537 621
537 691
537 692
537 897
538 544
538 716
538 742
538 745
538 793
538 810
538 851
538 901
538 912
538 918
539 605
539 772
539 806
539 826
539 935
539 956
540 562
540 757
540 824
540 867
541 573
541 681
541 901
541 952
542 615
542 655
542 702
542 718
542 830
542 881
542 883
542 961
543 557
543 587
543 619
543 625
543 771
543 795
543 987
544 687
544 890
544 955
544 961
545 689
545 694
545 697
545 720
545 806
545 816
545 884
545 961
546 580
546 649
546 681
546 736
546 744
546 983
546 985
547 744
547 812
548 636
548 650
548 736
548 808
549 662
549 666
549 682
549 782
549 830
549 902
549 910
549 917
550 551
550 573
550 944
550 962
550 990
551 606
551 720
551 809
551 858
551 977
552 555
552 624
552 669
552 786
552 793
552 845
552 911
553 557
553 600
553 698
553 720
553 738
553 867
553 913
553 993
554 644
554 746
554 757
554 800
554 841
554 967
554 981
554 991
554 992
555 805
555 812
555 821
555 913
555 916
556 571
556 588
556 825
556 849
556 929
557 575
557 583
557 701
557 718
557 752
557 772
557 910
557 982
558 708
558 769
558 780
558 991
559 905
560 581
560 619
560 653
560 828
560 965
561 648
561 664
561 702
561 731
561 751
561 767
561 780
561 790
561 897
561 973
561 977
562 627
562 656
562 752
562 838
562 862
562 887
562 946
562 991
563 697
563 779
563 875
563 876
564 677
564 704
564 791
564 913
564 936
565 598
565 764
565 843
565 930
565 943
566 681
566 733
566 776
566 887
567 569
567 655
567 665
567 675
567 686
567 689
567 830
567 843
567 862
567 870
568 661
568 695
568 736
568 798
568 805
568 833
568 866
568 868
568 898
568 929
569 705
569 745
569 878
569 963
569 987
570 583
570 645
570 732
570 742
570 754
570 806
570 1000
571 607
571 774
571 783
571 795
572 648
572 677
572 822
572 871
572 883
572 926
572 987
573 714
573 788
573 834
573 849
573 910
573 938
573 946
574 582
574 618
574 720
574 741
574 817
574 954
574 956
574 961
575 620
575 664
575 705
575 851
575 985
576 579
576 788
577 650
577 911
577 931
577 967
578 585
578 617
578 638
578 746
578 789
578 814
578 820
579 646
579 647
579 760
579 887
580 585
580 756
580 861
580 936
581 591
581 626
581 645
581 757
581 800
581 821
581 895
581 906
581 967
582 586
582 598
582 637
582 672
582 741
582 796
582 852
583 730
583 862
583 924
583 935
583 984
584 598
584 673
584 687
584 707
584 796
584 912
585 746
585 769
585 801
585 805
585 808
586 596
586 638
586 691
586 841
586 867
586 935
587 616
587 650
587 680
587 847
587 865
587 884
587 899
587 927
588 594
588 603
588 718
588 727
588 730
588 821
588 902
588 987
589 624
589 680
589 704
589 734
589 781
589 993
590 672
590 880
591 602
591 627
591 877
591 909
591 945
592 654
592 911
592 918
592 975
593 794
593 840
593 959
594 625
594 666
594 686
594 774
594 895
594 984
595 652
595 667
595 711
595 749
595 779
595 783
595 818
595 830
595 857
595 898
595 905
596 673
596 828
597 799
597 892
598 610
598 677
598 695
598 778
598 806
598 816
598 897
599 645
599 691
599 696
599 719
599 724
599 737
599 800
599 803
599 818
599 936
600 640
600 687
600 809
600 949
601 653
601 707
601 918
602 637
602 684
602 728
602 751
602 879
602 963
603 624
603 667
603 725
603 824
603 989
604 624
604 781
604 796
604 804
604 854
604 995
605 611
605 818
605 820
605 834
605 878
605 881
605 901
605 916
605 934
605 951
606 641
606 787
606 901
607 735
607 741
607 760
607 935
608 611
608 617
608 643
608 743
608 933
609 885
609 935
609 955
609 957
609 964
609 979
609 994
610 642
610 699
610 776
610 992
611 692
611 705
611 780
611 819
611 872
611 883
611 912
611 963
612 674
612 742
612 796
612 840
612 956
613 621
613 680
613 826
613 835
613 945
614 662
614 765
614 856
614 892
614 898
614 978
615 691
615 769
615 795
615 926
615 959
615 960
615 979
615 998
616 646
616 650
616 664
616 683
616 770
616 781
616 798
616 944
617 619
617 621
617 628
617 755
617 820
617 831
617 955
618 636
618 703
618 741
618 797
618 811
618 868
618 887
619 745
619 776
619 826
619 853
619 887
620 686
620 690
620 866
620 991
621 707
621 711
621 734
621 775
621 937
621 963
622 665
622 808
622 817
622 846
623 633
623 744
623 765
623 786
623 799
623 921
623 964
624 874
624 886
625 783
625 791
625 816
625 903
625 918
625 947
626 642
626 643
626 664
626 750
626 764
626 777
626 814
626 861
626 885
627 635
627 701
627 726
627 788
627 992
627 993
628 638
628 648
628 716
628 721
628 743
628 771
628 798
628 845
628 887
628 907
628 950
628 994
629 754
629 794
629 954
629 996
630 776
630 913
630 949
630 969
630 977
631 645
631 801
631 841
632 636
632 695
632 713
632 811
632 823
632 892
632 932
632 952
633 659
633 743
633 834
633 847
633 855
633 862
633 936
633 980
634 639
634 644
635 641
635 747
635 839
635 877
635 899
635 912
636 766
636 787
636 971
637 668
637 685
637 744
637 777
637 878
637 906
638 744
638 806
638 811
638 841
638 922
638 971
639 649
639 758
639 831
639 915
639 955
639 969
640 718
640 747
640 840
640 908
641 682
641 814
641 828
641 859
641 949
642 713
642 775
642 805
642 836
642 898
642 992
643 654
643 663
643 672
643 893
643 917
643 941
644 737
644 878
644 993
645 854
645 860
645 888
645 902
645 966
646 662
646 666
646 752
646 780
646 782
646 849
646 853
646 878
646 976
647 785
647 930
647 966
647 974
647 975
647 983
648 895
648 900
648 903
648 952
648 977
648 982
649 653
649 787
649 815
649 892
649 945
650 674
650 729
650 750
650 845
650 849
650 877
650 880
651 754
651 822
651 879
651 884
651 967
652 702
652 727
652 917
652 929
653 664
653 830
653 874
653 882
653 955
654 724
654 836
655 814
655 882
655 960
655 967
655 968
656 659
656 756
656 994
657 703
657 768
657 809
657 849
657 895
657 897
658 664
658 824
658 903
658 915
659 688
659 702
659 709
659 733
659 781
659 791
659 875
659 934
660 769
660 771
660 779
660 790
660 837
660 892
660 984
661 784
661 838
661 892
661 988
662 663
662 740
662 786
663 731
663 733
663 838
663 933
664 669
664 720
664 744
664 784
664 977
665 681
665 740
665 870
665 873
665 924
665 947
665 949
665 952
666 713
667 728
667 753
667 754
667 858
667 887
668 733
668 780
668 806
668 827
668 979
669 688
669 716
669 818
669 823
670 717
670 940
670 962
671 695
671 700
671 731
671 787
671 910
671 923
672 690
672 696
672 765
672 772
672 778
672 994
673 698
673 791
673 826
673 843
673 950
674 866
674 891
674 916
674 921
675 720
675 735
675 894
675 945
675 975
676 714
676 844
676 854
676 885
676 908
676 954
676 961
677 693
677 700
677 779
677 815
677 822
677 926
678 725
678 789
678 839
678 912
679 745
679 821
679 979
680 785
680 786
680 788
680 820
680 821
680 846
680 882
680 884
681 818
681 880
681 915
681 916
681 951
681 953
681 978
681 990
681 996
682 850
683 684
683 786
683 799
683 898
683 952
684 838
684 839
684 864
685 811
685 837
685 869
685 899
685 969
686 734
686 750
686 791
686 921
686 976
687 990
688 723
688 739
688 748
688 749
688 760
688 789
689 809
689 843
689 879
689 884
689 906
689 921
689 963
690 790
690 832
690 883
690 896
690 945
691 715
691 792
691 855
691 909
691 945
691 949
691 993
692 744
692 916
692 922
694 695
694 740
694 919
694 953
695 759
695 801
695 812
695 860
695 883
695 931
695 936
696 798
696 827
696 908
696 980
696 990
697 716
697 748
697 759
697 780
697 826
697 857
697 881
697 975
698 762
698 794
698 870
698 908
698 909
698 942
699 803
700 710
700 718
700 734
700 882
700 933
700 964
701 776
701 821
701 882
702 733
702 789
702 867
703 844
704 793
704 808
704 886
704 956
705 759
705 795
705 846
706 778
707 792
707 801
707 817
707 859
707 892
707 949
708 719
708 776
708 924
709 764
709 867
709 984
710 907
710 948
710 980
710 993
711 934
712 763
712 897
712 948
712 965
713 723
713 981
714 724
714 798
714 805
714 813
714 866
714 970
715 791
715 950
715 997
716 793
716 867
716 929
716 979
717 839
717 902
717 974
718 774
719 763
719 796
719 914
719 945
719 979
720 819
720 962
720 993
720 1000
721 747
721 771
721 797
721 887
722 755
722 864
722 901
724 749
724 759
724 871
725 732
725 758
725 858
725 875
725 896
725 930
726 819
726 826
726 840
726 864
726 981
727 761
727 770
727 773
727 912
727 960
728 966
729 751
729 911
729 918
730 850
730 874
730 945
731 763
731 798
731 879
731 880
731 909
731 949
732 749
732 840
733 872
733 982
733 993
734 890
735 829
735 912
735 917
736 855
736 921
736 983
738 757
738 829
739 752
739 808
739 820
739 857
739 891
739 944
740 794
740 812
740 830
740 855
740 863
741 849
741 947
741 971
742 747
742 753
742 830
743 747
743 770
743 829
743 894
743 986
743 990
744 782
744 978
745 805
745 837
745 842
745 854
745 857
745 885
745 903
745 983
746 984
747 774
747 830
747 853
747 955
748 824
748 839
750 812
750 933
750 936
750 967
751 790
751 817
751 973
751 995
752 766
752 785
752 827
752 982
753 995
754 768
754 849
754 869
754 876
754 983
755 765
755 825
755 903
755 986
756 948
757 957
758 867
758 957
759 765
759 923
759 931
759 941
759 942
760 837
760 849
760 852
760 912
760 942
761 790
761 797
761 836
761 946
762 831
762 841
762 876
762 917
762 944
763 882
763 938
763 995
764 821
764 884
764 901
765 797
765 965
766 808
766 829
766 879
766 914
766 990
766 998
767 780
767 904
767 906
767 977
768 807
768 884
768 927
768 943
769 772
769 787
769 874
769 923
770 772
770 780
770 872
771 826
771 857
772 786
772 832
772 855
772 928
772 930
773 855
773 920
773 943
773 960
774 791
774 794
774 849
774 972
775 832
775 855
775 875
775 886
776 814
776 910
777 827
777 865
778 794
778 866
778 880
779 780
779 809
779 864
779 897
779 916
780 832
780 998
781 832
781 947
782 886
783 784
783 971
784 879
785 960
786 837
786 874
786 974
787 924
787 925
787 948
787 985
788 814
788 896
789 797
789 802
789 891
789 951
790 794
790 817
790 882
791 886
791 921
792 828
792 909
792 930
793 806
793 853
793 921
793 937
793 978
794 932
794 944
794 949
795 826
795 892
795 912
796 799
796 876
796 983
797 805
797 883
798 870
798 900
799 806
799 912
799 925
799 970
800 819
800 969
800 985
801 922
802 825
802 934
802 1000
803 905
804 855
804 862
805 828
805 892
805 944
806 921
806 972
807 809
807 865
807 926
808 856
808 893
808 906
808 998
809 817
809 818
809 858
809 888
809 963
810 857
811 832
811 837
811 873
811 884
811 909
811 914
813 837
813 981
814 899
814 922
814 980
814 998
815 833
815 983
816 955
816 1000
817 880
817 926
818 854
818 931
819 919
819 986
820 842
820 855
820 986
821 909
821 996
822 931
822 978
823 877
823 884
823 958
824 896
824 993
825 873
825 897
825 918
825 941
825 953
826 916
826 935
827 889
827 900
827 992
828 864
828 865
828 869
828 871
828 913
828 985
829 881
829 913
829 921
830 868
830 955
831 911
832 896
832 979
833 934
834 852
834 895
834 944
835 853
835 926
835 959
837 850
837 923
837 932
838 928
838 987
838 989
839 862
839 982
840 886
840 946
840 953
841 855
841 910
841 977
842 869
842 921
842 989
843 850
843 903
844 856
844 930
844 949
844 957
844 995
846 976
847 855
847 880
848 861
848 947
848 962
849 878
849 883
849 890
849 983
849 995
850 951
851 951
852 868
852 922
852 987
853 960
854 944
855 884
856 888
856 925
856 1000
859 901
859 954
860 878
861 906
861 927
863 968
864 951
864 955
864 967
865 902
865 913
865 924
867 922
867 982
868 918
868 925
868 989
869 940
870 893
870 916
870 972
871 917
872 881
872 921
872 940
872 943
872 975
872 993
873 932
873 953
874 968
875 903
875 950
875 995
876 948
877 881
877 967
877 983
878 981
879 935
879 938
879 967
880 884
880 895
880 910
880 987
881 911
881 978
881 979
881 984
882 926
882 963
882 997
885 928
885 972
888 979
889 922
890 944
891 892
891 930
891 981
891 993
892 911
893 925
894 897
894 900
894 924
894 935
894 946
894 948
894 970
895 910
896 975
897 906
897 967
897 968
898 901
900 911
900 914
900 936
900 941
902 917
902 919
902 963
903 928
903 961
907 929
909 939
909 950
910 938
911 963
912 963
912 966
912 979
913 970
914 938
914 992
914 995
915 997
916 947
917 931
919 943
919 972
921 961
922 927
922 950
922 953
922 992
922 999
923 944
923 986
925 985
925 986
926 952
926 954
926 990
926 993
928 933
928 949
928 951
929 980
931 946
932 979
934 938
934 943
934 996
936 965
936 984
937 964
937 987
937 996
938 998
940 988
941 998
944 972
944 988
944 997
947 992
948 963
951 997
952 968
956 981
956 994
958 967
958 981
960 965
961 972
962 969
963 990
964 988
965 991
970 975
970 980
971 976
978 979
979 999
980 982
