1000 6751
1 127
1 216
1 231
1 239
1 240
1 277
1 394
1 435
1 492
1 576
1 663
1 745
1 778
2 40
2 197
2 284
2 287
2 300
2 368
2 591
2 648
2 682
2 722
2 910
3 47
3 166
3 185
3 324
3 341
3 374
3 385
3 446
3 471
3 517
3 568
3 613
3 640
3 751
3 763
3 833
3 849
4 22
4 114
4 171
4 187
4 356
4 452
4 502
4 531
4 607
4 620
4 732
4 856
4 890
4 905
5 41
5 77
5 150
5 158
5 171
5 282
5 382
5 407
5 429
5 561
5 602
5 683
5 724
5 802
5 917
6 26
6 32
6 48
6 75
6 220
6 271
6 387
6 399
6 684
6 846
6 947
6 990
7 150
7 158
7 217
7 249
7 675
7 759
7 835
7 885
7 902
7 907
7 920
8 76
8 422
8 471
8 503
8 529
8 576
8 587
8 621
8 778
8 788
8 799
8 969
8 975
9 57
9 66
9 108
9 236
9 483
9 515
9 670
9 707
9 716
9 751
9 759
9 776
9 909
10 28
10 53
10 64
10 67
10 167
10 270
10 424
10 626
10 696
10 741
10 818
10 862
10 978
11 67
11 155
11 162
11 289
11 355
11 357
11 366
11 472
11 496
11 572
11 600
11 632
11 748
11 779
11 878
11 897
11 985
12 41
12 115
12 116
12 239
12 247
12 272
12 317
12 334
12 348
12 414
12 689
12 713
12 742
12 770
12 837
12 851
12 878
12 946
13 134
13 255
13 324
13 423
13 437
13 552
13 575
13 603
13 695
13 732
13 802
13 858
13 869
13 975
13 987
14 23
14 141
14 183
14 392
14 472
14 564
14 589
14 627
14 660
14 710
14 784
14 840
14 892
14 964
15 53
15 54
15 64
15 102
15 403
15 416
15 665
15 762
15 788
15 834
15 849
15 865
16 115
16 167
16 201
16 215
16 268
16 390
16 417
16 454
16 476
16 480
16 710
16 712
16 873
16 1000
17 29
17 40
17 199
17 290
17 339
17 371
17 389
17 421
17 490
17 526
17 662
17 759
17 847
17 995
18 168
18 351
18 699
18 808
18 863
18 932
19 40
19 91
19 157
19 190
19 293
19 367
19 407
19 553
19 588
19 630
19 646
19 745
19 757
19 809
19 852
19 906
19 912
19 948
19 959
20 58
20 85
20 104
20 113
20 124
20 355
20 413
20 439
20 484
20 503
20 522
20 569
20 573
20 613
20 629
20 689
20 725
20 816
20 923
20 964
20 985
20 998
21 343
21 393
21 410
21 428
21 555
21 603
21 607
21 660
21 663
21 743
21 849
21 852
21 989
22 97
22 98
22 132
22 181
22 209
22 210
22 263
22 348
22 362
22 542
22 543
22 567
22 769
22 771
22 780
22 931
23 68
23 213
23 254
23 263
23 340
23 592
23 700
23 778
23 824
23 943
24 29
24 68
24 87
24 92
24 383
24 602
24 658
24 661
24 695
24 765
24 817
24 873
24 968
24 984
24 998
25 197
25 349
25 461
25 489
25 584
25 798
25 837
25 846
26 129
26 137
26 338
26 355
26 436
26 497
26 671
26 682
26 751
26 876
27 46
27 175
27 257
27 276
27 327
27 328
27 330
27 411
27 499
27 706
27 881
28 113
28 189
28 581
28 816
28 823
28 827
29 235
29 317
29 362
29 372
29 593
29 644
29 646
29 665
29 740
29 766
29 779
29 861
29 913
29 940
30 87
30 155
30 191
30 205
30 230
30 239
30 423
30 473
30 510
30 680
30 702
30 776
30 851
30 893
31 257
31 390
31 521
31 585
31 687
31 911
32 114
32 612
32 699
32 798
32 805
32 814
32 866
32 992
33 76
33 144
33 329
33 493
33 508
33 632
33 739
33 817
33 846
34 89
34 127
34 161
34 165
34 226
34 289
34 388
34 662
34 691
34 793
34 804
34 833
34 870
34 880
34 891
34 936
35 184
35 265
35 283
35 445
35 480
35 587
35 733
35 873
36 231
36 447
36 501
36 539
36 607
36 786
36 878
36 901
37 346
37 394
37 395
37 426
37 574
37 598
37 621
37 650
37 787
37 817
37 940
38 201
38 233
38 306
38 404
38 430
38 455
38 482
38 587
38 625
38 634
38 840
38 942
39 145
39 152
39 234
39 235
39 239
39 261
39 358
39 444
39 453
39 601
39 645
39 719
40 149
40 166
40 224
40 229
40 241
40 289
40 348
40 372
40 410
40 414
40 508
40 548
40 571
40 626
40 634
40 679
40 900
41 82
41 142
41 205
41 223
41 322
41 386
41 398
41 467
41 632
41 678
41 720
41 844
41 913
41 936
41 987
42 66
42 229
42 246
42 297
42 312
42 321
42 334
42 404
42 455
42 482
42 541
42 644
42 693
42 717
42 750
42 777
42 804
42 848
42 872
42 903
42 966
43 91
43 339
43 375
43 408
43 411
43 426
43 610
43 654
43 672
43 767
43 992
44 109
44 111
44 135
44 155
44 173
44 214
44 222
44 228
44 248
44 283
44 350
44 362
44 507
44 582
44 714
44 735
44 850
44 889
45 99
45 132
45 220
45 246
45 270
45 286
45 314
45 407
45 558
45 561
45 714
45 742
45 806
45 883
45 898
46 188
46 238
46 283
46 323
46 337
46 442
46 527
46 600
46 654
46 664
46 717
46 771
46 894
47 73
47 166
47 198
47 316
47 324
47 402
47 478
47 575
47 645
47 649
47 689
47 716
47 727
47 791
47 812
47 848
47 875
47 878
47 880
47 881
47 925
47 945
47 947
47 994
48 206
48 517
48 554
48 588
48 643
48 708
48 839
48 882
48 949
49 108
49 257
49 502
49 503
49 559
49 585
49 609
49 907
49 948
49 985
50 60
50 72
50 277
50 283
50 594
50 652
50 705
50 822
50 835
50 988
51 150
51 285
51 291
51 509
51 541
51 802
51 813
51 825
51 901
52 114
52 194
52 279
52 302
52 317
52 327
52 343
52 398
52 441
52 447
52 647
52 672
52 755
52 816
52 950
52 961
53 94
53 97
53 106
53 162
53 239
53 342
53 380
53 384
53 429
53 451
53 612
53 680
53 800
53 816
53 839
53 855
53 916
53 968
54 83
54 85
54 258
54 360
54 389
54 421
54 482
54 644
54 689
54 839
54 858
54 934
55 140
55 156
55 184
55 298
55 308
55 311
55 354
55 381
55 405
55 413
55 480
55 506
55 528
55 710
55 783
55 808
55 824
55 904
55 935
55 948
56 114
56 137
56 146
56 157
56 247
56 468
56 591
56 606
56 617
56 621
56 680
56 720
56 722
56 743
56 897
56 910
57 110
57 136
57 232
57 482
57 529
57 542
57 610
57 612
57 689
57 779
57 858
58 129
58 154
58 215
58 223
58 436
58 541
58 588
58 699
58 715
58 972
58 984
59 113
59 133
59 307
59 311
59 532
59 578
59 678
59 680
59 824
59 835
59 890
59 980
59 986
59 992
60 344
60 395
60 402
60 422
60 464
60 478
60 540
60 585
60 690
60 708
60 718
60 721
60 823
60 884
60 927
61 133
61 212
61 214
61 293
61 366
61 418
61 487
61 584
61 599
61 704
61 721
61 812
61 898
61 909
61 947
62 98
62 208
62 388
62 508
62 560
62 576
62 627
62 650
62 668
62 675
62 716
62 795
62 814
62 833
62 934
63 127
63 144
63 327
63 435
63 466
63 489
63 563
63 753
63 760
63 824
63 885
63 996
64 81
64 182
64 199
64 218
64 234
64 241
64 371
64 373
64 383
64 397
64 406
64 559
64 633
64 752
64 868
64 991
65 185
65 253
65 369
65 627
65 666
65 756
65 794
65 818
65 821
65 857
65 864
65 901
65 1000
66 131
66 143
66 229
66 380
66 518
66 524
66 547
66 580
66 601
66 657
66 664
66 678
66 779
66 853
66 935
67 588
67 702
67 750
67 808
67 902
67 993
68 78
68 111
68 425
68 513
68 518
68 585
68 638
68 695
68 730
68 844
68 999
69 317
69 428
69 530
69 608
69 729
69 923
70 94
70 100
70 171
70 173
70 223
70 300
70 341
70 367
70 450
70 496
70 518
70 875
70 876
70 978
71 151
71 185
71 202
71 227
71 351
71 430
71 481
71 597
71 762
71 791
71 805
71 855
71 961
71 965
72 154
72 229
72 276
72 343
72 364
72 520
72 526
72 535
72 631
72 668
72 684
72 702
72 745
72 784
72 827
73 117
73 261
73 324
73 450
73 610
73 671
73 758
73 781
73 806
73 836
73 891
73 900
73 936
73 952
73 996
74 119
74 137
74 221
74 259
74 307
74 388
74 415
74 590
74 636
74 687
74 725
74 751
74 822
74 828
75 270
75 318
75 420
75 511
75 547
75 574
75 663
75 733
75 753
75 799
75 831
75 872
75 906
75 953
75 969
76 216
76 346
76 382
76 486
76 567
76 593
76 807
76 931
77 143
77 299
77 321
77 356
77 394
77 429
77 497
77 568
77 593
77 670
77 741
77 815
77 828
77 954
77 955
77 989
78 154
78 265
78 327
78 341
78 526
78 715
78 732
78 831
78 848
78 907
78 928
78 950
79 183
79 239
79 328
79 381
79 424
79 487
79 539
79 560
79 576
79 578
79 834
79 923
79 981
80 211
80 248
80 291
80 898
81 115
81 119
81 164
81 167
81 186
81 297
81 324
81 354
81 405
81 558
81 602
81 604
81 607
81 642
81 709
81 720
81 728
81 877
81 944
82 100
82 139
82 219
82 327
82 485
82 570
82 611
82 612
82 667
82 732
82 738
82 749
82 825
82 851
82 917
82 1000
83 139
83 164
83 171
83 225
83 325
83 437
83 455
83 594
83 712
83 757
83 769
83 810
83 823
83 943
83 955
83 962
83 964
84 208
84 465
84 480
84 496
84 636
84 637
84 719
84 729
84 898
84 941
84 957
85 304
85 345
85 424
85 604
85 626
85 849
85 958
85 962
86 117
86 222
86 258
86 289
86 369
86 389
86 468
86 528
86 578
86 689
86 703
86 827
86 952
86 974
87 100
87 131
87 171
87 251
87 286
87 294
87 298
87 317
87 420
87 577
87 816
87 940
88 139
88 209
88 292
88 311
88 405
88 423
88 743
89 234
89 263
89 313
89 322
89 411
89 444
89 594
89 600
89 722
89 730
89 775
89 778
89 782
90 303
90 496
90 551
90 621
90 656
90 796
90 949
90 987
91 140
91 259
91 274
91 314
91 365
91 592
91 607
91 620
91 738
91 787
91 907
91 953
92 94
92 230
92 342
92 360
92 409
92 462
92 470
92 596
92 680
92 685
92 720
92 828
92 886
92 983
93 128
93 209
93 528
93 638
93 726
93 738
93 747
93 786
93 846
93 929
94 155
94 407
94 564
94 584
94 642
94 693
94 741
94 782
94 809
94 974
95 303
95 304
95 344
95 357
95 362
95 409
95 422
95 423
95 429
95 565
95 592
95 686
95 720
95 958
95 991
95 993
96 103
96 216
96 245
96 260
96 287
96 337
96 510
96 630
96 646
96 648
96 881
96 936
97 174
97 176
97 199
97 376
97 393
97 459
97 554
97 627
97 777
97 899
97 979
98 110
98 125
98 129
98 492
98 497
98 547
98 743
98 850
98 865
98 890
99 113
99 168
99 193
99 215
99 234
99 398
99 511
99 635
99 655
99 662
99 744
99 975
100 227
100 426
100 503
100 522
100 560
100 611
100 721
100 761
100 846
100 941
101 156
101 221
101 234
101 252
101 288
101 309
101 464
101 498
101 695
101 702
101 756
101 948
101 992
102 147
102 241
102 334
102 341
102 346
102 528
102 680
102 723
102 725
102 875
102 888
102 970
103 142
103 173
103 189
103 251
103 341
103 402
103 461
103 637
103 668
103 711
103 736
103 743
103 763
103 798
103 879
104 182
104 297
104 343
104 416
104 667
104 723
104 742
104 750
104 755
104 844
104 850
104 930
104 935
104 988
105 240
105 271
105 322
105 405
105 497
105 547
105 553
105 595
105 598
105 615
105 669
105 715
105 719
105 779
105 783
105 828
105 910
106 148
106 294
106 357
106 527
106 545
106 580
106 588
106 603
106 652
106 765
106 778
106 791
106 835
106 904
106 918
107 137
107 179
107 254
107 271
107 348
107 393
107 507
107 522
107 530
107 533
107 826
107 829
107 894
107 942
107 947
107 1000
108 472
108 511
108 528
108 642
108 647
108 743
109 143
109 147
109 166
109 177
109 243
109 255
109 339
109 526
109 551
109 566
109 641
109 674
109 895
110 206
110 474
110 513
110 536
110 600
110 601
110 719
110 763
110 835
110 881
110 910
110 995
111 163
111 223
111 265
111 266
111 421
111 478
111 496
111 541
111 652
111 827
111 864
111 922
111 985
112 243
112 386
112 438
112 452
112 559
112 561
112 562
112 565
112 689
112 801
112 881
112 926
112 964
112 991
113 298
113 375
113 478
113 806
113 852
113 948
114 190
114 197
114 242
114 285
114 492
114 500
114 539
114 616
114 739
114 764
114 875
114 895
114 900
114 958
115 438
115 617
115 630
115 699
115 764
115 792
115 850
116 126
116 178
116 257
116 369
116 407
116 577
116 619
116 687
116 715
116 764
116 791
116 803
116 806
116 850
116 981
116 983
117 242
117 266
117 269
117 277
117 410
117 483
117 512
117 536
117 554
117 607
117 778
117 824
118 138
118 218
118 229
118 254
118 294
118 392
118 414
118 439
118 486
118 541
118 652
118 701
118 720
118 735
118 815
118 823
118 887
118 962
119 191
119 308
119 432
119 609
119 634
119 728
119 732
119 739
119 760
119 796
119 822
119 863
119 974
119 996
120 153
120 205
120 254
120 371
120 378
120 399
120 450
120 502
120 527
120 531
120 575
120 589
120 699
120 764
120 835
120 884
121 302
121 347
121 395
121 405
121 412
121 482
121 663
121 688
121 778
121 934
122 140
122 319
122 449
122 489
122 598
122 646
122 739
122 909
122 935
123 142
123 208
123 230
123 261
123 409
123 450
123 579
123 587
123 605
123 643
123 661
123 685
123 850
123 896
123 915
124 139
124 191
124 362
124 393
124 446
124 477
124 493
124 524
124 611
124 715
124 737
124 856
124 880
124 943
124 964
125 130
125 136
125 157
125 193
125 204
125 446
125 529
125 542
125 676
125 849
125 914
126 246
126 263
126 290
126 313
126 383
126 447
126 459
126 472
126 550
126 608
126 634
126 671
126 677
126 742
126 820
126 850
126 895
126 919
127 183
127 184
127 235
127 371
127 503
127 559
127 727
127 780
127 948
127 996
127 999
128 222
128 325
128 371
128 409
128 603
128 758
128 806
129 152
129 166
129 324
129 567
129 595
129 808
129 904
130 131
130 181
130 371
130 402
130 490
130 507
130 586
130 667
130 700
130 828
130 992
131 477
131 488
131 729
131 758
131 771
131 839
131 945
132 145
132 213
132 376
132 437
132 471
132 539
132 594
132 662
132 670
132 671
132 767
132 784
132 797
132 806
132 873
132 971
133 195
133 450
133 623
133 626
133 651
133 670
133 674
133 699
133 752
133 754
133 802
133 818
133 959
133 986
134 413
134 482
134 486
134 536
134 719
134 771
134 831
134 890
134 909
134 966
135 139
135 258
135 297
135 513
135 525
135 569
135 759
135 770
135 824
135 838
135 944
135 998
136 218
136 307
136 649
136 682
136 829
136 831
136 900
136 965
137 210
137 458
137 506
137 554
137 632
137 673
137 706
137 755
137 800
137 910
137 939
138 263
138 301
138 313
138 324
138 407
138 431
138 451
138 591
138 818
138 954
139 140
139 390
139 401
139 441
139 448
139 498
139 557
139 594
139 637
139 645
139 736
139 812
139 904
139 962
140 148
140 205
140 214
140 244
140 422
140 663
140 856
140 941
140 957
140 985
141 159
141 214
141 216
141 301
141 524
141 620
141 672
141 715
141 730
141 781
141 786
141 829
141 892
142 146
142 165
142 303
142 320
142 338
142 533
142 564
142 614
142 649
142 723
142 725
142 732
142 836
142 867
142 963
143 178
143 235
143 278
143 329
143 339
143 372
143 376
143 421
143 494
143 648
143 851
143 881
144 198
144 244
144 314
144 499
144 676
144 747
144 923
144 973
145 290
145 333
145 358
145 368
145 474
145 547
145 645
145 675
145 786
145 911
146 159
146 681
146 745
146 770
146 803
146 899
146 930
147 480
147 509
147 531
147 561
147 649
147 747
147 904
148 179
148 202
148 226
148 252
148 294
148 326
148 356
148 405
148 464
148 480
148 552
148 600
148 602
148 751
148 906
148 982
149 315
149 336
149 374
149 380
149 429
149 518
149 540
149 756
149 841
149 876
149 890
149 944
150 153
150 387
150 396
150 473
150 512
150 571
150 858
150 954
151 222
151 385
151 491
151 635
151 648
151 714
151 789
151 813
151 844
151 848
152 213
152 247
152 514
152 652
152 692
152 718
152 720
152 721
152 725
152 768
153 159
153 232
153 481
153 666
153 667
153 689
153 822
153 864
153 934
154 258
154 710
154 743
154 777
155 178
155 186
155 235
155 302
155 317
155 324
155 355
155 415
155 597
155 726
155 737
155 870
155 908
156 237
156 238
156 453
156 458
156 567
156 835
156 867
156 957
156 966
157 179
157 194
157 483
157 625
157 647
157 798
157 819
157 839
157 898
158 173
158 217
158 246
158 275
158 348
158 370
158 578
158 615
158 719
158 862
158 926
158 981
159 212
159 330
159 487
159 518
159 559
159 618
159 675
159 677
159 693
159 707
159 719
159 753
159 791
159 865
159 944
159 982
160 249
160 252
160 419
160 440
160 463
160 492
160 570
160 614
160 615
160 769
160 926
160 932
160 938
161 246
161 399
161 500
161 570
161 644
161 674
161 940
161 941
161 991
161 996
162 188
162 248
162 318
162 338
162 350
162 363
162 420
162 505
162 615
162 747
162 804
162 921
163 190
163 284
163 307
163 406
163 466
163 646
163 659
163 679
163 768
163 786
163 808
163 867
163 909
163 967
164 264
164 287
164 369
164 497
164 505
164 527
164 564
164 614
164 912
164 941
164 978
165 180
165 215
165 318
165 488
165 561
165 669
165 735
165 824
166 170
166 295
166 317
166 415
166 475
166 476
166 515
166 634
166 762
166 906
167 219
167 261
167 262
167 355
167 396
167 407
167 445
167 512
167 651
167 678
167 694
167 707
167 876
167 962
168 191
168 375
168 402
168 570
168 575
168 591
168 610
168 615
168 702
168 977
168 992
169 256
169 299
169 367
169 391
169 398
169 455
169 513
169 565
169 613
169 634
169 809
169 816
169 821
169 850
169 872
169 933
169 947
170 276
170 279
170 401
170 443
170 588
170 597
170 626
170 632
170 698
170 798
170 852
170 857
171 225
171 270
171 387
171 440
171 456
171 463
171 500
171 625
171 722
171 746
171 877
172 347
172 425
172 471
172 517
172 555
172 557
172 559
172 621
172 708
172 718
172 744
172 946
173 189
173 295
173 564
173 662
173 670
173 724
173 806
174 178
174 276
174 283
174 326
174 381
174 711
174 745
174 797
174 869
175 193
175 223
175 253
175 313
175 350
175 420
175 515
175 586
175 721
175 754
175 967
175 982
176 294
176 474
176 714
176 972
177 337
177 371
177 403
177 638
177 719
177 763
177 845
177 960
177 986
178 251
178 385
178 407
178 414
178 571
178 627
178 700
178 876
178 895
179 208
179 230
179 283
179 329
179 407
179 449
179 462
179 483
179 489
179 522
179 643
179 733
179 812
180 193
180 233
180 365
180 444
180 526
180 550
180 607
180 671
181 364
181 379
181 393
181 481
181 607
181 640
181 739
181 797
181 847
181 849
181 872
181 964
182 207
182 358
182 402
182 441
182 476
182 483
182 517
182 527
182 531
182 602
182 627
182 797
183 192
183 194
183 224
183 316
183 320
183 342
183 426
183 466
183 540
183 629
183 798
183 811
183 837
184 196
184 242
184 284
184 396
184 432
184 468
184 489
184 711
184 938
184 979
185 247
185 277
185 335
185 609
185 612
185 772
185 785
185 925
185 955
186 210
186 439
186 469
186 545
186 705
186 817
186 837
187 260
187 333
187 352
187 413
187 461
187 617
187 710
187 971
187 980
188 209
188 252
188 253
188 421
188 547
188 671
188 672
188 681
188 747
188 780
188 792
188 909
188 977
188 980
188 990
189 198
189 202
189 437
189 444
189 471
189 495
189 520
189 577
189 592
189 739
189 827
189 852
189 870
189 987
190 321
190 327
190 388
190 452
190 463
190 482
190 647
190 802
190 817
190 900
190 943
191 503
191 742
191 758
191 868
192 196
192 238
192 259
192 300
192 477
192 500
192 623
192 637
192 767
192 909
192 922
192 975
193 295
193 389
193 415
193 467
193 491
193 530
193 701
193 792
194 198
194 241
194 255
194 318
194 319
194 336
194 418
194 436
194 527
194 540
194 562
194 644
194 893
195 324
195 342
195 379
195 381
195 573
195 580
195 727
195 774
195 785
195 803
195 808
195 885
196 216
196 378
196 405
196 435
196 612
196 805
196 843
197 283
197 368
197 383
197 527
197 570
197 687
197 769
197 956
198 346
198 416
198 523
198 526
198 627
198 774
198 777
198 850
198 876
199 311
199 359
199 506
199 566
199 645
199 726
199 825
199 910
199 923
199 965
199 974
200 233
200 329
200 368
200 400
200 457
200 465
200 612
200 616
200 617
200 652
200 709
200 799
201 202
201 239
201 294
201 351
201 409
201 509
201 565
201 618
201 655
201 669
201 731
201 747
201 923
201 925
201 995
202 231
202 344
202 370
202 537
202 558
202 741
202 783
202 828
202 848
202 867
202 888
202 982
203 209
203 223
203 288
203 418
203 448
203 514
203 616
203 812
203 861
203 870
203 882
203 885
204 422
204 492
204 735
204 822
204 845
204 919
204 951
205 215
205 320
205 332
205 366
205 425
205 483
205 608
205 697
205 707
205 795
205 800
205 826
205 857
205 911
206 326
206 370
206 405
206 407
206 462
206 574
206 709
206 756
206 847
206 969
207 259
207 308
207 338
207 381
207 384
207 490
207 503
207 899
208 294
208 314
208 414
208 561
208 604
208 783
209 280
209 384
209 459
209 464
209 561
209 599
209 632
209 668
209 953
209 965
209 973
210 272
210 297
210 341
210 442
210 471
210 525
210 537
210 603
210 610
210 637
210 650
210 727
210 786
210 802
211 455
211 459
211 494
211 603
211 739
212 298
212 398
212 579
212 629
212 644
212 660
213 228
213 356
213 462
213 470
213 563
213 652
213 658
213 694
213 734
213 786
213 893
213 911
214 229
214 262
214 295
214 343
214 352
214 497
214 498
214 506
214 565
214 624
214 801
214 818
214 832
214 839
214 874
215 257
215 478
215 492
215 568
215 639
215 643
215 771
215 868
215 904
215 924
216 254
216 264
216 290
216 308
216 389
216 438
216 476
216 493
216 793
216 934
216 938
216 951
217 268
217 414
217 445
217 516
217 748
217 801
217 806
217 822
217 834
218 256
218 261
218 273
218 322
218 368
218 388
218 389
218 438
218 547
218 556
218 600
218 606
218 628
218 806
218 950
219 358
219 571
219 586
219 594
219 616
219 642
219 675
219 735
219 761
219 819
219 908
220 228
220 251
220 302
220 332
220 409
220 483
220 493
220 589
220 592
220 606
220 768
220 879
220 972
221 333
221 492
221 511
221 601
221 878
221 887
221 922
221 945
221 958
222 274
222 281
222 386
222 437
222 556
222 574
222 737
222 861
222 874
222 974
223 391
223 414
223 502
223 598
223 860
224 228
224 316
224 480
224 595
224 653
224 743
224 759
224 865
224 958
224 984
225 291
225 296
225 331
225 334
225 365
225 388
225 398
225 455
225 584
225 608
225 616
225 640
225 734
225 752
225 889
225 908
225 961
225 991
226 240
226 307
226 336
226 359
226 380
226 672
226 697
226 726
226 754
226 761
226 888
226 891
226 927
226 946
226 993
227 267
227 692
227 733
227 846
227 955
228 301
228 363
228 394
228 406
228 472
228 567
228 666
228 673
228 720
228 769
228 860
228 928
228 934
229 286
229 512
229 550
229 633
229 638
229 700
229 707
229 896
229 900
229 920
230 251
230 312
230 342
230 373
230 541
230 575
230 579
230 622
230 628
230 646
230 668
230 754
230 776
230 862
230 972
231 253
231 342
231 362
231 369
231 438
231 759
232 398
232 399
232 425
232 467
232 513
232 681
232 831
233 275
233 359
233 375
233 482
233 518
233 553
233 627
233 718
233 826
233 842
233 857
233 863
233 892
233 922
233 982
233 984
234 378
234 412
234 556
234 582
234 707
234 828
234 841
234 917
234 921
234 938
234 974
235 277
235 291
235 459
235 636
235 812
235 892
236 398
236 534
236 549
236 741
236 808
236 832
236 850
236 913
236 923
237 331
237 356
237 618
237 623
237 687
237 845
237 951
237 995
238 409
238 788
238 795
238 803
238 915
239 351
239 401
239 462
239 487
239 557
239 587
239 802
239 835
240 427
240 436
240 445
240 450
240 520
240 587
241 367
241 373
241 391
241 496
241 510
241 837
241 941
242 293
242 294
242 348
242 377
242 546
242 633
242 710
242 803
242 822
242 966
242 974
243 249
243 266
243 287
243 438
243 489
243 577
243 816
243 828
243 869
244 278
244 348
244 466
244 496
244 545
244 583
244 620
244 640
244 733
244 873
244 988
245 518
245 527
245 677
245 729
245 951
245 958
245 969
245 995
246 293
246 320
246 346
246 427
246 462
246 520
246 602
246 651
246 671
246 677
246 911
246 996
247 376
247 492
247 512
247 556
247 558
247 645
247 648
247 690
247 736
247 898
248 280
248 331
248 356
248 471
248 493
248 502
248 664
248 672
248 733
248 739
248 923
248 925
248 938
248 981
249 273
249 490
249 665
249 678
249 699
249 743
249 833
249 920
249 935
249 967
250 562
250 642
250 709
250 799
250 807
250 842
250 965
250 984
250 994
251 276
251 416
251 427
251 499
251 501
251 700
251 705
251 753
251 774
251 892
252 258
252 466
252 565
252 567
252 578
252 589
252 605
252 649
252 860
252 867
252 909
252 963
253 418
253 469
253 496
253 498
253 502
253 532
253 573
253 725
253 752
253 762
253 916
253 999
254 547
254 645
254 648
254 699
254 907
254 908
254 918
255 291
255 487
255 499
255 505
255 551
255 554
255 566
255 720
255 729
255 736
255 745
255 990
256 291
256 298
256 373
256 478
256 493
256 544
256 600
256 607
256 642
256 692
256 730
256 752
256 890
256 967
257 453
257 463
257 472
257 622
257 650
257 853
257 866
257 881
257 919
258 273
258 310
258 318
258 358
258 534
258 588
258 669
258 700
258 747
258 752
258 881
258 953
258 972
259 310
259 369
259 431
259 437
259 452
259 511
259 670
259 679
259 701
259 741
259 792
259 913
260 328
260 483
261 283
261 366
261 381
261 475
261 506
261 670
261 685
261 704
261 775
261 877
261 919
262 392
262 397
262 435
262 491
262 513
262 530
262 648
262 996
263 266
263 276
263 277
263 575
263 618
263 697
263 810
264 285
264 301
264 346
264 392
264 433
264 466
264 529
264 588
264 702
264 728
264 766
264 847
264 885
264 943
265 386
265 472
265 491
265 521
265 629
265 643
265 675
265 754
265 837
265 864
265 920
265 926
266 485
266 569
266 826
267 289
267 342
267 430
267 626
267 633
267 768
267 777
268 322
268 336
268 444
268 474
268 530
268 539
268 684
268 742
268 797
268 841
268 889
268 915
269 437
269 669
269 696
269 742
269 749
269 782
269 838
269 842
269 856
269 902
270 426
270 597
270 611
270 684
270 756
270 765
270 770
270 805
270 864
271 294
271 323
271 399
271 403
271 448
271 549
271 576
271 686
271 697
271 712
271 730
271 790
271 945
272 315
272 352
272 357
272 368
272 413
272 433
272 435
272 480
272 526
272 529
272 550
272 553
272 653
272 689
272 906
272 913
273 558
273 692
273 709
273 713
273 782
273 790
273 857
273 860
273 948
273 973
274 283
274 406
274 533
274 675
274 742
274 768
274 864
274 903
274 925
274 944
275 308
275 387
275 519
275 566
275 652
275 693
275 728
275 733
275 818
276 380
276 426
276 432
276 536
276 668
276 724
276 838
276 967
276 998
277 417
277 450
277 646
277 662
277 701
277 981
278 287
278 451
278 452
278 461
278 525
278 576
278 726
278 736
278 754
278 793
278 879
278 942
279 448
279 502
279 533
279 700
279 776
279 867
279 912
279 950
280 521
280 530
280 662
280 677
280 793
280 850
281 411
281 422
281 448
281 708
281 724
281 814
281 837
281 851
281 905
281 968
281 975
282 292
282 302
282 488
282 512
282 609
282 629
282 717
282 727
282 788
282 846
282 904
282 919
282 937
282 988
283 483
283 524
283 525
283 606
283 757
283 877
283 931
283 995
284 348
284 349
284 513
284 534
284 635
284 655
284 745
284 755
284 781
284 783
284 873
284 980
284 995
285 325
285 372
285 680
285 767
285 804
285 815
285 832
285 834
285 860
285 990
286 289
286 333
286 410
286 506
286 574
286 629
286 809
286 983
286 997
287 346
287 379
287 444
287 621
287 650
287 653
288 291
288 391
288 410
288 453
288 598
288 606
288 683
288 693
288 841
288 860
288 983
289 355
289 376
289 409
289 421
289 474
289 496
289 586
289 616
289 677
289 909
289 951
289 985
290 291
290 345
290 366
290 535
290 664
290 676
290 831
290 942
291 323
291 490
291 521
291 531
291 688
291 756
291 761
291 775
291 873
291 906
292 295
292 307
292 363
292 531
292 680
292 867
292 930
292 994
293 338
293 594
293 733
294 441
294 501
294 571
294 671
294 733
294 795
294 958
294 959
295 355
295 358
295 422
295 467
295 472
295 568
295 732
295 829
295 858
296 372
296 475
296 553
296 575
296 802
296 848
296 849
296 851
296 943
297 305
297 350
297 378
297 400
297 455
297 601
297 642
297 691
297 788
297 964
298 354
298 444
298 794
298 895
298 960
299 414
299 455
299 513
299 595
299 618
299 680
299 704
299 829
299 851
300 346
300 378
300 413
300 514
300 540
300 607
300 648
300 695
300 722
300 817
300 854
300 898
300 971
301 350
301 384
301 456
301 503
301 515
301 536
301 568
301 571
301 671
301 706
301 843
301 848
301 879
301 958
302 304
302 447
302 474
302 476
302 479
302 543
302 546
302 585
302 617
302 778
302 800
302 905
302 922
303 339
303 467
303 576
303 625
303 700
303 742
303 831
304 531
304 533
304 649
304 654
304 877
304 894
304 895
304 905
305 402
305 483
305 501
305 526
305 666
305 772
305 823
305 908
305 971
306 349
306 361
306 489
306 597
306 611
306 651
306 655
306 747
306 790
306 884
306 950
306 960
307 424
307 427
307 491
307 518
307 519
307 746
307 748
307 767
307 770
307 915
307 942
307 980
307 981
307 982
308 325
308 393
308 420
308 481
308 516
308 560
308 704
308 855
308 910
308 964
309 375
309 398
309 414
309 446
309 468
309 629
309 815
309 942
310 335
310 596
310 612
310 671
310 694
310 808
310 810
310 822
311 358
311 379
311 536
311 652
311 846
311 861
311 876
311 945
311 953
311 960
312 373
312 379
312 492
312 558
312 647
312 744
312 783
313 475
313 510
313 639
313 648
313 671
313 894
313 996
314 498
314 585
314 645
314 666
314 744
314 934
314 974
315 491
315 620
315 698
315 767
315 813
316 377
316 447
316 570
316 586
316 633
316 705
316 724
316 751
316 892
316 897
317 393
317 420
317 463
317 622
317 629
317 692
317 760
317 788
317 791
317 799
317 901
317 945
318 476
318 539
318 571
318 588
318 690
318 866
318 912
318 951
319 332
319 414
319 461
319 538
319 752
319 819
319 841
319 888
319 908
319 922
319 941
319 987
320 356
320 413
320 434
320 590
320 695
320 753
321 391
321 470
321 856
322 498
322 503
322 548
322 557
322 589
322 622
322 659
322 767
322 840
323 383
323 391
323 392
323 505
323 573
323 680
323 728
323 738
323 841
323 860
323 884
323 889
323 912
323 941
324 499
324 677
324 723
324 729
324 773
324 901
324 939
324 948
325 469
325 552
325 724
325 759
325 769
325 774
326 460
326 626
326 633
326 872
326 900
327 397
327 437
327 446
327 638
327 661
327 696
327 717
327 796
327 829
327 964
328 370
328 488
328 520
328 749
328 953
328 971
329 345
329 354
329 383
329 536
329 554
329 557
329 731
329 764
329 826
329 832
329 846
329 851
330 531
330 578
330 654
330 761
330 817
330 934
330 943
331 686
331 704
331 754
331 767
331 775
331 777
331 782
331 923
332 359
332 388
332 397
332 408
332 567
332 589
332 594
332 657
332 767
332 794
332 831
332 948
332 994
332 1000
333 341
333 361
333 616
333 641
333 667
333 993
334 403
334 408
334 666
334 801
334 815
334 862
335 385
335 499
335 525
335 555
335 563
335 604
335 721
335 788
335 972
336 382
336 591
336 600
336 737
336 756
336 784
336 849
336 897
337 424
337 472
337 474
337 482
337 559
337 675
337 821
337 916
337 972
338 434
338 447
338 549
338 567
338 578
338 595
339 345
339 362
339 590
339 606
339 837
339 907
339 971
340 485
340 512
340 930
340 979
341 371
341 374
341 463
341 549
341 560
341 699
341 741
341 798
341 880
341 950
342 370
342 522
342 538
342 549
342 550
342 583
342 742
342 747
342 800
342 820
342 866
342 927
342 936
342 960
342 972
343 420
343 483
343 508
343 514
343 722
343 772
343 814
343 833
343 884
344 359
344 495
344 597
344 614
344 620
344 626
344 700
344 701
344 724
344 742
344 817
344 912
344 921
344 949
345 346
345 441
345 654
345 712
345 740
345 767
345 843
345 852
345 873
345 974
346 559
346 644
346 645
346 714
346 753
346 877
346 879
346 940
347 364
347 385
347 568
347 651
347 681
347 690
347 767
347 938
347 950
348 470
348 651
348 658
348 704
348 820
348 870
348 960
349 428
349 433
349 465
349 749
349 753
349 767
349 790
349 814
349 846
349 971
350 395
350 500
350 542
350 653
350 685
350 756
350 829
350 870
350 894
351 426
351 435
351 537
351 585
351 627
351 673
351 782
351 851
352 472
352 480
352 512
352 590
352 704
352 793
352 859
352 997
353 389
353 403
353 407
353 500
353 510
353 577
353 626
353 742
353 857
353 875
353 968
354 397
354 399
354 430
354 431
354 449
354 471
354 480
354 528
354 547
354 620
354 702
354 743
354 756
354 777
354 895
355 360
355 374
355 375
355 396
355 508
355 544
355 692
355 728
355 805
355 836
355 974
356 418
356 449
356 495
356 588
356 641
356 828
357 364
357 393
357 425
357 467
357 512
357 525
357 608
357 635
357 654
357 666
357 838
358 400
358 429
358 457
358 485
358 496
358 691
358 742
358 795
358 797
358 815
358 872
358 883
359 583
359 597
359 606
359 687
359 879
359 948
359 1000
360 392
360 424
360 523
360 615
360 684
360 716
360 769
360 815
360 837
360 965
360 969
360 979
361 410
361 548
361 566
361 669
361 686
361 967
362 522
362 547
362 552
362 637
362 668
362 676
362 703
362 729
362 755
362 796
362 821
363 386
363 551
363 615
363 627
363 646
363 765
363 809
363 839
363 929
363 950
363 965
363 988
363 989
364 375
364 699
364 700
364 712
364 944
364 981
365 371
365 432
365 710
365 766
365 794
365 931
365 942
366 436
366 467
366 582
366 628
366 690
366 844
367 609
367 652
367 710
367 780
367 803
367 847
367 901
368 496
368 611
368 622
368 878
369 378
369 379
369 470
369 487
369 562
369 618
369 756
369 873
369 902
369 934
369 949
369 975
370 527
370 585
370 590
370 731
370 756
370 784
370 869
370 870
371 474
371 658
371 669
371 713
371 786
371 864
371 888
371 974
372 465
372 496
372 537
372 591
372 648
372 665
372 685
372 696
372 700
372 740
372 799
372 951
373 386
373 395
373 544
373 692
373 729
373 831
373 980
374 556
374 566
374 567
374 603
374 988
375 439
375 479
375 488
375 507
375 601
375 699
375 719
375 899
375 931
375 936
376 583
376 790
376 813
376 950
377 449
377 589
377 614
377 634
377 686
377 911
377 935
377 937
377 987
378 454
378 580
378 617
378 798
378 818
378 907
379 397
379 465
379 472
379 479
379 506
379 564
379 679
379 711
379 835
379 927
379 958
380 449
380 469
380 475
380 546
380 604
380 674
380 686
380 699
380 757
380 805
380 852
380 896
380 911
380 938
381 642
381 709
381 752
381 801
381 805
381 823
381 999
382 668
382 745
382 775
382 789
382 839
382 847
383 437
383 456
383 519
383 552
383 560
383 636
383 654
383 910
384 403
384 406
384 545
384 554
384 687
384 739
384 798
384 877
385 440
385 531
385 669
385 874
385 877
385 937
386 538
386 932
386 941
387 433
387 632
387 679
387 789
387 824
387 903
388 426
388 449
388 517
388 564
388 574
388 630
388 657
388 659
388 663
388 677
388 682
388 752
388 781
388 857
388 879
388 918
388 972
388 979
389 443
389 452
389 463
389 519
389 562
389 655
389 690
389 711
389 892
390 465
390 480
390 493
390 552
390 606
390 609
390 629
390 631
390 817
391 405
391 480
391 562
391 603
391 658
391 708
391 821
391 939
391 949
391 978
392 460
392 525
392 533
392 628
392 687
392 699
392 708
392 892
392 894
393 489
393 500
393 561
393 635
393 658
393 987
394 444
394 485
394 529
394 553
394 640
394 685
394 692
394 756
394 806
394 845
394 847
394 870
394 967
395 442
395 654
395 710
395 762
395 855
395 962
395 969
395 973
396 422
396 459
396 469
396 499
396 504
396 559
396 603
396 616
396 625
396 660
396 700
396 710
396 769
396 846
396 863
396 962
397 673
397 713
397 716
397 727
397 885
397 888
397 908
397 909
397 961
398 561
398 675
398 741
398 762
398 918
399 444
399 540
399 998
400 424
400 438
400 464
400 471
400 508
400 573
400 597
400 633
400 661
400 682
400 704
401 536
401 628
401 651
401 797
401 837
401 895
401 920
401 980
402 482
402 521
402 737
402 912
402 937
402 1000
403 433
403 457
403 519
403 528
403 580
403 941
404 433
404 462
404 478
404 479
404 490
404 743
404 822
404 970
405 537
405 592
405 756
405 781
405 790
405 836
405 912
405 943
406 527
406 545
406 666
406 724
406 797
406 896
407 494
407 520
407 809
407 905
407 953
407 965
408 566
408 597
408 616
408 770
408 827
408 831
409 491
409 766
409 879
409 892
409 924
409 967
410 427
410 520
410 605
410 750
410 933
410 950
411 561
411 773
411 796
411 883
411 885
411 952
411 955
412 516
412 635
412 682
412 697
412 753
412 772
412 803
412 890
412 970
413 423
413 488
413 536
413 556
413 598
413 605
413 703
413 753
413 790
413 792
413 816
413 822
413 827
413 835
413 870
413 888
413 904
413 965
413 983
414 604
414 628
414 630
414 716
414 788
414 902
415 532
415 537
415 565
415 665
415 731
415 769
415 848
416 423
416 542
416 556
416 619
416 656
416 687
416 741
416 914
416 970
417 422
417 619
417 723
417 788
417 849
417 925
418 523
419 429
419 547
419 632
419 738
419 740
420 492
420 535
420 599
420 613
420 649
420 693
420 751
420 816
420 858
420 954
420 978
421 459
421 515
421 583
421 625
421 644
421 673
421 906
421 943
421 957
422 427
422 476
422 578
422 636
422 690
422 767
422 942
422 985
423 480
423 493
423 596
423 687
424 448
424 620
424 627
424 676
424 693
424 798
424 943
425 450
425 537
425 547
425 636
425 706
425 741
425 988
426 501
426 504
426 546
426 589
426 593
426 602
426 664
426 956
426 978
426 987
427 449
427 482
427 509
427 573
427 630
427 640
427 702
427 715
428 440
428 441
428 461
428 566
428 591
428 803
428 840
428 984
429 436
429 482
429 511
429 520
429 576
429 676
429 699
429 849
429 890
429 893
429 982
429 998
430 517
430 528
430 544
430 711
430 761
430 824
431 460
431 581
431 599
431 615
431 663
431 845
431 850
431 925
431 932
432 451
432 602
432 613
432 731
432 788
432 884
432 898
432 912
433 472
433 475
433 522
433 571
433 611
433 635
433 764
433 843
433 878
433 984
434 478
434 541
434 570
434 614
434 629
434 633
434 678
434 798
434 811
434 838
434 879
434 892
434 901
434 948
435 532
435 607
435 676
435 748
436 464
436 520
436 681
436 740
436 800
436 822
436 888
437 440
437 466
437 477
437 595
437 747
437 774
437 811
437 842
437 868
437 891
437 961
437 996
438 456
438 457
438 468
438 513
438 558
438 609
438 642
438 793
438 873
438 942
438 968
439 471
439 485
439 498
439 524
439 608
439 614
439 832
440 496
440 559
440 685
440 736
440 896
440 949
441 567
441 589
441 670
441 692
441 693
441 718
441 734
441 767
441 836
441 868
441 935
441 978
442 584
442 793
442 897
442 997
443 643
443 733
443 839
443 907
443 929
444 476
444 494
444 534
444 545
444 701
444 714
444 799
444 898
444 904
445 530
445 580
446 566
446 711
446 753
446 770
446 853
446 918
446 949
447 673
447 686
447 794
447 817
447 921
448 535
448 553
448 630
448 885
448 987
449 732
450 542
450 610
450 729
450 845
450 853
450 880
450 921
451 520
451 569
451 624
451 784
451 943
452 491
452 505
452 512
452 527
452 688
452 768
452 914
453 607
453 610
453 625
453 651
453 667
453 685
453 911
453 924
453 989
454 475
454 589
454 704
454 760
454 794
454 821
454 871
455 491
455 636
455 667
455 825
455 852
455 976
456 476
456 494
456 500
456 561
456 691
456 730
456 776
456 921
457 468
457 614
457 661
457 715
457 781
457 786
457 798
457 804
457 906
458 513
458 515
458 614
458 703
458 751
458 790
458 842
458 972
458 976
459 478
459 543
459 580
459 687
459 778
459 833
459 864
459 924
459 960
459 980
460 491
460 525
460 593
460 715
460 929
460 992
461 576
461 634
461 687
461 847
461 913
461 943
462 611
462 637
462 666
462 709
462 853
462 905
463 543
463 551
463 655
463 701
463 714
463 715
463 785
463 885
463 893
463 929
464 500
464 687
464 718
464 829
464 847
464 883
464 1000
465 790
465 869
465 870
465 902
466 494
466 533
466 538
466 697
466 712
466 717
466 728
466 742
466 871
466 895
466 932
466 973
467 539
467 569
467 655
467 699
467 718
467 771
467 842
467 873
467 926
467 929
467 955
467 996
468 509
468 621
468 750
468 906
468 908
468 928
469 503
469 531
469 581
469 583
469 605
469 720
469 817
469 891
469 1000
470 478
470 551
470 567
470 652
470 814
470 834
470 911
470 926
471 629
471 630
471 648
471 744
471 888
471 951
471 968
472 473
472 474
472 482
472 547
472 786
472 791
472 822
473 588
473 604
473 667
473 845
473 852
473 876
473 880
473 935
473 943
474 563
474 587
474 792
474 824
474 838
474 937
474 996
475 484
475 494
475 498
475 675
475 756
475 849
475 865
475 879
475 893
476 531
476 542
476 543
476 613
476 632
476 706
476 811
476 842
476 953
476 975
477 607
477 644
477 730
477 818
478 585
478 630
478 708
478 990
479 517
479 653
479 713
479 715
479 872
479 904
479 939
479 946
480 530
480 597
480 726
480 892
480 902
480 950
480 974
481 521
481 524
481 627
481 629
481 632
481 638
481 735
482 578
482 862
483 495
483 511
483 538
483 555
483 558
483 622
483 651
483 806
483 836
483 910
483 985
484 577
484 613
484 730
484 741
484 881
485 541
485 723
485 749
485 752
485 814
486 524
486 539
486 647
486 687
486 847
486 912
487 564
487 581
487 630
487 669
487 689
487 776
487 903
487 908
487 938
488 497
488 685
488 711
488 735
488 939
489 499
489 636
489 712
489 755
489 808
489 891
490 587
490 697
490 874
490 920
490 978
490 994
491 849
491 866
491 872
491 966
492 530
492 581
492 684
492 689
492 805
492 846
492 910
493 546
493 562
493 575
493 644
493 706
493 804
493 855
493 861
493 872
494 607
494 677
494 715
494 732
494 804
494 861
494 923
495 607
495 687
495 707
495 725
495 745
495 806
495 918
495 956
496 568
496 660
496 665
496 752
496 856
496 861
496 865
496 916
496 917
496 920
496 929
496 945
497 516
497 535
497 580
497 627
497 703
497 713
497 905
498 530
498 536
498 547
498 631
498 635
498 679
498 803
498 852
498 868
498 988
499 500
499 631
499 698
499 821
499 852
499 939
499 969
500 527
500 696
500 718
500 755
500 875
501 559
501 624
501 760
501 797
501 823
501 824
501 863
501 959
501 967
501 982
502 595
502 603
502 790
502 843
502 852
502 855
502 873
502 906
502 937
502 971
502 982
503 697
503 823
503 867
503 898
503 939
504 521
504 544
504 569
504 647
504 667
504 720
505 518
505 567
505 639
505 642
505 648
505 655
505 728
505 774
505 902
505 944
506 587
506 843
507 621
507 709
507 746
507 862
507 866
507 878
507 917
507 926
507 942
508 619
508 658
508 671
508 730
508 806
508 878
508 923
509 532
509 566
509 567
509 725
509 729
509 751
509 842
509 913
509 930
510 531
510 540
510 571
510 659
510 689
510 709
510 736
510 835
510 956
510 973
511 544
511 708
511 983
512 529
512 531
512 532
512 592
512 625
512 690
512 712
512 719
512 822
512 968
513 545
513 550
513 592
513 618
513 676
513 716
513 840
513 841
513 885
513 904
513 985
514 516
514 676
514 714
514 833
514 936
515 585
515 597
515 635
515 691
515 721
515 877
515 917
516 555
516 595
516 607
516 787
516 812
516 874
516 952
517 585
517 678
517 799
517 819
517 854
517 869
517 880
517 895
517 970
518 540
518 712
518 741
518 749
518 809
518 824
518 938
519 628
519 668
519 776
520 611
520 626
520 709
520 735
520 781
520 873
520 910
520 919
520 949
520 996
521 569
521 604
521 634
521 667
521 721
521 784
521 841
521 849
521 863
521 910
521 934
521 977
521 996
522 548
522 552
522 569
522 584
522 736
522 787
522 898
522 950
523 556
524 533
524 590
524 791
524 912
525 562
525 577
525 851
525 855
525 920
525 956
526 548
526 556
526 557
526 586
526 606
526 854
527 725
527 779
527 877
527 878
527 884
527 892
527 906
527 932
528 672
528 731
528 876
528 928
528 937
529 618
529 636
529 682
529 696
529 917
529 925
529 963
529 991
530 553
530 597
530 673
530 733
530 798
530 849
530 872
530 878
530 896
531 660
531 671
531 827
531 908
532 552
532 993
532 995
532 996
533 681
533 728
533 811
534 599
534 673
534 802
534 804
534 822
534 882
534 945
534 975
534 979
535 784
535 864
535 880
535 925
536 853
536 867
536 869
537 539
537 627
537 635
537 760
537 832
537 893
537 999
538 550
538 623
538 688
538 762
538 769
538 934
538 993
539 710
539 900
539 984
539 990
540 814
540 820
540 823
540 895
540 984
541 586
541 777
541 819
541 868
541 882
542 687
542 803
542 898
542 953
542 965
543 582
543 614
543 783
543 869
543 972
544 612
544 732
544 784
544 873
544 895
545 640
545 643
545 889
545 979
546 665
546 683
546 774
546 784
546 974
547 690
547 692
547 710
547 764
547 831
547 977
547 980
548 551
548 615
548 652
548 667
548 795
548 806
548 992
549 583
549 677
549 719
549 775
549 825
549 849
549 922
549 931
549 950
550 553
550 618
550 744
550 804
550 823
550 854
550 879
550 935
550 972
550 987
551 747
551 874
552 600
552 629
552 659
553 797
553 852
553 879
553 899
553 984
554 570
554 587
554 613
554 732
554 806
554 947
555 578
555 595
555 610
555 742
555 829
555 987
556 619
556 951
557 715
557 815
557 961
558 561
558 659
558 717
558 894
559 579
559 583
559 585
559 654
559 668
559 691
559 831
560 577
560 676
560 887
560 955
560 991
561 863
561 887
561 902
561 918
561 934
561 943
561 983
562 581
562 644
562 678
562 745
562 794
562 880
562 927
563 779
563 903
564 828
564 884
565 615
565 649
565 667
565 688
565 738
565 880
565 959
565 988
566 677
566 700
566 759
566 902
566 948
566 991
567 590
567 604
567 806
567 880
567 980
568 661
568 670
568 718
568 811
568 830
568 832
568 910
569 611
569 681
569 736
569 771
569 830
569 870
569 875
569 931
570 589
570 599
570 716
570 739
570 772
570 835
571 673
571 735
571 822
571 865
571 922
572 632
572 742
572 758
572 846
572 934
573 755
573 862
573 903
574 645
574 974
574 1000
575 689
575 888
575 908
575 921
576 604
577 619
577 622
577 668
577 673
577 715
577 843
577 881
577 893
577 935
577 954
578 724
578 820
578 878
578 912
578 913
578 1000
579 666
579 805
579 858
579 934
579 977
580 631
580 664
580 764
580 827
581 601
581 604
581 781
581 932
582 661
582 680
582 720
582 725
582 763
583 589
583 773
583 963
584 593
584 722
584 828
584 878
584 927
585 818
585 848
585 866
585 896
585 955
586 745
586 765
586 766
586 825
586 866
586 941
586 956
587 599
587 809
587 884
587 979
588 597
588 663
588 766
588 776
588 838
588 868
588 975
588 977
588 981
588 984
589 600
589 629
589 683
589 739
589 868
589 961
589 992
590 628
590 739
590 755
590 947
590 948
591 626
591 803
591 835
591 904
591 941
591 946
591 998
592 610
592 697
592 706
592 723
592 852
592 899
592 948
593 605
593 652
593 732
593 800
593 868
593 920
593 942
593 951
594 704
594 830
594 847
594 865
594 895
594 918
594 979
594 997
595 679
595 696
595 707
595 912
595 930
595 963
596 645
596 691
596 703
596 781
596 787
596 828
596 968
597 650
597 690
597 714
597 723
597 812
597 830
597 860
597 951
597 958
597 990
598 707
598 819
598 848
599 655
599 741
599 960
600 619
600 636
600 671
600 762
600 770
600 834
600 838
600 855
600 862
600 904
600 937
600 946
601 668
601 684
601 850
601 913
601 921
602 648
602 650
602 724
602 864
602 911
602 981
602 990
603 611
603 655
603 674
603 753
603 834
603 882
604 688
604 692
604 722
604 778
604 948
605 638
605 670
605 723
605 731
605 746
605 875
606 670
606 757
606 949
607 693
607 752
608 777
608 827
609 842
609 895
609 952
610 698
610 722
610 748
610 809
610 857
610 889
611 668
611 832
611 885
611 936
611 946
612 668
612 695
612 755
612 931
612 995
612 996
613 622
613 636
613 801
613 906
614 668
614 802
614 863
614 963
614 997
615 672
615 697
615 735
615 736
615 767
615 959
615 972
616 625
616 808
616 901
617 757
617 871
617 937
618 644
618 737
619 690
619 722
619 825
619 922
620 651
620 673
620 707
620 752
620 758
620 789
620 839
620 872
620 907
621 632
621 633
621 643
621 721
621 807
621 824
621 857
621 908
621 982
622 647
622 756
622 842
622 848
622 877
622 903
622 969
622 995
623 723
623 863
623 894
624 884
624 893
625 667
625 781
625 878
626 646
626 839
626 851
626 855
626 972
626 991
627 636
627 755
627 828
627 868
627 968
628 672
628 704
628 732
628 751
629 826
630 664
630 710
630 742
630 851
630 913
630 921
630 928
630 943
630 959
631 848
631 901
631 974
631 976
632 647
632 735
632 751
632 760
632 820
632 942
632 962
632 976
633 713
633 768
633 859
633 910
633 989
634 681
634 687
634 709
634 713
634 810
634 838
635 641
635 750
635 881
635 896
636 790
636 800
636 821
637 660
637 738
637 841
637 964
637 979
638 656
638 686
638 810
638 891
638 933
638 991
639 690
639 710
639 736
639 760
639 819
639 893
639 988
640 680
640 737
640 751
640 786
640 815
640 834
640 908
640 989
641 661
641 743
641 766
641 771
641 779
641 830
641 872
641 895
641 931
641 962
641 988
642 771
642 837
642 898
642 932
643 821
643 968
643 978
644 807
644 948
644 984
645 655
645 752
645 764
645 767
645 792
645 916
645 931
645 981
646 744
646 766
646 839
646 876
646 888
646 889
646 992
647 678
647 787
647 887
647 926
647 930
647 994
648 907
648 945
648 978
648 982
649 721
649 757
649 914
650 697
650 698
650 699
650 845
650 849
651 714
651 798
651 834
651 922
651 963
651 973
652 666
652 742
652 772
652 867
652 963
652 976
653 757
653 851
653 969
653 975
653 995
653 996
654 689
654 697
654 711
654 921
654 964
655 726
655 729
655 887
655 900
655 1000
656 839
656 851
657 832
657 881
657 899
657 910
657 914
658 708
658 909
659 669
659 681
659 711
659 736
659 805
659 910
659 990
660 688
660 725
660 782
660 806
660 918
660 985
661 827
661 845
661 856
661 893
661 949
662 717
662 733
662 914
663 696
663 753
663 872
663 912
663 923
663 978
664 669
664 713
664 728
664 849
664 850
664 892
664 993
665 802
665 843
665 852
665 875
665 882
666 698
666 704
666 714
666 716
667 677
667 716
667 733
667 741
667 756
667 783
667 794
667 824
667 850
668 678
668 752
668 782
668 926
669 679
669 716
669 812
669 815
669 846
669 860
669 976
670 718
670 756
670 760
670 878
670 910
670 916
671 689
671 690
671 771
671 789
671 895
671 973
672 694
672 724
672 868
672 899
672 945
673 749
673 751
673 800
673 886
673 904
673 916
673 959
673 990
673 997
674 770
674 827
674 923
674 971
675 877
676 716
676 912
677 808
677 903
678 735
678 776
678 810
678 850
679 726
679 803
679 901
679 933
680 771
680 849
680 872
680 989
680 992
681 740
681 745
681 803
681 977
682 757
682 897
682 912
682 933
683 730
683 818
684 737
684 748
684 780
684 929
684 955
685 756
685 887
686 703
686 848
686 851
686 879
686 911
686 990
687 758
687 821
687 885
687 904
688 708
688 868
688 962
688 997
689 711
689 777
689 835
689 946
690 708
690 785
690 805
690 809
690 860
690 899
690 950
690 990
691 785
691 874
691 951
691 986
691 988
692 780
692 862
693 730
693 738
693 932
693 998
694 725
694 955
694 967
694 974
695 725
695 755
695 781
695 952
696 750
696 793
696 797
696 808
696 910
696 923
696 994
696 997
697 832
697 986
698 710
698 843
698 940
699 742
699 808
699 840
699 995
700 708
700 763
700 822
700 959
701 947
701 993
702 780
702 925
703 725
703 835
703 973
704 755
704 820
705 756
705 811
705 916
705 960
706 740
706 746
706 764
706 960
706 976
707 920
707 946
707 957
707 988
707 999
708 777
708 842
708 872
708 888
708 891
708 925
708 943
708 981
709 724
709 901
709 970
710 827
710 840
710 842
710 886
711 714
711 720
711 729
711 766
711 838
711 860
711 978
712 779
712 799
712 841
713 940
714 724
714 741
714 787
714 832
714 887
714 927
714 964
714 994
715 875
715 882
716 734
716 778
716 785
716 809
716 906
716 913
717 755
717 802
717 919
718 725
718 747
718 829
718 854
719 739
719 756
719 773
719 836
719 900
720 745
720 821
720 823
720 938
721 841
721 963
721 998
722 920
722 939
722 948
723 775
723 859
723 926
723 973
723 979
723 992
724 746
724 828
724 832
724 866
724 952
724 983
725 786
725 810
725 889
725 900
725 931
725 932
725 994
726 731
726 871
726 927
727 792
727 898
727 911
727 928
727 982
728 744
728 757
728 836
728 940
728 945
729 863
729 902
729 936
730 749
730 886
730 923
730 924
730 974
731 799
731 855
731 902
731 984
732 757
732 765
732 881
732 973
733 844
733 853
733 854
733 857
733 889
733 914
733 921
734 772
734 868
734 888
734 925
734 960
734 973
735 765
735 790
735 855
736 740
736 851
736 868
736 884
737 741
737 756
737 839
737 881
738 840
739 770
739 775
739 817
739 900
739 906
739 944
739 950
740 768
740 789
740 897
740 993
741 759
741 916
741 998
742 761
742 860
743 782
743 783
743 790
743 840
744 767
744 782
744 783
744 817
744 942
745 793
745 807
745 863
745 882
746 753
746 762
746 841
746 902
746 951
747 781
747 850
747 869
747 918
747 921
748 854
748 953
749 756
749 904
749 911
749 969
750 792
750 969
751 758
751 836
751 851
751 861
751 970
751 986
752 932
752 972
753 811
753 878
753 897
753 966
754 880
754 890
754 979
754 992
754 995
755 789
755 893
755 911
756 792
756 881
756 897
756 919
756 965
757 758
757 785
757 915
757 939
757 969
758 771
758 814
758 871
758 899
758 964
759 774
759 796
760 812
760 826
760 840
760 875
760 891
760 915
760 941
761 818
761 954
761 980
763 859
763 895
764 814
764 841
764 910
764 988
765 841
765 908
766 867
766 894
766 970
767 838
767 906
767 915
767 969
768 821
768 849
768 875
768 896
768 923
768 987
769 849
769 855
769 862
769 881
769 936
770 897
770 957
771 963
772 880
772 936
772 959
772 967
772 983
773 855
773 944
774 839
774 885
774 980
775 881
775 948
775 965
776 845
776 937
777 813
777 894
777 966
777 991
778 872
778 893
778 908
778 928
779 816
779 852
779 939
779 988
780 806
780 915
780 959
781 835
781 890
781 975
782 835
782 840
782 876
782 894
782 904
782 925
782 944
782 985
783 847
783 906
783 957
783 967
783 992
784 848
785 843
785 911
785 985
785 994
786 793
786 795
786 855
786 933
786 967
786 974
787 834
787 948
787 971
787 993
788 814
788 827
788 964
789 830
789 991
790 803
790 890
790 929
790 977
790 999
791 809
791 822
791 884
792 858
792 943
792 980
793 893
793 923
793 985
794 813
794 836
794 971
795 860
795 913
795 961
796 920
797 804
797 953
797 978
797 997
798 846
798 874
798 912
798 971
799 809
799 849
799 912
800 811
800 849
801 900
801 903
801 969
802 820
802 878
802 906
802 997
803 857
803 981
804 855
804 982
805 807
805 893
806 950
808 849
808 932
808 990
809 914
810 846
810 930
810 948
811 883
811 906
811 927
811 955
812 895
812 899
812 950
813 875
813 895
813 944
813 950
814 846
815 838
815 882
815 901
816 885
816 934
816 980
816 989
817 832
817 882
818 975
819 822
820 826
820 834
820 895
820 943
820 986
821 917
821 942
821 964
821 993
822 832
822 861
822 969
823 835
823 910
823 953
824 846
824 898
824 944
824 965
824 985
824 992
825 905
826 965
827 855
828 968
828 998
829 830
829 861
829 951
830 889
831 860
831 952
832 847
832 932
832 945
833 885
833 889
834 854
834 889
835 866
835 898
835 918
835 984
836 896
836 975
837 922
837 935
837 944
838 865
838 866
838 938
838 939
838 960
840 851
843 889
844 945
844 955
844 961
844 993
845 904
846 866
846 930
847 868
847 898
847 971
848 881
848 898
848 912
848 967
848 986
850 939
851 867
851 919
851 923
851 991
852 891
853 863
853 973
853 987
854 890
854 941
854 954
854 978
856 966
857 1000
858 882
858 945
860 862
860 875
862 964
862 966
862 993
862 996
862 998
863 928
863 930
863 996
864 884
864 996
865 931
867 927
869 922
870 935
871 910
871 942
872 894
874 920
875 883
875 914
875 928
875 976
876 878
876 938
876 958
877 901
877 927
877 968
878 880
879 920
879 922
880 935
881 892
881 897
881 927
881 964
881 976
882 909
882 911
882 961
883 910
883 987
884 894
884 896
886 924
888 908
889 986
891 955
892 950
893 949
894 997
895 981
896 912
896 913
898 918
898 943
899 949
900 903
900 977
901 995
905 954
906 907
906 915
906 960
907 920
909 954
910 925
910 933
912 941
912 961
913 927
915 930
915 972
915 984
917 972
917 1000
918 959
918 994
919 987
921 991
922 947
923 974
925 956
926 927
926 976
926 995
927 995
928 976
929 975
930 974
932 936
932 939
932 974
935 977
935 983
935 990
936 945
936 960
936 998
936 1000
937 992
942 994
943 1000
944 996
946 974
946 979
947 956
948 992
949 967
953 968
955 961
955 975
956 965
957 993
959 985
960 998
964 993
965 970
967 997
968 997
969 975
972 990
981 992
982 987
983 988
983 990
983 995
986 998
987 999
