1000 8799
1 6
1 7
1 8
1 10
1 115
1 136
1 256
1 570
1 612
1 664
1 692
1 735
1 739
1 825
1 836
1 875
1 904
2 4
2 6
2 7
2 8
2 64
2 86
2 115
2 147
2 252
2 272
2 281
2 356
2 359
2 553
2 567
2 692
2 795
2 864
3 88
3 145
3 148
3 181
3 186
3 188
3 189
3 301
3 500
3 588
3 670
3 716
3 732
3 830
3 856
3 879
4 6
4 7
4 8
4 88
4 115
4 204
4 255
4 406
4 435
4 455
4 457
4 471
4 562
4 673
4 692
4 696
4 746
4 795
4 836
4 854
4 929
5 169
5 173
5 241
5 243
5 250
5 256
5 361
5 401
5 571
5 584
5 899
5 947
6 7
6 8
6 46
6 49
6 62
6 104
6 115
6 252
6 260
6 336
6 348
6 461
6 535
6 544
6 613
6 657
6 696
6 701
6 756
6 764
6 836
6 987
7 33
7 53
7 88
7 115
7 241
7 243
7 273
7 407
7 415
7 660
7 836
7 859
7 898
7 950
7 999
8 51
8 58
8 99
8 115
8 118
8 146
8 157
8 213
8 276
8 291
8 389
8 414
8 446
8 692
8 755
8 868
8 912
8 951
8 964
8 984
8 1000
9 78
9 100
9 171
9 176
9 177
9 179
9 495
9 531
9 542
9 543
9 562
9 604
9 627
9 804
10 92
10 208
10 246
10 261
10 262
10 263
10 265
10 266
10 269
10 291
10 358
10 467
10 503
10 563
10 611
10 646
10 701
10 741
10 769
10 836
10 845
10 850
10 851
10 928
11 12
11 15
11 17
11 20
11 208
11 439
11 464
11 563
11 658
11 856
11 904
11 994
12 17
12 18
12 110
12 116
12 208
12 293
12 319
12 423
12 512
12 697
12 750
12 813
13 105
13 152
13 166
13 452
13 534
13 671
13 672
13 675
13 677
13 679
13 680
13 687
13 729
13 733
14 28
14 36
14 47
14 317
14 355
14 514
14 707
14 710
14 724
14 725
14 730
14 796
14 934
15 16
15 17
15 18
15 20
15 111
15 116
15 154
15 208
15 410
15 417
15 436
15 462
15 529
15 589
15 603
15 616
15 697
16 55
16 159
16 263
16 283
16 335
16 343
16 358
16 381
16 514
16 530
16 678
16 690
16 741
16 825
16 832
16 834
16 835
16 837
16 863
16 881
17 18
17 20
17 31
17 116
17 208
17 231
17 272
17 279
17 282
17 297
17 403
17 515
17 615
17 885
17 888
18 20
18 94
18 116
18 154
18 208
18 362
18 442
18 588
18 777
18 954
18 978
19 193
19 221
19 222
19 223
19 227
19 229
19 230
19 304
19 511
19 558
19 571
19 595
19 825
19 986
20 116
20 208
20 226
20 268
20 285
20 311
20 324
20 502
20 629
20 630
20 631
20 697
20 721
20 779
20 782
20 862
21 22
21 26
21 28
21 29
21 30
21 84
21 162
21 438
21 616
21 675
21 688
21 694
21 776
21 802
22 23
22 25
22 26
22 28
22 29
22 159
22 163
22 173
22 174
22 407
22 422
22 527
22 535
22 563
22 573
22 660
22 694
22 724
23 25
23 26
23 28
23 102
23 173
23 206
23 224
23 301
23 316
23 602
23 636
23 728
23 881
23 908
23 983
24 79
24 152
24 213
24 226
24 379
24 394
24 491
24 492
24 493
24 494
24 495
24 496
24 497
24 499
24 809
24 963
25 26
25 28
25 29
25 30
25 67
25 100
25 155
25 170
25 173
25 183
25 185
25 399
25 678
25 709
25 879
25 881
25 986
26 28
26 29
26 30
26 61
26 88
26 142
26 173
26 212
26 222
26 246
26 507
26 601
26 694
26 783
26 915
27 56
27 58
27 81
27 95
27 125
27 137
27 240
27 315
27 330
27 370
27 439
27 477
27 538
27 575
27 705
27 794
27 810
27 883
27 889
27 890
28 29
28 83
28 117
28 157
28 198
28 218
28 318
28 665
28 694
28 834
29 30
29 43
29 162
29 173
29 230
29 358
29 694
29 734
29 775
29 946
30 65
30 173
30 451
30 505
30 517
30 528
30 562
30 694
30 914
31 32
31 33
31 34
31 35
31 36
31 37
31 39
31 174
31 183
31 383
31 467
31 594
31 615
31 650
31 963
32 33
32 34
32 36
32 39
32 174
32 183
32 343
32 383
32 388
32 391
32 469
32 501
32 536
32 565
32 787
32 797
32 818
32 852
32 894
32 986
33 34
33 35
33 36
33 37
33 39
33 174
33 183
33 245
33 406
33 504
33 570
33 740
33 826
33 950
34 35
34 36
34 37
34 39
34 174
34 183
34 252
34 297
34 333
34 383
34 410
34 542
34 674
34 958
35 36
35 37
35 121
35 160
35 174
35 183
35 229
35 282
35 306
35 383
35 426
35 449
35 653
35 990
36 37
36 39
36 133
36 156
36 174
36 183
36 187
36 204
36 279
36 306
36 383
36 485
36 532
36 699
36 747
36 860
37 39
37 50
37 136
37 174
37 241
37 299
37 334
37 383
37 723
37 800
37 882
37 908
37 961
38 55
38 191
38 226
38 330
38 381
38 589
38 615
38 832
38 834
38 835
38 837
38 839
38 887
38 965
39 57
39 174
39 183
39 199
39 310
39 366
39 383
39 468
39 594
39 666
39 808
39 885
40 111
40 113
40 114
40 118
40 167
40 198
40 295
40 309
40 327
40 330
40 338
40 388
40 394
40 711
40 827
40 866
40 985
41 42
41 43
41 44
41 45
41 46
41 47
41 48
41 50
41 61
41 251
41 328
41 426
41 575
41 589
41 631
41 703
41 840
41 892
41 989
42 44
42 45
42 46
42 47
42 48
42 223
42 264
42 387
42 409
42 439
42 542
42 545
42 631
42 643
42 693
42 838
42 989
43 44
43 46
43 47
43 48
43 49
43 178
43 222
43 318
43 365
43 735
43 772
43 839
43 840
43 886
43 910
43 989
44 45
44 47
44 48
44 49
44 302
44 328
44 332
44 373
44 374
44 519
44 631
44 683
44 732
44 744
44 747
44 792
44 840
44 863
44 989
45 46
45 47
45 48
45 49
45 50
45 143
45 328
45 359
45 429
45 430
45 490
45 508
45 530
45 631
45 639
45 720
45 840
45 958
45 989
46 47
46 48
46 49
46 50
46 89
46 122
46 147
46 258
46 328
46 447
46 539
46 603
46 631
46 633
46 703
46 746
46 840
46 910
46 989
47 48
47 49
47 51
47 111
47 124
47 163
47 204
47 249
47 291
47 305
47 328
47 379
47 427
47 573
47 631
47 749
47 843
47 989
48 120
48 323
48 328
48 368
48 373
48 402
48 437
48 840
48 843
48 931
48 989
49 50
49 62
49 155
49 255
49 269
49 328
49 545
49 550
49 631
49 686
49 709
49 748
49 840
49 989
50 292
50 328
50 474
50 631
50 742
50 922
50 980
50 989
51 52
51 53
51 54
51 56
51 57
51 60
51 116
51 182
51 251
51 252
51 387
51 426
51 456
51 484
51 642
51 671
51 675
51 992
52 53
52 54
52 56
52 57
52 58
52 59
52 60
52 77
52 182
52 250
52 289
52 339
52 484
52 642
52 842
52 860
52 980
52 994
53 54
53 56
53 58
53 59
53 60
53 436
53 484
53 584
53 642
53 719
53 801
53 842
53 866
54 56
54 57
54 58
54 59
54 60
54 66
54 182
54 369
54 441
54 484
54 693
54 831
54 880
55 171
55 191
55 226
55 247
55 377
55 381
55 393
55 395
55 422
55 458
55 748
55 824
55 832
55 834
55 835
55 895
56 57
56 58
56 59
56 60
56 98
56 110
56 172
56 340
56 479
56 484
56 532
56 602
56 642
56 777
56 821
56 986
57 58
57 59
57 60
57 182
57 239
57 252
57 445
57 484
57 631
57 642
57 665
57 682
57 732
57 772
57 825
57 990
58 59
58 60
58 71
58 121
58 137
58 182
58 185
58 241
58 475
58 484
58 725
58 794
58 845
58 901
58 930
59 60
59 182
59 455
59 484
59 642
59 661
59 821
59 836
59 884
59 887
60 82
60 182
60 235
60 326
60 376
60 407
60 429
60 457
60 484
60 515
60 551
60 558
60 640
60 642
60 705
60 800
61 110
61 163
61 165
61 233
61 311
61 353
61 372
61 421
61 422
61 423
61 424
61 425
61 426
61 427
61 428
61 429
61 430
61 452
61 465
61 476
61 478
61 503
61 508
61 515
61 535
61 608
61 669
61 757
61 805
61 823
61 894
61 961
61 983
62 63
62 64
62 65
62 67
62 68
62 69
62 70
62 75
62 76
62 184
62 220
62 226
62 318
62 409
62 441
62 473
62 573
62 631
62 668
62 900
63 64
63 67
63 68
63 70
63 76
63 80
63 102
63 249
63 370
63 390
63 411
63 439
63 458
63 697
63 715
63 739
63 900
63 901
63 920
63 951
63 998
64 65
64 67
64 68
64 70
64 76
64 102
64 165
64 190
64 191
64 285
64 433
64 463
64 493
64 900
64 951
64 965
64 975
64 987
64 1000
65 67
65 68
65 69
65 70
65 76
65 102
65 596
65 691
66 233
66 326
66 518
66 708
66 821
66 883
66 904
66 972
66 973
66 974
66 975
66 976
66 980
67 68
67 69
67 70
67 76
67 102
67 368
67 567
67 649
67 801
68 70
68 76
68 102
68 105
68 275
68 351
68 475
68 486
68 698
68 793
68 830
68 885
68 923
69 70
69 76
69 475
69 477
69 522
69 544
69 634
69 731
69 867
69 883
69 900
69 950
70 76
70 84
70 102
70 126
70 187
70 214
70 276
70 350
70 450
70 569
70 620
70 699
70 856
70 900
71 72
71 73
71 75
71 272
71 347
71 446
71 474
71 486
71 538
71 576
71 597
71 626
71 729
71 745
71 770
71 792
71 794
71 797
71 914
71 934
72 73
72 74
72 75
72 95
72 100
72 113
72 262
72 272
72 586
72 729
72 792
72 831
72 881
72 891
72 895
72 914
72 926
72 934
73 75
73 126
73 249
73 272
73 511
73 530
73 547
73 729
73 770
73 792
73 914
73 934
74 231
74 272
74 322
74 338
74 370
74 384
74 407
74 436
74 545
74 557
74 612
74 626
74 688
74 729
74 738
74 770
74 792
74 872
74 914
74 934
74 974
75 171
75 176
75 197
75 333
75 419
75 422
75 496
75 614
75 633
75 729
75 731
75 758
75 770
75 848
75 849
75 934
76 77
76 102
76 104
76 297
76 304
76 479
76 530
76 531
76 715
76 782
76 830
77 79
77 174
77 242
77 310
77 322
77 462
77 464
77 466
77 467
77 468
77 469
77 470
77 570
77 672
77 765
77 803
78 100
78 106
78 143
78 171
78 175
78 176
78 177
78 179
78 412
78 426
78 543
78 639
78 651
78 741
78 751
78 754
78 855
78 995
78 997
79 91
79 354
79 436
79 462
79 463
79 464
79 466
79 467
79 469
79 470
79 534
79 570
79 591
79 722
79 824
79 985
80 106
80 153
80 162
80 164
80 165
80 169
80 170
80 229
80 300
80 349
80 430
80 567
80 611
80 631
80 765
80 779
80 801
80 855
80 859
80 902
81 83
81 85
81 87
81 89
81 90
81 115
81 150
81 198
81 343
81 375
81 493
81 569
81 593
81 710
81 726
81 999
82 98
82 216
82 252
82 392
82 515
82 599
82 646
82 733
82 782
82 783
82 788
82 789
82 804
82 814
82 878
82 885
83 84
83 85
83 87
83 90
83 109
83 115
83 155
83 164
83 316
83 383
83 528
83 635
83 662
83 677
83 681
83 726
83 767
84 85
84 89
84 123
84 156
84 172
84 226
84 397
84 411
84 415
84 481
84 491
84 732
84 748
84 817
85 87
85 90
85 91
85 258
85 452
85 633
85 764
86 114
86 274
86 319
86 418
86 421
86 504
86 550
86 557
86 686
86 791
86 798
86 821
86 822
86 823
86 824
86 825
86 828
86 885
86 890
86 937
87 89
87 318
87 345
87 543
87 726
87 773
87 818
87 845
87 859
87 988
88 181
88 185
88 186
88 188
88 189
88 190
88 301
88 307
88 460
88 493
88 500
88 614
88 707
88 710
88 781
88 829
88 877
89 90
89 163
89 228
89 266
89 304
89 314
89 363
89 636
89 726
89 826
89 920
89 937
89 969
90 141
90 176
90 221
90 241
90 324
90 332
90 726
90 728
90 857
90 908
90 961
91 92
91 96
91 97
91 101
91 156
91 222
91 333
91 640
91 646
91 654
91 722
91 735
91 829
92 94
92 254
92 277
92 293
92 371
92 392
92 466
92 550
92 646
92 649
92 656
92 722
92 829
92 940
93 111
93 126
93 287
93 403
93 509
93 549
93 664
93 873
93 876
93 877
93 967
94 96
94 97
94 196
94 220
94 233
94 351
94 381
94 562
94 646
94 649
94 708
94 756
94 883
94 901
94 961
95 240
95 278
95 430
95 674
95 698
95 725
95 765
95 768
95 818
95 881
95 883
95 889
95 890
95 938
96 97
96 234
96 630
96 646
96 649
96 767
96 829
96 906
96 917
96 979
97 163
97 329
97 470
97 578
97 646
97 649
97 698
97 722
97 829
97 947
97 962
97 999
98 116
98 216
98 267
98 343
98 346
98 414
98 450
98 574
98 609
98 671
98 737
98 782
98 784
98 788
98 789
98 790
98 804
98 814
98 878
98 885
98 903
99 361
99 364
99 365
99 366
99 368
99 369
99 409
99 573
99 637
99 662
99 703
99 818
99 920
99 952
100 171
100 179
100 421
100 518
100 542
100 543
100 706
100 734
100 767
100 866
101 104
101 105
101 108
101 147
101 211
101 254
101 305
101 461
101 545
101 760
101 802
101 835
101 842
101 847
101 971
101 991
102 194
102 347
102 397
102 536
102 652
102 752
102 900
103 143
103 176
103 223
103 272
103 454
103 561
103 611
103 612
103 613
103 618
103 619
103 620
103 631
103 685
103 695
103 704
103 739
103 841
104 105
104 108
104 236
104 307
104 461
104 483
104 716
104 731
104 739
104 741
104 760
104 843
104 895
104 961
104 971
104 991
105 108
105 109
105 199
105 208
105 355
105 443
105 461
105 603
105 628
105 637
105 642
105 694
105 731
105 760
105 764
105 766
105 847
105 865
105 971
106 129
106 130
106 158
106 229
106 267
106 294
106 305
106 311
106 312
106 313
106 314
106 317
106 320
106 532
106 538
106 691
106 797
106 812
106 821
107 118
107 138
107 403
107 444
107 524
107 551
107 552
107 553
107 554
107 559
107 560
107 680
107 763
107 777
108 109
108 136
108 385
108 444
108 461
108 481
108 570
108 573
108 618
108 741
108 760
108 847
108 860
108 991
109 111
109 245
109 289
109 302
109 364
109 474
109 577
109 731
109 741
109 760
109 847
109 971
109 991
110 225
110 310
110 331
110 332
110 334
110 335
110 336
110 337
110 340
110 397
110 423
110 475
110 577
110 691
110 709
110 734
111 112
111 113
111 114
111 118
111 119
111 295
111 327
111 337
111 723
111 755
111 811
111 996
112 113
112 114
112 119
112 206
112 210
112 327
112 493
112 595
112 617
112 678
112 733
112 811
113 114
113 118
113 119
113 187
113 251
113 295
113 390
113 531
113 566
113 644
113 928
114 118
114 119
114 133
114 291
114 293
114 295
114 327
114 367
114 499
114 733
114 735
114 810
114 848
114 890
114 916
115 228
115 276
115 292
115 296
115 542
115 567
115 594
115 663
115 692
116 144
116 208
116 233
116 392
116 414
116 580
116 697
116 739
116 913
117 217
117 253
117 261
117 295
117 504
117 513
117 539
117 636
117 713
117 843
117 853
117 873
117 945
117 983
117 984
117 987
117 988
117 990
118 234
118 295
118 327
118 414
118 580
118 600
118 811
118 843
118 844
118 900
118 949
119 203
119 278
119 295
119 327
119 339
119 392
119 478
119 607
119 620
119 621
119 806
119 811
120 211
120 214
120 215
120 217
120 218
120 219
120 245
120 257
120 273
120 289
120 303
120 408
120 445
120 534
120 542
120 687
120 740
120 759
120 788
120 857
121 122
121 123
121 124
121 125
121 126
121 129
121 330
121 343
121 575
121 622
121 670
121 827
122 123
122 124
122 125
122 126
122 129
122 130
122 182
122 200
122 299
122 583
122 585
122 609
122 806
122 817
122 825
122 942
122 950
123 124
123 125
123 129
123 130
123 275
123 343
123 460
123 575
123 609
123 839
123 899
123 933
123 975
123 997
124 129
124 137
124 157
124 190
124 331
124 343
124 474
124 685
124 853
124 935
125 126
125 129
125 130
125 239
125 343
125 393
125 396
125 455
125 609
125 654
125 656
125 786
126 129
126 130
126 218
126 239
126 343
126 514
126 543
126 609
126 872
127 151
127 162
127 164
127 165
127 168
127 170
127 261
127 290
127 319
127 423
127 497
127 664
127 672
127 732
127 763
128 178
128 192
128 252
128 290
128 452
128 453
128 454
128 455
128 457
128 459
128 460
128 481
128 497
128 515
128 524
128 544
128 606
128 699
129 133
129 168
129 316
129 343
129 552
129 641
129 643
129 743
129 839
130 218
130 223
130 244
130 343
130 453
130 486
130 492
130 609
130 750
130 851
130 995
131 132
131 133
131 134
131 136
131 137
131 139
131 282
131 400
131 405
131 465
131 524
131 634
131 660
131 802
131 851
131 898
131 901
132 133
132 134
132 136
132 137
132 139
132 247
132 261
132 277
132 353
132 449
132 450
132 473
132 480
132 580
132 606
132 634
132 662
132 987
133 134
133 137
133 139
133 238
133 247
133 305
133 386
133 799
133 817
133 908
133 935
133 975
134 136
134 137
134 139
134 159
134 211
134 464
134 473
134 625
134 634
134 642
134 867
135 152
135 212
135 242
135 302
135 371
135 377
135 491
135 537
135 585
135 601
135 697
135 760
135 761
135 762
135 764
135 766
135 767
135 768
135 769
135 776
135 920
135 949
136 139
136 182
136 216
136 226
136 229
136 247
136 400
136 444
136 449
136 484
136 505
136 634
136 679
136 876
136 879
136 967
137 139
137 160
137 197
137 525
137 623
137 634
137 718
137 740
137 757
137 944
137 979
138 140
138 213
138 227
138 329
138 411
138 499
138 551
138 552
138 553
138 559
138 560
138 754
138 763
138 783
138 842
138 954
139 177
139 327
140 197
140 232
140 258
140 357
140 391
140 394
140 396
140 397
140 400
140 442
140 489
140 555
140 567
140 610
140 633
140 750
140 765
140 803
140 861
140 887
141 142
141 143
141 144
141 145
141 146
141 147
141 148
141 149
141 150
141 333
141 399
141 421
141 563
141 583
141 764
141 877
141 882
141 898
141 934
142 143
142 144
142 145
142 146
142 147
142 148
142 150
142 217
142 309
142 333
142 448
142 617
142 658
142 875
142 882
142 898
143 144
143 145
143 146
143 147
143 148
143 150
143 309
143 333
143 559
143 583
143 597
143 657
143 806
143 882
143 898
143 926
144 145
144 146
144 147
144 149
144 150
144 162
144 190
144 220
144 238
144 268
144 309
144 318
144 333
144 400
144 437
144 443
144 558
144 583
144 634
144 882
144 898
144 930
145 146
145 147
145 148
145 150
145 309
145 330
145 333
145 340
145 410
145 432
145 583
145 595
145 669
145 784
145 796
145 882
145 898
146 147
146 148
146 149
146 150
146 151
146 309
146 338
146 399
146 533
146 583
146 882
146 892
146 898
147 148
147 149
147 150
147 179
147 180
147 309
147 473
147 484
147 583
147 604
147 751
147 797
147 882
147 898
147 910
147 911
147 981
148 149
148 150
148 262
148 276
148 309
148 333
148 530
148 533
148 550
148 565
148 583
148 591
148 717
148 898
148 946
149 150
149 186
149 224
149 309
149 319
149 333
149 352
149 400
149 557
149 570
149 583
149 867
149 882
150 214
150 309
150 338
150 376
150 583
150 882
150 898
151 153
151 154
151 155
151 156
151 160
151 174
151 525
151 540
151 591
151 655
151 697
151 711
151 760
151 831
152 162
152 190
152 213
152 320
152 334
152 344
152 451
152 491
152 492
152 493
152 494
152 495
152 496
152 497
152 636
152 647
152 665
152 699
152 768
152 905
152 961
152 992
153 154
153 155
153 157
153 160
153 531
153 606
153 633
153 663
153 711
153 729
153 774
153 875
153 938
154 155
154 157
154 160
154 202
154 326
154 448
154 628
154 646
154 660
154 711
154 785
154 786
154 816
154 831
154 875
154 927
154 1000
155 156
155 157
155 158
155 347
155 489
155 579
155 609
155 711
155 831
155 875
156 157
156 172
156 209
156 264
156 421
156 581
156 699
156 711
156 831
156 875
156 920
157 160
157 311
157 711
157 875
157 920
157 960
158 243
158 312
158 581
158 582
158 585
158 586
158 587
158 588
158 589
158 590
158 684
158 693
158 782
158 955
159 211
159 282
159 283
159 284
159 285
159 289
159 506
159 537
159 603
159 913
160 172
160 378
160 404
160 549
160 587
160 598
160 620
160 694
160 875
160 940
161 162
161 172
161 212
161 293
161 316
161 558
161 573
161 643
161 645
161 648
161 650
161 678
161 686
161 759
161 892
161 964
162 164
162 165
162 167
162 168
162 169
162 189
162 252
162 278
162 458
162 509
162 513
162 566
162 630
162 672
162 903
162 973
162 990
163 324
163 422
163 423
163 424
163 425
163 427
163 429
163 430
163 503
163 595
163 681
163 755
163 757
163 894
163 961
164 165
164 167
164 170
164 361
164 567
164 659
164 679
165 167
165 168
165 169
165 170
165 172
165 212
165 300
165 439
165 586
165 820
165 849
166 339
166 445
166 502
166 534
166 671
166 675
166 677
166 679
166 680
166 687
166 736
166 814
166 819
166 876
166 917
167 168
167 169
167 207
167 296
167 450
167 567
167 568
167 642
167 821
168 170
168 204
168 300
168 329
168 357
168 370
168 673
168 742
168 848
168 862
169 170
169 292
169 300
169 446
169 578
169 622
169 651
169 816
169 977
170 300
170 565
170 567
170 685
170 710
170 719
170 738
170 850
170 910
171 175
171 177
171 179
171 180
171 246
171 252
171 494
171 519
171 542
171 543
171 563
171 607
171 627
171 686
171 718
171 724
171 761
172 180
172 194
172 293
172 316
172 352
172 481
172 569
172 641
172 643
172 648
172 650
172 680
172 686
172 809
172 964
173 228
173 317
173 565
173 670
173 682
173 702
173 755
173 884
173 996
174 183
174 199
174 281
174 383
174 474
174 481
174 500
174 503
174 536
174 628
174 685
174 794
174 958
174 973
175 176
175 177
175 179
175 205
175 247
175 263
175 477
175 526
175 543
175 774
175 811
175 837
175 844
176 177
176 179
176 194
176 460
176 488
176 542
176 543
176 558
176 617
176 683
176 771
176 793
176 839
176 927
177 179
177 217
177 231
177 431
177 542
177 543
177 694
177 710
177 853
177 927
178 192
178 343
178 452
178 453
178 454
178 455
178 458
178 459
178 460
178 524
178 577
178 740
178 835
179 364
179 533
179 542
179 543
179 707
179 965
179 981
179 1000
180 293
180 316
180 350
180 553
180 594
180 641
180 643
180 644
180 645
180 648
180 686
180 727
180 964
180 980
181 185
181 188
181 189
181 190
181 250
181 301
181 423
181 569
181 593
181 655
181 732
181 962
182 201
182 347
182 387
182 405
182 429
182 484
182 565
182 642
182 670
182 709
182 799
182 895
182 903
182 961
183 264
183 383
183 429
183 634
183 650
183 831
183 923
184 220
184 294
184 321
184 394
184 427
184 473
184 477
184 483
184 619
184 626
184 638
184 733
184 734
184 737
184 738
184 739
184 740
184 769
184 911
184 917
184 936
184 940
185 186
185 188
185 245
185 260
185 294
185 301
185 364
185 500
185 666
185 670
185 760
185 786
185 809
185 900
185 951
186 189
186 190
186 233
186 242
186 301
186 302
186 364
186 439
186 469
186 500
186 627
186 721
186 732
186 737
186 844
186 909
186 933
186 993
187 222
187 332
187 402
187 404
187 405
187 406
187 407
187 408
187 410
187 451
187 518
187 701
187 942
187 968
187 971
188 291
188 301
188 323
188 359
188 378
188 453
188 456
188 500
188 732
188 804
188 856
188 905
188 906
189 249
189 301
189 312
189 354
189 500
189 518
189 600
189 732
189 858
189 870
190 211
190 301
190 464
190 500
190 533
190 554
190 576
190 609
190 617
190 707
190 732
190 854
190 890
191 226
191 291
191 371
191 381
191 393
191 401
191 513
191 581
191 583
191 601
191 608
191 630
191 720
191 793
191 826
191 832
191 834
191 835
191 837
191 873
192 268
192 337
192 452
192 453
192 454
192 455
192 457
192 458
192 459
192 460
192 524
192 529
192 537
192 543
192 614
192 743
192 744
192 787
192 865
192 922
193 194
193 195
193 198
193 199
193 200
193 208
193 299
193 384
193 520
193 572
193 626
193 662
193 782
193 873
193 960
194 195
194 198
194 199
194 208
194 256
194 297
194 384
194 443
194 465
194 596
194 626
194 831
194 870
195 200
195 384
195 626
195 690
195 738
195 745
195 809
195 870
195 933
195 936
195 971
195 987
196 205
196 221
196 315
196 586
196 695
196 696
196 698
196 699
196 700
196 798
196 830
196 843
197 258
197 297
197 370
197 391
197 392
197 394
197 395
197 396
197 397
197 399
197 400
197 452
197 489
197 519
197 535
197 803
197 861
197 887
198 199
198 200
198 224
198 254
198 292
198 301
198 384
198 626
198 627
198 804
198 870
198 981
199 200
199 201
199 265
199 287
199 328
199 384
199 436
199 487
199 520
199 561
199 574
199 594
199 752
199 870
199 875
200 248
200 384
200 584
200 646
200 672
200 685
200 728
200 870
200 935
201 398
201 414
201 508
201 600
201 663
201 692
201 786
201 833
201 841
201 842
201 844
201 846
201 848
201 849
201 851
202 203
202 204
202 205
202 209
202 210
202 376
202 496
202 525
202 618
202 814
202 936
202 994
203 204
203 205
203 206
203 207
203 209
203 210
203 381
203 405
203 409
203 429
203 439
203 506
203 739
203 976
203 986
204 205
204 206
204 207
204 209
204 210
204 229
204 274
204 455
204 465
204 571
204 632
204 652
204 768
204 813
204 910
204 936
204 961
204 994
205 206
205 207
205 209
205 240
205 263
205 292
205 472
205 485
205 523
205 526
205 546
205 762
205 936
205 968
205 994
206 209
206 210
206 223
206 475
206 574
206 587
206 610
206 626
206 627
206 654
206 724
206 936
206 994
206 997
207 209
207 210
207 239
207 546
207 548
207 659
207 903
207 936
207 992
207 994
208 260
208 398
208 488
208 607
208 643
208 697
208 736
208 747
208 756
208 784
209 210
209 259
209 262
209 297
209 306
209 391
209 419
209 453
209 549
209 682
209 760
209 819
209 820
209 830
209 964
210 235
210 326
210 332
210 423
210 463
210 466
210 994
211 214
211 217
211 218
211 229
211 245
211 270
211 309
211 466
211 493
211 605
211 846
212 242
212 361
212 584
212 601
212 673
212 687
212 762
212 764
212 766
212 767
212 768
212 769
212 989
213 229
213 491
213 492
213 494
213 495
213 497
213 499
213 536
213 680
213 739
214 215
214 217
214 218
214 219
214 224
214 245
214 257
214 263
214 334
214 384
214 449
214 501
214 656
214 746
214 873
215 218
215 219
215 225
215 257
215 297
215 358
215 374
215 429
215 437
215 449
215 909
216 251
216 310
216 358
216 365
216 394
216 407
216 422
216 609
216 703
216 782
216 783
216 784
216 787
216 788
216 789
216 790
216 804
216 814
216 845
216 878
216 885
216 900
216 959
217 218
217 219
217 245
217 256
217 258
217 352
217 505
217 541
217 607
217 668
217 673
217 678
217 747
217 749
218 229
218 245
218 257
218 262
218 285
218 414
218 821
218 843
219 245
219 257
219 463
219 522
219 524
219 556
219 648
219 728
219 742
219 850
219 897
219 907
219 912
220 295
220 299
220 401
220 477
220 633
220 638
220 733
220 734
220 735
220 736
220 737
220 738
220 739
220 740
220 911
220 917
220 924
221 222
221 223
221 224
221 227
221 228
221 229
221 230
221 322
221 426
221 456
221 558
221 604
221 807
221 832
221 932
221 986
222 223
222 224
222 227
222 228
222 230
222 299
222 558
222 703
222 807
222 833
222 986
223 224
223 227
223 228
223 230
223 254
223 276
223 558
223 739
223 741
223 807
223 810
223 830
223 867
223 915
223 985
223 986
224 228
224 229
224 230
224 346
224 357
224 435
224 472
224 536
224 660
224 807
224 844
224 918
224 935
224 986
225 273
225 331
225 334
225 335
225 336
225 337
225 339
225 340
225 393
225 417
225 564
225 645
225 691
225 722
225 798
226 257
226 381
226 393
226 417
226 434
226 542
226 544
226 558
226 639
226 811
226 832
226 834
226 835
226 837
227 228
227 229
227 231
227 236
227 488
227 491
227 558
227 702
227 726
227 792
227 807
227 949
227 986
228 229
228 299
228 350
228 558
228 681
228 807
228 899
228 986
229 501
229 649
229 746
229 759
229 807
229 910
229 986
229 994
230 254
230 274
230 283
230 448
230 460
230 541
230 543
230 558
230 600
230 641
230 807
230 890
230 986
231 235
231 245
231 307
231 316
231 332
231 469
231 501
231 702
231 751
231 752
231 753
231 754
231 755
231 756
231 758
231 759
232 236
232 394
232 401
232 637
232 691
232 769
232 793
232 799
232 800
232 868
232 870
232 896
232 898
232 943
232 992
233 234
233 235
233 238
233 378
233 486
233 671
233 843
233 928
234 236
234 238
234 286
234 294
234 378
234 411
234 428
234 451
234 765
234 834
234 843
234 894
234 928
235 236
235 325
235 378
235 470
235 535
235 583
235 626
235 693
235 739
235 843
235 849
235 928
236 238
236 378
236 545
236 736
236 843
236 928
237 268
237 282
237 292
237 303
237 369
237 445
237 544
237 549
237 621
237 623
237 625
237 627
237 628
237 629
237 630
237 702
237 772
237 790
237 901
238 271
238 365
238 378
238 393
238 403
238 571
238 578
238 617
238 843
238 928
239 288
239 411
239 512
239 515
239 517
239 518
239 520
239 588
239 633
239 740
239 900
239 904
239 905
239 945
239 961
239 995
240 253
240 305
240 315
240 544
240 634
240 679
240 752
240 780
240 806
240 881
240 883
240 889
240 890
241 243
241 244
241 250
241 422
241 428
241 507
241 531
241 584
241 619
241 642
241 719
241 751
241 853
241 897
241 917
242 293
242 299
242 313
242 553
242 575
242 637
242 747
242 761
242 762
242 764
242 765
242 766
242 767
242 768
242 769
242 870
243 244
243 259
243 356
243 358
243 369
243 516
243 584
243 709
243 717
243 831
243 868
243 980
244 363
244 504
244 584
244 755
244 838
244 862
245 257
245 267
245 289
245 561
245 566
245 937
246 261
246 263
246 265
246 266
246 268
246 269
246 358
246 361
246 563
246 589
246 775
246 792
246 880
246 886
246 891
247 305
247 355
247 678
247 707
247 713
247 721
247 724
247 725
247 730
247 768
247 796
247 813
247 835
247 886
248 277
248 501
248 502
248 504
248 505
248 507
248 539
248 542
248 707
248 790
248 818
248 872
249 355
249 555
249 708
249 768
249 769
249 918
249 938
249 951
249 952
249 954
249 955
249 956
249 958
249 960
249 990
250 271
250 393
250 448
250 484
250 560
250 584
250 619
250 637
250 720
250 748
250 816
250 885
250 975
251 252
251 253
251 254
251 255
251 256
251 259
251 260
251 303
251 323
251 329
251 348
251 353
251 411
251 416
251 422
251 440
251 482
251 558
251 651
251 656
251 697
251 731
251 787
251 798
251 827
251 860
252 254
252 256
252 259
252 260
252 323
252 369
252 556
252 640
252 651
252 656
252 679
252 751
252 835
252 881
252 900
253 254
253 255
253 256
253 259
253 260
253 333
253 387
253 437
253 651
253 656
253 685
254 256
254 259
254 260
254 423
254 478
254 762
254 809
255 256
255 260
255 279
255 323
255 464
255 511
255 566
255 602
255 797
256 259
256 260
256 323
256 354
256 383
256 601
256 608
256 647
256 660
256 730
257 516
258 391
258 392
258 394
258 395
258 396
258 397
258 489
258 519
258 545
258 651
258 773
258 802
258 803
258 861
259 303
259 323
259 434
259 444
259 602
259 651
259 656
259 726
259 963
260 421
260 651
260 794
260 894
260 909
261 262
261 263
261 266
261 268
261 269
261 330
261 358
261 427
261 441
261 464
261 516
261 538
261 563
261 915
261 991
262 263
262 265
262 266
262 268
262 269
262 336
262 358
262 362
262 457
262 574
262 585
262 593
262 779
262 783
262 901
262 959
263 265
263 266
263 268
263 269
263 307
263 358
263 452
263 539
263 542
263 563
263 606
263 894
264 324
264 485
264 632
264 633
264 635
264 636
264 637
264 639
264 640
264 753
264 790
264 883
264 956
264 978
264 995
265 266
265 268
265 269
265 358
265 372
265 402
265 492
265 563
265 565
265 674
265 751
265 819
265 859
265 909
266 268
266 269
266 358
266 460
266 520
266 563
266 614
266 821
266 875
266 931
266 980
267 294
267 305
267 311
267 312
267 313
267 314
267 317
267 318
267 319
267 320
267 394
267 648
267 658
267 711
267 797
267 986
268 269
268 358
268 527
268 563
268 735
268 754
268 782
268 927
269 358
269 403
269 463
269 538
269 617
269 725
269 785
270 271
270 272
270 275
270 329
270 526
270 558
270 588
270 676
270 709
270 725
270 992
270 993
270 996
270 998
271 273
271 274
271 279
271 280
271 366
271 431
271 439
271 469
271 522
271 589
271 803
271 816
271 865
271 950
271 992
272 276
272 314
272 557
272 729
272 746
272 770
272 792
272 868
272 875
272 911
272 914
272 934
273 274
273 275
273 276
273 280
273 431
273 522
273 614
273 616
273 617
273 747
273 842
273 858
273 865
273 915
273 957
274 275
274 276
274 280
274 427
274 522
274 539
274 568
274 597
274 777
274 865
274 870
275 276
275 279
275 280
275 402
275 522
275 661
275 940
275 971
276 360
276 433
276 759
276 860
276 917
277 294
277 448
277 551
277 562
277 565
277 568
277 569
277 632
277 736
277 754
277 832
277 850
277 970
278 303
278 304
278 306
278 308
278 526
278 580
278 887
278 924
279 280
279 431
279 453
279 460
279 471
279 522
279 631
279 647
279 701
279 731
279 735
279 784
279 826
279 865
279 924
280 359
280 367
280 562
280 634
280 660
280 692
280 898
281 283
281 285
281 287
281 289
281 480
281 484
281 727
281 828
281 951
282 283
282 284
282 285
282 287
282 366
282 657
282 723
282 776
282 825
282 957
283 284
283 287
283 289
283 514
283 550
283 689
283 710
283 763
283 795
284 287
284 289
284 348
284 372
284 392
284 410
284 622
284 771
284 810
285 287
285 289
285 358
285 457
285 635
285 718
285 743
285 806
285 842
286 406
286 510
286 543
286 604
286 652
286 667
286 736
286 810
286 849
286 921
286 922
286 923
286 924
286 925
286 930
286 948
287 289
287 304
287 498
287 518
287 634
287 738
287 942
288 463
288 471
288 491
288 511
288 512
288 515
288 516
288 517
288 518
288 520
288 539
288 545
288 556
288 580
288 682
288 758
288 914
289 386
289 422
289 543
289 547
289 561
289 628
289 668
289 749
289 750
289 755
289 826
289 897
290 310
290 416
290 476
290 518
290 591
290 592
290 593
290 594
290 595
290 596
290 597
290 599
290 600
290 616
290 647
290 705
290 712
290 728
290 740
290 753
290 875
290 886
290 982
291 292
291 296
291 297
291 298
291 299
291 411
291 452
291 533
291 557
291 602
291 623
291 644
291 684
291 738
291 750
291 754
291 770
291 851
291 965
291 973
291 983
292 296
292 297
292 298
292 299
292 563
292 566
292 602
292 621
292 690
292 823
293 380
293 397
293 399
293 402
293 462
293 536
293 574
293 641
293 643
293 644
293 645
293 648
293 650
293 670
293 686
293 690
293 702
293 709
293 964
293 985
293 988
293 991
294 305
294 312
294 314
294 317
294 318
294 319
294 320
294 532
294 624
294 674
294 711
294 739
294 793
294 797
294 818
294 878
295 309
295 322
295 378
295 447
295 487
295 632
295 707
295 775
296 297
296 299
296 331
296 549
296 602
296 805
297 298
297 299
297 315
297 429
297 514
297 573
297 578
297 602
297 676
297 850
298 299
298 341
298 502
298 547
298 602
298 773
298 880
299 374
299 405
299 526
299 538
299 554
299 573
299 656
299 697
299 809
299 978
300 462
300 633
300 634
300 773
300 778
300 789
301 358
301 362
301 416
301 500
301 504
301 702
301 710
301 732
301 901
302 304
302 328
302 416
302 601
302 762
302 764
302 765
302 766
302 767
302 769
302 796
302 836
302 869
303 304
303 306
303 308
303 389
303 395
303 440
303 889
303 919
304 306
304 308
304 483
304 529
304 564
304 620
304 680
304 777
304 939
304 982
305 311
305 313
305 314
305 317
305 319
305 320
305 383
305 385
305 513
305 565
305 633
305 642
305 672
305 691
305 714
305 741
305 757
305 759
305 797
305 807
305 862
305 911
306 369
306 413
306 515
306 670
306 723
306 968
307 351
307 352
307 353
307 354
307 357
307 359
307 360
307 373
307 429
307 498
307 875
307 917
307 927
308 383
308 433
308 454
308 522
308 594
308 758
308 799
308 850
308 878
308 998
309 333
309 458
309 583
309 587
309 882
309 898
309 925
309 1000
310 416
310 497
310 591
310 592
310 593
310 594
310 595
310 597
310 599
310 600
310 613
310 616
310 647
310 728
310 837
310 852
310 886
310 982
311 312
311 313
311 314
311 317
311 319
311 320
311 414
311 425
311 532
311 624
311 720
311 797
311 809
312 313
312 314
312 317
312 318
312 319
312 325
312 395
312 404
312 417
312 441
312 532
312 538
312 612
312 672
312 679
312 790
312 797
312 984
312 998
313 314
313 317
313 318
313 319
313 320
313 532
313 543
313 797
313 805
313 879
313 923
313 948
313 951
313 955
313 984
314 317
314 318
314 319
314 493
314 530
314 532
314 675
314 698
314 797
314 965
314 974
315 383
315 595
315 610
315 713
315 881
315 883
315 889
315 890
315 962
316 380
316 511
316 641
316 643
316 644
316 645
316 650
316 686
316 727
316 741
316 772
316 789
317 318
317 319
317 320
317 704
317 797
317 980
318 319
318 364
318 418
318 501
318 516
318 532
318 873
318 900
319 320
319 371
319 411
319 532
319 755
319 797
319 811
319 849
320 355
320 406
320 522
320 532
320 539
320 620
320 632
320 775
320 797
321 322
321 324
321 325
321 437
321 542
321 566
321 642
321 740
321 777
321 846
321 870
321 916
322 324
322 326
322 346
322 351
322 431
322 488
322 519
322 566
322 670
322 694
322 750
322 772
322 777
322 937
322 946
323 388
323 422
323 599
323 651
323 724
323 780
323 866
324 325
324 349
324 536
324 566
324 594
324 618
324 634
324 699
324 772
324 869
324 935
325 348
325 566
325 772
325 777
325 928
326 372
326 446
326 566
326 611
326 649
326 772
326 864
326 905
326 908
327 343
327 470
327 535
327 763
327 807
327 809
327 811
327 919
328 341
328 418
328 543
328 653
328 717
328 862
328 989
329 459
329 526
329 536
329 538
329 741
329 742
329 782
329 870
329 910
329 992
329 993
329 996
329 998
329 1000
330 468
330 476
330 523
330 527
330 528
330 529
330 530
330 556
330 609
330 614
330 693
330 700
330 797
330 842
330 895
330 921
330 965
330 978
331 332
331 334
331 335
331 337
331 339
331 340
331 407
331 490
331 495
331 534
331 596
331 658
331 691
331 726
331 771
331 816
331 896
332 334
332 335
332 336
332 337
332 339
332 340
332 610
332 671
332 676
332 691
332 852
332 869
332 920
332 929
333 475
333 583
333 599
333 856
333 872
333 882
333 898
334 335
334 336
334 337
334 339
334 340
334 349
334 382
334 403
334 421
334 461
334 678
334 744
334 748
334 759
334 786
334 839
334 862
334 928
335 336
335 337
335 339
335 548
335 591
335 609
335 649
335 691
335 727
335 773
335 822
335 827
335 877
335 909
335 932
335 942
335 996
336 337
336 339
336 340
336 417
336 691
336 706
336 708
337 339
337 340
337 395
337 397
337 446
337 628
337 691
337 758
337 928
337 998
338 527
338 534
338 541
338 544
338 545
338 548
338 549
338 593
338 728
338 767
338 858
339 340
339 393
339 518
339 568
339 691
339 723
339 759
339 764
339 801
339 874
339 940
340 360
340 364
340 492
340 633
340 751
340 772
341 342
341 345
341 346
341 347
341 348
341 349
341 350
341 546
341 601
341 614
341 783
341 840
341 841
341 881
342 345
342 346
342 347
342 348
342 350
342 503
342 532
342 546
342 630
342 771
342 839
342 949
343 575
343 609
343 972
344 382
344 385
344 386
344 387
344 390
344 497
344 583
344 598
344 662
344 786
344 836
344 854
344 856
344 893
344 902
345 347
345 348
345 349
345 350
345 440
345 518
345 527
345 546
345 654
345 673
345 866
346 347
346 348
346 350
346 462
346 475
346 546
346 613
346 638
346 653
346 980
347 348
347 349
347 350
347 369
347 422
347 431
347 447
347 546
347 684
347 750
347 815
347 862
348 349
348 350
348 451
348 546
348 563
348 594
348 613
349 350
349 378
349 503
349 550
349 1000
350 400
350 479
350 489
350 546
350 717
350 821
350 826
350 839
350 973
351 352
351 353
351 363
351 378
351 452
351 513
351 545
351 620
351 654
351 897
351 910
351 915
351 927
351 978
352 353
352 354
352 359
352 360
352 410
352 513
352 621
352 795
352 804
352 821
352 927
353 354
353 357
353 359
353 360
353 509
353 513
353 554
353 756
353 770
353 803
353 927
354 357
354 359
354 375
354 502
354 513
354 598
354 725
354 755
354 874
355 514
355 567
355 678
355 707
355 710
355 721
355 724
355 725
355 730
355 737
355 742
355 749
355 752
355 769
355 796
355 985
356 442
356 443
356 444
356 445
356 446
356 447
356 448
356 544
356 807
356 863
356 874
356 908
356 926
356 937
357 359
357 360
357 363
357 504
357 513
357 699
357 724
357 735
357 927
358 484
358 491
358 558
358 563
358 704
358 715
358 752
358 858
358 892
359 513
359 557
359 593
359 775
359 952
360 381
360 513
360 516
360 552
360 558
360 590
360 657
360 724
360 827
360 842
360 848
361 362
361 364
361 365
361 366
361 367
361 368
361 369
361 409
361 513
361 523
362 364
362 366
362 367
362 368
362 369
362 370
362 412
362 558
362 651
362 795
363 372
363 527
363 624
363 725
363 728
363 842
363 846
363 848
363 856
364 365
364 366
364 367
364 368
364 369
364 370
364 409
364 566
364 644
364 851
364 950
365 366
365 368
365 369
365 387
365 409
365 541
365 572
365 703
365 726
365 746
365 847
366 368
366 369
366 409
366 542
366 600
366 609
366 661
366 662
366 747
366 816
366 848
366 853
367 368
367 369
367 409
367 518
367 749
367 758
367 817
367 994
368 370
368 377
368 409
368 502
368 561
368 955
369 375
369 409
369 414
369 421
369 526
369 582
369 694
369 789
370 408
370 409
370 489
371 372
371 373
371 375
371 379
371 487
371 774
371 830
371 931
371 953
371 957
371 963
371 964
372 373
372 374
372 375
372 376
372 377
372 379
372 409
372 470
372 494
372 605
372 608
372 614
372 629
372 787
372 832
372 860
372 866
372 917
372 934
372 953
372 957
372 969
372 994
373 374
373 375
373 376
373 377
373 379
373 417
373 418
373 424
373 433
373 514
373 614
373 807
373 957
374 375
374 379
374 390
374 426
374 445
374 467
374 489
374 494
374 531
374 547
374 562
374 614
374 619
374 623
374 638
374 722
374 741
374 953
374 991
375 376
375 379
375 463
375 614
375 896
375 919
375 957
376 377
376 526
376 777
376 953
376 957
377 413
377 463
377 556
377 792
377 829
377 849
377 853
377 953
377 957
378 429
378 439
378 488
378 868
378 893
378 928
379 558
379 559
379 614
379 625
379 875
379 953
379 957
379 985
380 562
380 641
380 644
380 645
380 648
380 650
380 686
380 711
380 727
380 776
380 858
380 890
380 914
380 917
380 964
381 393
381 430
381 497
381 539
381 557
381 636
381 718
381 731
381 832
381 834
381 837
381 839
381 898
382 385
382 386
382 388
382 389
382 390
382 545
382 644
382 681
382 710
382 729
382 775
382 786
382 815
382 845
382 856
383 632
383 824
383 966
384 601
384 606
384 718
384 802
384 870
384 948
384 960
385 386
385 387
385 388
385 389
385 390
385 529
385 856
385 902
385 985
386 387
386 388
386 389
386 471
386 624
386 786
386 856
386 870
386 964
387 388
387 389
387 390
387 555
387 786
387 807
387 856
387 958
388 389
388 503
388 507
388 692
388 786
388 856
388 921
389 390
389 391
389 421
389 427
389 487
389 622
389 675
389 783
389 786
389 810
389 856
389 930
389 990
389 999
390 449
390 729
390 737
390 758
390 786
390 903
390 978
391 392
391 394
391 395
391 396
391 397
391 399
391 400
391 489
391 492
391 519
391 803
391 807
391 848
391 861
391 887
392 394
392 396
392 397
392 399
392 400
392 519
392 803
392 844
392 850
392 861
392 887
392 889
393 481
393 832
393 834
393 835
393 837
393 839
394 395
394 396
394 397
394 399
394 400
394 407
394 467
394 474
394 489
394 519
394 614
394 636
394 803
394 861
394 996
395 396
395 397
395 399
395 475
395 519
395 533
395 712
395 803
395 883
395 950
395 966
395 990
396 397
396 399
396 489
396 519
396 588
396 656
396 723
396 797
396 861
396 876
397 489
397 519
397 526
397 765
397 803
397 861
398 786
398 871
398 872
398 873
398 874
398 876
398 877
398 879
398 948
398 967
398 970
398 982
399 400
399 402
399 412
399 489
399 566
399 670
399 755
399 802
399 803
399 861
399 887
399 902
400 519
400 731
400 755
400 803
400 861
400 887
400 930
400 974
401 402
401 404
401 405
401 406
401 407
401 408
401 410
401 429
401 451
401 576
401 578
401 691
401 696
401 701
401 816
401 968
402 405
402 406
402 407
402 408
402 409
402 410
402 442
402 451
402 498
402 602
402 607
402 701
402 811
403 547
403 553
403 554
403 559
403 560
403 676
403 725
403 746
403 763
403 803
403 822
403 869
403 902
403 987
404 405
404 407
404 410
404 451
404 490
404 511
404 737
404 835
404 844
405 406
405 407
405 408
405 410
405 451
405 527
405 549
405 581
405 635
405 679
405 701
405 737
405 871
405 878
405 968
405 974
406 407
406 408
406 410
406 436
406 451
406 488
406 537
406 588
406 685
406 701
406 705
406 712
406 723
406 725
406 798
406 968
407 410
407 487
407 496
407 609
407 701
407 721
407 783
407 809
407 821
407 824
407 837
407 895
408 410
408 487
408 623
408 633
408 721
408 886
408 920
408 968
409 468
409 494
409 502
409 523
409 765
409 830
409 854
409 873
409 951
410 676
410 701
410 783
410 824
410 882
410 896
410 919
410 935
410 961
410 968
411 480
411 657
411 661
411 663
411 664
411 666
411 667
411 668
411 670
411 716
411 748
411 782
411 815
411 865
411 955
411 981
412 414
412 417
412 418
412 419
412 420
412 552
412 571
412 610
412 615
412 650
412 673
412 674
412 728
412 898
412 959
412 977
413 501
413 504
413 505
413 506
413 510
413 533
413 708
414 415
414 416
414 417
414 419
414 673
414 690
414 739
415 417
415 419
415 449
415 593
415 610
415 673
415 812
415 848
415 938
416 496
416 530
416 560
416 591
416 592
416 593
416 596
416 598
416 599
416 616
416 647
416 717
416 728
416 817
416 836
416 862
416 886
416 888
416 951
416 982
417 418
417 419
417 420
417 430
417 436
417 557
417 596
417 610
417 636
417 751
417 999
418 419
418 420
418 449
418 474
418 610
418 669
418 708
418 809
419 420
419 610
419 673
419 682
419 876
419 894
420 474
420 610
420 612
420 673
420 802
420 871
420 886
421 423
421 424
421 425
421 426
421 427
421 428
421 429
421 430
421 503
421 654
421 669
421 750
421 757
421 894
422 423
422 424
422 425
422 426
422 427
422 428
422 429
422 430
422 503
422 601
422 663
422 669
422 715
422 757
422 811
422 825
422 859
422 894
423 424
423 426
423 428
423 430
423 500
423 503
423 551
423 669
423 757
423 781
423 894
423 910
423 961
424 425
424 426
424 427
424 428
424 429
424 430
424 491
424 503
424 569
424 662
424 669
424 709
424 757
424 781
424 833
424 894
424 936
424 961
425 426
425 427
425 428
425 429
425 430
425 467
425 486
425 503
425 669
425 743
425 757
425 781
425 822
425 826
425 835
425 898
425 961
425 997
426 429
426 430
426 503
426 525
426 574
426 669
426 757
426 850
426 869
426 873
426 894
426 901
426 920
426 961
426 999
427 428
427 430
427 486
427 503
427 520
427 602
427 669
427 751
427 757
427 849
427 894
427 961
428 429
428 430
428 476
428 503
428 533
428 609
428 669
428 704
428 757
428 894
428 901
428 926
428 929
428 939
428 961
429 430
429 442
429 503
429 615
429 669
429 757
429 811
429 894
429 961
430 446
430 561
430 643
430 653
430 669
430 688
430 757
430 763
430 829
430 894
430 918
430 941
430 961
431 522
431 602
431 699
431 736
431 786
431 865
432 433
432 435
432 437
432 438
432 439
432 440
432 450
432 456
432 759
432 785
432 950
432 962
433 434
433 435
433 436
433 437
433 438
433 439
433 440
433 460
433 506
433 590
433 774
433 785
433 860
433 910
434 435
434 436
434 437
434 438
434 439
434 440
434 441
434 450
434 456
434 500
434 712
434 731
434 754
434 785
435 438
435 439
435 456
435 469
435 480
435 556
435 596
435 713
435 782
435 864
435 915
435 928
435 956
436 438
436 440
436 450
436 455
436 558
436 721
436 739
436 785
436 828
437 438
437 439
437 440
437 450
437 456
437 538
437 559
437 662
437 673
437 780
437 785
437 800
437 869
437 974
438 440
438 450
438 451
438 456
438 785
438 1000
439 440
439 456
439 597
439 630
439 785
439 894
440 504
440 559
440 572
440 670
440 744
440 785
440 890
440 944
441 604
441 605
441 606
441 607
441 608
441 780
441 839
441 892
442 443
442 444
442 445
442 448
442 449
442 473
442 586
442 706
442 936
442 941
442 974
443 444
443 445
443 447
443 448
443 449
443 455
443 521
443 570
443 657
443 804
443 882
443 897
444 445
444 446
444 447
444 448
444 449
444 643
444 813
444 851
444 978
445 447
445 449
445 472
445 504
445 721
445 766
446 448
446 449
446 701
447 448
447 449
447 568
447 588
447 701
447 802
447 975
448 452
448 651
448 685
448 982
449 567
449 568
449 712
449 814
449 901
449 920
450 456
450 502
450 518
450 703
450 743
450 785
451 555
451 588
451 728
451 800
451 821
451 885
451 968
451 972
451 986
452 453
452 454
452 457
452 458
452 459
452 460
452 524
452 550
452 669
452 694
452 729
452 923
452 930
452 970
453 454
453 455
453 457
453 458
453 459
453 460
453 524
453 603
453 924
453 933
454 455
454 457
454 458
454 459
454 460
454 524
454 613
454 727
454 952
455 457
455 458
455 459
455 460
455 524
455 536
455 687
455 750
455 830
455 982
456 543
456 729
456 765
456 785
456 846
456 866
456 869
456 917
456 959
456 969
457 458
457 459
457 460
457 491
457 569
457 740
457 799
457 987
458 459
458 460
458 524
458 691
458 723
458 917
458 918
458 938
458 976
459 460
459 524
459 552
459 554
459 582
459 721
459 828
459 870
459 884
459 918
460 501
460 524
460 625
460 641
460 765
460 784
460 785
460 803
461 466
461 560
461 731
461 741
461 770
461 847
461 987
461 991
462 463
462 466
462 467
462 468
462 469
462 470
462 570
462 832
462 849
462 954
463 464
463 466
463 467
463 468
463 469
463 470
463 543
463 570
463 644
463 685
463 765
463 831
463 936
463 985
464 467
464 468
464 469
464 570
464 712
464 808
465 646
465 712
465 713
465 715
465 716
465 717
465 718
465 719
465 720
465 723
465 813
465 820
465 881
465 905
465 939
466 467
466 469
466 470
466 563
466 570
466 662
466 770
466 796
466 799
466 951
466 985
467 469
467 508
467 557
467 721
467 962
467 966
467 985
468 469
468 470
468 494
468 544
468 570
468 574
468 586
468 606
468 684
468 692
468 724
468 819
468 899
468 985
469 470
469 553
469 570
469 772
469 956
469 958
469 985
470 479
470 480
470 521
470 570
470 897
470 931
470 957
470 985
470 986
471 608
471 690
471 700
471 702
471 705
471 742
471 743
471 744
471 747
471 748
471 749
472 473
472 478
472 500
472 508
472 518
472 646
472 953
473 475
473 478
473 479
473 480
473 504
473 508
473 536
473 628
473 661
473 908
474 475
474 478
474 479
474 480
474 508
474 525
474 639
474 918
474 989
475 478
475 479
475 480
475 508
475 658
475 674
475 812
475 878
475 890
475 977
475 983
475 993
475 994
475 997
476 481
476 482
476 483
476 485
476 486
476 487
476 488
476 603
476 624
476 647
476 698
476 714
476 715
476 729
476 880
476 888
476 894
476 920
477 509
477 638
477 670
477 733
477 734
477 736
477 737
477 738
477 740
477 753
477 797
477 917
477 936
478 480
478 508
478 520
478 580
478 619
478 630
478 666
478 887
479 480
479 508
479 523
479 642
479 744
479 791
479 829
479 924
480 508
480 616
480 695
480 716
480 739
481 482
481 483
481 485
481 487
481 488
481 490
481 624
481 880
481 887
481 888
482 483
482 485
482 490
482 506
482 532
482 652
482 727
482 772
482 880
482 888
483 485
483 487
483 488
483 490
483 587
483 681
483 755
483 808
483 867
483 880
483 888
484 494
484 642
484 688
484 743
484 772
484 852
484 911
484 998
485 488
485 490
485 515
485 603
485 624
485 685
485 880
485 885
485 888
485 908
486 487
486 490
486 506
486 593
486 713
486 825
486 853
486 880
486 888
486 895
486 938
486 952
487 507
487 613
487 624
487 631
487 633
487 740
487 744
487 876
487 880
487 888
487 900
488 490
488 517
488 524
488 563
488 585
488 755
488 795
488 871
488 880
488 888
488 944
489 537
489 539
489 665
489 706
489 717
489 790
489 794
489 817
489 843
489 856
489 861
489 887
490 536
490 624
490 874
490 888
491 492
491 493
491 494
491 495
491 496
491 497
491 499
491 581
491 717
491 751
492 493
492 495
492 497
492 499
492 505
492 511
492 559
493 494
493 496
493 499
493 532
493 854
493 957
493 976
494 495
494 496
494 499
494 531
494 651
494 887
495 496
495 497
495 499
495 585
495 597
495 683
495 700
495 707
496 497
496 499
496 529
496 836
496 895
496 976
497 499
497 646
497 811
497 886
497 922
497 993
498 505
498 689
498 692
498 844
498 936
498 962
498 963
498 965
498 966
498 969
499 605
499 611
499 706
499 853
500 598
500 635
500 671
500 939
501 502
501 504
501 505
501 506
501 507
501 533
501 546
501 887
501 900
502 504
502 505
502 506
502 507
502 510
502 643
502 809
502 938
502 979
503 518
503 570
503 650
503 757
503 894
503 961
504 505
504 506
504 510
504 609
504 693
504 776
504 785
504 923
505 506
505 507
505 533
505 608
505 624
505 665
505 738
505 798
506 507
506 510
506 533
506 751
506 789
507 510
507 533
507 597
507 610
507 663
507 782
508 535
508 618
508 678
508 685
508 716
508 825
508 943
509 686
509 703
509 704
509 706
509 708
509 790
509 851
509 882
509 992
510 595
510 616
510 677
510 752
510 798
510 844
510 925
510 930
510 956
510 990
511 512
511 515
511 517
511 518
511 520
511 614
511 718
511 812
512 515
512 516
512 517
512 518
512 520
512 850
513 568
513 639
513 673
513 706
513 757
513 789
513 838
513 869
513 927
513 948
513 968
513 985
514 707
514 710
514 724
514 725
514 796
514 992
515 516
515 518
515 520
515 584
515 702
515 709
515 714
515 775
516 517
516 518
516 520
516 612
516 618
516 754
516 916
517 518
517 520
517 525
517 594
517 612
517 657
517 724
517 844
517 957
517 996
518 520
518 535
518 614
518 731
518 763
518 771
518 872
518 966
518 1000
519 552
519 595
519 685
519 690
519 726
519 729
519 803
519 861
519 887
519 904
520 539
520 560
520 648
520 715
520 865
520 941
521 523
521 525
521 528
521 529
521 530
521 573
521 579
521 624
521 625
521 820
521 827
521 863
521 900
521 942
521 978
522 670
522 767
522 865
522 882
522 937
522 969
523 525
523 527
523 528
523 529
523 530
523 839
523 946
523 978
524 559
524 645
524 702
524 858
524 964
525 527
525 530
525 606
525 768
525 929
525 940
525 978
526 527
526 690
526 704
526 709
526 828
526 898
526 903
526 992
526 993
526 996
526 997
526 998
526 1000
527 528
527 530
527 608
527 693
527 727
527 816
527 943
527 978
527 987
528 529
528 538
528 546
528 693
528 810
528 862
528 942
528 978
529 530
529 626
529 693
529 758
529 792
529 941
529 978
529 980
529 992
530 693
530 847
530 920
531 533
531 536
531 537
531 538
531 539
531 540
531 562
531 810
531 835
531 949
532 764
532 797
532 917
532 985
532 992
533 672
533 795
534 571
534 655
534 671
534 672
534 674
534 675
534 677
534 679
534 687
534 823
534 935
535 536
535 537
535 538
535 539
535 622
535 735
535 810
535 847
535 896
535 955
535 996
536 537
536 538
536 539
536 540
536 554
536 574
536 729
536 767
536 774
536 810
536 863
536 890
536 961
536 963
537 538
537 539
537 540
537 576
537 624
537 658
537 810
537 895
537 911
537 941
538 540
538 546
538 597
538 613
538 810
538 889
538 979
539 540
539 569
539 701
539 757
539 810
539 850
539 865
539 894
539 999
540 551
540 556
540 682
540 810
540 851
540 895
540 902
541 544
541 545
541 547
541 548
541 549
541 669
541 677
541 744
541 781
541 817
541 858
542 543
542 755
542 768
543 630
543 707
543 725
543 792
543 812
544 545
544 547
544 548
544 999
545 547
545 549
545 858
545 958
545 985
546 565
546 668
546 694
546 768
546 784
546 787
546 836
546 860
546 925
546 929
547 549
547 624
547 662
547 815
547 837
547 858
548 549
548 858
548 868
549 711
549 787
549 813
549 853
549 858
549 957
550 552
550 557
550 559
550 638
550 650
550 754
550 785
550 791
550 821
550 822
550 823
550 824
550 825
550 827
550 886
550 937
550 993
551 553
551 560
551 704
551 763
551 780
551 800
551 862
552 553
552 554
552 560
552 575
552 592
552 751
552 763
552 803
553 559
553 616
553 799
553 804
553 947
554 560
554 631
554 660
554 692
554 713
554 730
554 763
554 862
554 897
555 600
555 615
555 771
555 773
555 774
555 775
555 778
555 779
555 780
555 884
556 668
556 754
556 786
556 835
556 852
556 853
556 854
556 857
557 668
557 787
557 791
557 821
557 822
557 823
557 824
557 827
557 828
557 891
557 919
557 952
557 986
557 987
558 569
558 605
558 807
558 812
558 957
558 986
559 560
559 568
559 601
559 622
559 709
559 761
559 763
559 812
559 900
559 944
560 593
560 605
560 763
560 937
561 576
561 611
561 612
561 613
561 617
561 618
561 619
561 685
562 565
562 568
562 569
562 643
562 707
562 751
562 817
562 835
562 850
562 883
562 908
563 574
563 585
563 702
563 777
564 689
564 691
564 777
564 783
564 833
564 902
564 903
564 906
564 907
564 909
564 920
564 926
564 948
565 568
565 569
565 638
565 795
565 850
565 975
566 654
566 758
566 772
566 777
566 808
566 894
567 667
567 726
567 733
567 754
567 771
567 781
567 915
567 927
567 987
568 569
568 632
568 691
568 792
568 835
568 850
568 851
568 943
568 984
569 834
569 850
570 778
570 795
570 807
570 831
570 911
570 985
571 573
571 574
571 575
571 576
571 577
571 579
571 580
571 583
571 641
571 920
571 934
572 573
572 574
572 575
572 577
572 578
572 579
572 580
572 885
573 574
573 575
573 577
573 578
573 579
573 580
573 916
573 926
573 942
573 944
574 575
574 576
574 578
574 579
574 580
574 616
574 662
574 908
575 576
575 577
575 578
575 579
575 580
575 597
575 677
575 928
576 577
576 578
576 579
576 580
576 894
576 937
577 579
577 580
577 645
577 684
577 788
577 997
578 580
578 795
578 895
578 909
579 705
579 737
579 750
579 795
579 803
579 890
579 955
580 581
580 600
580 682
580 691
580 713
580 838
580 884
580 964
580 981
581 582
581 585
581 587
581 588
581 589
581 590
581 638
581 644
581 831
581 834
581 891
581 963
581 982
581 988
582 586
582 587
582 588
582 590
582 594
582 778
582 823
582 863
582 931
583 612
583 790
583 800
583 898
583 959
583 975
583 989
584 906
584 916
584 940
584 979
585 586
585 587
585 588
585 589
585 590
585 629
585 652
585 832
585 899
586 587
586 588
586 590
586 821
586 825
586 999
587 588
587 589
587 674
587 818
587 828
587 919
588 589
588 590
588 769
588 779
588 851
588 941
589 590
589 781
589 892
589 946
590 659
590 677
590 811
590 827
590 981
591 593
591 594
591 596
591 598
591 599
591 600
591 616
591 632
591 647
591 710
591 728
591 886
591 970
591 982
592 593
592 594
592 596
592 597
592 598
592 599
592 600
592 616
592 647
592 728
592 765
592 843
592 982
593 594
593 595
593 596
593 597
593 598
593 599
593 600
593 616
593 728
593 886
593 895
593 974
593 982
594 595
594 596
594 597
594 599
594 600
594 602
594 646
594 647
594 665
594 728
594 783
594 886
594 951
594 982
595 596
595 597
595 599
595 600
595 616
595 647
595 696
595 728
595 882
595 886
595 972
595 982
596 598
596 599
596 600
596 616
596 620
596 661
596 859
596 886
596 982
597 598
597 599
597 600
597 612
597 647
597 819
597 886
597 963
597 982
597 998
598 599
598 600
598 616
598 647
598 728
598 856
598 886
599 600
599 616
599 622
599 698
599 728
599 732
599 750
599 787
599 796
599 815
599 847
599 917
599 982
600 616
600 647
600 650
600 654
600 700
600 728
600 795
600 812
600 886
600 982
601 610
601 627
601 762
601 764
601 765
601 766
601 767
601 768
601 769
602 631
602 788
603 604
603 605
603 606
603 607
603 608
603 647
603 713
603 906
603 973
604 606
604 607
604 613
604 633
604 662
604 679
604 770
604 949
605 606
605 607
605 608
605 782
605 908
605 922
605 944
605 946
605 997
606 607
606 608
606 646
606 757
606 780
607 619
607 635
607 756
607 891
608 725
608 841
608 898
608 932
608 996
609 714
609 735
609 830
609 844
610 659
610 673
610 738
610 759
610 811
610 897
611 612
611 617
611 619
611 657
611 702
611 728
611 878
611 996
612 613
612 617
612 619
612 620
612 647
612 685
612 692
612 740
612 764
612 824
612 825
612 949
613 617
613 618
613 619
613 620
613 685
613 740
614 663
614 688
614 690
614 750
614 820
614 953
615 619
615 699
615 730
615 771
615 774
615 775
615 778
615 779
615 780
615 884
616 647
616 651
616 728
616 856
616 951
616 956
616 982
617 618
617 619
617 620
617 685
617 743
617 908
617 963
617 997
618 619
618 620
618 670
618 685
618 988
619 685
619 789
619 836
619 853
620 672
620 693
620 759
620 884
621 622
621 625
621 627
621 628
621 629
621 630
621 790
621 799
621 879
622 623
622 625
622 627
622 628
622 630
622 661
622 730
623 625
623 628
623 629
623 630
623 944
624 747
624 763
624 880
624 888
624 945
624 1000
625 627
625 628
625 630
625 634
625 698
625 810
625 846
625 905
626 690
626 732
626 964
627 628
627 629
627 630
627 656
627 923
627 943
627 944
628 629
628 630
628 643
628 894
628 975
629 682
629 866
629 947
630 721
630 912
631 790
631 840
631 851
631 893
631 989
632 633
632 639
632 640
632 675
632 771
632 927
632 956
633 635
633 636
633 637
633 639
633 640
633 724
633 769
633 785
633 804
633 878
633 913
633 948
633 956
634 649
634 717
634 764
634 885
635 636
635 637
635 639
635 788
635 935
635 956
636 637
636 639
636 649
636 655
636 956
637 639
637 640
637 646
637 803
637 842
637 913
637 956
638 734
638 735
638 736
638 738
638 740
638 805
638 900
638 907
638 911
638 917
638 972
639 640
639 721
639 942
639 953
640 679
640 872
640 956
640 986
641 643
641 644
641 645
641 650
641 707
641 727
641 859
641 914
641 964
642 647
642 685
643 644
643 645
643 648
643 650
643 686
643 841
643 886
643 957
643 964
644 645
644 648
644 650
644 686
644 726
644 727
644 964
645 648
645 650
645 653
645 686
645 727
645 844
645 891
645 916
645 959
645 964
645 986
646 647
646 649
646 717
646 722
646 763
646 780
646 829
646 942
647 728
647 764
647 798
647 886
648 650
648 686
648 727
648 901
649 719
649 722
649 805
650 686
650 727
650 736
650 789
650 825
650 977
650 980
651 656
651 775
652 653
652 654
652 655
652 657
652 658
652 659
652 660
652 722
653 654
653 655
653 657
653 658
653 659
653 660
653 735
653 746
653 818
653 825
653 904
653 936
653 947
654 655
654 657
654 658
654 659
654 660
654 789
654 969
655 657
655 658
655 659
655 710
655 716
655 858
655 904
656 712
657 658
657 659
657 835
657 878
657 913
657 989
658 659
658 660
658 838
658 881
658 941
658 983
659 660
659 836
659 960
660 670
660 712
660 794
660 802
660 970
661 662
661 663
661 664
661 666
661 667
661 668
661 670
661 694
661 768
661 797
661 901
661 914
661 969
662 663
662 664
662 665
662 666
662 667
662 668
662 670
662 721
662 796
662 979
663 664
663 665
663 666
663 667
663 668
663 670
663 776
664 665
664 666
664 667
664 668
664 670
664 838
664 918
664 982
665 667
665 668
665 754
665 787
665 806
665 868
665 878
665 940
666 667
666 668
666 670
666 727
666 859
666 898
666 905
666 949
667 670
667 683
667 729
667 788
667 811
668 670
668 717
668 788
668 798
668 806
668 914
669 705
669 814
669 836
669 845
669 894
669 928
669 932
669 961
670 796
671 672
671 674
671 675
671 677
671 679
671 680
671 687
671 700
671 713
671 842
671 894
671 953
672 674
672 677
672 687
672 701
672 702
672 803
672 874
672 930
672 940
672 966
672 972
672 985
673 777
673 794
673 815
674 675
674 677
674 679
674 680
674 687
674 988
675 679
675 687
675 806
675 884
675 995
676 811
676 913
676 915
676 916
676 920
676 981
677 680
677 779
677 970
678 702
678 707
678 710
678 721
678 725
678 796
678 819
679 680
679 687
679 779
679 892
679 907
679 933
679 946
680 687
680 971
681 682
681 683
681 684
681 688
681 689
681 836
681 840
682 683
682 684
682 688
682 689
682 982
683 684
683 688
683 689
683 832
683 933
683 944
684 688
684 689
684 708
684 790
684 791
684 802
685 747
686 727
686 876
686 922
686 964
687 786
687 798
687 848
687 875
687 950
687 962
688 689
688 698
688 742
688 761
688 908
689 908
690 700
690 705
690 742
690 743
690 744
690 746
690 747
690 749
690 750
690 853
690 951
691 790
691 798
691 946
692 702
692 744
692 774
692 794
692 836
692 911
693 911
693 922
693 978
694 840
694 870
695 696
695 698
695 699
695 726
695 745
695 750
695 763
695 798
695 830
695 998
696 698
696 699
696 798
696 805
696 830
696 845
696 859
696 868
696 925
696 958
696 992
698 699
698 740
698 765
698 786
698 798
698 830
698 837
698 845
698 978
699 785
699 791
699 798
699 830
699 845
699 847
699 912
699 948
699 976
699 986
699 997
700 705
700 742
700 744
700 747
700 748
700 749
700 750
700 904
701 723
701 725
701 742
701 749
701 768
701 926
701 927
702 751
702 752
702 755
702 756
702 758
702 759
703 704
703 706
703 806
704 708
704 716
705 710
705 743
705 744
705 746
705 747
705 749
705 750
705 815
705 931
706 763
706 779
706 846
706 852
707 710
707 721
707 724
707 725
707 728
707 730
707 796
707 886
707 908
707 934
708 742
708 997
709 718
709 833
709 915
709 992
709 995
709 996
709 998
709 1000
710 724
710 725
710 730
710 789
710 796
710 850
710 922
711 811
711 831
711 875
711 919
712 713
712 716
712 720
712 723
712 996
713 714
713 716
713 717
713 718
713 719
713 720
713 723
713 755
713 826
714 715
714 716
714 717
714 718
714 719
714 720
714 723
714 736
714 768
714 987
715 717
715 718
715 720
715 723
715 969
716 717
716 718
716 719
716 720
716 723
716 885
716 887
716 902
716 914
716 949
716 951
716 992
717 718
717 719
717 720
717 723
717 773
717 870
718 719
718 720
718 723
718 839
718 965
719 720
719 891
719 940
720 723
720 748
721 724
721 725
721 796
721 939
722 756
722 829
722 837
722 874
722 889
722 935
722 943
723 726
723 735
724 725
724 730
724 751
724 796
725 776
725 796
726 753
726 849
726 853
726 972
727 908
727 964
728 744
728 886
728 921
728 982
729 770
729 792
729 864
729 914
729 934
730 796
731 741
731 760
731 794
731 847
731 963
731 971
733 734
733 736
733 737
733 738
733 911
733 917
734 735
734 736
734 737
734 738
734 739
734 740
734 786
734 911
735 736
735 737
735 739
735 740
735 911
735 917
735 950
735 951
735 975
736 737
736 738
736 739
736 911
736 917
736 930
737 738
737 740
737 778
737 917
738 739
738 911
738 917
739 774
739 849
739 911
740 752
740 768
740 781
740 911
740 917
741 760
741 847
741 947
741 971
741 991
742 746
742 747
742 749
742 750
742 751
742 818
742 882
742 937
743 747
743 748
743 749
743 750
743 846
743 860
744 747
744 748
744 749
744 750
744 844
745 912
745 913
745 915
745 916
745 920
746 749
746 750
746 833
747 748
747 749
747 817
747 851
748 749
748 750
748 773
748 850
748 958
749 750
749 775
749 790
749 811
749 845
749 849
750 791
750 872
750 898
750 982
751 752
751 753
751 754
751 755
751 756
751 757
751 758
751 759
751 811
752 753
752 754
752 756
752 758
752 759
752 881
752 969
753 754
753 755
753 756
753 758
753 759
753 803
753 910
753 926
754 755
754 756
754 758
754 857
754 872
754 895
754 951
754 966
754 987
755 756
755 758
755 759
755 903
756 759
756 839
757 767
757 894
757 899
757 961
758 759
758 931
758 999
759 907
759 932
760 761
760 794
760 847
760 871
760 875
760 971
760 991
761 764
761 765
761 766
761 767
761 768
761 769
761 838
761 845
761 865
761 916
762 764
762 765
762 766
762 767
762 768
762 769
762 921
762 938
763 852
764 765
764 766
764 767
764 768
764 780
764 844
764 931
765 766
765 767
765 768
765 769
765 829
765 853
766 767
766 768
766 769
766 841
766 844
766 881
766 943
767 769
767 787
767 808
768 769
768 823
768 987
769 798
769 886
770 792
770 802
770 914
770 934
770 965
771 773
771 775
771 776
771 778
771 779
771 884
771 898
771 974
771 984
772 777
772 816
772 955
772 989
773 774
773 775
773 776
773 778
773 780
773 793
773 826
773 884
773 908
774 775
774 776
774 778
774 779
774 780
774 852
774 884
774 886
774 921
775 776
775 778
775 779
775 780
775 786
775 857
775 884
775 904
776 778
776 779
776 780
776 854
776 884
776 986
777 878
778 779
778 780
778 884
778 987
779 780
779 884
780 964
781 782
781 783
781 784
781 787
781 789
781 804
781 816
781 878
781 885
781 929
781 959
782 783
782 784
782 787
782 788
782 789
782 804
782 814
782 878
782 879
782 885
782 938
783 788
783 789
783 790
783 804
783 814
783 878
783 885
783 887
783 959
783 994
784 787
784 788
784 789
784 790
784 804
784 814
784 878
784 885
784 892
784 959
785 799
785 997
786 806
786 824
786 906
787 788
787 790
787 797
787 810
787 814
787 878
787 885
787 904
787 959
787 981
788 790
788 804
788 814
788 878
788 885
788 959
788 993
789 790
789 804
789 807
789 814
789 878
789 885
789 959
790 814
790 852
790 878
790 959
790 966
790 979
791 822
791 824
791 825
791 828
791 937
792 914
792 934
792 949
793 794
793 795
793 799
793 800
793 896
794 795
794 800
794 838
794 840
794 858
794 896
795 799
795 945
797 885
797 945
797 955
798 830
798 868
798 912
799 800
799 831
799 896
799 934
800 823
800 860
800 937
801 802
801 805
801 806
801 808
801 809
801 811
801 894
801 919
801 934
801 939
801 957
801 988
802 806
802 808
802 835
802 896
802 909
802 919
802 971
803 827
803 861
803 887
804 814
804 835
804 878
804 885
805 806
805 808
805 809
805 928
806 808
806 809
806 819
806 919
807 836
807 986
808 809
808 864
808 919
808 951
809 880
809 919
810 842
810 847
811 948
811 984
812 816
812 817
812 820
812 941
813 816
813 817
813 819
813 820
813 891
813 900
814 818
814 878
814 953
814 974
815 868
815 902
815 962
815 966
815 969
815 970
816 817
816 818
816 819
816 820
816 950
817 818
817 819
817 820
817 843
817 870
818 820
818 980
819 820
820 874
820 993
821 825
821 827
822 824
822 825
822 827
822 828
822 889
822 937
823 824
823 825
823 827
823 828
823 882
823 907
823 937
823 977
824 825
824 827
824 828
824 843
824 937
824 971
825 827
825 828
825 922
826 941
826 942
826 943
826 944
826 945
826 946
826 948
826 950
826 990
827 828
827 934
827 982
828 877
828 937
828 1000
829 858
830 845
831 875
831 993
831 997
832 835
832 837
832 839
833 861
833 881
833 901
833 903
833 905
833 906
833 907
833 908
833 909
833 910
833 926
834 837
834 839
834 840
835 837
835 839
835 846
835 870
835 933
835 986
836 871
836 890
836 933
837 839
837 916
838 862
838 863
838 864
838 866
838 867
838 868
838 869
838 909
838 961
840 863
840 924
841 842
841 844
841 849
841 900
841 926
841 949
841 983
842 844
842 846
842 849
842 867
842 923
843 853
843 879
843 928
844 846
844 848
844 849
844 910
844 961
845 911
846 848
846 849
846 978
847 862
847 971
847 991
848 849
848 856
850 953
850 955
850 982
851 852
851 853
851 854
851 855
851 857
851 860
851 911
851 962
852 853
852 854
852 857
852 859
852 860
852 993
853 855
853 857
853 860
853 948
853 983
854 855
854 857
854 859
854 860
854 885
854 889
854 892
854 925
854 976
854 995
855 859
855 860
855 933
855 978
856 896
856 960
857 859
857 860
858 859
858 908
859 860
861 887
861 987
862 863
862 864
862 866
862 867
862 868
862 869
862 899
863 864
863 866
863 867
863 868
863 869
863 934
863 950
864 866
864 867
864 868
864 869
864 876
864 900
866 867
866 868
866 869
866 953
866 992
866 1000
867 869
867 972
868 869
868 899
870 937
870 980
871 872
871 873
871 874
871 876
871 877
871 879
871 896
871 967
872 873
872 874
872 876
872 877
872 879
872 967
872 986
873 874
873 876
873 877
873 879
873 967
874 876
874 877
874 879
874 898
874 921
874 967
875 989
876 948
876 963
876 967
877 879
877 909
878 885
878 893
878 907
878 936
878 959
879 912
879 967
880 888
881 883
881 889
881 890
881 976
882 898
882 931
882 932
882 966
882 993
884 952
884 972
884 987
885 916
885 978
886 888
886 982
887 950
888 961
889 974
889 992
890 945
891 892
891 893
891 895
891 897
891 929
892 893
892 895
892 897
892 929
893 895
893 897
893 929
893 954
894 914
894 919
894 961
894 976
894 984
895 929
895 932
896 911
897 917
897 937
897 988
899 931
899 935
899 938
899 939
899 940
900 975
901 903
901 905
901 906
901 908
901 909
901 910
901 926
902 903
902 905
902 906
902 907
902 909
902 910
902 918
902 926
903 909
903 926
904 972
904 973
904 974
904 975
904 976
904 977
904 979
904 980
905 906
905 907
905 908
905 909
905 910
905 926
905 968
906 907
906 908
906 910
906 926
907 908
907 909
907 910
907 926
908 909
908 926
908 965
908 978
908 995
909 910
910 926
910 934
911 917
912 913
912 915
912 920
912 950
913 915
913 920
913 981
914 934
914 968
915 916
915 920
915 925
916 920
918 951
918 952
918 954
918 955
918 958
918 960
918 965
918 982
919 957
919 990
921 922
921 923
921 924
921 925
921 930
922 923
922 925
922 945
922 976
923 924
923 967
924 925
924 930
924 949
925 994
928 943
930 979
931 932
931 935
931 938
931 939
931 940
931 971
932 935
932 938
932 939
932 940
933 935
933 937
933 940
933 966
933 996
935 938
935 939
935 997
935 998
936 958
936 993
936 994
938 939
939 940
939 944
939 956
939 967
940 974
941 942
941 943
941 944
941 945
941 946
941 947
941 949
941 950
941 999
942 944
942 945
942 946
942 947
942 948
942 950
942 999
943 944
943 947
943 948
943 949
943 970
943 999
944 945
944 946
944 947
944 948
944 949
944 962
944 998
944 999
945 946
945 947
945 948
945 949
945 950
945 999
946 949
946 950
946 999
947 949
947 950
947 966
947 982
947 999
948 949
948 950
948 999
949 950
949 999
950 989
950 999
951 952
951 954
951 955
951 958
951 960
952 954
952 955
952 960
952 991
953 957
954 955
954 958
954 960
954 961
954 971
955 958
955 960
957 972
958 960
962 963
962 965
962 966
962 969
962 970
962 998
963 965
963 966
963 974
963 997
965 966
965 969
965 970
965 994
966 969
970 984
971 991
972 973
972 974
972 976
972 977
972 979
972 980
973 974
973 975
973 976
973 977
973 979
973 980
974 975
974 976
974 977
974 979
974 980
975 976
975 977
976 977
976 979
976 980
976 995
976 996
977 979
977 980
979 980
979 995
981 983
981 984
981 987
981 988
981 990
982 985
983 984
983 987
983 988
983 990
984 987
984 988
984 990
987 988
988 990
992 993
992 996
992 997
992 998
993 995
993 996
993 997
993 1000
995 996
995 997
995 998
995 1000
996 997
996 998
996 1000
997 998
997 1000
