1000 8745
1 311
1 448
1 473
1 498
1 516
1 543
1 641
1 642
1 643
1 644
1 647
1 648
1 649
1 650
1 701
1 769
1 805
2 6
2 7
2 8
2 10
2 75
2 273
2 318
2 328
2 349
2 436
2 590
2 897
2 935
3 46
3 230
3 261
3 325
3 327
3 328
3 401
3 479
3 555
3 663
4 301
4 302
4 304
4 305
4 308
4 309
4 310
4 418
4 680
4 708
4 866
5 6
5 7
5 8
5 10
5 38
5 39
5 61
5 141
5 219
5 673
5 677
6 7
6 8
6 10
6 137
6 206
6 264
6 337
6 398
6 506
6 541
6 673
6 728
6 764
6 782
6 851
6 892
7 10
7 30
7 49
7 79
7 315
7 334
7 553
7 650
7 673
7 689
7 764
7 994
8 10
8 11
8 101
8 158
8 205
8 207
8 224
8 234
8 378
8 466
8 578
8 630
8 649
8 664
8 673
8 828
8 831
9 159
9 221
9 222
9 223
9 224
9 226
9 227
9 229
9 293
9 347
9 350
9 485
9 508
9 653
9 672
9 675
9 798
9 805
9 860
9 897
10 21
10 73
10 123
10 204
10 267
10 348
10 419
10 520
10 557
10 673
10 850
10 863
11 116
11 125
11 201
11 205
11 206
11 208
11 209
11 344
11 346
11 389
11 457
11 549
11 620
11 724
11 842
12 13
12 14
12 18
12 19
12 39
12 60
12 214
12 301
12 304
12 561
12 648
12 729
12 883
13 18
13 19
13 51
13 108
13 230
13 232
13 260
13 365
13 617
13 800
13 811
13 867
13 992
14 18
14 19
14 125
14 270
14 375
14 433
14 453
14 499
14 575
14 592
14 668
14 711
14 758
15 126
15 177
15 241
15 242
15 243
15 244
15 245
15 267
15 285
15 391
15 635
15 795
15 869
15 878
15 886
15 900
15 968
16 93
16 156
16 187
16 202
16 229
16 364
16 395
16 471
16 475
16 477
16 479
16 513
16 542
17 68
17 135
17 207
17 230
17 361
17 362
17 363
17 364
17 367
17 368
17 370
17 470
17 625
17 789
17 917
17 952
17 979
17 982
18 150
18 172
18 220
18 245
18 298
18 365
18 522
18 689
18 804
18 876
18 925
18 957
19 72
19 92
19 365
19 503
19 518
19 567
19 624
19 666
19 685
19 782
19 853
19 868
19 983
20 30
20 34
20 175
20 180
20 330
20 387
20 412
20 441
20 450
20 479
20 490
20 521
20 730
20 759
20 981
20 982
20 985
20 987
20 989
21 25
21 26
21 29
21 126
21 146
21 218
21 419
21 495
21 650
21 722
21 767
21 814
21 897
21 909
22 82
22 307
22 351
22 422
22 443
22 446
22 447
22 449
22 454
22 489
22 576
22 793
22 817
22 831
22 951
23 140
23 150
23 227
23 273
23 439
23 524
23 607
23 680
23 729
23 903
23 932
23 936
23 937
23 938
23 939
23 943
23 944
24 107
24 147
24 178
24 211
24 212
24 214
24 215
24 217
24 218
24 255
24 379
24 408
24 478
24 505
24 566
24 676
24 735
24 877
24 918
25 26
25 29
25 116
25 126
25 146
25 159
25 170
25 219
25 271
25 293
25 466
25 488
25 530
25 562
25 735
25 772
25 774
26 29
26 126
26 219
26 231
26 235
26 475
26 508
26 560
26 584
26 667
26 738
27 69
27 81
27 187
27 203
27 296
27 378
27 399
27 461
27 462
27 463
27 465
27 468
27 469
27 470
27 717
27 777
27 787
27 920
27 952
27 962
28 251
28 403
28 458
28 459
28 720
28 724
28 725
28 726
28 727
28 728
29 126
29 177
29 179
29 219
29 263
29 276
29 277
29 347
29 399
29 468
29 536
29 832
29 843
30 180
30 195
30 291
30 330
30 450
30 730
30 739
30 750
30 829
30 879
30 959
30 981
30 982
30 984
30 987
30 989
30 996
31 32
31 35
31 36
31 37
31 38
31 39
31 40
31 64
31 98
31 108
31 124
31 147
31 166
31 322
31 334
31 466
31 523
31 566
31 577
31 635
31 722
31 845
31 911
31 970
31 971
31 987
31 993
32 36
32 37
32 38
32 39
32 40
32 49
32 64
32 108
32 231
32 275
32 334
32 635
32 672
32 805
32 845
32 911
32 938
32 970
32 993
33 51
33 53
33 56
33 57
33 59
33 80
33 434
33 573
33 619
33 656
33 692
33 809
33 845
33 944
33 955
34 83
34 84
34 87
34 88
34 90
34 245
34 271
34 306
34 320
34 336
34 370
34 616
34 637
34 649
34 654
34 699
34 708
34 898
34 905
34 944
35 36
35 37
35 39
35 64
35 108
35 261
35 575
35 722
35 755
35 793
35 845
35 911
35 970
35 971
35 993
36 37
36 38
36 40
36 97
36 108
36 334
36 531
36 537
36 681
36 722
36 822
36 845
36 881
36 898
36 935
36 970
36 971
36 987
36 993
37 39
37 40
37 64
37 108
37 114
37 325
37 334
37 411
37 477
37 485
37 635
37 663
37 680
37 692
37 722
37 732
37 861
37 877
37 911
37 927
37 958
37 966
37 970
37 987
37 993
38 39
38 44
38 64
38 248
38 334
38 360
38 402
38 635
38 711
38 722
38 777
38 789
38 902
38 970
38 993
39 40
39 64
39 108
39 266
39 389
39 420
39 489
39 722
39 782
39 798
39 904
39 911
39 970
39 971
39 993
40 48
40 108
40 157
40 165
40 334
40 468
40 580
40 635
40 674
40 744
40 845
40 924
40 938
40 968
40 971
40 975
41 42
41 44
41 45
41 46
41 47
41 48
41 49
41 50
41 52
41 73
41 123
41 134
41 169
41 205
41 492
41 596
41 599
41 675
41 683
41 720
41 729
41 930
41 969
42 44
42 45
42 46
42 47
42 48
42 49
42 50
42 52
42 125
42 169
42 300
42 322
42 350
42 405
42 458
42 476
42 729
42 737
42 810
42 911
43 250
43 302
43 329
43 340
43 568
43 680
43 812
43 813
43 814
43 815
43 820
43 828
43 933
44 45
44 46
44 47
44 52
44 65
44 169
44 184
44 262
44 372
44 449
44 458
44 492
44 642
44 659
44 825
45 46
45 47
45 49
45 50
45 52
45 169
45 234
45 492
45 544
45 605
45 635
45 703
45 729
45 739
45 771
45 832
45 873
45 996
46 47
46 48
46 49
46 52
46 158
46 169
46 191
46 212
46 380
46 458
46 492
46 523
46 688
46 729
46 756
46 770
46 810
46 869
46 878
46 904
46 959
46 1000
47 48
47 49
47 50
47 52
47 169
47 458
47 522
47 603
47 729
47 777
47 874
47 896
47 910
47 957
47 993
48 49
48 50
48 67
48 93
48 133
48 169
48 264
48 320
48 336
48 458
48 490
48 492
48 860
49 50
49 52
49 138
49 169
49 200
49 347
49 364
49 374
49 458
49 492
49 555
49 576
49 681
49 710
49 729
49 890
49 927
50 52
50 73
50 150
50 169
50 178
50 239
50 458
50 492
50 538
50 737
50 837
50 929
50 967
51 53
51 57
51 59
51 122
51 152
51 180
51 206
51 214
51 245
51 516
51 575
51 580
51 619
51 692
51 750
51 870
51 955
51 973
51 986
52 100
52 105
52 169
52 203
52 229
52 377
52 429
52 458
52 492
52 681
52 729
52 826
53 54
53 56
53 57
53 59
53 124
53 125
53 317
53 401
53 615
53 619
53 692
53 955
54 56
54 57
54 68
54 189
54 222
54 276
54 289
54 298
54 322
54 341
54 441
54 448
54 488
54 619
54 679
54 692
54 695
54 709
54 853
54 936
55 106
55 131
55 173
55 188
55 283
55 308
55 331
55 420
55 493
55 501
55 614
55 685
55 818
55 831
55 832
55 833
55 834
55 836
55 838
55 839
55 952
55 969
56 57
56 59
56 69
56 391
56 582
56 615
56 698
56 754
56 818
56 849
56 885
56 984
57 59
57 124
57 236
57 279
57 297
57 298
57 370
57 377
57 390
57 435
57 436
57 496
57 619
57 668
57 680
57 692
57 696
57 955
58 105
58 176
58 183
58 185
58 186
58 189
58 190
58 249
58 281
58 308
58 444
58 481
58 763
58 823
58 885
58 953
59 324
59 692
59 797
59 877
60 71
60 76
60 77
60 78
60 101
60 186
60 256
60 326
60 584
60 699
60 780
60 925
60 965
60 971
61 63
61 65
61 68
61 70
61 180
61 211
61 227
61 243
61 298
61 348
61 357
61 395
61 458
61 650
61 677
61 811
61 875
62 63
62 65
62 66
62 67
62 68
62 69
62 70
62 357
62 415
62 479
62 677
62 718
62 720
62 811
62 846
62 978
63 65
63 67
63 68
63 70
63 111
63 178
63 308
63 357
63 393
63 632
63 677
63 811
63 874
64 103
64 108
64 110
64 182
64 334
64 479
64 571
64 722
64 845
64 908
64 911
64 961
64 970
64 993
64 997
65 66
65 67
65 68
65 69
65 70
65 77
65 118
65 259
65 400
65 594
65 677
65 750
65 811
65 926
65 987
66 67
66 68
66 69
66 70
66 161
66 163
66 357
66 502
66 568
66 648
66 661
66 672
66 677
66 702
66 811
67 69
67 86
67 306
67 345
67 636
67 644
67 662
67 677
67 684
67 727
67 809
67 811
67 841
67 930
67 961
67 995
67 1000
68 69
68 70
68 107
68 140
68 236
68 357
68 384
68 446
68 455
68 670
68 677
68 709
68 774
68 811
68 948
69 70
69 82
69 102
69 119
69 179
69 221
69 253
69 338
69 357
69 386
69 481
69 507
69 677
69 695
69 754
69 811
70 328
70 486
70 674
70 677
70 811
70 839
70 907
71 75
71 76
71 77
71 78
71 309
71 731
71 762
71 791
71 901
71 965
71 979
72 75
72 76
72 77
72 78
72 80
72 118
72 131
72 178
72 244
72 417
72 561
72 581
72 584
72 591
72 665
72 721
72 735
72 884
72 914
72 965
73 152
73 236
73 241
73 409
73 484
73 662
73 772
73 774
73 778
73 893
73 947
74 184
74 399
74 492
74 499
74 704
74 705
74 706
74 707
74 708
74 709
74 710
75 77
75 78
75 154
75 164
75 322
75 414
75 443
75 681
75 736
75 749
75 902
75 904
75 923
75 965
75 967
76 77
76 78
76 80
76 170
76 329
76 375
76 781
77 160
77 277
77 330
77 376
77 491
77 525
77 747
77 803
77 807
77 855
77 958
77 965
78 80
78 144
78 163
78 164
78 291
78 358
78 489
78 567
78 672
78 763
78 896
78 935
78 951
78 965
78 969
79 98
79 192
79 193
79 195
79 196
79 199
79 213
79 334
79 501
79 535
79 559
79 733
79 742
79 774
79 952
79 961
80 313
80 347
80 354
80 370
80 428
80 432
80 497
80 521
80 529
80 568
80 584
80 704
80 734
80 764
80 840
80 916
80 950
80 965
81 151
81 158
81 169
81 203
81 254
81 296
81 462
81 464
81 465
81 468
81 470
81 628
81 678
81 717
81 759
81 777
81 864
81 899
82 131
82 193
82 210
82 221
82 381
82 564
82 622
82 872
82 878
82 879
82 880
82 931
82 947
82 990
83 84
83 85
83 87
83 88
83 90
83 101
83 455
83 487
83 540
83 577
83 599
83 629
83 656
83 662
83 696
83 870
83 909
83 988
84 85
84 87
84 88
84 90
84 136
84 306
84 520
84 541
84 582
84 751
84 913
84 944
84 995
85 88
85 90
85 209
85 306
85 406
85 408
85 512
85 542
85 581
85 605
85 626
85 678
85 856
85 922
85 944
86 127
86 209
86 228
86 291
86 303
86 432
86 433
86 434
86 435
86 439
86 440
86 453
86 538
86 771
86 772
87 88
87 111
87 121
87 306
87 353
87 355
87 703
87 708
87 746
87 944
88 90
88 120
88 217
88 306
88 346
88 406
88 502
88 570
88 591
88 674
88 739
89 97
89 113
89 166
89 279
89 378
89 456
89 531
89 585
89 603
89 607
89 732
89 901
89 928
89 977
89 986
90 96
90 129
90 152
90 184
90 306
90 404
90 547
90 653
90 735
90 753
90 832
90 860
90 912
91 92
91 93
91 94
91 95
91 96
91 98
91 197
91 211
91 220
91 318
91 369
91 438
91 477
91 560
91 626
91 708
91 709
91 746
91 779
91 815
91 910
92 94
92 95
92 96
92 98
92 229
92 332
92 369
92 709
92 837
93 94
93 95
93 96
93 98
93 168
93 215
93 232
93 369
93 487
93 493
93 500
93 644
93 882
93 946
93 993
94 95
94 107
94 151
94 152
94 185
94 316
94 369
94 412
94 644
94 759
94 788
94 849
94 929
95 96
95 270
95 315
95 336
95 369
95 572
95 695
95 824
95 856
95 880
96 163
96 196
96 208
96 236
96 239
96 369
96 398
96 405
96 452
96 471
96 472
96 484
96 517
96 564
96 992
97 210
97 217
97 233
97 588
97 734
97 735
97 736
97 737
97 738
97 740
97 777
97 779
97 796
97 876
97 910
97 931
98 205
98 369
98 527
98 553
98 569
98 805
98 867
98 890
98 939
99 155
99 202
99 251
99 252
99 253
99 254
99 257
99 258
99 259
99 274
99 312
99 315
99 436
99 537
99 690
99 733
99 760
99 780
99 807
99 837
100 164
100 197
100 281
100 282
100 284
100 286
100 288
100 289
100 412
100 527
100 528
101 204
101 420
101 509
101 594
101 617
101 674
101 762
101 793
101 800
101 872
101 912
101 913
101 914
101 917
101 919
101 920
102 168
102 240
102 416
102 436
102 549
102 570
102 758
102 775
102 870
102 882
102 884
102 886
102 888
103 104
103 105
103 109
103 110
103 187
103 207
103 418
103 441
103 512
103 528
103 553
103 558
103 567
103 569
103 637
103 667
103 767
103 771
104 105
104 109
104 195
104 342
104 376
104 455
104 567
104 594
104 637
104 744
104 767
104 792
104 842
104 896
104 909
104 992
105 106
105 109
105 215
105 418
105 456
105 567
105 637
105 653
105 712
105 739
105 767
106 109
106 110
106 187
106 255
106 386
106 418
106 469
106 483
106 542
106 567
106 624
106 637
106 698
106 767
106 864
106 996
107 111
107 113
107 114
107 115
107 116
107 117
107 120
107 131
107 175
107 384
107 416
107 463
107 581
107 783
107 816
107 822
107 867
107 870
107 907
107 940
108 143
108 151
108 176
108 334
108 492
108 503
108 635
108 722
108 854
108 885
108 897
108 911
108 948
108 971
108 981
108 993
109 110
109 149
109 187
109 207
109 257
109 374
109 418
109 567
109 601
109 637
109 653
109 875
109 951
110 135
110 187
110 249
110 321
110 353
110 418
110 478
110 512
110 637
110 674
110 767
110 920
111 112
111 113
111 114
111 116
111 117
111 120
111 148
111 415
111 503
111 535
111 739
111 921
111 940
111 966
112 113
112 114
112 115
112 116
112 117
112 156
112 175
112 265
112 273
112 635
112 704
112 713
112 727
112 807
112 885
112 940
113 114
113 115
113 117
113 120
113 127
113 175
113 374
113 445
113 689
113 693
113 697
113 838
113 933
114 115
114 116
114 117
114 120
114 140
114 146
114 212
114 243
114 245
114 270
114 288
114 313
114 375
114 532
114 589
114 609
114 745
114 788
114 812
114 833
114 850
114 935
114 940
115 116
115 117
115 120
115 124
115 175
115 176
115 177
115 302
115 458
115 476
115 503
115 515
115 593
115 940
116 120
116 175
116 359
116 441
116 544
116 550
116 559
116 713
116 725
116 766
116 910
116 918
116 940
116 998
117 120
117 175
117 489
117 516
117 569
117 778
117 804
117 884
117 925
117 940
117 970
118 136
118 175
118 189
118 201
118 204
118 205
118 206
118 209
118 251
118 335
118 373
118 389
118 390
118 392
118 400
118 426
118 433
118 451
118 548
118 593
118 605
118 639
118 654
118 931
119 187
119 260
119 371
119 373
119 375
119 377
119 379
119 443
119 445
119 448
119 450
119 548
119 791
120 142
120 175
120 178
120 288
120 578
120 671
120 737
120 806
120 899
120 940
121 172
121 181
121 405
121 407
121 409
121 410
121 518
121 618
121 640
121 642
121 654
121 660
121 691
121 711
121 965
121 983
122 123
122 124
122 125
122 127
122 128
122 130
122 238
122 480
122 541
122 640
122 706
123 125
123 127
123 128
123 130
123 178
123 191
123 193
123 475
123 483
123 521
123 760
123 897
123 913
123 935
123 962
124 127
124 128
124 483
124 545
124 558
124 658
124 775
125 128
125 130
125 137
125 142
125 270
125 483
125 543
125 603
125 652
125 889
125 935
125 995
126 187
126 219
126 301
126 319
126 344
126 357
126 504
126 513
126 518
126 541
126 547
126 564
126 603
126 683
126 922
127 128
127 130
127 149
127 157
127 171
127 388
127 402
127 472
127 483
127 699
127 803
127 864
127 931
127 935
127 957
128 130
128 304
128 333
128 357
128 381
128 487
128 514
128 516
128 577
128 823
128 866
128 935
129 229
129 267
129 416
129 451
129 482
129 484
129 486
129 488
129 489
129 511
129 689
129 721
129 769
129 958
130 234
130 356
130 408
130 439
130 483
130 501
130 560
130 620
130 655
130 666
130 828
130 840
130 872
130 877
130 910
130 930
130 935
131 157
131 201
131 302
131 431
131 438
131 729
131 769
131 872
131 875
131 878
131 879
131 880
131 944
131 992
132 133
132 135
132 139
132 244
132 257
132 610
132 622
132 629
132 768
132 771
133 135
133 136
133 139
133 380
133 503
133 573
133 605
133 622
133 857
134 167
134 201
134 219
134 268
134 280
134 340
134 341
134 374
134 434
134 473
134 505
134 511
134 561
134 562
134 563
134 564
134 565
134 568
134 569
134 605
134 732
134 751
134 889
134 916
135 136
135 139
135 245
135 247
135 490
135 577
135 616
135 668
135 727
136 139
136 144
136 241
136 367
136 445
136 490
136 530
136 577
136 585
136 622
136 694
136 714
136 786
136 913
136 959
137 251
137 303
137 341
137 369
137 712
137 720
137 780
137 829
137 902
137 903
137 904
137 906
137 907
137 909
138 221
138 330
138 385
138 465
138 477
138 493
138 586
138 758
138 821
138 826
138 827
138 829
138 830
138 947
138 958
138 967
139 168
139 207
139 481
139 490
139 577
139 622
139 767
139 987
140 303
140 410
140 411
140 426
140 502
140 533
140 534
140 536
140 538
140 539
140 724
140 907
140 984
140 999
141 142
141 143
141 144
141 146
141 147
141 148
141 150
141 160
141 182
141 217
141 252
141 344
141 404
141 585
141 651
141 664
142 143
142 144
142 146
142 148
142 150
142 183
142 219
142 266
142 287
142 376
142 590
142 681
142 711
142 835
142 855
142 932
142 971
143 144
143 145
143 146
143 148
143 384
143 427
143 441
143 478
143 585
143 678
143 998
144 145
144 146
144 150
144 182
144 327
144 437
144 449
144 544
144 585
144 670
144 846
145 146
145 147
145 148
145 182
145 412
145 585
145 708
145 770
145 819
145 847
145 955
145 997
146 147
146 148
146 150
146 182
146 187
146 212
146 349
146 360
146 568
146 585
146 747
146 796
146 866
146 941
147 148
147 150
147 403
147 416
147 484
147 581
147 585
147 631
147 632
147 748
147 764
147 836
148 150
148 158
148 182
148 288
148 444
148 499
148 571
148 585
148 672
148 836
148 878
148 934
149 283
149 314
149 321
149 384
149 518
149 536
149 605
149 673
149 868
149 899
149 902
149 961
149 966
149 967
149 988
150 182
150 199
150 243
150 307
150 563
150 585
150 698
150 746
150 984
150 1000
151 152
151 153
151 154
151 156
151 157
151 158
151 159
151 171
151 241
151 309
151 316
151 325
151 343
151 383
151 411
151 471
151 531
151 557
151 563
151 679
151 812
151 815
151 969
151 972
152 153
152 155
152 156
152 157
152 158
152 159
152 160
152 191
152 262
152 340
152 487
152 531
152 557
152 755
152 891
153 154
153 156
153 157
153 158
153 159
153 160
153 298
153 557
153 581
153 642
153 704
153 745
153 767
153 948
153 966
154 155
154 156
154 157
154 158
154 255
154 265
154 267
154 292
154 406
154 438
154 557
154 615
154 748
154 764
154 852
154 854
154 874
154 896
154 906
155 157
155 159
155 160
155 247
155 318
155 320
155 531
155 557
155 686
155 697
155 861
155 873
155 975
156 157
156 158
156 160
156 193
156 295
156 531
156 557
156 590
156 651
156 662
156 669
156 697
156 760
156 775
156 796
156 819
157 158
157 159
157 160
157 251
157 268
157 329
157 531
157 606
157 701
157 836
157 903
157 963
158 159
158 160
158 169
158 438
158 450
158 497
158 531
158 703
158 718
158 740
158 864
158 938
158 984
159 279
159 289
159 294
159 418
159 450
159 531
159 557
159 629
159 646
159 821
159 958
159 986
160 224
160 228
160 454
160 506
160 531
160 581
161 163
161 164
161 166
161 167
161 170
161 188
161 218
161 225
161 235
161 238
161 372
161 397
161 408
161 429
161 582
161 658
161 690
161 828
161 973
161 986
162 163
162 164
162 165
162 166
162 167
162 170
162 313
162 424
162 429
162 471
162 568
162 574
162 582
162 657
162 815
162 828
162 894
162 986
163 164
163 165
163 166
163 167
163 170
163 204
163 325
163 372
163 408
163 429
163 483
163 599
163 604
163 620
163 622
163 677
163 900
163 920
163 965
163 986
164 166
164 167
164 169
164 170
164 320
164 408
164 429
164 531
164 570
164 584
164 828
164 986
164 991
165 166
165 167
165 168
165 210
165 372
165 470
165 582
165 616
165 716
165 887
165 915
165 963
165 983
165 986
165 993
166 167
166 170
166 244
166 372
166 408
166 412
166 429
166 517
166 582
166 608
166 616
166 619
166 905
166 986
166 993
167 170
167 386
167 418
167 545
167 573
167 582
167 637
167 783
167 828
167 982
167 986
168 215
168 289
168 374
168 413
168 486
168 521
168 524
168 525
168 529
168 530
168 706
168 734
168 837
168 851
168 879
168 957
168 964
168 990
169 326
169 436
169 474
169 492
169 729
169 738
169 752
169 812
170 329
170 350
170 372
170 429
170 451
170 582
170 828
170 875
170 984
170 986
171 176
171 178
171 179
171 326
171 377
171 467
171 486
171 894
171 927
171 973
171 997
172 248
172 352
172 381
172 386
172 533
172 576
172 591
172 752
172 753
172 755
172 756
172 759
172 760
172 763
172 809
173 199
173 390
173 579
173 580
173 753
173 831
173 832
173 833
173 834
173 835
173 836
173 837
173 838
173 839
173 890
173 969
174 300
174 472
174 512
174 513
174 515
174 516
174 520
174 527
174 554
174 556
174 569
174 631
174 822
174 954
174 958
175 206
175 391
175 711
175 790
175 835
175 884
175 932
175 958
175 994
176 178
176 179
176 189
176 277
176 663
176 740
176 771
176 930
176 941
177 191
177 192
177 241
177 242
177 243
177 247
177 249
177 267
177 290
177 304
177 427
177 476
177 768
177 925
177 963
177 968
177 978
178 179
178 314
178 330
178 481
178 577
178 634
178 816
178 844
178 866
178 868
178 912
178 997
179 481
179 637
179 866
179 936
179 997
180 253
180 318
180 330
180 354
180 450
180 467
180 730
180 738
180 816
180 981
180 982
180 984
180 985
180 989
181 235
181 353
181 401
181 402
181 403
181 410
181 417
181 443
181 493
181 733
181 786
181 852
181 871
181 927
181 988
182 326
182 517
182 933
182 986
183 185
183 188
183 189
183 190
183 537
183 673
183 714
183 885
184 499
184 704
184 706
184 707
184 708
184 709
184 710
184 846
184 940
184 944
185 188
185 189
185 363
185 401
185 460
185 522
185 567
185 600
185 646
185 722
185 724
185 748
185 799
185 803
185 885
185 891
185 914
185 929
185 943
185 967
185 974
186 188
186 189
186 190
186 215
186 249
186 312
186 363
186 364
186 372
186 645
186 784
186 803
186 864
186 937
186 963
187 345
187 387
187 411
187 417
187 418
187 491
187 511
187 549
187 567
187 637
187 753
187 767
187 794
187 843
188 189
188 190
188 256
188 285
188 287
188 500
188 601
188 646
188 760
188 842
188 885
188 952
189 190
189 243
189 378
189 400
189 474
189 539
189 594
189 646
189 663
189 714
189 721
189 794
189 885
189 979
190 229
190 275
190 453
190 506
190 559
190 562
190 646
190 670
190 672
190 692
190 699
190 740
190 857
190 958
191 312
191 322
191 457
191 464
191 501
191 559
191 596
191 803
191 804
191 806
191 807
191 809
191 846
192 193
192 194
192 195
192 199
192 213
192 388
192 526
192 616
192 644
192 729
192 760
192 800
192 822
192 835
193 194
193 195
193 280
193 333
193 360
193 377
193 443
193 459
193 659
193 687
193 809
193 909
193 954
194 195
194 199
194 207
194 252
194 263
194 304
194 373
194 422
194 475
194 662
194 737
194 883
194 918
194 928
194 947
195 199
195 213
195 374
195 467
195 506
195 697
195 722
195 954
196 199
196 300
196 495
196 764
196 788
197 269
197 286
197 287
197 288
197 316
197 480
197 485
197 507
197 517
197 574
197 595
197 653
197 787
197 865
197 922
198 261
198 264
198 265
198 269
198 584
198 614
198 634
198 749
199 398
199 453
199 726
199 760
199 812
200 221
200 472
200 487
200 577
200 581
200 588
200 681
200 682
200 683
200 684
200 686
200 687
200 688
200 767
200 782
201 203
201 204
201 205
201 206
201 209
201 252
201 297
201 654
201 798
201 842
202 301
202 471
202 474
202 475
202 477
202 479
202 604
202 940
202 998
203 296
203 298
203 461
203 463
203 464
203 465
203 469
203 470
203 518
203 714
203 717
203 877
203 910
203 922
203 948
204 205
204 208
204 209
204 330
204 398
204 470
204 480
204 654
204 672
204 673
204 751
204 789
204 827
204 842
204 886
204 901
204 926
204 945
204 992
205 208
205 230
205 585
205 638
205 654
205 842
205 875
206 208
206 209
206 331
206 364
206 503
206 538
206 566
206 654
206 666
206 741
206 759
206 841
206 842
206 872
206 976
207 223
207 418
207 567
207 579
207 583
207 635
207 637
207 716
207 767
207 883
207 987
208 209
208 510
208 585
208 648
208 654
208 713
208 766
208 782
208 796
208 860
208 916
208 936
209 276
209 302
209 432
209 551
209 608
209 654
209 665
209 742
209 745
209 758
209 781
209 842
210 239
210 387
210 505
210 653
210 779
210 851
210 852
210 853
210 854
210 855
210 856
210 857
210 858
210 859
210 881
210 933
210 951
210 963
211 214
211 217
211 255
211 416
211 419
211 505
211 543
211 554
211 569
211 683
211 698
211 918
211 920
212 214
212 215
212 218
212 226
212 255
212 311
212 406
212 442
212 470
212 499
212 505
212 635
212 638
212 683
212 889
212 918
213 262
213 350
213 431
213 432
213 587
213 607
213 635
213 641
213 745
213 790
213 872
213 885
213 911
214 215
214 255
214 299
214 351
214 413
214 462
214 505
214 527
214 565
214 572
214 839
214 877
214 918
215 217
215 218
215 255
215 291
215 301
215 385
215 386
215 402
215 442
215 505
215 570
215 877
215 889
215 939
215 978
215 986
216 292
216 293
216 294
216 298
216 299
216 346
216 379
216 445
216 474
216 478
216 514
216 731
216 819
216 936
217 255
217 306
217 423
217 442
217 505
217 581
217 692
217 877
217 880
218 258
218 352
218 406
218 505
218 693
218 696
218 708
218 727
218 856
218 877
218 918
219 299
219 375
219 607
219 705
219 717
219 753
219 811
219 939
220 227
220 299
220 451
220 452
220 453
220 455
220 459
220 460
220 478
220 501
220 547
220 627
220 630
220 780
220 784
220 789
220 886
221 222
221 223
221 224
221 225
221 226
221 229
221 230
221 249
221 252
221 340
221 463
221 508
221 660
221 679
221 742
221 857
221 894
221 902
221 980
221 990
222 223
222 224
222 225
222 226
222 229
222 230
222 508
222 723
222 815
222 866
222 921
222 995
223 224
223 225
223 226
223 227
223 473
223 508
223 647
223 711
223 757
223 778
223 781
223 837
223 996
224 225
224 226
224 227
224 229
224 230
224 243
224 277
224 296
224 508
224 549
224 595
224 614
224 652
224 764
224 909
225 226
225 227
225 229
225 387
225 508
225 586
225 589
225 708
226 227
226 229
226 230
226 402
226 490
226 508
226 878
227 229
227 230
227 303
227 482
227 508
227 514
227 537
227 737
227 868
227 879
227 979
228 427
228 431
228 432
228 433
228 434
228 439
228 440
228 471
228 649
228 757
228 865
229 230
229 508
229 517
229 522
229 568
229 751
229 832
230 259
230 360
230 508
230 550
230 571
230 677
230 721
230 742
230 762
230 793
230 953
231 234
231 235
231 238
231 239
231 240
231 246
231 261
231 281
231 435
231 451
231 480
231 483
231 612
231 680
231 900
232 250
232 603
232 621
232 623
232 624
232 625
232 627
232 628
232 629
232 630
232 693
232 757
232 794
232 858
232 933
232 980
233 243
233 428
233 536
233 562
233 608
233 639
233 667
233 732
233 733
233 734
233 735
233 736
233 737
233 738
233 740
233 774
233 854
233 876
233 910
233 931
234 235
234 238
234 239
234 240
234 246
234 281
234 333
234 413
234 478
234 479
234 607
234 635
234 750
234 770
234 871
234 879
234 960
235 238
235 239
235 240
235 243
235 246
235 280
235 623
235 649
235 685
235 919
236 237
236 493
236 564
236 688
236 712
236 771
236 772
236 774
236 776
236 879
236 904
237 240
237 311
237 379
237 640
237 641
237 642
237 643
237 644
237 645
237 647
237 649
237 650
237 688
237 701
237 723
237 802
237 917
238 240
238 246
238 334
238 360
238 379
239 240
239 246
239 249
239 392
239 464
239 784
239 813
239 922
239 945
240 246
240 281
240 382
240 399
240 529
240 785
240 863
240 868
240 883
240 989
241 242
241 243
241 244
241 245
241 247
241 249
241 267
241 285
241 290
241 441
241 476
241 488
241 494
241 866
241 900
241 925
242 243
242 245
242 249
242 261
242 267
242 285
242 290
242 302
242 508
242 583
242 808
242 809
242 925
242 968
243 244
243 245
243 249
243 267
243 285
243 290
243 404
243 418
243 900
243 903
243 915
243 925
243 968
244 247
244 249
244 267
244 275
244 285
244 290
244 453
244 475
244 476
244 655
244 724
244 765
244 839
244 900
244 925
245 249
245 267
245 285
245 290
245 303
245 329
245 449
245 463
245 471
245 476
245 486
245 508
245 525
245 531
245 544
245 737
245 748
245 796
245 925
245 968
246 431
246 479
246 487
246 611
246 636
246 686
246 747
246 873
246 879
247 249
247 285
247 288
247 290
247 388
247 468
247 472
247 476
247 588
247 628
247 726
247 747
247 826
247 856
247 925
247 926
247 968
248 300
248 342
248 428
248 526
248 550
248 557
248 752
248 754
248 755
248 756
248 759
248 760
248 934
249 258
249 263
249 267
249 284
249 290
249 476
249 561
249 692
249 717
249 790
249 883
249 900
249 925
249 930
249 968
250 437
250 610
250 646
250 661
250 663
250 666
250 667
250 669
250 670
250 803
250 878
251 252
251 253
251 256
251 259
251 292
251 315
251 378
251 695
252 253
252 254
252 256
252 259
252 315
252 436
252 523
252 662
252 978
253 256
253 257
253 259
253 276
253 315
253 342
253 418
253 435
253 463
253 543
253 619
253 651
253 964
254 258
254 346
254 369
254 512
254 584
254 628
254 659
254 681
254 716
254 751
254 754
254 774
254 866
255 303
255 341
255 442
255 505
255 540
255 699
255 816
255 918
255 982
256 257
256 258
256 310
256 315
256 401
256 469
256 581
256 662
256 697
256 709
256 863
256 917
256 920
256 953
257 258
257 259
257 315
257 451
257 530
257 641
257 670
257 838
257 850
258 259
258 310
258 315
258 493
258 732
258 804
258 831
259 315
259 492
259 717
259 729
259 735
259 770
259 822
259 853
259 894
259 929
259 962
260 333
260 365
260 371
260 374
260 375
260 377
260 379
260 406
260 465
260 499
260 524
260 543
260 571
260 662
260 779
260 787
261 264
261 266
261 269
261 270
261 280
261 365
261 684
261 982
262 264
262 275
262 279
262 354
262 420
262 426
262 495
262 665
262 674
262 676
262 679
262 755
262 791
262 809
262 950
262 980
262 998
263 306
263 341
263 355
263 366
263 431
263 479
263 572
263 581
263 586
263 587
263 589
263 590
263 591
263 592
263 721
263 755
263 786
263 801
263 855
263 927
263 1000
264 265
264 266
264 270
264 274
264 439
264 541
264 543
264 576
264 591
264 800
264 973
265 269
265 344
265 513
265 543
265 678
265 765
266 290
266 319
266 416
266 444
266 482
266 543
266 707
267 290
267 302
267 476
267 479
267 499
267 530
267 617
267 636
267 649
267 805
267 883
267 900
267 968
268 529
268 557
268 696
268 711
268 717
268 921
268 924
268 926
268 928
268 929
268 930
269 410
269 488
269 538
269 543
269 727
269 751
269 787
269 788
269 791
269 798
269 799
270 295
270 439
270 546
270 587
270 702
270 919
270 927
270 932
271 272
271 274
271 275
271 277
271 278
271 279
271 280
271 316
271 364
271 448
271 449
271 579
271 616
271 634
271 729
271 908
272 274
272 278
272 280
272 336
272 437
272 442
272 448
272 545
272 549
272 753
272 842
272 930
273 295
273 296
273 321
273 367
273 649
273 765
273 926
273 932
273 936
273 937
274 275
274 277
274 279
274 280
274 301
274 448
274 538
274 841
274 914
275 277
275 278
275 279
275 280
275 448
275 517
275 522
275 823
275 839
275 902
275 991
276 424
276 495
276 553
276 558
276 559
276 560
276 614
276 662
276 702
276 716
276 982
277 278
277 279
277 280
277 416
277 448
277 576
277 774
277 792
277 923
278 279
278 280
278 299
278 335
278 362
278 373
278 383
278 395
278 448
278 474
278 502
278 757
278 805
278 936
279 280
279 416
279 448
279 777
279 816
279 992
280 526
280 716
280 740
280 975
281 282
281 284
281 286
281 287
281 288
281 289
281 367
281 480
281 524
281 552
281 653
281 742
281 772
281 787
281 908
281 945
282 284
282 286
282 287
282 289
282 308
282 385
282 432
282 787
282 893
283 297
283 363
283 365
283 375
283 401
283 492
283 515
283 553
283 605
283 688
283 732
283 961
283 966
283 967
284 286
284 287
284 288
284 289
284 331
284 351
284 507
284 516
284 584
284 653
284 655
284 787
284 843
284 881
285 290
285 377
285 476
285 586
285 634
285 900
285 925
285 968
286 287
286 289
286 325
286 431
286 508
286 618
286 653
286 680
286 787
286 869
286 974
287 288
287 289
287 434
287 534
287 653
287 696
287 787
287 839
288 289
288 314
288 372
288 378
288 379
288 572
288 619
288 765
288 787
288 917
289 419
289 505
289 560
289 577
289 618
289 638
289 653
289 662
289 696
289 787
289 908
289 952
289 963
289 986
290 473
290 476
290 627
290 900
290 925
290 968
290 972
291 292
291 297
291 299
291 329
291 438
291 445
291 478
291 486
291 626
291 713
291 721
291 810
291 819
291 835
291 957
292 293
292 294
292 297
292 298
292 310
292 329
292 445
292 495
292 520
292 566
292 699
292 723
292 819
293 294
293 297
293 298
293 331
293 445
293 486
293 575
293 604
293 715
293 734
293 819
293 831
293 841
293 870
293 983
293 989
294 298
294 299
294 317
294 351
294 435
294 445
294 456
294 694
294 790
294 819
294 907
294 977
295 309
295 476
295 512
295 540
295 670
295 767
295 887
295 932
295 936
295 937
295 938
295 939
296 365
296 461
296 463
296 464
296 465
296 468
296 469
296 470
296 477
296 498
296 599
296 611
296 717
296 725
296 777
296 795
296 816
296 879
296 890
296 905
296 974
297 298
297 318
297 385
297 413
297 445
297 670
297 819
297 838
297 895
297 929
297 976
297 986
298 306
298 435
298 445
298 478
298 529
298 652
299 334
299 354
299 419
299 693
299 819
299 824
299 910
300 376
300 416
300 472
300 480
300 487
300 588
300 681
300 683
300 684
300 685
300 686
300 688
300 689
300 702
300 703
300 815
301 302
301 304
301 305
301 307
301 308
301 309
301 310
301 326
301 338
301 406
301 512
301 524
301 533
301 648
301 792
301 854
301 903
301 912
301 926
302 304
302 307
302 308
302 309
302 310
302 466
302 717
302 792
302 822
302 878
303 326
303 426
303 535
303 536
303 537
303 538
303 539
303 573
303 784
304 305
304 307
304 308
304 309
304 385
304 471
304 628
304 667
304 792
304 795
304 931
304 999
305 307
305 308
305 309
305 360
305 478
305 514
305 570
305 572
305 574
305 680
305 692
305 782
305 792
305 831
305 844
305 931
305 965
306 358
306 654
306 707
306 944
307 308
307 309
307 310
307 386
307 472
307 480
307 485
307 513
307 523
307 661
307 781
307 792
307 799
307 802
307 873
308 309
308 310
308 352
308 701
308 792
308 845
308 921
308 982
309 310
309 469
309 580
309 630
309 651
309 678
309 792
309 838
310 315
310 324
310 445
310 566
310 719
310 792
311 342
311 355
311 361
311 393
311 480
311 511
311 524
311 575
311 641
311 642
311 643
311 644
311 645
311 647
311 648
311 649
311 650
311 719
311 783
311 789
311 805
311 853
311 895
311 900
311 905
311 915
311 930
312 313
312 314
312 316
312 317
312 318
312 319
312 320
312 512
312 679
312 702
312 737
312 772
312 853
313 314
313 316
313 317
313 318
313 319
313 320
313 376
313 438
313 472
313 504
313 523
313 533
313 753
313 844
313 897
313 988
313 997
314 316
314 317
314 320
314 323
314 376
314 475
314 583
314 591
314 634
314 671
314 979
315 477
315 553
315 832
315 834
315 975
316 317
316 318
316 319
316 320
316 340
316 376
316 403
316 606
316 915
316 978
316 982
317 319
317 320
317 376
317 391
317 468
317 544
317 563
317 597
317 747
318 319
318 376
318 479
318 871
319 320
319 333
319 361
319 376
319 731
319 831
319 891
319 988
320 376
320 391
320 498
320 590
320 600
320 686
320 778
320 834
320 912
321 453
321 540
321 547
321 605
321 651
321 932
321 961
321 966
321 967
322 431
322 432
322 433
322 434
322 435
322 440
322 606
322 732
322 763
322 865
322 898
322 935
323 387
323 402
323 411
323 412
323 413
323 414
323 415
323 417
323 419
323 420
323 527
323 646
323 680
323 723
323 899
323 928
323 949
324 325
324 326
324 327
324 328
324 363
324 749
324 846
324 914
325 326
325 327
325 328
325 555
325 616
325 706
325 717
325 917
326 327
326 328
326 406
326 410
326 555
326 565
326 572
326 627
326 678
326 784
326 832
326 840
326 851
326 869
327 328
327 358
327 410
327 555
327 665
327 783
327 786
327 826
327 935
327 988
327 992
328 487
328 501
328 555
328 764
328 834
328 846
328 878
329 371
329 388
329 473
329 524
329 762
329 767
329 812
329 813
329 816
329 820
329 952
330 437
330 702
330 730
330 874
330 900
330 981
330 982
330 984
330 987
331 332
331 333
331 336
331 337
331 340
331 366
331 521
331 593
331 679
331 816
331 988
332 333
332 335
332 336
332 337
332 338
332 339
332 340
332 372
332 453
332 564
332 593
332 723
332 808
332 818
332 857
332 868
333 335
333 336
333 337
333 340
333 365
333 474
333 565
333 593
333 684
333 714
333 782
333 818
333 993
334 405
334 467
334 516
334 585
334 635
334 722
334 749
334 782
334 845
334 852
334 911
334 942
334 970
334 971
334 993
334 1000
335 336
335 337
335 339
335 340
335 380
335 387
335 459
335 552
335 593
335 641
335 898
335 983
336 337
336 338
336 339
336 340
336 446
336 739
336 759
336 978
337 339
337 340
337 445
337 462
337 538
337 593
337 937
338 339
338 340
338 390
338 488
338 526
338 593
338 664
338 678
338 880
339 340
339 362
339 430
339 456
339 463
339 593
339 636
339 771
339 863
339 882
339 893
339 958
339 967
339 995
340 563
340 619
340 638
340 726
340 860
340 958
341 360
341 385
341 465
341 581
341 586
341 587
341 589
341 590
341 691
341 731
341 801
341 865
341 867
341 983
342 343
342 344
342 345
342 346
342 349
342 350
342 397
342 420
342 481
342 493
342 574
342 584
342 691
342 716
342 824
343 344
343 345
343 346
343 348
343 349
343 350
343 470
343 565
343 584
343 614
343 881
343 910
344 345
344 349
344 350
344 481
344 501
344 519
344 584
344 596
344 609
344 680
344 730
344 774
344 780
344 836
344 858
345 348
345 349
345 350
345 441
345 461
345 481
345 556
345 580
345 584
345 596
345 603
345 606
345 631
345 694
345 738
345 931
346 348
346 349
346 350
346 481
346 503
346 584
346 675
347 411
347 522
347 532
347 547
347 563
347 583
347 724
347 909
347 922
347 923
347 924
347 926
347 927
347 928
347 929
347 994
348 349
348 441
348 481
348 493
348 574
348 584
348 631
348 676
348 970
349 387
349 481
349 510
349 540
349 584
349 589
349 604
349 690
349 740
349 910
349 982
350 362
350 437
350 481
350 484
350 550
350 584
350 834
350 847
350 870
350 904
351 352
351 422
351 430
351 443
351 444
351 446
351 449
351 507
351 544
351 585
351 737
351 819
351 922
352 364
352 382
352 422
352 441
352 443
352 446
352 447
352 449
352 495
352 525
352 527
352 570
352 576
352 877
352 909
353 386
353 401
353 403
353 405
353 406
353 407
353 409
353 410
353 413
353 419
353 458
353 551
353 683
353 698
353 706
353 765
354 355
354 356
354 358
354 359
354 360
354 575
354 743
354 747
354 797
354 943
355 356
355 358
355 360
355 379
355 468
355 534
355 566
355 943
355 970
356 358
356 359
356 360
356 447
356 603
356 605
356 840
356 841
357 403
357 473
357 529
357 555
357 625
357 665
357 677
357 690
357 715
357 811
357 861
357 943
358 359
358 360
358 395
358 566
358 584
358 605
358 665
358 680
358 840
358 851
358 943
359 360
359 466
359 624
359 773
359 838
359 840
359 859
359 864
359 943
359 957
360 365
360 393
360 561
360 604
360 607
360 734
360 752
360 781
360 912
360 982
361 363
361 364
361 366
361 367
361 370
361 473
361 597
361 715
361 740
361 769
361 789
361 820
361 979
362 364
362 366
362 367
362 368
362 370
362 417
362 468
362 558
362 589
362 741
362 862
362 876
362 979
363 364
363 366
363 367
363 368
363 370
363 474
363 789
363 979
364 366
364 368
364 370
364 378
364 474
364 567
364 651
364 697
364 763
364 789
364 791
364 882
364 884
364 920
364 938
364 971
364 979
365 625
366 377
366 456
366 629
366 646
366 751
366 789
366 979
367 368
367 370
367 408
367 459
367 789
367 917
368 534
368 628
368 736
368 789
368 868
368 943
368 979
369 454
369 731
369 775
369 847
369 941
369 970
370 428
370 553
370 554
370 789
370 824
370 833
370 878
370 884
371 373
371 374
371 375
371 377
371 379
371 931
372 408
372 522
372 541
372 582
372 711
372 828
372 857
372 986
373 374
373 375
373 377
373 420
373 477
373 492
373 496
373 569
373 595
373 719
373 803
373 892
373 923
373 944
373 981
373 992
374 377
374 379
374 398
374 545
374 559
374 636
374 669
374 748
374 761
374 775
375 377
375 379
375 406
375 441
375 442
375 445
375 449
375 775
375 862
375 881
375 954
376 406
376 669
376 714
376 825
376 842
376 854
377 379
377 435
377 510
377 550
377 630
377 649
377 704
377 728
378 456
378 603
378 606
378 607
378 609
378 610
378 691
378 716
378 724
378 861
378 906
378 936
378 977
379 468
379 594
379 863
379 875
379 997
380 483
380 490
380 517
380 525
380 584
380 695
380 697
380 698
380 700
380 774
381 422
381 541
381 542
381 544
381 545
381 546
381 548
381 549
381 550
381 728
381 756
381 761
381 823
381 833
381 837
381 905
382 383
382 385
382 386
382 387
382 388
382 390
382 401
382 433
382 442
382 480
382 492
382 494
382 594
382 657
382 921
382 931
382 951
383 385
383 386
383 388
383 416
383 459
383 480
383 494
383 567
383 629
383 657
383 709
384 532
384 697
384 712
384 713
384 714
384 715
384 718
384 719
384 720
384 797
384 892
384 896
384 999
385 386
385 388
385 480
385 494
385 544
385 576
385 776
385 893
386 387
386 388
386 494
386 623
386 630
386 657
386 678
386 876
386 897
386 982
387 388
387 435
387 457
387 480
387 494
387 578
387 657
387 739
387 917
387 928
387 986
388 390
388 480
388 494
388 657
388 661
388 867
388 914
388 924
389 391
389 392
389 393
389 394
389 398
389 400
389 606
389 827
389 829
389 922
390 409
390 480
390 494
390 566
390 581
390 588
390 657
390 811
390 958
390 966
391 392
391 393
391 394
391 395
391 396
391 398
391 399
391 400
391 574
391 629
391 660
391 675
391 712
391 891
392 393
392 394
392 395
392 396
392 398
392 399
392 400
392 522
392 704
392 814
392 868
392 910
392 937
393 395
393 396
393 398
393 399
393 400
393 633
393 672
393 862
393 929
394 395
394 398
394 400
394 424
394 527
394 537
394 643
394 984
394 999
395 396
395 398
395 399
395 400
395 409
395 447
395 521
395 603
395 621
395 647
395 797
395 825
396 398
396 399
396 400
396 415
396 552
396 571
396 690
396 745
396 812
396 841
397 519
397 528
397 584
397 720
397 845
397 891
397 894
397 895
397 896
397 897
397 899
398 399
398 400
398 415
398 438
398 544
398 556
398 627
398 879
398 950
399 400
399 471
399 475
399 558
399 570
399 698
399 767
399 785
399 795
399 800
399 985
400 446
400 489
400 491
400 523
400 534
400 681
400 699
400 751
400 918
400 922
400 952
401 403
401 405
401 409
401 410
401 525
401 552
401 600
401 611
401 639
401 656
401 665
401 749
401 890
401 938
401 943
402 489
402 531
402 585
402 683
402 781
402 782
402 783
402 784
402 785
402 788
402 790
402 973
403 405
403 407
403 409
403 833
403 967
404 522
404 541
404 676
404 781
404 821
404 824
404 825
404 826
404 827
404 830
404 947
404 999
405 406
405 407
405 409
405 410
405 460
405 539
405 983
406 407
406 409
406 410
406 568
406 585
406 624
406 647
406 719
406 738
406 779
406 798
406 900
406 983
407 409
407 410
407 430
407 460
407 548
407 560
407 639
407 693
407 749
407 784
407 858
407 983
408 429
408 572
408 582
408 693
408 828
408 890
408 986
409 443
409 673
409 754
409 756
409 844
409 861
409 867
409 928
409 983
410 559
410 793
410 870
410 976
410 983
411 412
411 414
411 415
411 417
411 419
411 420
411 481
411 499
411 627
411 680
411 802
411 956
411 966
412 413
412 414
412 415
412 417
412 419
412 439
412 564
412 654
412 680
412 720
412 726
412 786
413 414
413 415
413 417
413 419
413 420
413 461
413 464
413 581
413 680
413 695
413 742
413 749
413 795
414 415
414 419
414 420
414 430
414 547
414 685
414 750
414 833
415 417
415 419
415 420
415 548
415 645
415 687
415 726
415 820
416 423
416 482
416 484
416 485
416 486
416 488
416 489
416 722
416 775
416 926
417 419
417 420
417 426
417 658
417 680
417 694
417 846
417 985
418 456
418 464
418 567
418 628
418 767
418 925
419 420
419 456
419 466
419 680
419 912
419 935
420 653
420 676
420 680
420 735
420 954
421 423
421 424
421 425
421 427
421 428
421 430
421 435
421 445
421 703
421 730
421 853
421 999
422 443
422 445
422 446
422 599
422 661
422 713
423 424
423 425
423 427
423 428
423 430
423 453
423 498
423 634
423 703
423 741
423 742
423 749
424 425
424 427
424 428
424 430
424 511
424 617
424 643
424 703
424 811
424 867
424 872
424 885
424 930
424 980
425 427
425 428
425 444
425 507
425 673
425 687
425 703
425 747
425 990
426 461
426 533
426 534
426 536
426 537
426 538
426 720
426 741
426 820
426 957
427 428
427 545
427 640
427 645
427 703
427 726
427 782
427 819
427 860
427 916
428 430
428 442
428 548
428 562
428 703
428 743
428 774
428 789
428 915
429 465
429 582
429 715
429 760
429 828
429 839
429 858
429 886
429 986
430 462
430 530
430 703
430 749
430 928
431 432
431 434
431 435
431 439
431 440
431 463
431 614
431 784
431 855
431 865
431 872
431 898
431 946
432 433
432 435
432 439
432 440
432 530
432 559
432 653
432 718
432 741
432 865
432 898
432 979
433 434
433 435
433 439
433 440
433 442
433 506
433 552
433 592
433 634
433 822
433 865
433 872
433 896
433 898
433 907
433 969
434 439
434 440
434 605
434 614
434 650
434 673
434 701
434 733
434 765
434 790
434 833
434 865
434 898
435 439
435 440
435 503
435 624
435 725
435 728
435 731
435 755
435 898
436 455
436 464
436 570
436 593
436 670
436 704
436 739
436 770
436 775
436 882
436 883
436 884
436 886
436 887
436 888
436 938
437 555
437 651
437 661
437 662
437 663
437 666
437 667
437 669
437 670
437 700
437 786
437 841
437 852
437 878
437 974
438 578
438 633
438 656
438 660
438 702
438 790
438 816
438 941
438 945
438 946
438 948
438 949
438 950
438 960
438 984
438 1000
439 440
439 593
439 619
439 628
439 713
439 821
439 898
440 487
440 656
440 745
440 815
440 828
440 865
440 898
441 443
441 444
441 446
441 447
441 449
441 486
441 513
441 576
441 624
441 771
441 779
441 875
441 886
441 931
442 505
442 561
442 647
442 858
442 918
443 444
443 446
443 447
443 449
443 576
443 612
443 705
443 731
443 854
443 991
443 996
444 447
444 449
444 477
444 576
444 594
444 636
444 653
444 902
444 953
445 658
445 670
445 798
445 819
445 869
446 447
446 449
446 493
446 574
446 576
446 629
446 878
446 923
447 502
447 514
447 559
447 576
447 580
447 685
447 700
447 789
448 459
448 552
448 597
448 661
448 731
448 738
448 802
448 808
449 576
449 668
449 706
449 962
449 1000
450 532
450 549
450 670
450 730
450 751
450 788
450 829
450 849
450 916
450 981
450 984
450 985
450 987
450 989
451 453
451 455
451 459
451 460
451 464
451 474
451 478
451 498
451 501
451 552
451 558
451 610
451 621
451 645
451 659
451 805
451 811
451 892
451 942
452 453
452 455
452 459
452 460
452 478
452 501
452 552
452 607
452 622
452 627
452 659
452 697
452 764
452 938
453 455
453 505
453 532
453 547
453 659
453 704
453 784
453 907
453 997
454 492
454 493
454 611
454 756
454 761
454 763
454 764
454 765
454 766
454 768
454 769
454 770
454 822
454 920
455 460
455 462
455 467
455 478
455 501
455 507
455 547
455 552
455 620
455 724
455 774
455 776
455 976
456 551
456 606
456 609
456 691
456 823
456 846
456 901
457 503
457 572
457 573
457 574
457 575
457 578
457 579
457 580
457 636
457 664
457 700
457 962
457 977
457 988
457 991
458 463
458 492
458 815
458 930
459 460
459 464
459 478
459 592
459 696
459 722
459 731
459 858
459 911
459 946
460 478
460 488
460 522
460 552
460 611
460 617
460 657
460 659
460 860
460 969
461 462
461 463
461 464
461 465
461 467
461 468
461 469
461 470
461 474
461 573
461 700
461 717
461 777
461 989
462 463
462 464
462 465
462 467
462 468
462 469
462 470
462 567
462 689
462 717
462 777
462 787
462 807
462 925
462 927
463 467
463 699
463 717
463 777
463 925
464 465
464 467
464 469
464 470
464 654
464 717
464 724
464 777
465 468
465 470
465 508
465 664
465 717
465 777
465 851
465 943
466 483
466 611
466 612
466 613
466 616
466 618
466 620
466 767
466 892
466 971
466 973
467 469
467 470
467 538
467 692
467 717
467 777
467 899
468 470
468 497
468 531
468 687
468 777
468 828
468 955
469 470
469 717
469 777
469 852
469 872
470 526
470 652
470 685
470 717
470 734
470 777
470 832
470 849
471 474
471 475
471 477
471 479
471 510
471 583
471 600
471 604
471 659
471 670
471 784
471 790
471 794
471 908
472 487
472 540
472 585
472 588
472 669
472 673
472 681
472 682
472 683
472 685
472 686
472 687
472 688
472 689
473 511
473 561
473 563
473 564
473 565
473 749
473 751
473 786
473 889
474 475
474 477
474 598
474 631
474 858
474 860
474 885
474 999
475 479
475 604
475 703
475 767
475 936
475 967
475 972
476 549
476 750
476 756
476 775
476 889
476 900
476 909
476 925
476 937
476 968
477 479
477 538
477 540
477 604
477 668
477 684
477 722
477 742
477 855
477 908
477 931
477 994
478 501
478 547
478 552
478 568
478 659
478 665
478 836
478 969
479 582
479 604
479 618
479 674
479 720
479 773
480 494
480 511
480 611
480 644
480 657
480 703
480 738
480 742
480 749
480 831
481 535
481 584
481 596
481 667
481 847
482 485
482 488
482 489
482 503
482 595
482 632
482 958
482 964
483 532
483 582
483 819
483 935
484 486
484 495
484 645
484 688
484 757
484 957
484 958
485 486
485 489
485 958
485 991
486 488
486 489
486 666
486 731
487 515
487 588
487 664
487 681
487 683
487 684
487 688
487 796
487 872
488 489
488 567
488 788
488 837
488 871
488 958
489 638
489 709
489 873
489 958
490 558
490 561
490 690
490 749
490 758
490 766
490 987
491 530
491 532
491 612
491 658
491 795
491 829
491 936
491 952
491 958
491 995
492 500
492 729
492 838
492 869
492 893
492 994
493 496
493 497
493 498
493 529
493 699
493 714
493 799
493 959
493 963
494 639
494 657
494 671
494 741
494 762
494 799
494 902
494 924
494 942
495 551
495 553
495 560
495 648
495 687
495 702
495 726
495 730
495 753
495 836
495 989
496 497
496 498
496 500
496 602
496 699
496 872
496 903
496 909
497 500
497 646
497 798
497 921
497 996
498 615
498 698
498 699
498 720
498 751
498 865
498 938
499 704
499 705
499 706
499 707
499 709
499 710
499 816
499 828
499 846
500 644
500 646
500 682
500 699
500 712
500 725
501 520
501 547
501 552
501 568
501 632
501 659
501 752
501 782
502 504
502 506
502 507
502 509
502 533
502 704
502 730
502 820
502 909
503 571
503 572
503 573
503 574
503 578
503 636
503 690
503 750
503 805
503 845
503 880
504 506
504 507
504 509
504 510
504 674
505 679
505 918
505 981
506 507
506 509
506 620
506 755
506 770
506 805
507 509
507 510
507 593
507 692
507 757
507 794
507 863
507 950
508 610
508 684
508 740
508 879
509 510
509 608
509 632
509 702
509 899
509 943
509 989
510 682
510 768
510 787
510 864
510 923
511 562
511 563
511 564
511 565
511 569
511 625
511 751
511 806
511 940
512 513
512 514
512 515
512 516
512 518
512 527
512 556
512 616
512 654
512 667
512 870
512 954
512 969
512 992
513 514
513 515
513 516
513 518
513 520
513 556
513 601
513 642
513 664
513 699
513 763
513 793
513 822
513 930
513 954
513 972
514 516
514 518
514 520
514 556
514 576
514 601
514 649
514 779
514 822
514 884
514 925
514 954
515 516
515 518
515 520
515 527
515 556
515 601
515 648
515 726
515 822
515 949
515 954
515 992
516 518
516 520
516 527
516 533
516 556
516 604
516 610
516 668
516 671
516 701
516 822
516 910
516 954
517 576
517 626
517 693
517 695
517 696
517 698
517 700
517 795
517 879
517 955
517 985
518 520
518 524
518 527
518 552
518 556
518 601
518 725
518 822
518 834
518 866
518 888
518 946
518 962
519 536
519 751
519 962
519 972
519 974
519 975
519 976
519 978
520 556
520 601
520 669
520 671
520 772
520 776
520 800
520 822
520 873
520 882
520 890
520 954
520 973
521 523
521 524
521 525
521 529
521 530
521 608
521 765
521 917
521 990
522 523
522 524
522 525
522 528
522 529
522 763
522 770
522 820
522 921
522 964
522 990
523 524
523 525
523 528
523 529
523 530
523 573
523 764
523 779
523 964
524 525
524 528
524 529
524 530
524 622
524 634
524 656
524 823
524 846
524 939
524 990
524 994
525 528
525 529
525 530
525 727
525 953
525 964
525 968
525 990
526 535
526 582
526 712
526 752
526 753
526 755
526 759
526 760
526 988
527 549
527 556
527 601
527 635
527 685
527 753
527 768
527 787
527 819
527 822
527 954
528 530
528 640
528 657
528 660
528 816
528 932
528 964
528 990
528 995
529 530
529 675
529 696
529 779
529 807
529 855
529 990
530 558
530 571
530 642
530 663
530 755
530 964
530 967
530 990
531 586
531 603
531 729
531 821
531 971
532 602
532 643
532 712
532 713
532 715
532 718
532 719
532 720
532 762
532 852
532 871
532 874
532 876
532 877
532 889
532 999
533 534
533 535
533 536
533 537
533 538
533 539
533 735
533 741
533 779
533 849
533 943
533 945
534 535
534 536
534 537
534 538
534 539
534 612
534 684
534 741
534 906
534 991
535 536
535 538
535 539
535 741
535 745
535 812
535 816
535 844
535 876
535 898
535 900
535 914
536 537
536 538
536 539
536 852
536 886
536 961
537 538
537 539
537 589
537 630
537 741
537 950
537 987
538 612
538 741
538 758
538 877
538 913
538 948
539 586
539 741
539 749
539 786
539 811
539 812
539 835
539 898
539 969
540 596
540 607
540 668
540 766
540 798
540 861
540 862
540 863
540 864
540 868
540 869
540 870
540 974
541 544
541 545
541 546
541 548
541 549
541 550
541 595
541 675
541 751
541 836
541 887
541 905
541 911
542 544
542 545
542 546
542 548
542 550
542 636
542 673
542 713
542 775
542 848
542 905
542 955
543 825
543 855
543 899
543 905
544 545
544 546
544 548
544 549
544 694
544 705
544 736
544 823
544 905
545 546
545 548
545 549
545 568
545 596
545 905
545 963
546 548
546 549
546 550
546 555
546 820
546 823
546 905
546 950
547 659
547 771
547 922
548 549
548 550
548 613
548 642
548 688
548 694
548 773
548 821
548 823
548 904
548 905
549 550
549 665
549 770
549 823
549 836
549 880
549 905
549 967
549 993
550 561
550 566
550 823
550 905
551 553
551 554
551 560
551 736
551 852
551 938
551 974
552 629
552 657
552 659
552 677
552 697
552 808
553 558
553 559
553 560
553 832
553 889
553 972
554 559
554 560
554 583
554 604
554 652
554 679
554 702
554 884
555 726
555 756
555 760
555 818
555 836
556 557
556 601
556 687
556 801
556 805
556 806
556 822
556 886
556 942
556 954
557 766
557 870
558 559
558 602
558 699
558 702
559 560
559 674
559 702
559 783
559 811
559 880
560 661
560 702
560 838
560 878
560 921
561 562
561 563
561 564
561 565
561 568
561 569
561 636
561 719
561 741
561 751
561 852
561 889
562 563
562 564
562 565
562 568
562 569
562 751
562 877
562 889
562 931
562 999
563 565
563 568
563 569
563 574
563 646
563 689
563 751
563 765
563 889
563 958
564 565
564 568
564 569
564 697
564 712
564 751
564 760
564 889
564 939
565 568
565 569
565 607
565 647
565 751
565 889
565 907
566 590
566 829
566 836
566 840
566 848
566 932
566 943
566 964
567 637
567 649
567 731
567 767
568 569
568 577
568 751
568 889
568 958
569 751
569 860
569 889
569 941
569 987
570 640
570 726
570 758
570 883
570 884
570 887
570 890
570 927
570 956
570 997
571 572
571 573
571 574
571 575
571 578
571 579
571 580
571 617
571 618
571 636
571 654
571 690
571 796
571 962
572 573
572 574
572 575
572 578
572 579
572 601
572 636
572 690
572 697
572 901
572 920
572 945
572 962
572 975
573 575
573 578
573 580
573 636
573 690
573 810
573 989
574 575
574 578
574 579
574 580
574 636
574 690
574 692
574 945
574 954
574 962
575 578
575 579
575 636
575 690
575 734
575 841
575 843
575 845
575 962
576 667
576 668
576 711
576 735
577 581
577 622
577 660
577 881
577 991
578 580
578 607
578 630
578 636
578 682
578 690
578 700
578 762
578 798
578 819
578 962
579 580
579 623
579 636
579 698
579 905
579 962
580 636
580 656
580 690
580 835
580 853
580 935
580 962
581 587
581 589
581 590
581 591
581 662
581 701
581 735
581 801
581 853
581 878
581 942
581 975
582 620
582 655
582 828
582 873
582 878
582 986
583 595
583 711
583 807
583 898
583 921
583 922
583 923
583 924
583 926
583 927
583 929
583 930
584 627
584 670
584 679
584 839
585 605
585 915
585 944
585 989
586 587
586 589
586 590
586 591
586 691
586 801
586 841
586 850
586 851
586 897
587 589
587 619
587 746
587 881
587 915
588 681
588 683
588 684
588 685
588 686
588 687
588 689
589 590
589 591
589 628
589 801
589 829
589 909
589 920
590 591
590 616
590 632
590 691
590 737
590 801
590 807
590 811
591 801
591 814
591 851
591 900
591 922
592 595
592 597
592 598
592 599
592 649
592 694
592 760
592 779
592 841
592 853
592 885
592 908
592 909
592 945
593 648
593 834
593 936
594 600
594 617
594 670
594 762
594 800
594 912
594 913
594 914
594 915
594 916
594 919
594 920
595 597
595 598
595 600
595 642
595 738
596 668
596 670
596 686
596 750
596 823
596 862
596 863
596 866
596 867
596 868
596 870
597 598
597 599
597 601
597 693
597 779
597 887
597 907
598 600
598 693
598 779
598 808
598 887
598 949
598 987
599 600
599 779
599 865
599 952
600 613
600 632
600 779
600 857
600 870
601 920
601 937
601 947
601 954
602 712
602 713
602 714
602 715
602 716
602 719
602 824
603 607
603 609
603 610
603 659
603 691
603 882
603 905
603 942
603 977
604 647
604 687
604 889
604 938
605 672
605 774
605 854
605 961
605 967
606 607
606 608
606 609
606 765
606 827
606 889
606 902
606 969
606 977
607 608
607 609
607 610
607 677
607 688
607 913
608 610
608 617
608 631
608 682
608 691
608 704
608 738
608 977
608 989
609 610
609 691
609 752
609 901
609 916
609 977
609 989
610 623
610 701
610 771
610 948
610 954
610 977
611 613
611 614
611 615
611 618
611 622
611 645
611 654
611 661
611 947
612 613
612 614
612 615
612 616
612 620
612 892
613 614
613 615
613 616
613 620
613 708
613 851
613 895
613 918
613 953
614 616
614 618
614 620
614 660
614 753
614 961
614 994
615 618
615 620
615 889
615 903
615 924
615 993
616 618
616 620
616 853
617 639
617 667
617 710
617 762
617 800
617 826
617 865
617 913
617 914
617 915
617 917
617 972
618 620
618 627
618 635
618 808
618 838
618 873
618 877
618 902
618 997
619 649
619 705
619 712
619 746
619 788
619 940
619 955
619 992
619 995
620 681
620 735
620 806
620 876
620 979
621 624
621 626
621 628
621 629
621 630
621 717
621 873
622 710
622 765
622 916
623 625
623 626
623 627
623 628
623 629
623 630
623 679
623 699
623 751
623 757
623 850
623 955
624 625
624 626
624 627
624 628
624 629
624 630
624 649
624 749
624 757
624 795
625 626
625 627
625 628
625 629
625 630
625 669
625 729
625 732
625 757
625 819
625 832
625 852
626 627
626 628
626 629
626 630
626 711
626 757
626 853
626 916
626 933
626 957
627 628
627 629
627 630
627 843
627 913
627 938
627 959
628 629
628 630
628 757
628 798
629 630
629 637
629 728
629 736
629 757
629 811
629 825
629 993
630 757
630 834
630 835
630 905
630 933
630 994
631 632
631 633
631 634
631 638
631 639
631 640
631 739
631 771
631 794
631 942
631 970
632 633
632 634
632 638
632 639
632 640
632 666
632 711
632 739
632 794
632 929
632 942
632 960
633 638
633 639
633 640
633 711
633 739
633 943
634 638
634 639
634 640
634 711
634 739
634 775
634 794
634 855
634 881
634 942
635 638
635 722
635 845
635 967
635 970
635 993
635 994
636 690
637 682
637 767
637 921
638 640
638 711
638 714
638 739
638 759
638 782
638 794
639 640
639 662
639 711
639 752
639 766
639 942
639 977
640 711
640 739
640 779
640 829
641 642
641 647
641 648
641 649
641 701
641 805
641 819
641 881
642 643
642 644
642 645
642 647
642 648
642 650
642 664
642 691
642 702
642 750
642 781
642 805
642 814
642 894
642 909
642 993
643 644
643 647
643 648
643 649
643 701
643 761
643 788
643 805
643 865
643 960
644 645
644 649
644 650
644 652
644 671
644 701
644 791
644 805
644 836
644 878
644 936
645 647
645 648
645 650
645 701
645 805
645 882
645 976
646 911
647 648
647 650
647 701
647 799
647 959
648 649
648 650
648 719
648 738
648 770
648 787
648 805
648 811
648 870
648 875
648 991
649 650
649 701
649 805
649 876
649 895
650 704
650 826
650 909
650 946
651 652
651 655
651 795
651 828
651 831
652 655
652 658
652 779
652 795
652 913
652 915
653 698
653 807
653 809
653 816
653 833
653 928
654 769
654 842
654 888
654 899
654 965
654 977
654 985
655 658
655 795
655 819
656 696
656 764
656 894
656 944
656 972
656 973
656 974
656 975
656 976
656 978
657 724
657 769
657 821
658 770
658 806
658 829
658 898
659 664
659 810
659 902
659 974
659 996
660 692
660 830
660 857
660 900
660 945
660 948
660 950
661 662
661 663
661 667
661 669
661 787
661 788
661 818
661 841
661 953
662 663
662 666
662 669
662 670
662 773
662 814
663 666
663 667
663 669
663 670
663 968
664 757
664 804
664 841
664 843
664 844
664 847
664 850
665 669
665 671
665 674
665 675
665 676
665 677
665 678
665 679
665 803
665 843
665 980
666 667
666 670
666 868
667 669
667 670
667 717
667 990
668 848
668 861
668 862
668 863
668 864
668 866
668 867
668 870
668 918
668 950
669 670
669 697
669 716
669 749
669 851
669 854
669 863
669 948
670 671
670 867
670 926
671 672
671 675
671 676
671 678
671 679
671 869
671 942
671 980
672 674
672 675
672 676
672 678
672 679
672 682
672 711
673 689
673 867
674 675
674 676
674 678
674 679
674 723
674 802
674 807
674 980
675 676
675 678
675 679
675 749
675 855
676 678
676 887
676 895
676 966
676 980
677 693
677 764
677 811
677 929
678 697
678 765
678 823
678 839
678 980
679 754
679 853
679 952
679 971
679 980
680 691
680 713
680 910
681 682
681 683
681 685
681 686
681 687
681 688
681 689
682 683
682 685
682 687
682 688
682 689
682 707
682 809
682 907
683 685
683 686
683 689
684 685
684 686
684 688
684 689
684 714
684 754
684 986
685 686
685 687
685 689
685 739
685 767
685 785
686 687
686 688
686 689
686 697
686 723
687 688
687 689
687 745
687 817
687 909
688 816
688 984
689 870
689 907
689 912
690 756
690 921
690 962
690 997
691 968
691 977
692 720
692 759
692 843
692 850
692 955
693 695
693 696
693 698
693 704
693 761
693 805
693 848
694 695
694 698
694 700
694 813
694 819
694 934
694 981
695 697
695 698
695 700
695 752
695 875
695 924
696 697
696 698
696 700
696 703
696 774
696 942
697 698
697 700
697 703
697 776
697 814
697 863
697 892
698 742
698 810
698 866
699 925
699 995
700 732
700 758
701 713
701 900
702 871
703 705
703 711
703 800
703 944
704 706
704 707
704 708
704 709
704 837
704 846
705 706
705 707
705 708
705 709
705 710
705 719
705 824
705 846
705 892
706 707
706 708
706 709
706 710
706 711
706 980
707 708
707 709
707 710
707 911
707 918
707 936
707 939
707 942
707 947
708 709
708 721
708 765
708 878
708 950
708 960
709 710
709 768
709 830
709 846
710 843
710 844
710 846
710 896
710 971
710 988
710 989
711 794
711 929
712 713
712 715
712 716
712 718
712 719
712 720
712 729
712 868
712 920
712 936
712 985
712 999
713 714
713 715
713 718
713 719
713 720
713 745
713 999
714 715
714 716
714 718
714 719
714 805
714 999
715 716
715 718
715 719
715 720
715 729
715 772
715 999
716 718
716 720
716 917
716 986
716 999
717 777
717 859
718 719
718 800
718 875
718 957
718 985
718 999
719 795
719 814
719 870
719 955
719 982
719 999
720 896
720 958
720 959
720 999
721 723
721 724
721 725
721 726
721 727
721 812
721 821
721 929
721 953
721 964
722 764
722 802
722 845
722 906
722 911
722 993
723 724
723 725
723 726
723 727
723 728
723 734
723 748
723 953
724 726
724 727
724 728
724 735
724 783
724 919
724 953
725 726
725 727
725 728
725 763
725 768
725 834
725 952
725 953
726 728
726 745
726 784
727 728
727 852
727 863
727 920
727 953
728 734
728 848
728 882
728 953
728 965
728 990
728 997
729 731
729 745
729 856
729 916
729 938
729 959
729 961
730 777
730 802
730 981
730 982
730 984
730 985
730 987
730 989
730 998
731 732
731 734
731 735
731 737
731 740
731 762
731 796
731 837
731 876
731 878
731 910
731 931
732 735
732 736
732 737
732 738
732 740
732 796
732 876
732 910
732 931
732 974
732 999
733 734
733 735
733 736
733 737
733 738
733 740
733 796
733 888
733 894
733 910
733 931
733 941
734 735
734 736
734 737
734 738
734 740
734 803
734 804
734 831
734 851
734 876
734 931
734 957
734 996
735 736
735 737
735 738
735 740
735 796
735 848
735 876
735 910
735 913
736 737
736 740
736 785
736 796
736 860
736 876
736 931
737 738
737 740
737 760
737 876
737 910
737 996
738 740
738 818
738 876
738 910
738 931
739 762
739 794
739 828
739 849
739 942
739 951
739 959
740 796
740 864
740 867
740 874
740 876
740 890
740 918
740 931
740 937
740 960
741 804
742 743
742 744
742 748
742 750
742 757
742 778
742 855
742 934
742 954
742 982
743 744
743 745
743 746
743 747
743 748
743 749
743 750
743 948
743 965
744 745
744 746
744 748
744 907
744 915
744 934
745 748
745 749
745 750
745 764
745 769
745 775
745 787
745 870
745 895
745 910
745 934
746 747
746 748
746 749
746 750
746 814
746 845
746 934
747 748
747 749
747 750
747 934
747 971
748 749
748 750
748 824
748 927
748 934
749 840
749 934
750 934
751 811
752 753
752 754
752 755
752 756
752 759
752 760
752 856
752 901
753 755
753 756
753 759
753 760
754 755
754 756
754 760
754 836
754 899
754 955
755 756
755 759
755 760
755 819
755 893
756 759
757 818
757 819
757 958
757 977
758 793
758 882
758 883
758 884
758 886
758 887
758 890
758 940
758 945
759 760
759 827
759 835
759 872
759 949
760 847
760 900
761 765
761 766
761 768
761 769
762 800
762 801
762 803
762 829
762 851
762 912
762 913
762 914
762 915
762 916
762 917
762 919
762 920
763 764
763 765
763 766
763 768
763 769
763 770
764 765
764 768
764 769
764 770
764 863
765 766
765 768
765 769
765 773
765 816
765 885
765 930
766 768
766 769
766 770
767 781
767 823
767 869
767 899
768 769
768 770
769 770
769 783
769 909
769 921
770 772
770 777
770 795
771 772
771 774
772 776
772 778
773 871
773 951
773 952
773 957
773 959
773 960
773 989
774 776
774 778
774 781
774 792
774 871
774 910
774 945
775 788
775 792
775 883
775 884
775 885
775 886
775 888
776 778
776 793
776 895
777 864
777 886
777 948
778 860
778 867
778 931
779 891
779 910
780 818
780 901
780 902
780 903
780 906
780 907
780 940
780 964
781 784
781 788
781 790
781 918
781 928
781 943
782 785
782 790
782 866
782 876
782 907
783 784
783 785
783 788
783 790
784 785
784 788
784 790
785 788
785 790
785 894
785 900
786 791
786 793
786 797
786 798
786 799
786 863
786 879
786 881
786 892
786 974
786 984
786 988
787 836
787 899
788 790
789 933
789 952
789 979
790 815
790 836
791 797
791 798
791 799
791 853
791 881
791 897
791 956
791 961
791 988
792 803
792 914
792 982
793 797
793 798
793 799
793 881
793 918
793 956
793 988
794 897
794 913
795 842
795 909
795 912
795 919
796 811
796 910
796 931
797 798
797 799
797 881
797 896
797 956
797 988
798 819
798 881
798 908
798 956
798 988
799 881
799 956
799 984
799 988
800 815
800 852
800 912
800 913
800 914
800 916
800 917
800 919
800 920
800 929
800 979
802 803
802 804
802 808
802 890
802 950
802 974
803 804
803 806
803 807
803 808
803 810
804 806
804 807
804 809
804 826
805 946
805 949
806 807
806 810
806 850
806 852
806 910
807 808
807 809
807 810
807 839
807 894
807 990
808 809
808 810
808 886
809 810
809 901
809 986
809 989
810 859
811 850
811 904
811 955
812 813
812 814
812 815
812 816
812 820
812 933
812 940
812 999
813 814
813 815
813 816
813 817
813 820
813 878
813 933
813 954
813 985
813 1000
814 815
814 816
814 817
814 873
814 933
815 816
815 817
815 820
815 864
815 884
815 888
815 933
815 972
815 1000
816 817
816 820
817 820
817 961
818 831
818 832
818 833
818 834
818 835
818 836
818 837
818 838
818 839
818 873
818 885
818 911
818 969
819 845
819 857
819 891
819 962
820 969
821 824
821 825
821 826
821 829
821 830
821 947
821 988
822 866
822 954
823 890
823 905
824 825
824 826
824 827
824 829
824 830
824 947
825 826
825 827
825 829
825 830
825 920
825 947
826 827
826 829
826 830
826 835
826 863
826 947
827 829
827 830
828 862
828 942
829 847
829 950
830 859
830 940
831 832
831 833
831 834
831 835
831 836
831 838
831 839
831 969
832 833
832 835
832 836
832 837
832 838
832 839
832 851
832 865
832 885
832 969
833 834
833 835
833 836
833 838
833 839
833 865
833 957
833 969
834 835
834 839
834 854
834 969
835 836
835 838
835 839
835 969
836 837
836 838
836 883
836 944
836 969
836 985
837 838
837 839
837 969
838 839
838 908
838 931
838 969
838 985
839 870
839 969
840 888
841 843
841 844
841 845
841 847
841 848
841 850
841 999
842 936
842 978
843 844
843 847
843 850
843 921
844 877
845 911
845 971
845 993
845 998
847 848
847 850
847 873
847 881
847 960
848 850
848 940
849 880
849 891
849 892
849 893
849 894
849 895
849 896
849 897
849 899
850 988
851 852
851 854
851 856
851 857
851 858
851 859
851 860
851 963
851 976
852 853
852 854
852 855
852 856
852 857
852 858
852 859
852 860
852 864
852 953
852 963
852 970
853 854
853 855
853 856
853 858
853 859
853 860
853 918
853 963
853 995
854 855
854 856
854 857
854 858
854 859
854 860
854 883
854 925
854 935
854 963
855 856
855 857
855 858
855 859
855 882
855 916
855 963
856 857
856 858
856 859
856 860
856 963
857 858
857 859
857 860
857 902
857 913
857 963
858 859
858 860
858 867
858 967
858 969
858 970
859 860
860 913
861 863
861 867
861 869
861 870
861 908
861 913
862 864
862 866
862 867
862 869
862 924
862 956
863 864
863 866
863 867
863 868
863 869
863 935
863 941
864 866
864 868
864 870
864 898
864 921
865 910
865 919
865 932
865 978
866 867
866 868
866 869
866 870
866 926
866 995
867 932
867 999
868 869
868 870
869 870
869 915
870 906
870 939
871 903
871 952
871 955
871 957
871 959
871 960
871 996
872 873
872 874
872 875
872 879
872 880
872 964
872 969
872 982
873 874
873 875
873 878
873 879
873 880
873 908
873 938
874 875
874 878
874 880
874 966
874 976
874 987
875 878
875 879
875 880
875 961
876 910
876 931
877 918
878 879
878 880
878 922
878 958
879 880
879 928
880 977
881 988
882 884
882 886
882 888
882 890
882 944
883 886
883 887
883 890
883 923
883 975
884 886
884 887
884 888
884 890
885 920
885 937
886 887
886 888
886 901
887 888
887 890
887 936
888 890
889 916
890 903
890 944
890 962
891 892
891 894
891 895
891 896
891 897
891 899
891 936
892 893
892 894
892 895
892 896
892 897
892 998
893 894
893 895
893 896
893 897
893 899
893 969
894 896
894 899
895 897
895 899
895 974
896 899
896 952
897 913
897 931
897 973
897 980
898 983
898 990
899 964
900 947
900 968
901 902
901 903
901 904
901 906
901 909
901 919
901 979
902 903
902 904
902 906
902 907
902 908
902 909
902 969
903 904
903 906
903 907
903 908
903 972
904 906
904 908
904 909
905 956
906 907
906 909
907 954
908 909
911 950
911 971
911 973
911 993
912 913
912 914
912 915
912 917
912 919
912 920
912 925
913 914
913 915
913 916
913 917
913 919
913 920
913 930
914 915
914 916
914 917
914 919
914 920
914 932
915 916
915 917
915 919
915 920
915 928
916 917
916 919
916 920
917 919
917 920
918 926
918 941
918 958
919 920
919 973
920 929
921 922
921 923
921 926
921 928
921 929
921 930
922 923
922 924
922 926
922 927
922 928
922 929
923 924
923 927
923 928
923 929
923 930
923 1000
924 926
924 927
924 928
924 929
924 930
924 945
924 987
924 997
925 934
925 968
925 982
926 927
926 928
926 929
926 930
926 945
927 928
927 929
928 929
928 930
928 973
932 937
932 938
933 975
936 937
936 938
936 939
937 938
938 939
938 965
941 945
941 946
941 949
941 950
942 961
945 948
945 949
945 950
946 948
946 949
946 950
949 950
950 951
951 952
951 957
951 960
952 959
952 960
952 963
956 961
956 988
957 959
957 960
959 960
960 977
960 992
961 966
961 967
961 978
961 993
964 975
966 967
966 984
970 971
970 993
971 997
972 973
972 974
972 975
972 976
972 978
972 981
973 974
973 975
973 976
973 978
974 975
974 976
974 978
974 996
975 976
975 978
976 978
976 989
981 982
981 984
981 985
981 987
982 984
982 985
982 987
984 985
984 987
985 987
985 989
987 989
988 997
991 992
991 994
991 995
991 996
991 998
991 1000
992 996
992 998
992 1000
993 997
994 996
994 998
994 1000
995 996
995 1000
996 998
996 1000
998 1000
