1000 8775
1 2
1 3
1 4
1 5
1 6
1 7
1 8
1 10
1 15
1 49
1 94
1 167
1 253
1 343
1 352
1 437
1 557
1 584
1 665
1 719
1 783
1 832
2 3
2 4
2 7
2 8
2 9
2 10
2 15
2 19
2 20
2 125
2 157
2 284
2 362
2 365
2 399
2 455
2 472
2 506
2 605
2 686
2 753
2 936
3 4
3 6
3 7
3 9
3 10
3 486
3 525
3 574
3 602
3 632
3 639
3 750
4 5
4 6
4 7
4 8
4 9
4 10
4 15
4 73
4 145
4 196
4 228
4 315
4 443
4 555
5 7
5 10
5 29
5 54
5 205
5 212
5 319
5 360
5 512
5 552
5 555
5 556
5 573
5 703
5 713
5 817
5 890
5 925
6 7
6 8
6 9
6 10
6 15
6 23
6 193
6 215
6 239
6 413
6 705
6 819
6 855
6 862
7 8
7 9
7 10
7 124
7 125
7 137
7 169
7 225
7 420
7 516
7 585
7 645
7 844
7 942
7 943
7 998
8 9
8 10
8 15
8 145
8 202
8 244
8 253
8 273
8 345
8 433
8 456
8 516
8 518
8 676
8 857
8 933
9 10
9 15
9 162
9 254
9 570
9 592
9 871
10 15
10 23
10 41
10 236
10 356
10 541
10 869
11 16
11 19
11 20
11 230
11 270
11 271
11 305
11 502
11 531
11 571
11 687
11 934
11 977
12 14
12 16
12 19
12 20
12 152
12 270
12 339
12 548
12 563
12 687
12 744
12 803
12 845
12 864
12 874
13 14
13 16
13 18
13 19
13 20
13 107
13 195
13 246
13 265
13 538
13 596
13 605
13 616
13 632
13 939
13 950
14 16
14 18
14 20
14 29
14 38
14 63
14 112
14 156
14 164
14 201
14 270
14 431
14 668
14 817
14 837
14 908
14 951
15 99
15 198
15 283
15 307
15 327
15 374
15 481
15 524
15 544
15 565
15 645
15 735
15 959
15 987
16 18
16 20
16 89
16 201
16 592
16 651
16 687
16 738
16 788
16 876
16 882
16 909
16 924
17 66
17 225
17 335
17 392
17 477
17 511
17 512
17 517
17 520
17 530
17 667
17 705
17 734
17 747
17 787
17 826
17 887
17 956
17 989
18 19
18 20
18 218
18 270
18 283
18 539
18 605
18 687
18 705
18 756
18 782
18 860
18 890
19 20
19 77
19 413
19 526
19 530
19 559
19 605
19 652
19 687
20 26
20 146
20 175
20 270
20 356
20 436
20 440
20 447
20 451
20 459
20 577
20 590
20 622
20 687
20 781
20 948
21 22
21 23
21 24
21 25
21 27
21 29
21 30
21 51
21 167
21 219
21 250
21 325
21 367
21 410
21 439
21 484
21 485
21 535
21 573
21 581
21 684
21 755
21 819
21 820
21 929
22 24
22 25
22 27
22 30
22 142
22 208
22 290
22 328
22 584
22 684
22 814
22 871
22 913
22 929
22 932
23 25
23 27
23 29
23 30
23 173
23 446
23 465
23 472
23 684
23 818
23 849
23 873
23 929
23 932
23 984
24 25
24 29
24 30
24 114
24 123
24 149
24 198
24 212
24 228
24 379
24 576
24 684
24 759
24 929
24 932
24 943
25 27
25 29
25 30
25 640
25 684
25 763
25 856
25 875
25 929
25 932
26 28
26 35
26 104
26 136
26 162
26 377
26 393
26 508
26 584
26 588
26 793
26 803
26 808
26 828
26 835
26 861
26 862
26 864
26 866
26 867
26 868
26 869
26 883
26 951
26 980
27 29
27 30
27 37
27 40
27 45
27 143
27 205
27 363
27 388
27 452
27 676
27 684
27 709
27 725
27 808
27 864
27 929
27 930
28 112
28 155
28 241
28 308
28 310
28 340
28 358
28 447
28 574
28 618
28 733
28 833
28 842
28 844
28 845
28 846
28 848
28 849
28 850
28 856
28 906
28 913
28 966
28 967
29 30
29 172
29 173
29 426
29 434
29 481
29 635
29 694
29 766
29 786
29 902
29 929
29 932
30 60
30 71
30 91
30 213
30 275
30 533
30 684
30 733
30 814
30 858
30 859
30 874
30 929
30 932
30 946
31 124
31 157
31 188
31 280
31 284
31 299
31 374
31 382
31 396
31 400
31 422
31 586
31 597
31 616
31 723
32 34
32 292
32 336
32 406
32 537
32 554
32 566
32 675
32 685
32 686
32 688
32 690
32 777
32 835
32 979
33 34
33 35
33 36
33 37
33 38
33 39
33 40
33 65
33 78
33 104
33 228
33 295
33 420
33 432
33 473
33 737
33 866
34 35
34 37
34 38
34 39
34 40
34 78
34 295
34 360
34 383
34 432
34 461
34 566
34 617
34 870
34 905
35 37
35 39
35 40
35 65
35 77
35 78
35 98
35 295
35 396
35 408
35 485
35 531
35 566
35 728
35 737
35 790
35 894
35 911
36 38
36 39
36 40
36 65
36 197
36 230
36 254
36 295
36 328
36 422
36 477
36 557
36 737
36 864
36 937
37 39
37 40
37 65
37 78
37 246
37 249
37 295
37 337
37 420
37 432
37 654
37 675
37 737
37 747
37 749
37 789
37 992
38 39
38 40
38 60
38 65
38 78
38 293
38 295
38 379
38 423
38 428
38 484
38 635
38 648
38 716
38 737
38 844
38 953
38 962
39 40
39 65
39 78
39 167
39 295
39 351
39 432
39 436
39 498
39 614
39 737
39 868
39 881
39 887
39 971
39 976
40 295
40 338
40 432
40 447
40 465
40 737
40 766
40 808
41 60
41 112
41 173
41 238
41 248
41 264
41 438
41 444
41 448
41 449
41 469
41 482
41 521
41 673
41 748
41 758
41 765
41 847
41 884
41 907
42 43
42 44
42 45
42 46
42 47
42 49
42 50
42 123
42 165
42 325
42 404
42 429
42 502
42 506
42 727
42 936
43 44
43 45
43 46
43 49
43 50
43 92
43 404
43 483
43 502
43 588
43 685
43 837
44 45
44 47
44 49
44 50
44 153
44 303
44 315
44 320
44 361
44 404
44 415
44 491
44 502
44 505
44 529
44 640
44 742
44 745
44 839
44 844
44 952
45 46
45 47
45 49
45 157
45 224
45 284
45 313
45 324
45 358
45 404
45 505
45 581
45 583
45 635
45 643
45 813
46 47
46 50
46 207
46 300
46 402
46 404
46 502
46 534
46 596
46 630
46 695
46 704
46 740
46 773
46 838
46 877
47 49
47 50
47 56
47 317
47 439
47 502
47 625
47 668
47 702
47 814
47 896
47 932
48 78
48 157
48 178
48 301
48 303
48 304
48 305
48 306
48 307
48 309
48 310
48 414
48 432
48 568
48 817
48 897
48 962
48 966
49 50
49 404
49 454
49 502
49 532
49 719
49 722
49 736
49 805
49 919
49 932
50 189
50 302
50 404
50 502
50 520
50 864
50 893
50 948
51 52
51 53
51 54
51 55
51 57
51 65
51 156
51 187
51 206
51 233
51 336
51 368
51 497
51 544
51 707
51 759
51 777
51 792
52 53
52 54
52 55
52 57
52 58
52 401
52 470
52 551
52 673
52 675
52 811
53 54
53 57
53 300
53 318
53 444
53 777
53 916
53 950
54 55
54 57
54 133
54 413
54 475
54 495
54 585
54 686
54 739
54 831
54 886
55 57
55 98
55 99
55 349
55 404
55 460
55 592
55 612
55 877
56 199
56 228
56 248
56 302
56 437
56 448
56 451
56 488
56 503
56 506
56 507
56 508
56 603
56 731
56 819
56 923
57 58
57 59
57 167
57 218
57 249
57 343
57 562
57 659
57 709
57 727
57 983
57 997
58 75
58 145
58 262
58 269
58 322
58 390
58 424
58 478
58 581
58 600
58 601
58 993
59 122
59 125
59 197
59 271
59 273
59 274
59 275
59 276
59 279
59 293
59 363
59 645
59 683
59 941
60 160
60 205
60 234
60 267
60 279
60 317
60 399
60 565
60 799
60 813
60 817
60 820
60 834
60 969
60 986
60 987
61 62
61 67
61 68
61 69
61 148
61 234
61 247
61 413
61 446
61 484
61 489
61 517
61 538
61 542
61 745
61 853
61 879
61 988
62 66
62 68
62 69
62 70
62 271
62 320
62 364
62 413
62 446
62 458
62 472
62 501
62 528
62 538
62 631
62 698
62 745
62 902
63 66
63 67
63 68
63 69
63 70
63 146
63 161
63 188
63 228
63 413
63 446
63 538
63 542
63 544
63 580
63 711
63 745
63 843
63 973
64 98
64 176
64 187
64 191
64 192
64 193
64 194
64 195
64 197
64 198
64 199
64 200
64 340
64 589
64 611
64 701
64 777
64 796
64 802
64 859
64 872
64 883
64 994
65 78
65 247
65 295
65 365
65 403
65 432
65 455
65 532
65 547
65 602
65 670
65 737
65 739
65 964
66 67
66 68
66 69
66 70
66 134
66 232
66 269
66 355
66 413
66 538
66 542
66 564
66 745
66 965
67 68
67 69
67 120
67 413
67 440
67 527
67 538
67 542
67 634
67 663
67 745
67 953
68 69
68 70
68 214
68 225
68 290
68 377
68 446
68 538
68 542
68 713
68 745
68 890
69 70
69 188
69 350
69 413
69 436
69 446
69 448
69 538
69 542
69 567
69 745
69 753
69 864
69 928
69 938
70 159
70 438
70 446
70 503
70 538
70 542
70 590
70 745
70 794
70 838
70 880
70 963
71 74
71 75
71 79
71 80
71 168
71 332
71 394
71 471
71 477
71 673
71 976
72 135
72 148
72 245
72 265
72 287
72 370
72 372
72 402
72 403
72 405
72 406
72 410
72 411
72 545
72 570
72 587
72 655
72 680
72 839
72 908
72 938
73 98
73 104
73 236
73 321
73 322
73 323
73 324
73 325
73 326
73 328
73 329
73 330
73 405
73 472
73 518
73 554
73 622
73 706
73 823
73 931
73 1000
74 75
74 76
74 79
74 345
74 390
74 394
74 405
74 425
74 489
74 636
74 673
74 803
74 856
74 894
74 955
75 76
75 79
75 80
75 87
75 100
75 160
75 173
75 184
75 203
75 366
75 394
75 600
75 673
75 740
75 817
75 852
75 880
75 996
76 79
76 80
76 175
76 394
76 409
76 539
76 673
76 888
76 953
77 159
77 201
77 249
77 263
77 371
77 373
77 374
77 375
77 376
77 378
77 379
77 389
77 397
77 420
77 608
77 692
77 771
78 222
78 295
78 432
78 442
78 516
78 551
78 572
78 584
78 586
78 605
78 623
78 725
78 805
78 886
78 925
78 935
79 80
79 126
79 329
79 394
79 397
79 431
79 673
79 736
79 930
79 988
80 394
80 451
80 673
80 713
81 118
81 187
81 209
81 285
81 314
81 323
81 399
81 420
81 507
81 554
81 580
81 694
81 741
81 754
81 785
81 881
81 882
81 883
81 885
81 887
81 890
81 965
81 991
82 84
82 85
82 87
82 88
82 188
82 212
82 246
82 287
82 302
82 323
82 400
82 408
82 431
82 503
82 531
82 765
82 783
82 837
83 126
83 200
83 218
83 306
83 454
83 761
83 805
83 844
83 891
83 892
83 893
83 894
83 895
83 896
83 898
83 901
83 991
84 85
84 86
84 87
84 89
84 292
84 569
84 740
84 958
84 990
85 86
85 87
85 88
85 89
85 139
85 267
85 287
85 568
85 647
85 728
85 783
85 835
85 931
86 87
86 88
86 89
86 119
86 176
86 245
86 287
86 452
86 504
86 547
86 593
86 625
86 747
86 783
86 887
87 88
87 310
87 387
87 436
87 442
87 528
87 738
87 771
87 783
87 810
88 89
88 287
88 321
88 441
88 549
88 724
88 750
88 829
88 856
88 892
88 925
89 123
89 279
89 287
89 633
89 783
89 838
89 942
89 958
90 137
90 188
90 235
90 254
90 291
90 298
90 357
90 408
90 421
90 426
90 430
90 441
90 629
90 631
90 812
90 928
91 114
91 207
91 309
91 327
91 375
91 429
91 468
91 481
91 521
91 524
91 525
91 526
91 527
91 529
91 637
91 794
91 843
91 869
91 872
91 876
91 938
91 976
92 95
92 96
92 97
92 257
92 344
92 407
92 509
92 543
92 552
92 634
92 660
92 715
92 800
92 858
92 862
92 871
92 914
92 956
92 963
93 94
93 96
93 97
93 271
93 407
93 489
93 493
93 532
93 714
93 750
93 912
93 959
93 996
94 96
94 99
94 346
94 498
94 555
94 612
94 735
94 746
94 825
94 912
95 96
95 97
95 300
95 445
95 532
95 601
95 669
95 758
95 830
95 897
95 912
96 97
96 135
96 167
96 188
96 236
96 532
96 623
96 701
96 876
96 912
96 980
96 982
96 993
97 316
97 532
97 564
97 622
97 641
97 678
97 696
97 701
97 773
97 777
97 785
97 847
97 963
97 1000
98 123
98 191
98 192
98 193
98 195
98 196
98 197
98 198
98 199
98 200
98 282
98 476
98 582
98 584
98 649
98 688
98 747
98 786
98 788
98 904
98 979
98 994
99 127
99 200
99 227
99 496
99 546
99 549
99 575
99 576
99 578
99 580
99 638
99 660
99 827
99 951
99 985
100 167
100 169
100 186
100 418
100 516
100 517
100 531
100 688
100 824
100 826
100 827
100 830
100 898
100 923
101 104
101 106
101 107
101 108
101 109
101 128
101 132
101 224
101 256
101 323
101 425
101 434
101 548
101 692
101 698
101 767
102 144
102 166
102 262
102 281
102 324
102 368
102 413
102 443
102 455
102 597
102 685
102 716
102 734
102 736
102 740
102 792
102 920
102 996
103 106
103 107
103 110
103 128
103 132
103 211
103 312
103 333
103 394
103 398
103 410
103 425
103 569
103 698
103 854
103 898
103 965
104 106
104 107
104 108
104 109
104 110
104 132
104 218
104 425
104 560
104 691
104 698
104 734
104 953
105 220
105 231
105 327
105 402
105 415
105 476
105 803
105 804
105 806
105 807
105 808
105 809
105 810
105 839
105 959
105 998
106 108
106 109
106 110
106 128
106 132
106 237
106 366
106 425
106 427
106 548
106 603
106 889
106 931
107 108
107 109
107 110
107 132
107 150
107 163
107 217
107 280
107 332
107 350
107 425
107 698
107 710
107 954
107 972
107 1000
108 109
108 132
108 296
108 425
108 429
108 511
108 698
108 746
108 771
108 809
108 869
108 960
109 110
109 128
109 132
109 228
109 248
109 425
109 514
109 702
109 747
109 909
109 967
109 996
110 132
110 180
110 406
110 425
110 846
111 137
111 141
111 142
111 143
111 144
111 145
111 147
111 149
111 159
111 263
111 399
111 401
111 502
111 503
111 528
111 563
111 681
111 883
111 897
111 950
111 990
112 113
112 114
112 115
112 116
112 125
112 222
112 234
112 342
112 370
112 446
112 530
112 799
112 854
112 893
112 940
112 977
113 114
113 115
113 116
113 118
113 203
113 222
113 233
113 244
113 254
113 324
113 342
113 530
113 725
113 780
113 817
113 831
113 854
113 909
114 115
114 116
114 118
114 241
114 342
114 495
114 511
114 530
114 596
114 645
114 660
114 704
114 854
114 942
115 116
115 118
115 133
115 222
115 342
115 360
115 390
115 530
115 605
115 661
115 719
115 854
115 905
115 932
116 118
116 254
116 350
116 411
116 530
116 719
116 752
116 854
116 934
116 966
117 304
117 427
117 524
117 534
117 583
117 601
117 603
117 606
117 607
117 608
117 609
117 634
117 650
117 823
117 874
117 950
117 966
117 978
118 222
118 342
118 402
118 613
118 614
118 640
118 665
118 673
118 840
118 854
118 914
119 123
119 138
119 290
119 354
119 565
119 576
119 687
119 693
119 736
119 757
119 838
119 872
119 874
119 876
119 877
119 878
119 879
119 974
120 136
120 150
120 185
120 250
120 379
120 387
120 453
120 601
120 652
120 656
120 657
120 659
120 660
120 750
120 781
120 783
120 811
120 845
120 894
120 982
120 985
121 122
121 123
121 124
121 125
121 126
121 129
121 132
121 202
121 226
121 356
121 463
121 591
121 605
121 722
121 858
122 123
122 124
122 125
122 126
122 129
122 166
122 192
122 330
122 403
122 531
122 546
122 553
122 592
122 653
122 705
123 125
123 126
123 129
123 130
123 150
123 162
123 278
123 290
123 441
123 569
123 606
123 626
123 658
123 755
123 808
123 850
123 944
124 125
124 126
124 129
124 130
124 135
124 281
124 294
124 299
124 694
124 757
124 768
124 923
124 933
124 972
125 126
125 129
125 238
125 541
125 741
125 757
125 819
125 849
125 878
125 893
125 961
126 129
126 240
126 251
126 267
126 375
126 397
126 479
126 543
126 602
126 667
126 676
126 738
126 770
126 779
126 896
126 912
127 178
127 304
127 329
127 571
127 573
127 575
127 576
127 577
127 578
127 580
127 586
127 831
127 863
127 882
127 898
127 911
128 132
128 417
128 425
128 635
128 648
128 672
128 710
128 835
128 837
128 966
129 130
129 275
129 293
129 320
129 545
129 597
129 602
129 770
129 873
129 968
130 149
130 330
130 360
130 413
130 431
130 631
130 658
130 665
130 669
130 672
130 678
130 776
130 916
130 953
130 960
130 964
131 133
131 134
131 135
131 136
131 138
131 154
131 256
131 356
131 440
131 593
131 625
132 313
132 425
132 508
132 572
132 591
132 617
132 698
132 777
132 847
133 134
133 135
133 136
133 138
133 140
133 157
133 186
133 220
133 240
133 271
133 370
133 406
133 456
133 494
133 628
133 663
133 795
133 935
134 136
134 138
134 140
134 150
134 251
134 295
134 305
134 525
134 593
135 138
135 140
135 220
135 230
135 273
135 284
135 570
135 583
135 593
135 637
135 684
135 733
135 795
136 138
136 140
136 190
136 251
136 360
136 426
136 573
136 692
136 795
136 816
136 895
137 142
137 143
137 144
137 145
137 147
137 149
137 195
137 247
137 401
137 528
137 618
137 619
137 911
137 950
137 984
137 998
138 140
138 241
138 456
138 531
138 593
138 635
138 795
138 954
139 187
139 242
139 244
139 342
139 362
139 505
139 551
139 697
139 710
139 843
139 911
139 913
139 917
139 918
139 919
139 920
140 187
140 232
140 401
140 593
140 655
140 765
140 766
140 793
140 795
140 831
141 142
141 144
141 145
141 148
141 149
141 300
141 465
141 477
141 735
141 796
141 983
141 990
142 143
142 148
142 149
142 335
142 376
142 396
142 459
142 504
142 510
142 550
142 622
142 949
142 950
142 985
143 144
143 145
143 147
143 148
143 149
143 287
143 606
143 748
143 801
143 948
143 950
144 145
144 147
144 155
144 587
144 762
144 822
144 903
144 950
145 148
145 149
145 390
145 545
145 588
145 623
145 678
145 750
145 925
145 944
145 950
146 157
146 207
146 307
146 407
146 435
146 479
146 547
146 662
146 716
146 751
146 779
146 884
146 889
146 901
146 902
146 904
146 905
146 906
146 910
146 914
147 148
147 149
147 300
147 449
147 491
147 542
147 649
147 682
147 856
147 907
147 950
147 987
148 149
148 233
148 446
148 455
148 473
148 557
148 558
148 600
148 621
148 678
148 696
148 834
148 849
148 950
148 960
149 160
149 334
149 466
149 504
149 510
149 597
149 617
149 681
149 759
149 827
149 833
149 948
150 232
150 281
150 306
150 363
150 387
150 495
150 562
150 593
150 640
150 653
150 656
150 657
150 659
150 660
150 827
150 899
151 153
151 155
151 158
151 159
151 236
151 351
151 511
151 517
151 565
151 738
151 794
151 807
151 855
151 861
151 917
151 965
152 153
152 154
152 158
152 159
152 160
152 214
152 397
152 400
152 535
152 557
152 802
152 838
152 938
153 155
153 158
153 159
153 160
153 174
153 236
153 293
153 455
153 456
153 492
153 547
153 720
153 780
153 872
153 875
154 155
154 158
154 160
154 195
154 270
154 396
154 397
154 443
154 448
154 532
154 689
154 843
154 908
154 938
154 981
154 993
155 158
155 159
155 160
155 164
155 236
155 397
155 469
155 475
155 802
155 820
155 859
155 915
155 938
156 260
156 342
156 346
156 658
156 760
156 768
156 785
156 788
156 789
156 853
156 883
156 932
156 991
157 188
157 205
157 301
157 303
157 304
157 305
157 306
157 308
157 309
157 310
157 347
157 358
157 414
157 495
157 518
157 534
157 560
157 676
158 159
158 236
158 261
158 320
158 351
158 397
158 413
158 692
158 761
158 781
158 892
158 895
158 922
158 938
158 974
158 980
159 236
159 379
159 397
159 456
159 539
159 557
159 662
159 759
159 853
159 933
159 938
159 940
160 180
160 203
160 236
160 374
160 384
160 397
160 473
160 625
160 676
160 758
160 938
161 163
161 169
161 170
161 206
161 221
161 294
161 316
161 353
161 640
161 714
161 743
161 759
161 782
161 801
161 822
161 835
161 868
161 873
161 992
161 996
162 377
162 584
162 612
162 644
162 731
162 793
162 802
162 806
162 808
162 861
162 862
162 866
162 867
162 869
162 929
162 972
163 169
163 170
163 221
163 294
163 316
163 349
163 373
163 478
163 486
163 533
163 766
163 893
163 895
163 925
164 188
164 201
164 353
164 536
164 548
164 738
164 754
164 798
164 828
164 895
164 899
164 921
164 922
164 924
164 925
164 927
164 978
165 446
165 481
165 482
165 483
165 485
165 486
165 487
165 490
165 683
165 710
165 750
165 810
165 863
165 936
165 988
166 222
166 262
166 281
166 289
166 444
166 513
166 621
166 715
166 732
166 734
166 738
166 739
166 792
166 838
166 930
166 979
167 217
167 407
167 451
167 470
167 516
167 672
167 694
167 823
167 824
167 825
167 826
167 827
167 828
167 830
167 923
167 941
168 199
168 258
168 345
168 471
168 490
168 681
168 931
168 933
168 991
169 170
169 191
169 221
169 249
169 294
169 349
169 620
169 711
169 718
169 767
169 828
169 867
169 992
170 221
170 230
170 250
170 294
170 349
170 424
170 468
170 669
170 689
170 699
170 836
170 992
171 177
171 196
171 260
171 339
171 390
171 430
171 453
171 526
171 532
171 631
171 633
171 635
171 645
171 795
171 973
172 173
172 174
172 176
172 178
172 179
172 180
172 288
172 409
172 437
172 576
172 610
172 680
172 732
172 763
172 769
172 831
172 870
172 967
173 176
173 178
173 179
173 180
173 194
173 201
173 339
173 353
173 372
173 462
173 477
173 761
173 774
173 853
173 870
174 176
174 178
174 179
174 313
174 371
174 458
174 463
174 583
174 777
174 792
174 870
174 876
174 955
175 228
175 250
175 348
175 381
175 383
175 384
175 385
175 386
175 469
175 478
175 528
175 584
175 711
175 718
175 782
175 800
175 887
175 888
175 897
176 178
176 179
176 180
176 334
176 385
176 452
176 610
176 639
176 819
176 824
176 870
176 926
177 631
177 632
177 633
177 635
177 637
177 645
177 849
177 904
177 927
178 180
178 630
178 661
178 884
178 913
178 963
178 995
179 180
179 318
179 338
179 419
179 517
179 527
179 684
179 761
179 870
179 995
180 253
180 304
180 391
180 394
180 493
180 499
180 529
180 530
180 601
180 664
180 870
180 874
181 186
181 187
181 188
181 190
181 279
181 410
181 471
181 478
181 503
181 546
181 644
181 650
181 663
181 697
181 786
181 831
181 909
181 985
182 184
182 186
182 187
182 190
182 255
182 267
182 284
182 397
182 530
182 563
182 629
182 640
182 697
182 721
182 909
182 985
183 245
183 263
183 292
183 302
183 331
183 332
183 333
183 334
183 335
183 336
183 337
183 338
183 339
183 340
183 380
183 408
183 570
183 705
183 828
184 187
184 188
184 190
184 284
184 354
184 367
184 394
184 507
184 587
184 697
184 756
184 795
184 803
184 831
184 864
184 870
184 890
184 891
184 909
184 985
185 186
185 203
185 390
185 489
185 730
185 777
185 873
185 885
185 961
185 974
185 975
185 977
185 979
185 980
186 187
186 188
186 278
186 284
186 505
186 513
186 611
186 620
186 635
186 675
186 697
186 715
186 781
186 791
186 831
186 909
186 972
186 985
187 242
187 284
187 306
187 474
187 664
187 689
187 697
187 709
187 733
187 743
187 746
187 769
187 809
187 817
187 831
187 875
187 985
188 190
188 252
188 284
188 697
188 799
188 831
188 877
188 985
189 249
189 280
189 356
189 382
189 395
189 396
189 398
189 399
189 400
189 672
189 712
189 735
189 747
189 771
189 846
189 953
190 192
190 237
190 261
190 284
190 376
190 380
190 383
190 697
190 726
190 831
190 909
190 962
190 978
190 985
191 192
191 193
191 194
191 195
191 196
191 197
191 199
191 200
191 215
191 311
191 433
191 491
191 592
191 718
191 811
191 869
191 902
191 962
191 994
192 193
192 194
192 195
192 196
192 198
192 199
192 200
192 231
192 333
192 490
192 594
192 713
192 738
192 775
192 812
192 994
193 194
193 195
193 196
193 197
193 199
193 220
193 228
193 239
193 241
193 436
193 713
193 758
193 771
193 970
193 994
194 196
194 197
194 198
194 199
194 200
194 241
194 272
194 336
194 502
194 525
194 887
194 977
194 994
195 196
195 197
195 198
195 199
195 200
195 239
195 256
195 301
195 394
195 681
195 792
195 812
195 815
195 972
195 985
195 994
196 197
196 198
196 199
196 200
196 289
196 349
196 390
196 633
196 939
196 978
197 198
197 199
197 200
197 465
197 667
197 708
197 871
197 886
197 994
198 200
198 241
198 257
198 354
198 407
198 565
198 571
198 607
198 623
198 672
198 718
198 748
198 994
199 200
199 244
199 395
199 606
199 624
199 642
199 652
199 903
199 926
199 928
199 950
199 994
200 220
200 251
200 315
200 318
200 511
200 642
200 706
200 761
200 823
200 869
200 906
200 994
201 249
201 371
201 373
201 374
201 375
201 376
201 378
201 379
201 389
201 516
201 703
201 869
201 915
202 233
202 268
202 437
202 445
202 497
202 503
202 507
202 508
202 548
202 664
202 731
202 882
202 924
202 971
203 205
203 207
203 208
203 218
203 225
203 288
203 315
203 345
203 412
203 437
203 442
203 466
203 606
203 618
203 677
203 699
203 731
203 761
203 886
203 928
204 205
204 207
204 208
204 210
204 225
204 241
204 288
204 315
204 316
204 442
204 503
204 608
204 699
204 860
204 960
204 1000
205 207
205 208
205 210
205 225
205 288
205 315
205 328
205 345
205 442
205 566
205 686
205 819
205 860
205 917
205 935
205 998
205 1000
206 282
206 291
206 293
206 296
206 297
206 298
206 299
206 300
206 310
206 443
206 453
206 475
206 520
206 711
206 744
207 208
207 225
207 288
207 295
207 315
207 380
207 420
207 429
207 442
207 476
207 486
207 599
207 617
207 699
207 743
207 783
207 788
207 855
207 860
207 931
207 939
207 940
208 210
208 225
208 288
208 315
208 320
208 336
208 345
208 442
208 592
208 632
208 686
208 770
208 813
208 860
208 931
208 1000
209 241
209 358
209 392
209 465
209 485
209 574
209 618
209 627
209 842
209 849
209 850
210 288
210 315
210 442
210 474
210 484
210 649
210 699
210 848
210 860
210 861
210 992
210 1000
211 212
211 214
211 215
211 216
211 217
211 219
211 220
211 431
211 636
211 666
211 679
211 692
211 839
211 851
211 871
211 904
211 949
212 214
212 219
212 220
212 250
212 287
212 477
212 487
212 545
212 636
212 659
212 677
212 679
212 811
212 851
212 871
213 265
213 300
213 423
213 491
213 497
213 523
213 569
213 581
213 585
213 650
213 858
213 859
213 959
213 984
214 215
214 216
214 217
214 219
214 220
214 279
214 299
214 421
214 524
214 574
214 626
214 679
214 783
214 851
214 871
214 932
215 216
215 217
215 219
215 220
215 256
215 299
215 439
215 440
215 525
215 590
215 636
215 707
215 717
215 748
215 801
215 811
215 822
215 871
215 939
215 985
215 991
216 217
216 219
216 220
216 355
216 365
216 456
216 488
216 636
216 679
216 811
216 822
216 851
216 871
216 897
216 942
217 220
217 305
217 636
217 679
217 754
217 766
217 814
217 871
218 441
218 508
218 622
218 624
218 625
218 628
218 657
218 875
218 876
218 969
219 283
219 302
219 414
219 636
219 662
219 679
219 728
219 811
219 851
219 871
219 985
220 255
220 448
220 475
220 519
220 598
220 636
220 674
220 679
220 741
220 811
220 851
220 941
221 227
221 294
221 316
221 349
221 403
221 522
221 573
221 720
221 728
221 992
222 226
222 308
222 342
222 490
222 530
222 610
222 630
222 787
222 889
222 939
223 224
223 226
223 227
223 229
223 230
223 280
223 289
223 318
223 481
223 545
223 604
223 628
223 630
223 802
223 853
223 899
224 227
224 229
224 230
224 418
224 437
224 538
224 751
224 752
224 763
224 790
224 824
224 875
225 288
225 345
225 353
225 532
225 699
225 738
225 860
225 1000
226 227
226 230
226 282
226 289
226 352
226 763
226 853
226 858
227 229
227 230
227 300
227 305
227 423
227 489
227 517
227 875
228 289
228 329
228 437
228 507
228 508
228 594
228 682
228 727
228 815
228 819
228 912
228 955
229 289
229 418
229 424
229 452
229 461
229 501
229 545
229 570
229 594
229 634
229 669
229 676
229 696
229 718
229 740
229 770
229 859
229 867
229 875
229 938
230 236
230 247
230 289
230 330
230 347
230 382
230 391
230 440
230 471
230 563
230 616
230 668
230 694
230 875
230 957
230 972
231 255
231 312
231 434
231 446
231 489
231 646
231 689
231 694
231 695
231 700
231 712
231 732
231 749
231 902
231 944
232 233
232 234
232 235
232 238
232 239
232 240
232 241
232 501
232 657
232 696
232 720
232 736
232 786
232 824
233 234
233 235
233 237
233 238
233 310
233 342
233 501
233 526
233 553
233 922
234 235
234 237
234 238
234 239
234 240
234 266
234 402
234 501
234 626
234 629
234 657
234 731
234 799
234 971
235 237
235 238
235 239
235 240
235 258
235 322
235 493
235 535
235 564
235 617
235 706
235 721
235 734
235 809
235 859
235 887
236 277
236 397
236 564
236 609
236 613
236 633
236 663
236 938
236 966
236 973
237 238
237 240
237 474
237 501
237 618
237 659
237 867
237 999
238 239
238 240
238 330
238 424
238 479
238 501
238 671
238 730
238 831
238 927
238 999
239 240
239 392
239 395
239 442
239 501
239 677
239 688
239 694
239 704
239 725
239 965
239 991
240 290
240 336
240 373
240 416
240 455
240 501
240 519
240 751
240 909
241 447
241 479
241 568
241 574
241 634
241 668
241 691
241 749
241 817
241 842
241 844
241 846
241 848
241 849
241 919
241 959
241 967
241 997
242 244
242 245
242 246
242 247
242 248
242 391
242 421
242 544
242 726
242 731
242 794
242 902
242 996
243 245
243 246
243 247
243 248
243 744
243 901
243 946
243 948
244 245
244 246
244 391
244 434
244 549
244 573
244 696
244 769
244 825
244 902
245 246
245 247
245 248
245 300
245 436
245 455
245 586
245 603
245 793
245 794
245 821
246 247
246 248
246 326
246 336
246 376
246 391
246 686
246 732
246 794
246 877
246 891
247 248
247 391
247 504
247 531
247 689
247 759
247 794
247 922
248 273
248 449
248 554
248 644
248 743
248 779
248 794
248 838
248 859
249 339
249 371
249 373
249 374
249 375
249 376
249 378
249 379
249 389
249 416
249 539
249 549
249 560
249 667
249 692
249 703
249 705
249 746
249 752
249 865
249 923
250 348
250 381
250 383
250 384
250 385
250 422
250 479
250 514
250 528
250 782
251 395
251 446
251 459
251 464
251 484
251 508
251 534
251 552
251 561
251 562
251 564
251 565
251 567
251 568
251 680
252 254
252 255
252 256
252 257
252 259
252 260
252 297
252 301
252 475
252 661
252 719
252 767
252 802
253 254
253 255
253 256
253 259
253 260
253 271
253 336
253 400
253 418
253 596
253 740
253 763
253 802
253 829
254 255
254 256
254 257
254 259
254 260
254 288
254 305
254 436
254 463
254 628
254 721
254 728
254 786
254 802
254 829
254 867
254 915
254 926
254 967
254 995
255 256
255 257
255 259
255 260
255 340
255 344
255 455
255 467
255 469
255 514
255 556
255 677
255 731
255 802
255 888
256 257
256 259
256 802
257 259
257 260
257 298
257 299
257 343
257 592
257 802
257 837
257 889
257 990
258 460
258 471
258 795
258 917
258 931
258 933
258 935
258 936
258 939
259 260
259 304
259 370
259 523
259 711
259 802
259 813
259 815
259 817
259 829
260 376
260 408
260 679
260 885
260 928
260 987
261 263
261 265
261 266
261 268
261 269
261 403
261 424
261 435
261 596
261 623
261 680
261 689
261 705
261 744
261 746
261 900
261 935
262 281
262 326
262 732
262 734
262 736
262 740
262 792
262 836
262 919
262 949
263 265
263 266
263 268
263 269
263 443
263 466
263 475
263 485
263 509
263 552
263 608
263 677
263 751
263 913
263 929
263 975
264 340
264 362
264 368
264 405
264 441
264 444
264 445
264 448
264 449
264 561
264 581
264 589
264 750
264 777
264 813
264 815
264 984
265 266
265 268
265 269
265 379
265 425
265 432
265 607
265 622
265 623
265 799
265 843
265 882
266 268
266 269
266 272
266 318
266 344
266 401
266 623
266 762
266 900
266 905
266 994
267 304
267 750
267 789
267 981
267 982
267 987
267 989
267 990
268 269
268 339
268 341
268 366
268 467
268 504
268 623
268 678
268 918
269 322
269 354
269 576
269 614
269 769
269 842
269 900
269 955
270 352
270 373
270 376
270 389
270 404
270 687
270 764
270 867
270 931
271 274
271 275
271 276
271 277
271 279
271 359
271 373
271 498
271 686
271 815
271 895
272 311
272 312
272 313
272 314
272 317
272 530
272 610
272 624
272 701
272 733
272 760
272 937
272 989
273 274
273 275
273 276
273 277
273 279
273 418
273 557
273 775
273 802
273 842
273 847
273 923
274 275
274 276
274 277
274 305
274 359
274 427
274 435
274 499
274 634
274 911
274 966
274 992
275 276
275 277
275 279
275 359
275 519
275 561
275 651
275 831
275 919
275 922
276 279
276 332
276 359
276 525
276 582
276 613
276 772
276 884
276 909
276 944
276 1000
277 279
277 283
277 359
277 379
277 407
277 441
277 451
277 657
277 771
277 860
278 348
278 358
278 465
278 579
278 673
278 771
278 772
278 773
278 775
278 776
278 778
278 780
278 833
278 911
278 982
279 295
279 359
279 432
279 480
279 674
279 700
279 781
279 853
279 891
279 917
279 977
280 347
280 350
280 382
280 396
280 398
280 399
280 400
280 641
280 642
280 660
280 738
280 856
281 295
281 523
281 732
281 734
281 739
281 770
281 792
281 839
281 849
281 958
281 988
282 317
282 522
282 553
282 801
282 816
282 895
282 946
282 947
282 948
282 949
282 985
282 999
283 353
283 619
283 752
283 754
283 755
283 757
283 758
283 759
283 822
283 990
284 329
284 367
284 433
284 580
284 585
284 586
284 697
284 831
284 905
284 909
284 942
284 996
285 286
285 290
285 704
285 756
285 784
285 959
286 290
286 409
286 438
286 449
286 959
287 370
287 391
287 463
287 522
287 531
287 633
287 783
287 806
288 301
288 321
288 371
288 442
288 684
288 699
288 766
288 804
288 1000
289 411
289 432
289 524
289 545
289 615
289 633
289 788
289 875
289 891
290 524
290 581
290 611
290 643
290 652
290 763
290 801
290 803
290 959
290 992
291 293
291 296
291 298
291 299
291 300
291 348
291 351
291 763
291 993
292 605
292 685
292 686
292 688
292 690
292 761
292 948
293 296
293 297
293 298
293 299
293 300
293 687
293 742
293 747
293 780
293 788
293 980
293 993
294 308
294 316
294 349
294 367
294 382
294 523
294 568
294 581
294 664
294 897
294 933
294 958
295 344
295 430
295 432
295 615
295 643
295 979
295 992
296 297
296 298
296 299
296 300
296 314
296 430
296 461
296 516
296 522
296 553
296 802
296 993
297 298
297 300
297 443
297 462
297 606
297 817
297 860
297 950
297 993
298 299
298 300
298 443
298 532
298 584
298 709
298 710
298 841
298 868
298 938
298 977
298 984
298 993
299 369
299 398
299 443
299 588
299 599
299 649
299 859
299 982
299 993
300 523
300 644
300 688
300 694
300 696
300 712
300 793
300 922
300 927
300 993
301 303
301 304
301 306
301 308
301 309
301 310
301 327
301 407
301 578
301 744
301 761
301 798
301 819
302 322
302 433
302 434
302 438
302 440
302 443
302 505
302 522
302 550
302 571
302 628
302 727
302 777
302 784
302 809
302 927
303 304
303 305
303 306
303 307
303 308
303 309
303 337
303 414
303 465
303 821
303 832
303 924
303 952
303 974
303 988
304 305
304 306
304 307
304 308
304 309
304 352
304 366
304 414
304 425
304 528
304 683
304 688
304 722
304 816
304 833
304 980
305 306
305 307
305 308
305 309
305 310
305 414
305 421
305 452
305 596
305 642
305 669
305 892
305 939
306 307
306 308
306 309
306 414
306 638
306 679
306 966
307 308
307 309
307 310
307 414
307 551
307 628
307 651
307 672
307 706
307 717
307 960
308 309
308 310
308 341
308 414
308 443
308 522
308 712
308 715
308 838
308 875
309 310
309 320
309 414
309 464
309 495
309 682
309 760
309 791
309 843
310 410
310 414
310 559
310 686
310 775
310 916
310 983
311 312
311 320
311 398
311 520
311 638
311 640
311 733
311 811
311 875
311 937
312 313
312 317
312 320
312 515
312 616
312 640
312 719
312 733
312 761
312 816
312 844
312 908
312 937
313 314
313 320
313 533
313 640
313 714
313 733
313 839
313 898
313 907
313 937
314 475
314 495
314 529
314 640
314 660
314 733
314 772
314 785
315 317
315 345
315 429
315 442
315 474
315 505
315 590
315 660
315 685
315 734
315 860
315 915
315 948
315 953
315 1000
316 436
316 522
316 528
316 672
316 873
316 992
317 336
317 405
317 640
317 657
317 733
317 782
317 792
317 834
317 863
317 874
317 903
318 349
318 378
318 543
318 578
318 598
318 831
318 832
318 834
318 836
318 837
318 838
318 840
318 941
319 435
319 506
319 629
319 641
319 642
319 643
319 644
319 646
319 647
319 648
319 649
319 650
319 717
319 784
319 936
320 323
320 351
320 640
320 711
320 733
320 811
320 834
320 885
320 937
320 976
321 322
321 323
321 324
321 325
321 326
321 328
321 329
321 330
321 332
321 637
321 706
321 816
321 859
321 925
322 325
322 326
322 327
322 328
322 329
322 381
322 391
322 412
322 564
322 620
322 722
322 758
322 769
322 780
322 806
323 324
323 325
323 326
323 327
323 328
323 330
323 409
323 496
323 546
323 642
323 671
323 706
323 863
324 325
324 326
324 327
324 328
324 329
324 344
324 377
324 671
324 706
324 759
324 776
324 807
324 918
324 975
325 326
325 327
325 329
325 330
325 454
325 535
325 671
325 692
325 725
325 961
325 980
326 327
326 329
326 330
326 405
326 447
326 512
326 530
326 538
326 584
326 613
326 671
326 796
326 866
326 944
326 981
326 985
327 328
327 329
327 344
327 394
327 506
327 593
327 638
327 649
327 671
327 706
327 935
327 981
327 985
327 990
328 329
328 330
328 545
328 656
328 671
328 695
328 706
328 795
328 806
328 847
329 330
329 409
329 415
329 671
329 706
329 965
330 333
330 344
330 537
330 657
330 671
330 706
330 726
330 727
330 800
330 884
330 998
331 332
331 333
331 334
331 335
331 336
331 337
331 338
331 339
331 380
331 408
331 483
331 619
331 762
331 811
332 333
332 334
332 335
332 336
332 337
332 338
332 339
332 340
332 380
332 404
332 408
332 433
332 562
332 572
332 604
332 863
332 882
333 334
333 335
333 336
333 338
333 339
333 340
333 380
333 408
334 335
334 336
334 337
334 338
334 339
334 340
334 380
334 408
334 559
334 577
334 683
334 758
334 799
334 842
335 336
335 337
335 338
335 339
335 340
335 391
335 408
335 457
335 927
335 995
336 338
336 339
336 340
336 380
336 408
336 452
336 572
336 923
336 951
336 993
337 338
337 339
337 340
337 380
337 408
337 491
337 625
337 881
337 891
337 982
337 994
338 340
338 351
338 407
338 523
338 594
338 671
338 738
338 912
338 979
339 340
339 380
339 441
339 540
339 579
339 594
339 869
339 914
340 380
340 408
340 471
340 573
340 634
340 768
340 826
340 829
340 874
340 911
340 913
341 343
341 344
341 346
341 350
341 354
341 427
341 536
341 672
341 751
341 843
342 476
342 685
342 718
342 732
343 344
343 346
343 347
343 404
343 427
343 560
343 660
343 668
343 850
343 948
344 347
344 350
344 404
344 427
344 542
344 606
345 442
345 499
345 517
345 572
345 629
345 674
345 699
345 739
345 1000
346 347
346 350
346 427
346 434
346 437
346 463
346 471
346 580
346 826
346 831
346 861
346 883
346 935
346 940
347 427
347 906
347 951
348 381
348 383
348 385
348 386
348 422
348 722
348 733
348 782
349 436
349 458
349 665
349 711
349 761
349 773
349 795
349 992
350 385
350 427
350 463
350 509
350 601
350 661
350 666
350 684
351 355
351 356
351 357
351 360
351 380
351 436
351 802
351 843
351 913
352 419
352 581
352 613
352 672
352 674
352 675
352 676
352 677
352 678
352 680
352 753
352 790
352 837
352 847
352 995
353 383
353 406
353 492
353 494
353 620
353 680
353 707
353 782
353 803
353 895
353 899
353 917
353 919
353 921
353 922
353 924
353 925
353 926
353 927
353 979
354 429
354 488
354 506
354 547
354 693
354 845
354 872
354 874
354 876
354 878
354 879
354 880
354 991
355 357
355 360
355 372
355 424
355 485
355 569
355 616
355 808
355 879
356 357
356 471
356 492
356 579
356 596
356 625
356 774
356 832
356 957
356 984
357 360
357 468
357 537
357 604
357 612
357 770
357 969
358 387
358 403
358 427
358 447
358 618
358 640
358 691
358 842
358 845
358 846
358 849
358 850
358 967
359 528
359 599
359 628
359 695
360 503
360 540
360 819
360 950
360 981
361 363
361 364
361 365
361 366
361 367
361 368
361 370
361 465
361 488
361 511
361 560
361 698
361 945
362 363
362 364
362 365
362 366
362 367
362 368
362 369
362 370
362 561
362 720
363 364
363 365
363 366
363 367
363 369
363 370
363 450
363 474
363 642
363 835
363 859
363 909
363 987
363 989
364 365
364 366
364 367
364 368
364 369
364 466
364 540
364 547
364 706
364 798
364 939
364 988
365 367
365 368
365 369
365 370
365 716
365 764
365 857
365 906
365 950
366 368
366 370
366 374
366 381
366 446
366 450
366 496
366 619
366 647
366 687
366 708
366 799
366 977
367 368
367 369
367 370
367 403
367 572
367 698
367 852
367 950
367 954
367 982
368 369
368 387
368 500
368 578
368 593
368 665
368 795
368 857
368 901
369 370
369 495
369 540
369 546
369 592
369 805
369 862
369 908
369 953
370 390
370 515
370 553
370 645
371 373
371 374
371 375
371 376
371 378
371 379
371 389
371 488
371 585
371 628
371 692
371 703
371 732
371 800
371 893
371 941
372 401
372 402
372 405
372 406
372 409
372 457
372 467
372 639
372 741
372 839
372 906
372 907
373 375
373 376
373 378
373 379
373 389
373 656
373 692
373 703
373 792
373 943
374 375
374 376
374 379
374 383
374 427
374 509
374 593
374 625
374 692
374 703
374 887
374 944
375 379
375 389
375 576
375 692
375 703
375 705
375 763
375 771
376 378
376 379
376 389
376 415
376 692
377 380
377 587
377 713
377 781
377 793
377 861
377 862
377 865
377 866
377 867
377 868
377 869
377 998
378 379
378 389
378 479
378 507
378 606
378 667
378 669
378 692
378 703
378 829
378 919
379 388
379 389
379 423
379 477
379 519
379 597
379 613
379 688
379 692
379 703
379 851
379 918
380 498
380 558
380 630
380 708
380 761
380 783
380 817
380 848
381 383
381 384
381 385
381 386
381 477
381 482
381 501
381 528
381 602
381 655
381 671
381 706
381 802
381 835
381 885
381 906
381 924
381 991
382 395
382 396
382 399
382 433
382 438
382 838
382 973
383 384
383 385
383 386
383 422
383 528
383 620
383 679
383 682
383 742
383 747
383 782
383 790
383 791
384 386
384 422
384 478
384 528
384 561
384 579
384 782
385 422
385 515
385 685
385 782
385 827
385 871
385 909
385 913
385 983
386 422
386 528
386 731
386 782
386 878
387 388
387 644
387 652
387 653
387 654
387 656
387 657
387 659
387 722
387 746
387 863
387 890
387 983
388 593
388 649
388 681
388 703
388 737
388 762
388 764
388 767
388 769
388 770
388 852
388 879
389 504
389 574
389 677
389 692
389 809
389 823
389 971
389 982
390 413
390 489
390 491
390 575
390 579
390 582
390 618
390 712
390 715
390 730
390 769
390 771
390 921
390 971
390 974
390 977
390 979
390 980
391 437
391 459
391 467
391 543
391 687
391 783
391 794
391 852
391 970
392 420
392 428
392 504
392 511
392 512
392 515
392 517
392 518
392 520
392 577
392 691
392 723
392 856
392 945
393 402
393 416
393 476
393 517
393 573
393 584
393 793
393 861
393 864
393 865
393 866
393 867
393 868
393 972
394 552
394 573
394 596
394 855
394 864
394 961
394 982
395 396
395 398
395 399
395 404
395 461
395 542
395 690
395 931
396 399
396 400
396 446
396 464
396 768
396 792
396 938
396 963
397 436
397 694
397 803
397 810
397 845
397 923
397 938
398 399
398 400
398 480
398 577
398 580
398 610
398 735
398 809
398 863
399 400
399 469
399 618
399 746
399 825
399 850
399 904
400 788
400 801
400 969
400 977
401 402
401 403
401 405
401 406
401 409
401 410
401 475
401 526
401 550
401 655
401 668
401 693
401 789
401 839
402 403
402 405
402 406
402 409
402 410
402 471
402 482
402 660
402 689
402 713
402 772
402 853
402 870
402 945
403 407
403 409
403 410
403 424
403 480
403 512
403 521
403 536
403 634
403 655
403 724
403 794
403 839
403 878
403 917
403 972
404 410
404 449
404 502
404 521
404 768
404 775
404 937
404 943
405 406
405 409
405 410
405 622
405 655
405 683
405 731
405 750
405 814
405 839
406 409
406 410
406 655
406 713
406 839
406 860
406 874
407 446
407 467
407 479
407 610
407 613
407 662
407 751
407 779
407 884
407 901
407 904
407 905
407 906
407 910
407 936
407 957
408 439
408 453
408 653
408 685
408 810
408 966
409 410
409 571
409 618
409 655
409 749
409 765
409 769
409 839
410 655
410 761
410 786
410 793
410 840
410 847
410 988
411 412
411 417
411 420
411 442
411 468
411 543
411 572
411 606
411 627
411 657
411 678
411 740
411 761
411 978
411 980
412 416
412 418
412 419
412 420
412 468
412 507
412 720
412 813
412 939
412 954
412 978
413 425
413 488
413 499
413 538
413 542
413 565
413 745
413 983
413 991
414 457
414 534
414 597
414 670
414 817
414 902
414 923
414 993
415 416
415 418
415 419
415 427
415 561
415 567
415 572
415 579
415 659
415 682
415 978
416 418
416 419
416 420
416 538
416 572
416 602
416 645
416 657
416 679
416 689
416 779
416 833
416 834
416 917
416 1000
417 432
417 452
417 453
417 456
417 457
417 458
417 459
417 460
417 509
417 535
417 630
417 653
417 682
417 840
417 863
417 888
417 997
418 419
418 420
418 659
418 898
418 972
418 978
419 420
419 548
419 572
419 725
419 931
419 947
420 423
420 442
420 501
420 519
420 572
420 623
420 702
420 724
420 834
420 882
420 967
420 978
421 423
421 426
421 430
421 463
421 753
421 812
421 967
422 469
422 554
422 568
422 888
422 942
423 426
423 430
423 794
423 812
423 855
423 950
423 954
424 453
424 483
424 497
424 500
424 521
424 524
424 525
424 526
424 527
424 529
424 666
424 766
424 775
424 843
424 912
424 976
424 979
425 474
425 485
425 494
425 545
425 599
425 698
425 959
426 430
426 461
426 525
426 561
426 626
426 723
426 812
427 642
427 651
427 752
427 754
427 863
427 864
427 905
427 925
428 504
428 511
428 512
428 515
428 517
428 520
428 686
429 481
429 521
429 524
429 525
429 526
429 527
429 529
429 548
429 843
429 893
429 976
430 482
430 761
430 768
430 812
430 878
430 879
430 951
431 433
431 436
431 439
431 505
431 584
431 664
431 777
432 536
432 683
432 737
432 816
432 835
432 891
433 438
433 439
433 440
433 457
433 498
433 517
433 528
433 777
433 839
433 909
433 929
433 938
434 436
434 439
434 440
434 443
434 452
434 469
434 487
434 505
434 524
434 533
434 599
434 736
434 777
434 887
434 902
434 940
435 479
435 597
435 662
435 664
435 718
435 751
435 779
435 827
435 884
435 889
435 901
435 902
435 903
435 904
435 905
435 906
435 910
435 922
435 965
436 438
436 440
436 455
436 483
436 505
436 610
436 730
436 813
436 833
436 885
436 909
437 440
437 503
437 506
437 507
437 508
437 547
437 565
437 684
437 731
437 812
437 819
437 829
437 950
437 999
438 440
438 505
438 539
438 545
438 777
438 819
438 970
438 992
439 440
439 505
439 513
439 662
439 749
439 777
439 805
439 832
439 837
439 870
439 879
439 962
439 992
440 452
440 560
440 576
440 595
440 777
440 834
440 873
440 946
440 974
440 995
441 444
441 445
441 448
441 490
441 535
441 610
441 675
441 765
441 803
441 892
441 941
441 969
442 461
442 522
442 699
442 757
442 860
442 902
442 1000
443 490
443 801
443 857
443 865
443 953
443 993
444 448
444 449
444 750
444 765
444 962
445 448
445 449
445 765
445 917
445 961
446 525
446 542
446 554
446 745
446 773
447 459
447 574
447 618
447 691
447 760
447 802
447 842
447 846
447 849
447 966
447 967
447 971
448 449
448 473
448 505
448 518
448 572
448 615
448 721
448 765
448 987
449 765
450 514
450 532
450 834
450 977
450 982
450 983
450 984
450 987
450 989
450 990
451 452
451 453
451 455
451 457
451 460
451 480
451 490
451 509
451 546
451 619
451 630
451 682
451 842
451 861
451 888
451 965
452 453
452 455
452 456
452 457
452 458
452 460
452 509
452 552
452 682
452 847
452 852
452 888
452 983
452 997
453 456
453 457
453 469
453 480
453 545
453 621
453 646
453 651
453 660
453 682
453 695
453 710
453 888
453 997
454 560
454 786
454 793
454 860
454 891
454 892
454 893
454 894
454 895
454 896
454 897
454 898
454 919
454 929
454 991
455 457
455 458
455 460
455 509
455 590
455 630
455 682
455 727
455 808
455 838
455 918
455 990
455 997
456 457
456 459
456 460
456 489
456 496
456 555
456 572
456 667
456 682
456 825
456 863
457 458
457 459
457 460
457 509
457 538
457 554
457 602
457 630
457 677
457 682
457 863
457 888
457 978
458 459
458 460
458 471
458 509
458 525
458 630
458 667
458 679
458 682
458 685
458 751
458 847
458 863
458 877
458 879
458 888
458 997
459 467
459 509
459 630
459 682
459 688
459 707
459 767
459 777
459 786
459 888
459 896
459 940
459 967
459 997
460 495
460 509
460 538
460 546
460 682
460 696
460 721
460 794
460 863
460 888
460 920
460 967
460 997
461 515
461 522
461 592
461 701
461 702
461 704
461 707
461 708
461 709
461 710
461 824
461 830
461 868
461 965
461 988
462 466
462 468
462 470
462 512
462 554
462 570
462 590
462 686
462 851
462 880
462 988
463 510
463 541
463 543
463 544
463 546
463 548
463 550
463 610
463 666
463 683
463 823
463 886
463 941
463 943
464 467
464 570
464 649
464 761
464 845
464 856
464 871
464 917
464 961
465 579
465 633
465 650
465 771
465 772
465 773
465 774
465 778
465 780
466 467
466 468
466 470
466 472
466 491
466 529
466 538
466 570
466 682
466 906
467 469
467 470
467 501
467 570
467 769
467 823
467 856
468 484
468 570
468 601
468 669
468 681
468 819
468 856
469 485
469 486
469 522
469 571
469 692
469 702
469 704
469 705
469 707
469 708
469 709
469 788
469 823
469 872
469 962
469 965
469 988
470 520
470 559
470 570
470 628
470 853
470 856
471 532
471 643
471 695
471 824
471 872
471 931
471 933
471 935
471 939
471 940
472 473
472 474
472 475
472 476
472 478
472 480
472 600
472 703
472 709
472 751
472 881
472 916
472 975
473 474
473 475
473 476
473 478
473 480
473 746
473 801
473 849
473 916
474 475
474 476
474 477
474 478
474 480
474 580
474 674
474 686
474 703
474 847
474 865
474 978
475 476
475 478
475 480
475 656
475 742
475 814
475 873
475 916
475 958
476 477
476 478
476 480
476 572
476 642
476 718
476 793
476 916
476 999
477 480
477 806
477 831
477 916
478 548
478 715
478 795
478 802
478 829
478 916
478 978
479 662
479 671
479 779
479 884
479 889
479 901
479 903
479 906
479 907
479 908
479 910
480 597
480 658
480 708
480 740
480 743
480 803
480 916
481 482
481 485
481 487
481 490
481 533
481 585
481 683
481 782
481 842
481 844
481 870
481 878
481 888
482 483
482 486
482 487
482 490
482 494
482 682
482 683
482 733
482 766
482 885
483 485
483 486
483 487
483 490
483 631
483 683
483 721
483 746
483 860
483 978
483 981
484 495
484 552
484 561
484 562
484 563
484 564
484 565
484 566
484 567
484 579
484 721
484 763
484 1000
485 487
485 490
485 640
485 683
485 863
485 973
486 487
486 490
486 582
486 683
486 696
486 774
486 836
486 895
487 490
487 739
487 996
488 612
488 693
488 708
488 873
488 874
488 877
488 878
488 879
488 880
488 925
489 663
489 679
489 730
489 761
489 764
489 880
489 971
489 973
489 974
489 975
489 977
489 979
489 980
490 494
490 683
490 686
490 853
490 917
490 938
490 979
490 997
491 492
491 494
491 495
491 496
491 497
491 499
491 500
491 584
491 602
491 717
491 746
491 763
491 856
491 960
492 494
492 495
492 496
492 497
492 498
492 499
492 500
492 589
492 592
492 651
492 682
492 763
492 960
492 974
493 692
493 786
493 891
493 892
493 893
493 894
493 896
493 897
493 898
493 973
494 496
494 497
494 498
494 499
494 500
494 636
494 740
494 763
494 836
494 867
494 908
494 960
495 496
495 497
495 498
495 500
495 501
495 763
495 960
496 497
496 498
496 562
496 627
496 763
496 816
496 818
496 823
496 960
496 980
497 498
497 499
497 500
497 588
497 648
497 763
497 789
497 962
498 499
498 528
498 742
498 763
498 787
498 953
498 960
499 500
499 560
499 565
499 575
499 625
499 630
499 640
499 763
499 843
500 520
500 531
500 604
500 605
500 627
500 675
500 741
500 763
500 789
500 960
501 513
501 572
501 611
501 776
501 805
501 957
501 975
502 553
502 620
502 647
502 729
502 733
502 805
502 902
502 962
503 507
503 508
503 699
503 731
503 744
503 797
503 819
504 511
504 512
504 515
504 517
504 518
504 520
504 839
504 873
504 902
504 973
505 777
505 945
506 507
506 597
506 633
506 722
506 731
506 800
506 819
506 892
506 993
507 534
507 577
507 633
507 714
507 731
507 819
507 913
508 542
508 720
508 724
508 755
508 801
508 819
508 860
509 510
509 819
509 863
509 878
509 997
510 622
510 624
510 625
510 627
510 628
510 711
510 712
510 716
510 718
510 750
510 790
510 885
510 945
511 512
511 515
511 517
511 520
511 523
511 532
511 696
512 515
512 517
512 520
512 557
512 582
512 669
513 526
513 531
513 533
513 535
513 536
513 537
513 539
513 540
513 626
513 646
513 695
513 719
513 750
514 685
514 713
514 725
514 751
514 762
514 858
514 911
514 981
514 982
514 987
514 989
514 990
515 518
515 520
515 524
515 555
515 727
515 851
515 981
516 535
516 569
516 721
516 825
516 826
516 827
516 828
516 830
516 923
516 971
517 518
517 520
517 682
517 710
517 735
517 787
517 801
517 812
517 863
518 520
518 594
518 647
518 667
518 673
518 877
518 951
519 718
519 914
519 965
519 995
519 996
520 837
521 524
521 525
521 526
521 527
521 529
521 550
521 725
521 762
521 843
521 976
522 539
522 654
522 701
522 702
522 704
522 708
522 709
522 710
522 735
522 747
522 988
523 540
523 855
523 857
523 858
523 859
523 915
523 934
523 989
524 526
524 527
524 529
524 639
524 815
524 828
524 843
524 849
524 919
524 976
525 526
525 527
525 529
525 845
525 870
525 957
525 976
526 527
526 529
526 604
526 653
526 758
526 843
526 944
526 946
527 529
527 687
527 843
527 862
527 892
528 544
528 597
528 657
528 679
528 686
528 782
528 844
528 887
528 938
529 858
529 946
530 575
530 596
530 603
530 626
530 675
530 712
530 719
530 756
530 810
530 823
530 854
530 927
530 965
530 995
531 533
531 535
531 537
531 539
531 540
531 569
531 598
531 626
531 693
531 750
531 768
531 928
531 935
531 938
531 995
532 602
532 624
532 662
532 732
532 742
532 774
532 791
532 912
532 963
533 534
533 537
533 539
533 626
533 699
533 750
533 849
533 907
533 917
533 928
534 535
534 536
534 539
534 540
534 619
534 626
534 750
534 781
534 796
534 805
534 982
535 536
535 537
535 539
535 540
535 626
535 693
535 750
535 851
536 539
536 540
536 626
536 727
536 743
536 750
536 765
536 905
536 967
537 540
537 551
537 566
537 586
537 626
537 640
537 750
537 757
537 790
538 566
538 644
538 745
538 795
538 809
538 879
538 909
538 937
539 540
539 571
539 626
539 688
539 750
539 867
539 879
540 603
540 609
540 750
540 846
540 911
541 543
541 546
541 548
541 549
541 550
541 563
541 569
541 610
541 694
541 710
541 820
541 863
541 886
541 888
541 928
542 745
542 780
542 966
543 544
543 547
543 548
543 549
543 550
543 557
543 610
543 711
543 749
543 886
543 946
543 959
543 987
544 546
544 548
544 549
544 550
544 683
544 742
544 886
545 552
545 582
545 706
545 875
546 548
546 549
546 550
546 552
546 610
546 622
546 857
546 886
547 548
547 549
547 550
547 883
547 886
547 899
548 561
548 610
548 886
549 550
549 610
549 870
549 886
549 905
549 999
550 561
550 610
550 656
550 814
550 819
551 553
551 554
551 555
551 557
551 559
551 670
551 991
552 561
552 564
552 565
552 566
552 567
552 568
552 713
552 990
553 554
553 555
553 557
553 559
553 560
553 778
553 992
554 555
554 557
554 559
554 807
555 557
555 558
555 559
555 560
555 688
555 991
556 741
556 742
556 744
556 746
556 748
556 749
556 771
556 836
556 841
556 857
557 558
557 559
557 560
557 644
557 804
557 889
557 899
557 937
558 559
558 560
558 602
558 821
558 959
559 560
559 593
559 711
559 742
559 800
560 649
560 705
560 742
560 775
560 852
561 562
561 563
561 564
561 565
561 566
561 567
561 568
561 629
561 659
561 697
561 724
561 842
562 563
562 564
562 565
562 567
562 568
563 564
563 565
563 566
563 567
563 568
563 703
563 834
563 940
564 565
564 567
564 568
564 589
564 677
564 828
565 566
565 567
565 568
565 572
565 765
565 790
565 926
565 933
565 993
566 568
566 617
566 635
566 643
566 762
566 810
566 814
566 831
567 568
567 654
567 854
568 859
568 934
569 672
569 674
569 675
569 676
569 677
569 680
569 724
569 738
569 753
569 847
569 992
570 593
570 650
570 657
570 659
570 682
570 730
570 825
570 837
570 856
570 912
570 931
571 573
571 575
571 577
571 578
571 580
571 597
571 650
571 801
571 833
571 937
571 951
571 978
572 797
572 894
572 978
572 992
573 576
573 578
573 580
573 588
573 638
573 768
573 864
573 951
574 608
574 651
574 744
574 753
574 841
574 842
574 845
574 846
574 848
574 849
574 850
574 851
574 867
574 922
574 940
574 967
575 580
575 586
575 635
575 638
575 678
575 859
576 578
576 580
576 613
576 834
576 951
577 578
577 580
577 638
577 649
577 737
577 951
577 971
578 580
578 638
578 688
578 770
578 877
578 951
579 612
579 771
579 773
579 774
579 776
579 778
579 780
579 833
579 989
580 638
580 700
580 770
580 786
580 863
580 951
581 582
581 586
581 587
581 588
581 589
581 590
581 598
581 730
581 755
581 758
581 898
581 968
582 585
582 586
582 587
582 588
582 589
582 590
582 785
582 822
582 905
582 923
583 589
583 603
583 604
583 607
583 608
583 609
583 634
583 647
583 689
583 792
583 808
583 889
583 975
584 678
584 861
584 864
584 865
584 866
584 867
584 868
584 869
584 905
585 588
585 589
585 590
585 777
585 828
586 587
586 589
586 590
586 727
586 751
586 753
586 865
587 588
587 589
587 596
587 677
587 690
587 830
587 890
587 894
587 920
588 589
588 590
588 605
588 649
589 747
589 752
589 803
589 812
589 911
589 921
590 666
590 779
590 850
591 663
591 664
591 665
591 667
591 668
591 669
591 670
591 681
591 739
591 816
591 862
591 950
592 594
592 595
592 596
592 597
592 598
592 599
592 648
592 913
593 684
593 795
593 847
594 595
594 597
594 598
594 599
594 600
594 607
594 646
594 756
594 794
594 895
594 913
594 936
595 596
595 597
595 598
595 609
595 677
595 834
595 860
595 983
596 597
596 598
596 599
596 600
596 797
596 817
596 979
597 598
597 600
597 620
597 770
597 832
597 835
597 965
598 599
598 600
598 638
598 694
598 746
598 842
598 973
598 991
599 600
599 623
599 946
599 970
599 971
599 1000
600 638
600 905
601 604
601 606
601 607
601 608
601 609
601 634
601 665
601 723
601 844
602 651
602 712
602 741
602 742
602 744
602 749
602 756
602 841
602 925
602 972
603 604
603 607
603 608
603 609
603 634
603 708
603 890
603 986
603 990
604 606
604 607
604 608
604 634
604 675
604 958
604 979
605 675
605 687
605 790
605 797
605 947
606 607
606 608
606 609
606 634
606 657
606 732
606 927
606 937
607 608
607 609
607 634
607 728
607 733
607 923
608 609
608 634
608 725
609 620
609 634
609 697
609 814
609 880
610 730
610 804
610 878
610 886
611 612
611 613
611 614
611 615
611 617
611 754
611 825
611 830
611 836
611 839
611 975
612 613
612 614
612 615
612 616
612 620
612 726
612 918
613 614
613 615
613 616
613 617
613 620
613 663
613 699
613 782
613 995
614 615
614 616
614 617
614 618
614 620
614 715
614 753
614 756
614 760
614 931
614 955
615 617
615 665
615 827
615 962
615 981
616 620
616 649
616 694
616 770
616 873
617 620
618 690
618 691
618 722
618 734
618 842
618 845
618 846
618 849
618 850
618 964
618 967
619 702
619 707
619 752
619 754
619 757
619 794
619 896
619 953
620 690
621 703
621 708
621 711
621 712
621 713
621 714
621 715
621 717
621 718
621 719
621 720
621 743
621 758
621 845
621 872
622 625
622 627
622 628
622 649
622 666
622 689
622 999
623 900
624 625
624 628
624 675
624 983
625 627
625 628
625 716
625 749
625 892
625 907
625 925
625 947
625 950
626 750
626 821
626 934
626 936
627 628
627 833
628 668
628 716
628 739
628 804
629 642
629 643
629 644
629 646
629 647
629 648
629 649
629 650
629 903
629 965
629 992
630 682
630 863
630 888
630 995
630 997
631 632
631 633
631 635
631 637
631 639
631 645
631 771
631 814
631 841
631 875
631 956
632 633
632 635
632 639
632 645
632 761
632 908
632 923
633 637
633 639
633 645
633 812
633 824
633 957
634 695
634 696
634 883
635 637
635 639
635 645
635 680
635 695
635 837
635 853
635 893
636 679
636 811
636 872
636 987
637 639
637 645
637 736
637 873
637 907
637 919
637 976
638 647
638 706
638 713
638 893
638 900
638 933
638 951
638 975
639 645
639 651
640 733
640 809
640 826
640 923
640 937
641 642
641 643
641 646
641 647
641 648
641 649
641 650
641 679
641 733
641 929
641 944
642 643
642 644
642 647
642 648
642 650
642 868
643 644
643 646
643 647
643 649
643 650
643 714
643 859
643 915
644 647
644 648
644 649
644 650
644 670
644 808
644 842
645 825
645 924
646 647
646 648
646 649
646 650
646 665
646 721
647 648
647 673
647 728
647 786
647 880
648 649
648 650
648 662
648 680
648 703
648 733
648 864
649 734
649 918
649 994
650 803
650 807
650 810
650 906
650 937
651 741
651 742
651 744
651 746
651 748
651 749
651 828
651 841
651 972
652 654
652 656
652 659
652 660
652 934
652 976
653 654
653 656
653 657
653 659
653 660
653 702
653 771
653 784
653 825
653 894
653 979
654 656
654 657
654 659
654 660
655 660
655 662
655 825
655 839
656 657
656 659
656 660
656 719
656 851
656 901
656 932
656 954
657 660
657 676
657 792
657 812
657 826
657 889
657 908
658 671
658 760
658 768
658 781
658 784
658 787
658 789
658 790
658 971
659 682
659 703
659 802
659 891
659 894
659 940
660 678
660 740
660 771
660 952
660 988
661 663
661 664
661 665
661 666
661 667
661 669
661 670
661 681
661 690
661 735
661 802
661 816
661 887
662 683
662 751
662 779
662 827
662 884
662 889
662 901
662 902
662 903
662 904
662 905
662 906
662 908
663 664
663 665
663 666
663 668
663 669
663 670
663 681
663 809
663 816
664 665
664 666
664 667
664 668
664 670
664 678
664 681
664 686
664 715
664 735
664 816
664 998
665 666
665 667
665 668
665 669
665 670
665 735
666 667
666 668
666 669
666 681
666 735
666 813
666 816
666 957
666 961
667 668
667 669
667 670
667 681
667 710
667 780
667 816
667 938
667 1000
668 670
668 681
668 730
668 735
668 850
669 681
669 735
669 775
669 791
669 816
669 967
670 681
670 735
670 842
670 928
670 994
671 824
671 876
671 878
671 922
671 968
672 674
672 675
672 676
672 677
672 678
672 680
672 753
672 847
672 898
672 952
673 674
673 750
673 841
673 939
674 675
674 676
674 677
674 680
674 707
674 753
674 780
674 786
674 847
675 678
675 680
675 753
675 847
675 861
675 870
675 890
676 677
676 680
676 694
676 753
676 847
676 922
676 958
677 678
677 680
677 753
677 814
677 847
677 884
678 680
678 711
678 753
678 791
678 847
678 917
679 696
679 699
679 734
679 811
679 851
679 871
679 874
679 918
680 753
680 847
680 953
681 735
681 737
681 772
681 816
681 855
681 962
681 967
682 864
682 866
682 888
683 753
683 757
683 768
683 882
683 886
683 998
684 696
684 779
684 783
684 924
684 929
684 932
684 968
684 990
685 688
685 690
685 704
685 712
685 760
685 845
685 886
685 965
686 690
686 772
686 809
687 734
687 756
687 848
688 690
689 694
689 695
689 700
689 785
689 921
689 943
689 944
689 995
690 959
691 844
691 845
691 846
691 848
691 967
691 992
692 703
692 971
693 786
693 872
693 873
693 874
693 878
693 879
693 880
693 912
693 930
693 974
694 695
694 757
694 907
694 915
694 930
694 944
694 995
695 696
695 699
695 700
695 834
695 935
695 944
696 741
696 765
696 884
696 960
696 988
697 737
697 798
697 800
697 818
697 831
697 933
697 968
697 985
698 769
698 814
698 855
698 931
698 963
699 728
699 860
699 1000
700 737
700 740
701 702
701 705
701 707
701 709
701 710
701 747
701 773
701 858
701 872
701 965
701 988
701 1000
702 704
702 705
702 707
702 708
702 709
702 710
702 740
702 747
702 852
702 906
702 988
703 732
703 751
703 875
703 885
703 984
704 705
704 707
704 708
704 709
704 710
704 727
704 766
704 814
704 852
704 988
705 709
705 710
705 747
705 755
705 846
705 894
705 965
705 970
705 988
706 713
706 764
706 769
706 871
706 920
706 969
707 708
707 709
707 710
707 728
707 818
707 871
707 879
707 965
707 988
707 994
708 709
708 710
708 747
708 773
708 845
708 965
709 710
709 747
709 761
709 924
709 988
710 747
710 808
710 945
710 965
711 712
711 713
711 714
711 715
711 717
711 718
711 719
711 941
712 714
712 717
712 718
712 719
712 720
712 743
712 791
712 823
712 994
713 714
713 715
713 717
713 719
713 720
713 743
713 755
713 884
713 901
713 982
714 715
714 717
714 718
714 720
714 743
714 772
714 949
714 979
715 717
715 720
715 743
715 850
715 919
715 944
717 718
717 719
717 743
717 789
717 814
717 847
717 881
717 952
718 720
718 743
718 755
718 833
718 838
718 876
718 966
719 720
719 743
719 847
720 743
721 722
721 723
721 724
721 725
721 728
721 729
721 750
721 866
721 986
722 723
722 724
722 725
722 727
722 729
722 856
722 863
722 875
722 904
723 724
723 725
723 728
723 729
723 741
723 748
723 846
724 725
724 727
724 728
724 884
724 908
725 727
725 728
725 729
725 744
725 898
726 762
726 764
726 791
726 797
726 798
726 845
726 858
727 728
727 729
727 792
727 801
727 890
728 852
728 915
728 945
728 961
730 971
730 974
730 975
730 977
730 979
731 781
731 881
731 938
731 977
732 736
732 738
732 740
732 792
733 868
733 937
734 736
734 738
734 739
734 740
735 816
735 824
735 850
735 954
735 967
736 738
736 739
736 740
736 862
736 929
736 933
737 933
738 739
738 743
738 833
738 883
738 950
739 792
739 868
740 792
740 821
741 742
741 744
741 746
741 749
741 794
741 837
741 841
741 871
741 918
741 928
741 972
741 992
742 747
742 748
742 749
742 800
742 841
742 972
742 994
742 998
743 828
743 856
743 930
744 746
744 748
744 774
744 782
744 841
744 891
744 944
744 972
745 751
745 824
745 875
746 748
746 749
746 841
746 870
747 810
747 814
747 955
747 965
747 988
748 749
748 810
748 841
748 954
749 760
749 841
749 895
749 972
749 992
750 884
750 960
750 985
751 867
751 884
751 889
751 901
751 902
751 903
751 904
751 905
751 906
751 908
751 910
751 986
752 754
752 755
752 756
752 757
752 759
752 817
752 882
754 755
754 757
754 758
754 759
754 775
754 849
754 869
754 940
755 756
755 757
755 758
755 759
755 817
755 842
756 757
756 758
756 759
756 789
756 851
757 758
757 759
757 831
757 852
758 759
758 777
758 833
758 845
758 902
759 886
760 768
760 781
760 784
760 787
760 788
760 789
760 790
760 852
760 853
760 891
760 955
761 762
761 764
761 766
761 767
761 769
761 856
761 910
762 764
762 766
762 767
762 769
762 770
762 820
762 836
762 840
762 852
762 879
762 911
762 917
763 876
763 889
763 960
763 967
764 766
764 767
764 769
764 770
764 847
764 852
764 892
765 983
766 770
766 852
766 905
767 769
767 770
767 831
767 852
767 868
767 882
767 926
768 781
768 784
768 785
768 787
768 788
768 789
768 790
768 853
769 770
769 794
769 827
769 852
769 928
769 948
769 963
770 809
770 852
770 875
771 772
771 773
771 774
771 775
771 780
771 833
771 943
772 774
772 775
772 778
772 794
772 795
772 805
773 774
773 775
773 776
773 778
773 780
773 833
774 775
774 776
774 778
774 780
774 829
774 833
774 861
774 893
774 948
774 979
775 776
775 778
775 780
775 833
775 886
775 891
776 780
776 833
776 848
776 917
776 937
778 780
778 786
778 797
778 833
778 872
779 871
779 884
779 901
779 902
779 904
779 905
779 906
779 908
779 910
779 911
780 833
780 879
781 784
781 785
781 787
781 788
781 790
781 853
781 945
782 872
782 941
782 998
783 823
783 911
783 912
783 928
783 978
784 787
784 789
784 790
785 787
785 788
785 789
785 790
785 853
785 899
786 862
786 873
786 891
786 892
786 893
786 894
786 895
786 896
786 897
786 898
786 991
787 788
787 789
787 814
787 853
787 894
787 908
788 789
788 790
788 853
789 853
789 896
789 927
790 886
791 796
791 797
791 798
791 800
791 821
791 881
791 903
791 936
791 962
792 806
792 825
792 830
792 844
793 861
793 862
793 864
793 865
793 866
793 868
793 917
794 923
795 820
796 797
796 800
796 856
796 939
796 987
797 798
797 800
797 847
797 902
797 935
798 805
798 828
798 891
799 813
799 814
799 815
799 817
799 818
799 820
799 847
799 901
799 986
800 903
800 952
800 954
800 983
801 917
801 918
801 941
801 943
801 946
801 947
801 948
801 949
801 999
802 829
802 833
802 843
802 887
803 804
803 805
803 806
803 807
803 808
803 809
803 810
803 956
803 998
804 806
804 807
804 810
804 895
804 904
804 998
805 808
805 810
805 998
806 807
806 808
806 809
806 871
806 998
807 808
807 809
807 810
807 891
807 897
807 972
808 809
808 810
808 825
808 958
808 994
808 998
809 810
809 840
809 887
809 998
810 836
810 937
810 998
811 851
811 943
812 890
812 897
813 814
813 815
813 818
813 820
813 929
813 986
814 815
814 817
814 818
814 820
814 986
815 817
815 818
815 986
815 996
816 877
816 890
817 818
817 820
817 900
817 925
817 986
818 820
818 876
818 916
818 962
818 986
819 827
819 841
820 829
820 901
820 972
820 986
820 989
821 823
821 824
821 825
821 826
821 827
821 828
821 830
821 842
821 923
821 936
821 982
821 998
822 851
822 944
822 953
822 956
822 957
822 958
823 824
823 825
823 826
823 827
823 828
823 830
823 959
824 826
824 827
824 828
824 830
824 835
825 826
825 827
825 828
825 844
825 898
825 923
825 940
825 967
826 828
826 830
826 887
826 903
826 923
827 830
827 923
828 830
828 854
828 923
828 963
828 970
828 998
829 834
829 868
829 947
829 957
829 962
830 849
830 872
830 923
830 937
830 967
831 909
831 985
832 835
832 836
832 837
832 838
832 840
832 973
833 970
833 1000
834 835
834 836
834 838
834 907
834 971
834 991
835 836
835 837
835 838
835 845
835 852
835 853
835 909
835 991
836 838
836 840
836 900
837 838
837 840
837 919
838 840
838 927
839 920
839 996
840 989
840 997
841 855
841 972
842 844
842 845
842 846
842 911
842 958
842 967
843 859
843 869
843 925
843 976
844 845
844 846
844 848
844 849
844 850
844 896
844 956
844 967
844 993
845 846
845 848
845 850
845 924
846 848
846 849
846 967
847 954
848 849
848 850
848 872
848 886
848 967
849 850
849 937
849 945
849 967
850 967
851 871
851 931
852 970
853 889
854 862
854 894
855 857
855 858
855 865
855 879
855 920
857 858
857 859
857 914
857 926
857 934
858 859
858 875
858 934
859 890
859 909
859 934
859 961
860 874
860 1000
861 862
861 864
861 865
861 866
861 867
861 868
861 869
861 913
862 864
862 865
862 866
862 867
862 869
862 913
863 946
863 997
864 865
864 866
864 867
864 868
864 869
864 885
865 866
865 867
865 868
866 867
866 869
867 868
867 869
867 871
867 875
867 914
868 913
868 950
869 964
870 967
872 873
872 874
872 876
872 877
872 878
872 880
872 896
872 982
873 876
873 877
873 878
873 879
873 880
873 903
873 968
874 877
874 878
874 880
874 970
875 911
876 877
876 878
876 879
876 880
876 955
877 878
877 879
877 880
877 949
877 975
878 879
878 880
878 946
879 880
879 959
879 989
880 995
881 883
881 885
881 887
881 890
881 915
881 942
881 982
882 883
882 885
882 887
882 890
882 912
882 915
882 942
883 885
883 887
883 915
883 942
883 982
884 901
884 902
884 903
884 904
884 905
884 906
884 908
884 910
884 911
884 932
885 887
885 890
885 915
885 942
885 960
885 997
887 890
887 915
887 942
888 917
888 954
888 997
889 901
889 902
889 903
889 904
889 905
889 906
889 907
889 908
889 969
891 892
891 893
891 894
891 896
891 897
891 898
891 991
892 893
892 894
892 896
892 898
893 894
893 895
893 897
893 947
893 987
893 991
894 895
894 896
894 897
894 898
894 933
894 991
895 896
895 897
895 898
895 991
896 897
896 974
896 991
897 898
897 915
897 991
898 937
898 991
899 921
899 924
899 925
899 926
899 927
899 928
901 902
901 903
901 904
901 905
901 906
901 907
901 908
901 910
902 903
902 905
902 906
902 907
902 910
903 904
903 905
903 906
903 907
903 910
903 928
904 905
904 907
904 908
904 910
904 977
905 908
905 910
905 936
905 946
905 955
905 980
906 907
906 910
907 908
907 910
907 919
907 954
907 995
908 910
909 943
909 958
909 985
910 913
911 913
911 917
911 919
911 920
912 957
912 963
912 972
913 917
913 918
913 919
913 987
914 945
914 995
914 996
915 918
915 942
917 918
917 919
917 920
917 988
918 919
918 920
918 929
918 999
919 920
919 981
920 926
921 922
921 926
921 927
921 930
922 924
922 925
922 926
922 927
922 928
922 930
922 939
924 925
924 927
924 928
924 930
925 926
925 927
925 928
925 930
925 982
925 989
926 927
926 928
926 931
926 989
926 991
927 928
927 930
928 930
929 932
929 952
929 964
931 933
931 935
931 936
931 939
931 992
931 993
932 942
933 935
933 936
933 939
933 940
933 943
933 945
934 973
934 998
935 936
935 939
936 940
937 985
938 946
941 943
941 946
941 947
941 948
941 949
941 959
941 999
942 997
943 946
943 947
943 948
943 949
943 999
944 962
945 995
945 996
946 947
946 948
946 949
946 999
947 948
947 949
947 999
948 949
948 991
948 998
948 999
949 973
949 999
950 972
951 982
952 953
952 956
952 957
953 954
953 955
953 956
953 958
953 979
954 955
954 957
955 957
955 958
955 962
955 977
956 957
956 971
957 958
957 985
961 962
961 963
961 964
961 966
961 969
961 970
962 964
962 966
962 968
962 969
962 970
964 966
964 968
964 970
964 988
965 988
966 968
966 969
966 970
968 969
968 970
969 970
971 973
971 974
971 975
971 977
971 979
971 980
973 974
973 975
973 977
973 980
973 988
974 975
974 977
974 979
975 977
975 994
977 980
978 983
981 982
981 983
981 984
981 987
981 989
982 983
982 985
982 987
982 990
983 984
983 987
983 990
984 989
987 990
991 994
995 996
