1000 8634
1 17
1 61
1 85
1 147
1 151
1 197
1 221
1 426
1 536
1 538
1 596
1 659
1 663
1 665
1 666
1 667
1 668
1 669
1 711
1 748
1 920
2 4
2 6
2 7
2 8
2 9
2 10
2 47
2 161
2 390
2 642
2 650
2 724
2 733
2 798
2 834
2 935
3 4
3 5
3 6
3 7
3 8
3 216
3 323
3 478
3 605
3 645
3 726
3 802
3 914
4 6
4 7
4 8
4 9
4 10
4 227
4 270
4 390
4 393
4 421
4 656
4 663
4 778
4 785
5 6
5 7
5 8
5 9
5 10
5 62
5 76
5 99
5 197
5 202
5 325
5 390
5 450
5 510
5 534
5 605
5 663
5 797
6 7
6 8
6 9
6 10
6 35
6 110
6 121
6 310
6 466
6 478
6 481
6 552
6 802
6 853
6 898
7 9
7 10
7 13
7 30
7 195
7 232
7 390
7 744
7 821
7 860
7 861
7 974
8 10
8 133
8 190
8 280
8 390
8 411
8 671
8 682
8 833
8 888
8 903
9 10
9 37
9 204
9 245
9 310
9 344
9 351
9 390
9 445
9 458
9 944
10 112
10 259
10 360
10 390
10 436
10 698
10 883
10 909
11 12
11 14
11 15
11 17
11 18
11 19
11 98
11 101
11 103
11 133
11 227
11 278
11 311
11 374
11 437
11 446
11 548
11 551
11 555
11 571
11 642
11 732
11 960
12 14
12 15
12 16
12 17
12 18
12 19
12 129
12 133
12 140
12 143
12 168
12 198
12 227
12 311
12 341
12 363
12 449
12 497
12 499
12 515
12 571
12 652
12 731
12 960
13 234
13 252
13 306
13 398
13 402
13 533
13 572
13 573
13 574
13 575
13 578
13 579
13 580
13 609
13 661
13 756
13 769
13 851
14 15
14 16
14 17
14 28
14 59
14 80
14 120
14 133
14 181
14 336
14 363
14 571
14 652
14 762
14 850
14 946
14 959
15 16
15 17
15 18
15 19
15 36
15 61
15 109
15 133
15 149
15 217
15 311
15 363
15 438
15 538
15 571
15 589
15 781
15 935
15 960
16 17
16 18
16 19
16 32
16 36
16 50
16 133
16 170
16 212
16 227
16 311
16 355
16 472
16 499
16 566
16 571
16 683
16 835
16 872
16 952
16 958
16 960
16 984
17 18
17 19
17 133
17 227
17 246
17 259
17 276
17 296
17 311
17 363
17 601
17 621
17 652
17 703
17 705
17 723
17 814
17 883
17 914
18 19
18 87
18 118
18 133
18 216
18 229
18 311
18 363
18 432
18 545
18 566
18 571
18 583
18 613
18 652
18 743
18 825
18 899
18 956
18 960
19 187
19 227
19 241
19 256
19 284
19 311
19 363
19 406
19 603
19 812
19 884
19 906
19 950
19 960
20 382
20 411
20 466
20 598
20 647
20 811
20 814
20 815
20 816
20 818
20 820
20 848
20 889
21 22
21 24
21 26
21 27
21 28
21 30
21 125
21 357
21 403
21 406
21 588
21 693
21 705
21 799
21 938
22 24
22 26
22 27
22 28
22 29
22 30
22 72
22 222
22 240
22 361
22 447
22 628
22 715
22 719
22 740
22 749
22 983
23 69
23 101
23 351
23 442
23 533
23 672
23 705
23 855
23 891
23 894
23 895
23 896
23 897
23 899
23 900
23 936
23 954
24 26
24 27
24 28
24 29
24 126
24 222
24 579
24 701
24 724
24 895
24 940
24 986
25 35
25 84
25 368
25 419
25 425
25 454
25 569
25 602
25 603
25 607
25 609
25 610
25 615
25 620
25 621
25 640
25 703
25 724
25 823
25 867
25 902
25 927
25 944
25 991
26 28
26 29
26 307
26 600
26 657
26 732
26 800
26 873
26 885
27 28
27 29
27 80
27 86
27 191
27 222
27 237
27 276
27 412
27 521
27 538
27 547
27 548
27 573
27 998
28 29
28 162
28 222
28 285
28 369
28 405
28 556
28 595
28 730
28 799
28 923
28 943
29 30
29 58
29 123
29 222
29 223
29 287
29 411
29 607
29 828
29 831
29 842
29 893
29 982
30 188
30 196
30 204
30 208
30 339
30 521
30 844
30 929
30 974
31 53
31 132
31 183
31 244
31 284
31 329
31 356
31 414
31 475
31 504
31 514
31 527
31 581
31 584
31 588
31 589
31 590
31 620
31 766
31 856
32 34
32 37
32 39
32 305
32 427
32 643
32 647
32 655
32 708
32 966
33 96
33 121
33 124
33 126
33 127
33 128
33 129
33 130
33 185
33 310
33 349
33 397
33 399
33 562
33 718
33 785
33 806
34 37
34 39
34 51
34 72
34 171
34 305
34 307
34 308
34 427
34 541
34 607
34 663
34 669
34 708
34 743
34 817
34 895
34 907
34 944
34 953
34 966
35 75
35 161
35 395
35 473
35 520
35 602
35 603
35 605
35 607
35 610
35 798
35 806
35 851
35 873
35 955
35 987
36 372
36 529
36 537
36 625
36 660
36 757
36 831
36 834
36 836
36 837
36 839
36 840
36 996
37 39
37 160
37 197
37 263
37 272
37 305
37 427
37 561
37 630
37 708
37 754
37 817
37 835
37 886
37 944
37 966
38 91
38 116
38 160
38 465
38 554
38 564
38 682
38 686
38 687
38 688
38 689
38 802
38 816
38 875
39 159
39 174
39 427
39 442
39 579
39 692
39 708
39 830
39 843
39 859
39 938
39 966
40 45
40 173
40 255
40 296
40 323
40 551
40 566
40 587
40 730
40 791
40 792
40 793
40 794
40 795
40 797
40 798
40 800
40 809
40 815
40 863
41 44
41 47
41 49
41 69
41 81
41 100
41 169
41 488
41 629
41 941
41 972
41 997
42 43
42 44
42 45
42 47
42 48
42 49
42 323
42 356
42 384
42 629
42 718
42 779
42 924
42 931
43 44
43 47
43 48
43 49
43 125
43 159
43 167
43 448
43 495
43 496
43 497
43 507
43 576
43 592
43 648
43 698
43 819
44 45
44 47
44 48
44 49
44 250
44 264
44 524
44 623
44 629
44 699
44 725
45 47
45 48
45 49
45 76
45 171
45 206
45 242
45 558
45 629
45 712
46 138
46 192
46 193
46 194
46 195
46 200
46 216
46 300
46 339
46 443
46 557
46 676
46 684
46 702
46 703
46 875
47 48
47 93
47 154
47 182
47 218
47 339
47 392
47 485
47 606
47 610
47 629
47 666
47 691
47 813
47 976
48 49
48 285
48 300
48 422
48 598
48 629
48 898
48 936
48 974
48 979
49 86
49 204
49 250
49 291
49 501
49 627
49 629
49 646
49 677
49 738
49 785
49 809
49 899
49 969
50 220
50 321
50 324
50 326
50 329
50 330
50 374
50 468
50 494
50 522
50 704
50 738
50 891
50 979
51 98
51 741
51 744
51 745
51 854
51 967
52 54
52 56
52 57
52 58
52 59
52 60
52 268
52 314
52 337
52 391
52 480
52 585
52 650
52 724
52 934
52 969
52 977
53 54
53 56
53 57
53 58
53 59
53 60
53 62
53 179
53 346
53 365
53 505
53 585
53 738
53 807
53 939
53 957
53 982
54 56
54 57
54 58
54 60
54 62
54 102
54 115
54 180
54 236
54 255
54 559
54 586
54 619
54 730
54 774
54 900
54 929
54 998
55 153
55 168
55 185
55 224
55 225
55 226
55 229
55 230
55 375
55 455
55 611
55 713
55 720
55 732
55 740
55 817
55 901
55 919
55 968
55 972
56 58
56 59
56 60
56 62
56 63
56 122
56 162
56 172
56 269
56 362
56 422
56 457
56 468
56 585
56 714
56 743
56 756
56 760
56 786
57 58
57 59
57 60
57 240
57 248
57 319
57 437
57 585
57 631
57 705
57 892
58 59
58 60
58 62
58 114
58 143
58 479
58 497
58 595
58 652
58 694
59 60
59 62
59 437
59 518
59 541
59 585
59 892
59 997
60 62
60 98
60 365
60 435
60 585
60 732
60 834
60 857
60 862
61 141
61 164
61 179
61 253
61 255
61 256
61 258
61 259
61 260
61 389
61 542
61 710
61 771
61 806
61 845
61 932
61 968
62 298
62 444
62 454
62 517
62 542
62 649
62 676
62 687
62 706
62 724
62 751
62 760
63 65
63 66
63 69
63 70
63 199
63 261
63 434
63 468
63 472
63 490
63 563
63 717
63 806
64 226
64 366
64 400
64 538
64 540
64 565
64 566
64 567
64 569
64 619
64 804
64 838
64 864
64 902
65 66
65 70
65 194
65 196
65 199
65 201
65 369
65 432
65 495
65 513
65 607
65 732
65 752
65 806
65 808
65 951
66 69
66 70
66 186
66 199
66 288
66 336
66 536
66 610
66 732
66 806
66 811
67 238
67 530
67 594
67 637
67 642
67 711
67 712
67 713
67 714
67 717
67 718
67 719
67 720
67 780
67 889
67 911
68 101
68 102
68 104
68 105
68 106
68 108
68 110
68 202
68 215
68 222
68 279
68 283
68 418
68 445
68 506
68 644
68 701
68 704
68 831
68 851
69 166
69 199
69 436
69 441
69 538
69 555
69 568
69 574
69 580
69 777
69 806
69 951
69 1000
70 75
70 115
70 141
70 348
70 504
70 605
70 700
70 705
70 806
70 934
70 935
70 944
70 951
70 952
70 969
71 72
71 73
71 74
71 77
71 78
71 79
71 80
71 195
71 208
71 258
71 276
71 334
71 410
71 429
71 477
71 490
71 517
71 532
71 581
71 603
71 680
71 834
71 898
71 964
72 73
72 77
72 79
72 80
72 86
72 104
72 114
72 137
72 221
72 240
72 358
72 401
72 408
72 496
72 510
72 568
72 700
72 882
72 964
73 77
73 78
73 79
73 80
73 142
73 201
73 291
73 473
73 532
73 598
73 671
73 694
73 709
73 716
73 952
73 964
74 77
74 78
74 79
74 80
74 119
74 211
74 308
74 367
74 491
74 532
74 730
74 812
74 845
74 877
74 964
75 83
75 109
75 302
75 317
75 342
75 400
75 504
75 578
75 682
75 689
75 851
75 921
75 922
75 923
75 924
75 926
75 928
76 104
76 139
76 231
76 343
76 407
76 437
76 558
76 644
76 701
76 703
76 710
76 739
76 893
77 78
77 79
77 80
77 182
77 208
77 341
77 426
77 532
77 553
77 586
77 725
77 817
77 846
77 848
77 964
78 79
78 80
78 197
78 233
78 419
78 426
78 532
78 596
78 666
78 718
78 751
78 786
78 815
78 836
78 850
78 964
79 80
79 117
79 248
79 360
79 365
79 532
79 603
79 748
79 884
79 964
79 986
80 156
80 260
80 341
80 351
80 385
80 412
80 532
80 536
80 554
80 591
80 842
80 844
80 922
80 964
81 83
81 88
81 132
81 134
81 135
81 136
81 137
81 138
81 140
81 148
81 158
81 220
81 336
81 355
81 509
81 525
81 612
81 746
81 844
81 986
82 83
82 84
82 85
82 86
82 87
82 88
82 89
82 90
82 191
82 253
82 269
82 341
82 547
82 660
82 668
82 707
82 744
82 775
82 779
82 861
82 929
82 973
83 84
83 85
83 86
83 88
83 89
83 105
83 133
83 191
83 316
83 328
83 390
83 498
83 547
83 648
83 659
83 660
83 707
83 779
83 782
83 834
83 861
83 929
84 85
84 86
84 87
84 88
84 89
84 90
84 182
84 191
84 209
84 247
84 328
84 428
84 449
84 511
84 547
84 707
84 861
84 906
84 908
84 929
85 86
85 87
85 88
85 89
85 90
85 100
85 154
85 191
85 204
85 223
85 270
85 278
85 328
85 497
85 547
85 625
85 680
85 692
85 738
85 779
85 847
85 861
85 893
85 909
85 929
86 87
86 88
86 90
86 154
86 191
86 328
86 707
86 779
86 861
86 908
86 929
87 88
87 89
87 90
87 103
87 114
87 137
87 169
87 170
87 190
87 191
87 211
87 337
87 443
87 477
87 492
87 509
87 547
87 656
87 707
87 779
87 806
87 817
87 861
87 872
88 89
88 90
88 173
88 191
88 243
88 497
88 547
88 707
88 779
88 849
88 852
88 861
88 912
88 929
89 90
89 178
89 191
89 204
89 380
89 403
89 531
89 535
89 605
89 645
89 733
89 742
89 857
89 861
89 929
90 191
90 272
90 321
90 328
90 522
90 547
90 707
90 779
90 830
90 861
90 893
90 929
91 116
91 136
91 173
91 180
91 253
91 284
91 299
91 335
91 398
91 554
91 610
91 626
91 650
91 681
91 682
91 683
91 684
91 685
91 686
91 687
91 688
91 689
91 690
91 771
91 963
92 93
92 94
92 95
92 97
92 98
92 100
92 107
92 205
92 211
92 222
92 285
92 291
92 393
92 529
92 589
92 599
92 632
92 664
92 702
92 749
92 764
92 932
92 974
93 94
93 95
93 97
93 100
93 279
93 351
93 531
93 574
93 731
93 749
93 764
94 95
94 97
94 99
94 100
94 214
94 237
94 308
94 311
94 385
94 484
94 560
94 574
94 749
94 761
94 764
94 772
94 868
94 913
94 965
95 97
95 98
95 100
95 219
95 460
95 560
95 764
96 121
96 124
96 126
96 127
96 130
96 178
96 397
96 410
96 492
96 562
96 775
96 825
96 834
96 934
97 98
97 250
97 388
97 605
97 669
97 749
97 804
97 867
98 118
98 328
98 380
98 560
98 602
98 617
98 764
98 804
98 840
98 859
98 876
99 185
99 246
99 335
99 373
99 415
99 622
99 623
99 627
99 628
99 642
99 720
99 778
99 851
99 856
99 888
100 203
100 312
100 314
100 492
100 560
100 569
100 731
100 758
100 764
100 773
100 801
100 889
100 898
100 909
100 923
101 102
101 104
101 105
101 106
101 108
101 109
101 110
101 239
101 294
101 373
101 390
101 549
101 607
101 612
101 810
101 815
102 104
102 105
102 106
102 108
102 109
102 211
102 227
102 250
102 317
102 428
102 608
102 768
102 806
102 813
102 952
102 994
103 231
103 241
103 289
103 304
103 315
103 426
103 450
103 511
103 552
103 560
103 592
103 594
103 608
103 683
103 714
103 755
103 868
103 956
103 996
103 997
104 105
104 106
104 108
104 109
104 110
104 182
104 212
104 255
104 398
104 401
104 418
104 790
104 813
104 900
105 106
105 109
105 110
105 219
105 252
105 265
105 418
105 516
105 589
105 596
105 740
105 813
106 108
106 109
106 136
106 374
106 684
106 696
106 769
106 782
106 813
107 123
107 156
107 262
107 268
107 285
107 289
107 320
107 367
107 371
107 372
107 375
107 376
107 377
107 379
107 387
107 491
107 627
107 655
107 656
107 681
107 781
107 841
107 874
107 998
108 190
108 464
108 576
108 583
108 813
109 110
109 126
109 278
109 335
109 351
109 761
109 813
110 247
110 374
110 590
110 738
110 739
110 808
110 813
110 921
110 958
111 113
111 114
111 117
111 118
111 119
111 120
111 149
111 531
111 663
111 680
111 685
111 836
111 999
112 148
112 185
112 211
112 212
112 214
112 216
112 217
112 218
112 219
112 220
112 231
112 307
112 395
112 468
112 484
112 549
112 666
112 717
112 744
112 873
113 114
113 116
113 117
113 119
113 120
113 173
113 292
113 340
113 355
113 371
113 445
113 641
113 659
113 756
113 943
113 999
114 117
114 118
114 136
114 223
114 375
114 420
114 532
114 659
114 666
114 764
114 940
114 948
115 205
115 258
115 270
115 335
115 431
115 527
115 622
115 623
115 627
115 630
115 642
115 801
115 821
115 859
115 954
116 118
116 119
116 120
116 266
116 592
116 659
116 697
116 767
116 999
117 118
117 119
117 120
117 225
117 277
117 432
117 469
117 659
117 756
117 787
117 913
117 999
118 119
118 120
118 413
118 731
118 955
118 999
119 120
119 290
119 558
119 661
119 762
119 995
120 197
120 239
120 270
120 316
120 473
120 509
120 630
120 670
120 822
120 999
121 124
121 126
121 127
121 128
121 129
121 130
121 178
121 309
121 397
121 679
121 795
121 856
121 879
121 945
121 950
121 975
122 201
122 314
122 315
122 316
122 319
122 410
122 470
122 495
122 496
122 780
122 917
122 947
122 980
123 151
123 154
123 155
123 156
123 157
123 159
123 394
123 404
123 415
123 435
123 511
123 618
123 853
124 127
124 128
124 265
124 307
124 516
124 522
124 530
124 549
124 550
124 620
124 689
124 802
124 823
124 849
124 879
124 965
125 139
125 252
125 335
125 337
125 361
125 419
125 430
125 557
125 565
125 658
125 687
125 690
125 883
126 127
126 128
126 129
126 178
126 191
126 199
126 397
126 562
126 600
126 640
126 879
126 971
126 983
127 128
127 129
127 444
127 562
127 624
127 664
127 682
127 812
127 822
127 879
127 901
128 129
128 130
128 178
128 229
128 359
128 397
128 526
128 559
128 562
128 764
128 858
128 869
128 879
128 880
128 935
128 978
129 130
129 143
129 178
129 180
129 367
129 397
129 448
129 510
129 562
129 595
129 713
129 737
129 738
129 770
129 879
129 931
129 981
130 178
130 268
130 326
130 356
130 397
130 508
130 540
130 562
130 695
130 773
130 811
130 852
130 879
130 973
131 487
131 529
131 649
131 663
131 745
131 883
131 884
131 885
131 886
131 887
131 896
131 905
132 134
132 135
132 136
132 137
132 198
132 244
132 312
132 347
132 364
132 440
132 548
132 576
132 656
132 712
132 838
132 863
132 889
132 930
132 942
133 149
133 168
133 227
133 252
133 257
133 311
133 363
133 571
133 633
133 641
133 652
133 940
133 943
133 960
134 135
134 136
134 137
134 138
134 336
134 556
134 576
134 587
134 596
134 735
134 754
135 136
135 137
135 138
135 185
135 251
135 336
135 361
135 370
135 372
135 382
135 566
135 598
135 599
135 670
135 776
135 927
136 137
136 323
136 357
136 513
136 534
136 576
136 599
136 608
136 730
136 743
136 793
137 138
137 204
137 336
137 432
137 547
137 576
137 606
137 754
137 778
138 143
138 290
138 336
138 535
138 570
138 576
138 645
138 895
138 926
138 933
138 935
138 994
139 154
139 355
139 458
139 461
139 463
139 464
139 465
139 467
139 469
139 515
139 635
139 680
139 685
139 694
139 710
139 861
140 152
140 227
140 294
140 363
140 406
140 412
140 413
140 415
140 416
140 417
140 420
140 516
140 659
140 728
140 947
141 144
141 145
141 146
141 148
141 149
141 150
141 319
141 407
141 561
141 582
141 721
141 755
141 767
141 890
141 968
141 974
141 991
142 170
142 350
142 365
142 648
142 867
142 876
142 931
142 933
142 934
142 935
142 937
142 939
143 281
143 461
143 463
143 465
143 469
143 470
143 488
143 497
143 515
143 622
143 673
143 694
143 757
143 803
143 892
143 912
143 970
143 982
144 145
144 146
144 148
144 149
144 187
144 271
144 329
144 586
144 729
144 778
144 814
144 890
144 968
145 146
145 148
145 149
145 150
145 683
145 824
145 924
145 951
145 968
145 988
146 148
146 149
146 150
146 178
146 184
146 198
146 239
146 407
146 492
146 625
146 656
146 730
146 735
146 753
146 890
146 931
146 943
146 948
146 955
147 197
147 221
147 283
147 631
147 665
147 666
147 667
147 668
147 669
147 674
147 700
147 711
147 748
147 775
147 871
148 149
148 150
148 407
148 626
148 680
148 782
148 921
148 968
149 150
149 330
149 337
149 401
149 407
149 493
149 544
149 616
149 626
149 715
149 873
149 878
149 968
150 170
150 181
150 392
150 407
150 418
150 668
150 702
150 775
150 781
150 890
150 920
151 153
151 154
151 155
151 157
151 159
151 346
151 490
151 590
151 609
151 634
151 684
151 689
151 700
151 727
151 744
151 821
151 853
151 963
152 246
152 247
152 269
152 412
152 413
152 415
152 416
152 417
152 420
152 545
152 762
152 794
152 854
153 154
153 155
153 156
153 157
153 159
153 213
153 272
153 346
153 398
153 404
153 652
153 853
153 942
153 956
154 156
154 157
154 159
154 346
154 464
154 480
154 518
154 571
154 614
154 853
155 157
155 159
155 346
155 405
155 736
155 745
155 798
155 838
155 840
155 864
156 157
156 159
156 180
156 219
156 417
156 455
156 776
156 853
156 958
157 346
157 350
157 386
157 557
157 853
158 255
158 258
158 269
158 354
158 360
158 408
158 521
158 522
158 525
158 526
158 527
158 528
158 530
158 554
158 575
158 601
158 638
158 898
159 190
159 340
159 553
159 566
159 853
159 864
159 870
159 966
160 206
160 242
160 249
160 250
160 291
160 300
160 302
160 349
160 472
160 516
160 553
160 555
160 581
160 672
160 722
160 742
160 806
160 823
160 842
160 928
160 938
160 963
160 995
161 162
161 165
161 166
161 167
161 168
161 169
161 170
161 202
161 265
161 321
161 334
161 400
161 524
161 557
161 566
161 615
161 622
161 659
161 783
161 832
161 883
162 165
162 167
162 168
162 169
162 170
162 265
162 331
162 373
162 400
162 557
162 832
162 834
162 927
162 956
163 277
163 319
163 365
163 423
163 429
163 495
163 497
163 498
163 499
163 501
163 664
163 870
163 878
163 951
163 986
164 172
164 176
164 180
164 392
164 451
164 468
164 533
164 592
164 670
164 706
164 881
165 166
165 167
165 168
165 169
165 170
165 220
165 239
165 265
165 400
165 424
165 469
165 504
165 557
165 832
165 841
166 167
166 168
166 169
166 170
166 177
166 202
166 227
166 233
166 265
166 312
166 400
166 477
166 481
166 523
166 557
166 624
166 737
166 832
166 873
167 169
167 170
167 237
167 265
167 333
167 370
167 400
167 557
167 785
167 832
168 169
168 170
168 265
168 305
168 377
168 400
168 557
168 601
168 718
168 757
168 765
168 771
168 788
168 848
168 919
169 170
169 265
169 346
169 400
169 484
169 509
169 557
169 706
169 733
169 832
169 923
169 961
170 243
170 265
170 282
170 339
170 400
170 447
170 498
170 500
170 627
170 800
170 832
170 834
170 889
171 188
171 281
171 369
171 383
171 391
171 393
171 394
171 395
171 396
171 398
171 506
171 519
171 737
171 819
171 820
171 877
171 950
171 979
172 173
172 176
172 177
172 179
172 188
172 216
172 256
172 392
172 451
172 493
172 533
172 654
172 695
172 735
172 758
172 773
172 774
172 776
172 881
173 176
173 177
173 179
173 306
173 327
173 392
173 397
173 413
173 451
173 533
173 536
173 569
173 654
173 717
173 759
173 782
173 881
173 933
174 205
174 213
174 220
174 294
174 308
174 318
174 327
174 446
174 590
174 694
174 731
174 732
174 733
174 734
174 735
174 736
174 739
174 748
174 755
174 892
174 960
175 327
175 399
175 476
175 538
175 678
175 735
175 775
175 871
175 873
175 874
175 875
175 880
175 998
176 177
176 179
176 180
176 313
176 336
176 392
176 451
176 533
176 598
176 654
176 701
176 752
176 881
176 905
176 933
176 969
176 989
177 179
177 364
177 392
177 451
177 533
177 808
177 863
177 881
177 963
177 967
178 362
178 397
178 562
178 737
178 929
178 964
179 180
179 234
179 392
179 415
179 455
179 460
179 533
179 566
179 654
179 719
179 881
180 183
180 244
180 283
180 319
180 356
180 361
180 392
180 451
180 626
180 654
180 891
180 907
181 182
181 184
181 186
181 187
181 188
181 189
181 190
181 193
181 194
181 220
181 384
181 390
181 492
181 563
181 630
181 799
181 877
181 978
182 184
182 186
182 188
182 189
182 190
182 307
182 441
182 465
182 531
182 567
182 597
182 617
182 735
182 754
182 819
182 859
182 897
182 902
182 984
183 242
183 261
183 264
183 437
183 456
183 459
183 528
183 541
183 649
183 696
183 783
183 860
183 882
183 884
183 885
183 886
183 887
183 888
183 890
184 187
184 188
184 189
184 190
184 284
184 309
184 384
184 400
184 460
184 479
184 669
185 232
185 233
185 234
185 235
185 236
185 237
185 238
185 240
185 347
185 408
185 433
185 445
185 784
185 851
186 188
186 189
186 190
186 251
186 284
186 382
186 384
186 484
186 520
186 546
186 788
186 819
186 848
186 876
187 188
187 189
187 190
187 237
187 255
187 284
187 328
187 384
187 397
187 415
187 422
187 460
187 480
187 639
187 734
188 189
188 190
188 219
188 284
188 384
188 484
188 503
188 747
188 861
188 961
189 190
189 193
189 298
189 384
189 436
189 536
189 711
189 716
189 787
189 849
189 942
190 235
190 280
190 284
190 364
190 384
190 435
190 664
190 680
191 266
191 328
191 415
191 584
191 730
191 779
191 880
191 951
192 193
192 194
192 198
192 260
192 281
192 292
192 319
192 339
192 381
192 387
192 408
192 443
192 469
192 654
192 863
193 194
193 200
193 339
193 391
193 401
193 443
193 444
193 453
193 473
193 788
193 974
194 195
194 198
194 200
194 237
194 267
194 339
194 423
194 443
194 466
194 608
194 787
195 198
195 200
195 291
195 339
195 360
195 408
195 443
195 478
195 636
195 746
195 748
196 255
196 442
196 445
196 446
196 447
196 448
196 450
196 626
196 634
196 706
196 759
196 812
196 873
196 986
197 221
197 515
197 663
197 665
197 667
197 668
197 669
197 748
197 771
197 891
197 926
198 316
198 339
198 443
198 469
198 471
198 624
198 720
198 781
198 891
199 292
199 406
199 422
199 732
199 806
199 810
199 852
199 951
199 961
200 205
200 207
200 335
200 339
200 403
200 443
200 456
200 889
200 983
201 275
201 313
201 314
201 315
201 319
201 320
201 496
201 621
201 774
201 884
201 948
201 962
202 204
202 205
202 206
202 207
202 208
202 210
202 323
202 435
202 494
202 538
202 663
202 802
202 885
202 931
202 943
202 975
203 261
203 277
203 301
203 303
203 306
203 307
203 406
203 523
203 570
203 630
203 651
203 670
203 726
203 796
203 816
203 855
203 936
204 206
204 207
204 208
204 210
204 350
204 544
204 553
204 608
205 206
205 207
205 208
205 210
205 417
205 585
205 696
206 207
206 208
206 210
206 287
206 709
206 944
207 208
207 235
207 308
207 309
207 713
207 714
207 770
207 969
207 973
207 991
208 210
208 454
208 635
208 651
208 699
208 759
208 769
208 937
208 964
209 243
209 280
209 352
209 493
209 691
209 692
209 693
209 695
209 696
209 697
209 699
209 700
209 722
209 813
209 821
209 880
209 972
210 267
210 288
210 400
210 404
210 418
210 439
210 502
210 569
210 675
210 709
210 730
210 783
210 875
210 885
211 212
211 214
211 215
211 217
211 218
211 219
211 222
211 389
211 391
211 436
211 484
211 549
211 680
211 817
211 941
211 975
212 214
212 215
212 216
212 217
212 219
212 220
212 407
212 553
212 573
212 737
212 941
213 214
213 217
213 218
213 219
213 230
213 270
213 312
213 423
213 435
213 549
213 633
213 650
213 736
213 766
213 829
213 914
213 915
213 933
214 215
214 216
214 217
214 218
214 220
214 428
214 549
214 679
214 733
214 759
214 783
214 880
215 216
215 217
215 218
215 219
215 220
215 231
215 379
215 466
215 477
215 492
215 542
215 549
215 557
215 624
215 741
215 781
215 861
215 932
215 944
215 985
216 217
216 218
216 219
216 220
216 321
216 346
216 471
216 549
216 584
216 696
216 739
216 777
217 218
217 219
217 220
217 247
217 371
217 378
217 459
217 549
217 728
217 768
217 811
217 830
217 839
217 848
217 883
218 219
218 220
218 259
218 355
218 380
218 400
218 481
218 504
218 624
218 919
218 927
218 935
218 947
219 220
219 295
219 513
219 549
219 626
219 629
219 747
219 779
219 929
219 982
220 482
220 501
220 695
220 800
220 832
220 939
221 372
221 376
221 438
221 576
221 663
221 666
221 668
221 669
221 786
222 475
222 742
222 808
222 834
223 224
223 225
223 228
223 229
223 230
223 611
223 634
223 799
223 864
223 972
223 977
224 226
224 229
224 230
224 293
224 391
224 398
224 483
224 583
224 611
224 758
224 787
224 885
224 906
224 972
224 977
225 226
225 228
225 229
225 230
225 268
225 315
225 329
225 341
225 351
225 515
225 611
225 776
225 795
225 830
225 960
225 972
226 228
226 229
226 230
226 464
226 526
226 610
226 628
226 635
226 840
226 972
226 977
226 982
227 231
227 311
227 353
227 363
227 373
227 430
227 463
227 526
227 571
227 633
227 652
227 681
227 824
227 960
228 230
228 291
228 357
228 403
228 503
228 509
228 520
228 611
228 616
228 848
228 863
228 977
228 985
229 230
229 428
229 437
229 565
229 610
229 611
229 749
229 833
229 888
229 972
229 977
229 988
230 253
230 291
230 490
230 563
230 592
230 611
230 691
230 814
230 938
230 972
230 977
231 243
231 256
231 263
231 552
231 608
231 654
231 690
231 703
231 724
231 822
231 834
231 956
231 991
231 993
231 994
231 997
231 998
231 1000
232 235
232 236
232 237
232 238
232 240
232 311
232 333
232 347
232 408
232 475
232 482
232 529
232 543
232 585
232 738
233 234
233 235
233 236
233 237
233 246
233 264
233 268
233 347
233 408
233 419
233 482
233 557
233 628
233 727
233 902
233 954
234 237
234 238
234 239
234 240
234 337
234 347
234 408
234 482
234 507
234 538
234 585
234 597
234 734
234 799
234 812
235 236
235 238
235 239
235 240
235 324
235 355
235 408
235 482
235 582
235 871
235 960
235 973
236 237
236 238
236 239
236 240
236 282
236 347
236 408
236 450
236 459
236 482
236 714
236 734
237 238
237 239
237 240
237 305
237 328
237 347
237 408
237 482
237 519
237 655
237 668
237 806
237 873
238 239
238 240
238 347
238 350
238 408
238 467
238 482
238 552
238 553
238 561
238 645
238 786
238 812
238 818
238 925
238 951
239 300
239 316
239 408
239 416
239 456
239 482
239 585
239 594
239 607
239 975
239 976
240 325
240 402
240 457
240 482
240 732
240 773
240 894
240 950
241 273
241 586
241 594
241 632
241 633
241 635
241 636
241 637
241 638
241 640
241 743
241 931
242 249
242 250
242 302
242 410
242 532
242 571
242 655
242 874
242 876
242 906
242 927
242 938
242 950
242 954
242 995
243 251
243 257
243 264
243 269
243 329
243 424
243 508
243 526
243 578
243 584
243 654
243 771
243 772
243 773
243 774
243 776
243 777
243 778
243 780
243 789
243 832
244 327
244 328
244 353
244 356
244 394
244 414
244 415
244 475
244 514
244 583
244 584
244 588
244 589
244 590
244 680
244 881
244 942
244 944
244 983
245 256
245 257
245 483
245 653
245 655
245 656
245 657
245 701
245 751
245 828
245 837
245 994
246 344
246 481
246 484
246 486
246 487
246 490
246 505
246 515
246 601
246 695
246 716
246 749
247 294
247 330
247 353
247 641
247 643
247 646
247 647
247 648
247 668
247 760
247 922
248 272
248 336
248 360
248 370
248 385
248 449
248 569
248 576
248 588
248 624
248 733
248 758
248 851
248 856
248 858
248 859
249 250
249 293
249 324
249 412
249 644
249 790
249 889
250 302
250 461
250 573
250 655
250 938
250 985
250 995
251 269
251 441
251 491
251 501
251 564
251 575
251 625
251 665
251 771
251 772
251 773
251 776
251 780
251 790
251 846
251 986
252 288
252 311
252 486
252 572
252 573
252 574
252 575
252 577
252 578
252 579
252 580
252 696
252 807
252 911
253 255
253 256
253 257
253 258
253 260
253 274
253 276
253 293
253 472
253 861
253 933
254 295
254 381
254 382
254 383
254 386
254 387
254 388
254 533
254 634
254 678
254 696
254 877
254 911
254 915
254 926
254 961
254 984
255 258
255 259
255 260
255 290
255 294
255 624
255 720
255 759
255 832
255 922
256 257
256 260
256 486
256 573
256 645
256 659
256 932
257 258
257 259
257 260
257 289
257 326
257 544
257 577
257 696
257 815
257 920
257 932
258 259
258 260
258 313
258 334
258 482
258 503
258 543
258 548
258 559
258 665
258 771
258 851
258 932
258 976
259 260
259 291
259 297
259 352
259 364
259 533
259 553
259 566
259 578
259 610
259 653
259 758
259 784
259 833
259 895
259 929
259 932
260 378
260 395
260 578
260 603
260 634
260 714
260 779
260 811
260 847
260 890
260 932
260 989
260 992
261 277
261 301
261 303
261 306
261 307
261 309
261 310
261 377
261 523
261 638
261 651
261 661
261 683
261 686
261 688
261 936
262 266
262 348
262 520
262 627
262 927
263 331
263 345
263 360
263 407
263 525
263 526
263 527
263 528
263 530
263 743
263 939
263 956
263 983
264 269
264 460
264 469
264 532
264 558
264 594
264 673
264 715
264 751
264 772
264 773
264 774
264 776
264 777
264 778
264 780
264 790
265 386
265 400
265 460
265 557
265 639
265 654
265 766
265 772
265 832
265 883
265 915
266 267
266 268
266 387
266 429
266 442
266 670
266 751
266 882
266 927
266 957
266 980
267 268
267 365
267 434
267 735
267 903
267 927
267 957
268 360
268 400
268 450
268 471
268 516
268 596
268 715
268 780
268 927
268 962
269 294
269 451
269 535
269 612
269 631
269 772
269 773
269 774
269 776
269 780
270 451
270 517
270 554
270 639
270 671
270 673
270 676
270 677
270 750
270 889
270 915
270 937
271 274
271 275
271 276
271 278
271 279
271 424
271 427
271 595
271 829
271 849
271 885
271 892
272 274
272 275
272 276
272 278
272 279
272 314
272 500
272 503
272 559
272 593
272 604
272 729
272 853
272 855
272 915
272 984
273 281
273 292
273 360
273 372
273 409
273 444
273 586
273 633
273 635
273 636
273 637
273 638
273 640
273 696
273 747
273 766
273 986
273 988
274 275
274 276
274 279
274 297
274 304
274 346
274 431
274 577
274 578
274 604
274 660
274 728
274 729
274 785
274 790
274 804
275 276
275 278
275 279
275 339
275 369
275 516
275 553
275 604
275 614
275 713
275 725
275 729
275 842
275 903
275 943
276 278
276 279
276 341
276 432
276 534
276 604
276 607
276 749
276 766
276 833
277 294
277 301
277 303
277 306
277 307
277 309
277 310
277 325
277 343
277 401
277 523
277 538
277 651
277 709
277 732
277 762
277 850
277 936
278 279
278 511
278 533
278 546
278 550
278 604
278 704
278 729
278 810
279 325
279 335
279 391
279 482
279 604
279 662
279 722
279 729
279 782
279 820
279 908
280 286
280 412
280 611
280 692
280 693
280 695
280 696
280 697
280 699
280 700
280 741
280 977
281 391
281 393
281 395
281 396
281 398
281 399
281 406
281 462
281 575
281 649
281 696
281 780
281 801
281 845
281 949
281 979
281 992
282 285
282 286
282 287
282 289
282 341
282 368
282 418
282 428
282 493
282 723
282 963
283 373
283 383
283 511
283 512
283 513
283 516
283 517
283 520
283 624
283 837
283 973
284 307
284 408
284 455
284 524
284 561
284 942
284 987
285 286
285 287
285 288
285 289
285 311
285 313
285 324
285 341
285 381
285 472
285 497
285 657
285 933
285 992
286 287
286 288
286 304
286 338
286 341
286 361
286 493
286 723
286 755
286 865
287 288
287 289
287 319
287 341
287 354
287 465
287 493
287 573
287 641
287 684
287 723
287 778
287 781
287 927
288 289
288 488
288 493
288 509
288 573
288 592
288 650
288 696
288 723
288 844
288 917
288 925
289 341
289 391
289 493
289 519
289 530
289 578
289 673
289 723
289 771
289 821
289 893
290 392
290 492
290 522
290 587
290 620
290 746
290 952
290 953
290 958
290 959
290 963
291 292
291 298
291 299
291 300
291 412
291 455
291 558
291 610
291 615
291 755
291 946
292 294
292 296
292 298
292 300
292 440
292 568
292 732
292 867
292 882
292 923
292 946
292 985
293 318
293 370
293 378
293 409
293 425
293 440
293 534
293 535
293 539
293 540
293 589
293 610
293 653
293 702
293 819
293 852
294 296
294 298
294 299
294 300
294 324
294 327
294 377
294 455
294 478
294 501
294 540
294 541
294 649
294 717
294 825
294 946
294 963
294 999
295 403
295 404
295 405
295 456
295 582
295 673
295 754
295 811
295 838
295 952
296 298
296 299
296 300
296 445
296 455
296 601
296 691
296 746
296 782
296 803
296 915
296 926
296 946
296 969
297 476
297 477
297 522
297 544
297 731
297 804
297 906
297 981
297 983
297 984
297 987
297 988
298 299
298 300
298 455
298 522
298 719
298 776
298 946
299 300
299 455
299 528
299 544
299 613
299 634
299 658
299 678
299 776
299 799
299 840
299 873
299 909
299 980
299 998
300 344
300 402
300 444
300 455
300 737
300 872
300 964
301 303
301 306
301 307
301 309
301 317
301 370
301 372
301 501
301 523
301 540
301 557
301 782
301 881
301 936
301 977
302 309
302 360
302 396
302 512
302 643
302 711
302 732
302 915
302 938
302 953
302 995
303 306
303 307
303 309
303 310
303 347
303 574
303 578
303 641
303 651
303 744
303 804
303 859
303 936
303 982
304 316
304 344
304 517
304 552
304 593
304 596
304 608
304 679
304 738
304 890
304 903
304 956
304 969
304 991
304 993
304 994
304 996
304 997
304 998
304 1000
305 308
305 382
305 428
305 489
305 504
305 607
305 629
305 639
305 708
305 757
305 817
305 820
305 894
305 939
305 944
305 966
306 310
306 523
306 551
306 561
306 614
306 643
306 862
306 891
306 893
306 936
307 309
307 310
307 357
307 396
307 399
307 522
307 523
307 645
307 651
307 655
307 709
307 725
307 750
307 805
307 882
307 911
307 936
307 976
308 312
308 327
308 340
308 369
308 440
308 549
308 565
308 695
308 711
308 712
308 732
308 733
308 734
308 736
308 739
308 755
308 775
308 789
308 892
309 310
309 413
309 523
309 807
309 882
309 885
309 936
309 996
310 433
310 465
310 501
310 651
310 736
310 936
310 944
310 963
311 363
311 571
311 760
311 775
311 860
311 960
312 402
312 427
312 461
312 652
312 670
312 674
312 703
312 721
312 722
312 724
312 726
312 727
312 728
312 820
312 868
312 869
312 952
312 981
313 314
313 315
313 316
313 319
313 320
313 388
313 481
313 577
313 645
313 785
313 805
313 839
313 859
313 964
313 965
313 981
314 315
314 455
314 496
314 498
314 626
314 699
314 800
314 837
314 877
314 880
314 926
314 949
315 316
315 320
315 359
315 493
315 496
315 514
315 585
315 624
315 684
315 722
316 320
316 370
316 404
316 426
316 496
316 497
316 508
316 571
316 574
316 634
316 886
316 914
316 928
316 933
316 938
316 969
316 974
317 437
317 452
317 486
317 571
317 584
317 616
317 633
317 700
317 739
317 851
317 921
317 922
317 926
317 928
317 984
317 987
317 989
317 997
318 391
318 409
318 425
318 514
318 534
318 535
318 536
318 537
318 606
318 613
318 682
318 686
318 726
318 792
318 841
318 852
318 903
318 904
318 983
319 320
319 496
319 722
319 730
319 822
319 885
319 921
320 496
320 538
320 634
321 322
321 324
321 468
321 494
321 571
321 612
321 697
321 738
321 832
321 834
321 855
321 874
321 915
322 325
322 326
322 329
322 330
322 494
322 525
322 608
322 613
322 662
322 704
322 724
322 919
323 415
323 424
323 550
323 551
323 589
323 679
323 765
323 792
323 793
323 794
323 795
323 797
323 798
323 799
323 800
323 863
323 911
323 942
324 325
324 326
324 372
324 374
324 381
324 438
324 465
324 468
324 494
324 704
324 718
324 738
324 760
324 905
324 940
325 326
325 329
325 330
325 374
325 468
325 704
325 779
325 983
326 329
326 330
326 374
326 468
326 494
326 500
326 738
326 779
326 833
326 899
326 961
327 369
327 448
327 501
327 535
327 664
327 731
327 732
327 734
327 735
327 736
327 739
327 755
327 825
327 833
327 892
328 330
328 407
328 563
328 730
328 763
328 779
328 805
328 861
328 929
328 962
329 374
329 398
329 494
329 704
329 738
329 812
329 832
329 912
330 333
330 348
330 363
330 371
330 427
330 430
330 468
330 494
330 511
330 530
330 591
330 671
330 721
330 738
331 332
331 333
331 337
331 338
331 340
331 377
331 512
331 551
331 555
331 644
331 784
331 800
331 832
331 919
331 989
332 333
332 337
332 338
332 340
332 424
332 433
332 451
332 463
332 473
332 652
332 872
332 903
332 911
332 919
332 989
333 334
333 337
333 338
333 473
333 537
333 630
333 653
333 751
333 903
333 915
333 919
333 989
334 337
334 338
334 399
334 407
334 444
334 473
334 482
334 663
334 872
334 903
334 944
335 467
335 475
335 622
335 623
335 627
335 628
335 630
335 642
335 664
335 879
335 924
335 946
336 355
336 405
336 431
336 435
336 500
336 576
336 945
336 967
336 980
337 338
337 340
337 413
337 460
337 473
337 887
337 903
337 919
337 989
338 340
338 349
338 375
338 400
338 473
338 698
338 788
338 793
338 903
338 906
338 919
338 973
338 989
339 443
339 685
339 736
339 745
339 837
339 970
340 473
340 477
340 509
340 514
340 757
340 868
340 903
340 989
341 493
341 528
341 584
341 643
341 723
341 791
341 943
342 343
342 344
342 345
342 349
342 350
342 351
342 437
342 636
342 654
342 829
342 836
342 939
342 950
343 344
343 345
343 348
343 349
343 350
343 410
343 444
343 549
343 747
344 348
344 349
344 531
344 566
344 651
344 758
345 348
345 350
345 351
345 614
345 652
345 819
345 942
345 990
346 570
346 595
346 664
346 716
346 742
346 853
346 942
347 408
347 457
347 482
347 496
347 542
347 563
347 652
347 948
348 350
348 404
348 509
348 525
348 605
348 716
349 437
349 439
349 553
349 744
349 897
349 948
350 396
350 455
350 491
350 697
350 700
350 793
351 446
351 449
351 504
351 575
351 833
351 837
351 912
351 914
351 916
351 917
351 920
352 353
352 357
352 358
352 359
352 360
352 508
352 509
352 534
352 550
352 632
352 662
353 354
353 357
353 359
353 360
353 384
353 541
353 694
353 810
353 819
353 851
353 880
353 908
353 960
354 355
354 357
354 358
354 360
354 528
354 696
354 823
354 853
354 991
355 357
355 359
355 360
355 551
355 720
355 777
355 816
355 897
356 414
356 448
356 457
356 475
356 514
356 532
356 581
356 582
356 583
356 584
356 588
356 589
356 590
356 680
356 695
356 706
356 806
357 358
357 360
357 548
357 627
357 870
358 359
358 360
358 436
358 562
358 639
358 979
359 360
359 537
359 649
359 764
359 769
359 779
359 788
359 807
359 935
359 954
360 403
360 406
360 432
360 503
360 515
360 663
360 833
360 911
360 936
361 362
361 364
361 366
361 367
361 368
361 410
361 489
361 502
361 600
361 658
361 743
361 840
361 936
361 986
362 364
362 366
362 367
362 419
362 475
362 489
362 631
362 754
362 854
363 401
363 449
363 571
363 652
363 680
363 699
363 725
363 737
363 957
363 960
364 366
364 368
364 417
364 419
364 460
364 487
364 489
364 602
364 709
365 459
365 495
365 497
365 498
365 499
365 565
365 717
365 778
365 890
365 915
365 929
365 933
366 367
366 368
366 419
366 466
366 489
366 515
366 577
366 658
366 666
366 695
366 732
366 777
366 909
367 419
367 489
367 658
367 709
368 419
368 453
368 489
368 658
368 689
368 697
369 538
369 541
369 724
369 732
369 733
369 734
369 735
369 736
369 739
369 755
369 768
369 892
370 385
370 449
370 598
370 624
370 658
370 692
370 693
370 831
370 851
370 855
370 856
370 857
370 858
370 860
371 372
371 376
371 377
371 378
371 379
371 380
371 386
371 455
371 547
371 550
371 704
371 753
371 841
372 375
372 376
372 378
372 379
372 380
372 442
372 565
372 720
372 841
372 898
373 511
373 512
373 513
373 519
373 520
373 750
373 804
373 944
374 468
374 478
374 538
374 704
375 376
375 377
375 379
375 420
375 681
375 813
375 831
375 841
375 866
375 945
376 377
376 379
376 417
376 425
376 533
376 841
376 923
376 925
377 378
377 379
377 380
377 413
377 654
377 865
378 507
378 658
378 715
378 807
378 992
379 380
379 400
379 530
379 535
379 563
379 577
379 690
379 754
379 814
379 841
379 852
380 444
380 629
380 841
380 920
381 382
381 386
381 388
381 439
381 460
381 491
381 553
381 608
381 754
381 877
381 911
381 914
381 940
382 383
382 387
382 388
382 788
382 877
382 911
382 940
383 387
383 388
383 538
383 547
383 550
383 572
383 724
383 877
383 893
383 911
383 919
383 937
383 940
384 575
384 728
384 745
384 862
384 893
384 946
385 420
385 449
385 501
385 624
385 851
385 855
385 856
385 858
385 859
385 860
386 387
386 388
386 513
386 526
386 648
386 757
386 788
386 840
386 862
386 877
386 911
386 940
386 969
387 388
387 452
387 737
387 885
387 911
387 935
387 940
387 972
387 987
388 448
388 474
388 627
388 792
388 818
388 877
388 911
388 940
389 666
389 678
389 705
389 775
389 809
389 871
389 873
389 874
389 875
389 876
389 878
389 880
390 404
390 458
390 558
390 596
390 626
390 724
390 921
390 989
391 393
391 395
391 396
391 398
391 399
391 527
391 548
391 563
391 719
391 768
391 819
391 822
391 872
391 992
392 451
392 533
392 654
392 689
392 780
392 881
392 896
393 394
393 395
393 396
393 398
393 399
393 472
393 480
393 681
393 801
393 819
393 899
393 905
393 962
393 979
393 992
393 993
394 395
394 396
394 398
394 399
394 481
394 651
394 724
394 751
394 753
394 892
394 979
394 990
394 992
395 396
395 398
395 492
395 576
395 714
395 755
395 819
395 979
395 992
396 398
396 399
396 406
396 444
396 621
396 791
396 819
396 886
396 914
396 979
396 992
397 452
397 562
397 752
397 879
398 399
398 470
398 474
398 515
398 559
398 655
398 819
398 905
398 935
398 978
398 979
398 992
399 636
399 640
399 651
399 679
399 704
399 819
399 861
399 963
399 979
399 992
400 443
400 458
400 557
400 575
400 621
400 671
400 832
400 841
400 933
401 403
401 404
401 405
401 406
401 418
401 535
401 560
401 628
401 702
401 876
401 930
401 985
402 457
402 537
402 604
402 615
402 659
402 670
402 674
402 690
402 719
402 722
402 724
402 727
402 728
402 742
403 404
403 406
403 452
403 655
403 730
403 751
403 801
403 881
404 405
404 406
404 456
404 737
404 833
405 406
405 419
405 425
405 456
405 458
405 472
405 490
405 501
405 709
405 766
405 777
406 453
406 456
406 541
406 584
406 632
406 773
406 842
406 864
406 924
406 964
407 600
407 679
407 890
407 968
408 450
408 482
408 679
408 744
408 785
408 789
408 800
408 811
408 918
409 425
409 429
409 534
409 535
409 537
409 539
409 540
409 785
409 793
409 806
409 852
409 916
409 925
409 941
410 491
410 595
410 596
410 637
410 639
410 671
410 673
410 675
410 676
410 677
410 679
410 807
410 889
411 428
411 466
411 569
411 626
411 711
411 716
411 811
411 812
411 814
411 815
411 818
411 820
411 822
411 919
412 413
412 415
412 416
412 420
412 597
412 792
412 884
413 415
413 416
413 420
413 534
413 585
413 606
413 670
413 700
413 703
413 969
414 514
414 581
414 582
414 588
414 590
414 827
415 416
415 417
415 603
415 613
415 740
415 804
415 905
416 417
416 420
416 753
416 836
417 420
417 439
417 456
417 492
417 598
417 709
417 710
417 717
417 830
417 928
418 462
418 570
418 612
418 613
418 615
418 616
418 618
418 619
418 620
418 680
418 719
418 774
419 479
419 658
419 728
419 858
419 861
419 963
420 600
420 853
420 879
421 591
421 592
421 593
421 594
421 595
421 596
421 597
421 598
421 599
421 600
421 604
421 625
421 660
421 676
421 787
421 822
421 869
421 915
421 943
421 986
421 989
422 426
422 429
422 430
422 531
422 565
422 669
422 819
422 869
422 934
422 977
423 428
423 429
423 430
423 467
423 512
423 531
423 550
423 587
423 652
423 729
423 873
423 897
423 915
424 547
424 551
424 584
424 601
424 634
424 736
424 765
424 791
424 792
424 793
424 795
424 797
424 798
424 799
424 800
424 804
424 817
424 863
424 971
425 534
425 535
425 536
425 537
425 540
425 576
425 617
425 852
425 855
426 429
426 430
426 460
426 550
426 587
426 695
426 737
426 838
426 933
426 956
427 469
427 473
427 502
427 583
427 708
427 817
427 847
427 850
427 897
427 941
427 944
427 966
427 998
428 429
428 483
428 531
428 550
428 587
428 590
428 638
428 745
428 803
428 978
428 981
429 430
429 433
429 436
429 523
429 531
429 587
429 593
429 712
429 767
430 531
430 673
430 759
430 827
430 990
431 432
431 433
431 435
431 439
431 440
431 576
431 613
431 617
431 998
432 433
432 436
432 438
432 439
432 440
432 855
433 435
433 436
433 439
433 440
433 531
433 539
433 617
433 838
433 853
433 948
434 487
434 533
434 624
434 729
434 752
434 783
434 784
434 786
434 787
434 788
434 853
435 436
435 439
435 440
435 452
435 453
435 545
435 617
435 627
435 654
435 751
435 888
435 914
436 438
436 439
436 440
436 492
436 588
436 617
436 638
436 822
436 899
436 957
437 602
437 686
437 701
437 702
437 706
437 710
437 761
437 893
437 954
438 440
438 617
438 777
438 827
438 968
439 440
439 527
439 693
439 766
439 941
440 557
440 617
440 716
440 731
440 798
440 854
440 860
440 970
441 553
441 559
441 617
441 633
441 708
441 759
441 769
441 792
441 865
442 444
442 445
442 446
442 447
442 448
442 450
442 580
442 634
442 698
442 759
442 822
442 825
442 965
443 562
443 670
443 790
443 868
444 445
444 446
444 447
444 448
444 450
444 630
444 634
444 637
444 657
444 698
444 759
444 773
444 863
445 446
445 447
445 448
445 450
445 634
445 698
445 732
445 759
445 923
446 448
446 450
446 634
446 759
447 448
447 450
447 484
447 634
447 698
447 742
447 759
447 844
447 854
447 931
448 450
448 612
448 634
448 656
448 660
448 698
448 759
448 827
448 935
449 596
449 624
449 734
449 851
449 855
449 856
449 858
449 859
449 860
449 898
449 962
449 973
450 616
450 634
450 698
450 706
450 759
450 823
450 911
450 928
451 507
451 516
451 533
451 654
451 718
451 845
452 454
452 457
452 459
452 460
452 511
452 555
452 809
452 872
452 955
453 454
453 459
453 460
453 483
453 494
453 622
453 858
453 949
453 955
454 457
454 459
454 460
454 497
454 602
454 741
454 878
454 953
454 955
455 458
455 520
455 798
455 901
455 936
455 946
456 603
456 611
456 660
456 707
457 459
457 460
457 526
457 782
457 824
457 870
457 932
458 546
458 711
458 712
458 713
458 714
458 715
458 719
458 720
458 739
458 742
458 804
458 821
458 880
458 929
459 595
459 687
459 955
460 689
460 793
460 828
460 947
460 955
461 463
461 464
461 465
461 467
461 469
461 470
461 515
461 523
461 664
461 694
461 734
461 949
462 557
462 612
462 613
462 614
462 615
462 616
462 618
462 620
462 705
462 712
462 878
463 464
463 465
463 467
463 469
463 488
463 515
463 579
463 587
463 694
463 731
463 997
463 998
464 465
464 467
464 469
464 488
464 515
464 565
464 568
464 654
464 681
464 694
464 796
464 951
465 467
465 469
465 488
465 515
465 574
465 694
465 786
465 800
466 535
466 626
466 682
466 753
466 811
466 812
466 814
466 816
466 820
466 874
467 469
467 470
467 515
467 599
467 619
467 642
467 661
467 694
467 730
467 886
467 916
467 952
468 479
468 494
468 695
468 738
468 782
468 912
469 470
469 488
469 892
469 981
470 488
470 515
470 541
470 583
470 700
470 901
471 472
471 477
471 478
471 480
471 519
471 638
471 680
471 918
472 474
472 477
472 478
472 480
472 556
472 567
472 572
472 918
473 534
473 581
473 585
473 597
473 660
473 737
473 786
473 847
473 902
473 903
473 919
473 920
473 989
474 477
474 478
474 479
474 480
474 574
474 581
474 603
474 714
474 918
474 970
475 514
475 581
475 582
475 584
475 588
475 589
475 590
475 680
475 695
475 696
475 734
475 756
476 503
476 522
476 727
476 890
476 964
476 983
476 984
476 986
476 987
476 988
477 478
477 479
477 498
477 603
477 652
477 663
477 730
477 766
477 823
477 824
477 850
477 884
477 918
477 963
477 966
477 986
477 990
478 479
478 480
478 521
478 578
478 609
478 749
478 818
478 913
478 918
479 512
479 634
479 675
479 798
479 918
480 918
480 942
480 987
481 482
481 484
481 485
481 490
481 692
481 716
481 798
481 809
481 835
481 891
481 900
481 924
481 977
482 611
482 812
482 864
483 653
483 655
483 656
483 657
483 727
483 750
483 754
483 828
483 856
483 900
483 958
483 971
484 485
484 486
484 490
484 521
484 704
484 709
484 716
484 830
484 857
484 936
485 487
485 490
485 588
485 696
485 716
486 490
486 503
486 716
486 852
486 884
486 924
487 490
487 517
487 601
487 631
487 716
487 847
488 515
488 556
488 710
488 733
488 905
488 911
489 553
489 615
489 658
489 667
489 692
489 734
489 781
489 804
489 812
489 940
490 705
490 759
490 829
490 959
490 962
490 970
490 988
490 999
491 500
491 520
491 639
491 671
491 673
491 675
491 676
491 679
491 848
491 879
491 881
491 889
491 987
492 493
492 639
492 650
492 661
492 742
492 751
492 754
492 756
492 758
492 760
492 897
492 904
493 638
493 650
493 723
493 899
493 913
493 932
493 936
494 608
494 625
494 704
494 720
494 738
494 899
494 925
495 497
495 498
495 499
495 937
496 517
496 620
496 624
496 718
496 777
496 902
496 958
497 498
497 499
497 500
497 733
497 791
498 500
498 509
498 558
498 639
498 837
498 841
499 500
499 687
500 540
500 571
500 819
501 503
501 505
501 506
501 507
501 508
501 509
501 510
501 584
501 616
501 660
501 722
501 740
501 812
501 858
501 878
502 503
502 505
502 506
502 507
502 508
502 509
502 510
502 513
502 724
502 740
502 763
502 803
502 810
502 955
503 504
503 505
503 506
503 508
503 509
503 609
503 632
503 644
503 740
503 803
503 832
503 923
503 983
503 996
503 997
504 506
504 507
504 508
504 509
504 510
504 512
504 765
504 923
504 992
505 506
505 508
505 509
505 570
505 719
505 740
506 507
506 509
506 510
506 866
506 972
507 508
507 509
507 510
507 603
507 735
507 740
507 974
508 509
508 740
508 824
508 887
509 547
509 571
509 581
509 634
509 704
509 706
509 738
509 740
509 837
509 854
510 581
510 628
510 748
510 876
510 880
510 910
510 988
511 512
511 513
511 516
511 517
511 518
511 520
511 526
511 657
511 707
511 711
511 750
511 755
511 756
511 848
511 903
512 513
512 516
512 517
512 518
512 520
512 530
512 740
512 750
512 802
512 817
512 955
512 966
512 976
513 516
513 517
513 519
513 621
513 624
513 631
513 750
513 781
513 884
513 888
513 974
513 992
513 999
514 573
514 581
514 582
514 583
514 584
514 588
514 589
514 590
514 680
514 697
514 879
514 902
514 973
515 600
515 680
515 694
515 787
515 961
516 517
516 518
516 520
516 555
516 635
516 867
516 924
517 518
517 519
517 520
517 525
517 551
517 591
517 614
517 750
517 982
518 519
518 520
518 539
518 666
518 697
518 699
518 722
518 750
518 909
518 938
518 964
518 981
519 520
519 568
519 634
519 780
519 810
519 849
519 898
519 927
519 998
520 622
520 750
520 768
520 771
520 814
520 853
520 869
521 525
521 526
521 527
521 528
521 710
521 816
521 874
521 883
522 527
522 531
522 621
522 789
522 869
522 919
522 922
522 970
522 981
522 983
522 984
522 986
522 987
522 990
523 577
523 651
523 936
524 525
524 526
524 528
524 530
524 568
524 827
524 872
524 921
524 969
525 527
525 528
525 530
525 569
525 663
525 782
525 809
525 835
525 999
526 528
526 639
526 718
526 952
527 530
527 671
527 708
527 744
527 853
527 998
528 532
528 562
528 906
528 927
529 614
529 629
529 819
529 835
529 839
529 864
530 705
530 763
531 550
531 743
531 788
531 862
532 641
532 805
532 846
532 894
532 914
532 964
533 565
533 579
533 654
533 812
533 909
533 933
534 536
534 537
534 539
534 540
534 581
534 768
534 852
534 877
534 962
535 536
535 537
535 539
535 540
535 587
535 728
535 838
535 852
536 537
536 540
536 597
536 641
536 852
536 877
537 539
537 666
537 848
537 852
537 930
538 561
538 627
538 678
538 691
538 797
538 820
538 840
538 871
538 873
538 874
538 875
538 876
538 878
538 930
538 961
539 540
539 575
539 777
539 852
539 882
540 577
540 746
540 772
540 823
540 852
541 542
541 544
541 545
541 546
541 547
541 571
541 827
541 846
541 862
542 543
542 545
542 548
542 601
542 985
543 544
543 546
543 548
543 596
543 630
543 639
543 778
544 545
544 546
544 548
544 601
544 648
544 709
544 888
545 546
545 548
545 601
545 764
545 784
545 943
545 958
545 970
546 559
546 588
546 669
546 791
546 829
546 890
547 572
547 576
547 707
547 768
547 773
547 779
547 800
547 861
547 929
547 940
548 596
548 601
548 622
548 714
548 723
548 724
549 550
549 622
549 678
549 724
549 853
549 877
549 894
549 944
550 587
550 748
550 755
550 873
550 956
550 976
551 597
551 699
551 730
551 792
551 793
551 794
551 795
551 797
551 798
551 799
551 800
551 959
552 608
552 631
552 720
552 841
552 956
552 991
552 993
552 994
552 996
552 997
552 998
553 559
553 591
553 637
553 656
553 761
553 827
553 865
553 907
553 922
553 970
554 574
554 681
554 682
554 684
554 685
554 686
554 687
554 689
554 749
554 825
554 853
554 932
555 608
555 631
555 636
555 651
555 665
555 697
555 728
555 741
555 759
555 770
555 838
555 878
555 961
555 962
555 963
555 967
555 969
555 970
556 559
556 719
556 796
557 804
557 832
558 603
558 701
558 703
558 706
558 710
558 863
558 879
558 893
559 669
559 682
559 689
559 729
559 865
559 969
560 623
560 730
560 749
560 764
560 780
560 869
560 896
561 565
561 566
561 567
561 568
561 569
561 637
561 682
561 736
561 803
561 850
561 864
562 599
562 744
562 810
562 878
562 879
562 968
563 662
563 709
563 801
563 802
563 803
563 804
563 807
563 808
563 810
563 872
563 913
564 610
564 658
564 710
564 821
564 822
564 823
564 825
564 826
564 827
564 829
564 830
565 566
565 567
565 568
565 569
565 570
565 634
565 664
565 685
565 795
565 817
565 887
566 568
566 569
566 570
566 608
566 655
566 745
566 864
566 946
567 569
567 570
567 623
567 741
567 814
567 864
568 569
568 570
568 656
568 699
568 710
568 864
568 951
568 973
569 570
569 648
569 704
569 738
569 856
569 864
569 957
570 596
570 635
570 664
570 780
570 923
571 586
571 914
571 960
571 969
572 573
572 575
572 578
572 921
572 991
573 574
573 575
573 577
573 578
573 579
573 580
573 601
573 710
573 859
573 860
573 899
573 950
574 577
574 579
574 580
574 601
575 577
575 578
575 579
575 580
575 812
575 891
575 973
576 733
576 804
576 906
577 579
577 580
577 742
577 743
577 830
578 579
578 580
578 629
578 647
578 672
578 823
578 880
578 904
578 911
579 594
579 668
579 721
579 809
579 834
579 860
579 916
580 843
580 981
581 582
581 583
581 584
581 588
581 589
581 590
581 754
581 847
581 867
581 910
581 946
581 972
582 583
582 588
582 589
582 590
582 680
582 817
582 975
583 584
583 588
583 589
583 590
583 623
583 634
583 659
583 680
583 682
583 704
583 743
584 589
584 590
584 641
584 680
584 715
584 943
584 944
585 603
585 887
585 909
585 925
586 632
586 635
586 636
586 640
586 672
586 795
587 654
587 665
587 882
587 895
588 589
588 590
588 600
588 680
588 770
588 934
589 590
589 607
589 680
589 732
589 734
589 923
590 607
590 632
590 680
590 681
590 884
590 890
591 592
591 593
591 595
591 596
591 597
591 598
591 625
591 660
591 902
591 941
592 595
592 596
592 597
592 598
592 600
592 625
592 660
592 726
592 848
592 880
592 897
592 902
592 984
593 594
593 595
593 596
593 597
593 598
593 599
593 600
593 625
593 642
593 660
593 738
593 861
593 902
594 595
594 596
594 598
594 625
594 696
594 716
594 864
594 894
594 902
595 596
595 597
595 598
595 599
595 600
595 616
595 625
595 660
595 838
595 902
596 597
596 598
596 599
596 600
596 625
596 660
596 662
596 796
596 820
596 902
596 911
596 983
597 598
597 599
597 600
597 625
597 631
597 638
597 660
597 690
597 818
597 902
597 970
598 599
598 600
598 660
598 706
598 873
598 879
598 902
598 939
599 600
599 605
599 618
599 625
599 633
599 660
599 867
599 902
599 951
600 625
600 660
600 692
600 693
600 730
600 902
600 979
600 981
601 607
601 841
601 882
602 605
602 607
602 610
602 679
602 748
602 782
602 835
602 920
603 605
603 607
603 609
603 610
603 920
603 946
604 729
604 857
604 934
605 743
605 760
605 873
605 988
606 842
606 844
606 845
606 846
606 848
606 849
606 850
607 609
607 682
607 972
608 704
608 797
608 864
608 956
608 991
608 993
608 996
608 997
608 1000
609 610
609 683
609 699
609 723
609 771
609 775
609 834
609 879
609 910
609 933
610 615
610 620
610 662
610 744
610 789
610 937
611 628
611 652
611 671
611 697
611 825
611 972
611 977
611 979
612 613
612 614
612 615
612 616
612 618
612 620
612 776
612 932
613 614
613 615
613 618
613 619
613 620
613 670
613 754
613 811
613 969
614 615
614 616
614 618
614 619
614 759
614 803
614 804
614 921
615 618
615 619
615 620
615 735
615 935
616 618
616 620
616 734
616 767
616 790
616 807
616 814
616 841
616 882
617 750
617 766
617 834
618 619
618 620
618 632
618 666
618 924
619 620
619 684
619 788
619 912
619 913
619 933
619 949
620 647
620 790
620 868
620 900
620 933
621 641
621 786
621 981
621 984
621 986
621 987
621 988
622 623
622 627
622 628
622 630
622 642
622 694
622 754
622 896
622 956
623 627
623 628
623 642
623 741
623 789
623 841
623 854
623 902
624 664
624 679
624 729
624 837
624 855
624 856
624 857
624 859
624 860
625 631
625 660
625 764
625 835
625 902
625 907
625 908
626 681
626 692
626 811
626 812
626 814
626 815
626 816
626 818
626 820
626 851
626 880
626 896
626 921
627 628
627 630
627 633
627 642
628 630
628 642
628 796
628 835
628 894
628 933
628 960
629 632
629 804
629 825
629 833
629 889
629 1000
630 642
630 857
631 671
631 698
631 737
631 767
631 838
631 951
631 962
631 963
631 965
631 970
632 635
632 636
632 637
632 638
632 640
632 690
633 635
633 636
633 637
633 638
633 640
633 710
633 743
633 751
633 824
633 834
633 847
633 923
633 927
633 954
633 956
634 698
634 759
634 809
634 980
635 636
635 637
635 640
635 743
635 765
635 819
636 637
636 638
636 640
636 660
636 743
636 881
637 640
637 743
637 790
637 825
637 988
638 640
638 706
638 743
638 938
638 961
639 671
639 673
639 675
639 677
639 679
639 752
639 795
639 889
639 915
639 934
640 652
640 690
640 743
640 839
640 882
640 919
641 643
641 644
641 645
641 646
641 647
641 648
641 836
641 865
642 691
642 724
642 738
642 890
642 897
642 898
642 953
643 645
643 646
643 647
643 648
643 660
643 755
643 814
643 840
643 849
644 645
644 646
644 648
644 675
644 699
644 881
645 646
645 647
645 648
645 674
645 687
645 775
646 702
646 708
646 748
647 648
647 659
647 740
648 800
648 862
649 884
649 885
649 886
649 887
649 888
650 663
650 751
650 753
650 754
650 756
650 757
650 758
650 760
650 989
651 685
651 972
652 683
652 725
652 736
652 880
652 935
652 960
653 655
653 656
653 657
653 697
653 720
653 731
653 786
653 828
653 859
653 865
653 968
654 797
654 800
655 656
655 657
655 820
655 828
655 839
655 864
656 670
656 828
656 926
656 931
657 799
657 851
657 858
658 762
658 789
659 668
659 681
659 801
659 820
659 999
660 828
660 841
660 881
660 902
660 940
661 692
661 698
661 717
661 733
661 751
661 753
661 754
661 756
661 757
661 758
661 760
661 767
662 709
662 801
662 804
662 805
662 807
662 809
662 818
662 872
662 913
663 665
663 666
663 667
663 668
663 669
663 681
663 728
663 812
664 691
664 702
664 873
664 901
664 906
664 909
664 910
665 666
665 667
665 668
665 669
665 675
665 748
665 763
665 781
665 923
666 667
666 668
666 763
666 869
666 893
667 668
667 669
667 680
667 726
667 748
668 669
668 724
668 730
668 748
669 748
669 888
670 674
670 702
670 721
670 724
670 727
670 728
670 738
670 795
670 936
671 673
671 675
671 676
671 808
671 848
671 889
671 904
671 915
671 924
671 999
672 857
672 891
672 894
672 895
672 896
672 897
672 898
672 899
672 900
673 677
673 679
673 707
673 838
673 889
673 900
673 964
673 967
674 721
674 722
674 724
674 725
674 727
674 728
674 735
674 866
674 969
675 676
675 677
675 679
675 889
675 915
675 940
675 964
675 998
676 677
676 679
676 889
676 915
677 683
677 736
677 889
677 915
677 918
677 924
677 988
678 705
678 733
678 775
678 871
678 874
678 875
678 876
678 878
678 880
678 976
679 889
679 924
680 741
680 878
680 881
681 682
681 685
681 686
681 688
681 689
681 690
682 683
682 684
682 685
682 686
682 687
682 689
682 769
682 840
682 913
683 684
683 686
683 687
683 688
683 689
683 690
683 775
683 864
683 954
684 685
684 686
684 687
684 688
684 689
684 875
684 934
684 953
685 686
685 687
685 688
685 689
685 690
685 752
685 840
685 842
686 687
686 688
686 689
686 690
686 894
687 689
687 690
687 957
687 999
688 689
688 728
688 734
689 690
689 819
689 999
690 762
691 692
691 693
691 695
691 696
691 699
691 700
691 752
692 693
692 695
692 696
692 697
692 699
692 700
692 871
692 901
693 695
693 696
693 697
693 699
693 700
693 722
693 736
693 869
693 959
694 824
695 696
695 697
695 699
695 700
695 856
695 936
695 949
695 989
696 723
696 769
696 780
696 930
696 983
697 699
697 722
697 729
697 830
697 927
697 980
698 737
698 759
698 876
698 896
698 989
699 700
699 767
699 817
699 860
699 959
700 735
700 910
700 919
701 702
701 706
701 710
701 838
701 880
701 893
701 903
701 944
701 967
701 982
701 986
702 706
702 710
702 757
702 777
702 876
702 956
703 706
703 710
703 797
703 812
703 856
703 893
703 950
703 971
703 987
704 738
705 775
705 795
705 834
705 871
705 873
705 874
705 878
706 710
706 735
706 773
706 893
707 748
707 771
707 779
707 929
707 968
707 975
708 804
708 817
708 852
708 877
708 944
708 966
709 743
709 791
709 801
709 802
709 803
709 804
709 805
709 808
709 809
709 810
709 820
709 872
710 712
710 845
710 861
710 886
710 893
711 712
711 713
711 714
711 715
711 717
711 718
711 719
711 856
711 863
711 878
711 955
711 963
712 713
712 714
712 715
712 717
712 719
712 720
712 792
713 714
713 715
713 717
713 718
713 719
713 720
713 766
714 720
714 822
714 863
714 943
714 963
714 998
715 717
715 718
715 719
715 720
715 728
715 752
715 793
715 823
715 970
715 995
716 878
717 718
717 719
717 720
717 752
718 720
718 973
718 977
718 987
719 720
719 801
719 805
719 895
720 783
720 859
721 722
721 724
721 725
721 726
721 727
721 728
721 954
721 992
722 724
722 725
722 726
722 727
722 777
722 778
722 794
722 936
722 982
723 729
723 882
723 949
724 725
724 726
724 727
724 728
724 851
724 887
724 929
724 944
724 953
725 726
725 727
725 728
725 754
725 807
725 821
725 867
725 985
726 727
726 728
726 744
726 929
727 728
727 995
728 789
728 795
728 925
728 968
728 989
729 785
729 931
730 763
730 776
730 792
730 793
730 794
730 795
730 797
730 798
730 799
730 800
730 963
731 732
731 733
731 734
731 735
731 739
731 843
731 892
732 734
732 735
732 736
732 739
732 755
732 892
733 734
733 735
733 736
733 755
733 892
733 964
733 975
734 735
734 736
734 892
735 736
735 739
735 755
735 892
735 911
735 930
736 755
736 770
737 838
737 929
737 961
737 962
737 963
737 969
737 970
738 949
738 984
739 750
739 803
739 892
739 953
740 756
740 930
740 961
741 742
741 744
741 745
741 747
741 773
741 827
742 744
742 747
742 753
742 799
742 916
742 993
743 827
743 888
743 917
744 745
744 854
744 870
744 902
744 944
745 747
745 854
745 959
746 833
746 954
746 958
747 809
747 970
748 921
749 764
749 785
749 956
750 995
751 753
751 754
751 756
751 757
751 758
751 760
751 787
751 828
751 957
752 770
752 781
752 782
752 783
752 784
752 785
752 786
752 787
752 789
752 835
752 960
752 982
753 754
753 757
753 779
753 788
753 810
753 982
754 756
754 757
754 760
754 799
754 846
754 958
754 959
754 961
754 970
754 977
755 771
755 892
755 968
756 757
756 758
756 760
756 819
756 909
757 758
757 803
757 838
758 801
758 874
758 954
759 809
759 898
759 943
759 984
759 986
760 808
760 937
760 956
760 969
761 762
761 763
761 766
761 767
761 770
761 812
761 843
761 924
762 763
762 766
762 767
762 768
762 769
762 908
762 978
763 765
763 766
763 767
763 770
763 778
763 913
764 781
764 852
765 766
765 769
765 770
765 891
765 908
765 968
766 767
766 768
766 769
766 772
766 848
766 908
767 769
767 770
767 849
767 899
767 908
767 913
768 769
768 770
768 908
768 984
769 770
769 908
770 908
770 987
771 773
771 774
771 776
771 777
771 778
771 780
771 790
771 836
771 917
772 773
772 774
772 776
772 777
772 778
772 780
772 933
773 778
773 780
773 790
773 884
774 776
774 780
774 790
774 852
775 829
775 873
775 874
775 875
775 876
775 878
775 946
775 990
776 777
776 778
776 780
776 784
776 894
776 979
777 778
777 780
777 790
778 780
778 790
778 935
778 936
779 789
779 845
779 861
779 929
780 786
780 790
780 917
781 782
781 783
781 785
781 787
781 788
781 789
781 806
781 859
781 982
782 784
782 786
782 787
782 788
782 789
782 982
783 784
783 785
783 787
783 788
783 789
783 830
783 948
783 982
783 986
784 786
784 787
784 788
784 805
784 937
784 982
785 786
785 787
785 789
785 858
785 982
786 787
786 788
786 789
786 797
786 982
787 788
787 789
787 863
787 945
788 928
788 982
789 847
789 982
790 883
790 903
790 991
791 792
791 793
791 794
791 796
791 797
791 798
791 800
791 863
792 793
792 794
792 795
792 797
792 798
792 799
792 800
792 862
792 871
792 932
793 794
793 795
793 797
793 798
793 799
793 800
793 801
793 856
793 863
793 976
794 795
794 797
794 798
794 800
794 806
794 863
794 914
795 797
795 798
795 799
796 822
796 930
796 972
796 973
796 974
796 975
796 978
796 980
797 798
797 800
797 814
797 830
797 863
798 799
798 800
798 869
798 896
798 951
799 800
799 863
799 984
800 863
800 871
800 890
800 891
800 943
801 802
801 803
801 804
801 805
801 807
801 809
801 810
801 872
801 913
802 803
802 804
802 805
802 807
802 808
802 809
802 810
802 837
802 857
802 872
802 893
802 913
802 932
802 962
803 804
803 805
803 807
803 808
803 810
803 890
803 921
803 950
804 805
804 807
804 808
804 809
804 810
804 872
804 913
804 925
804 956
805 807
805 810
805 818
805 872
805 936
806 951
807 808
807 810
807 848
807 858
807 872
807 913
808 810
808 845
808 872
808 913
808 949
808 971
809 810
809 869
809 872
810 837
810 872
810 993
811 812
811 814
811 815
811 816
811 818
811 820
811 825
811 961
811 976
812 814
812 815
812 816
812 820
812 847
812 971
813 825
813 973
814 815
814 816
814 818
814 829
815 816
815 921
816 818
816 820
816 991
817 927
817 937
817 941
817 944
817 966
818 820
819 918
819 936
819 944
819 992
820 886
820 887
820 993
821 822
821 824
821 825
821 826
821 829
821 830
821 999
822 823
822 824
822 825
822 826
822 827
822 829
823 824
823 825
823 826
823 827
823 829
823 830
824 825
824 829
824 830
825 826
825 827
825 829
825 830
825 880
825 947
826 827
826 829
826 830
826 894
827 829
827 830
827 971
828 845
828 943
828 950
829 830
829 903
830 941
831 834
831 835
831 836
831 837
831 840
831 908
832 867
832 872
833 912
833 914
833 916
833 917
833 920
833 940
834 835
834 837
834 839
834 840
834 853
835 836
835 839
835 872
836 837
836 839
836 840
836 864
836 891
837 840
837 854
837 877
838 961
838 962
838 963
838 965
838 967
838 969
838 970
838 993
839 840
840 867
840 956
841 891
842 843
842 844
842 846
842 848
842 849
842 965
843 845
843 846
843 848
843 849
843 850
843 903
843 905
843 935
843 979
844 845
844 846
844 847
844 849
844 850
844 924
845 846
845 848
845 849
845 850
845 907
846 848
846 850
846 889
846 901
846 975
847 848
847 849
847 850
848 849
848 850
848 891
849 850
849 937
850 857
851 855
851 856
851 857
851 858
851 859
851 906
851 970
853 924
853 930
854 861
854 917
854 927
855 856
855 857
855 858
855 859
855 860
856 857
856 858
856 859
856 860
856 933
857 858
857 899
858 859
858 860
859 860
859 901
860 906
861 929
861 950
861 999
862 866
862 867
862 868
862 869
862 870
862 968
863 875
863 884
864 959
866 867
866 868
866 869
866 870
866 898
867 868
867 869
867 870
867 982
868 869
868 870
868 894
868 897
868 904
869 870
869 976
870 949
871 874
871 875
871 876
871 878
871 880
871 881
871 897
871 916
872 913
872 920
872 967
872 980
872 989
873 874
873 875
873 876
873 878
873 880
873 923
874 875
874 876
874 883
874 910
875 880
875 995
876 880
876 899
876 904
877 898
877 958
877 975
878 880
878 910
880 881
880 894
880 914
880 967
880 981
881 897
881 923
882 883
882 885
882 887
882 888
882 928
882 939
882 956
883 884
883 885
884 885
884 888
884 891
884 967
885 886
885 887
885 888
885 924
885 925
886 888
886 975
886 985
887 888
887 970
889 915
890 954
890 968
890 993
890 998
891 894
891 895
891 896
891 897
891 898
891 900
891 985
892 981
893 948
894 896
894 897
894 899
894 983
894 985
895 896
895 897
895 898
895 899
895 900
895 929
895 950
895 985
896 897
896 898
896 899
896 900
896 946
896 985
897 898
897 899
897 900
897 985
898 899
898 900
898 922
898 931
898 964
898 985
899 900
899 955
899 981
899 985
899 996
900 985
901 904
901 906
901 907
901 909
901 910
902 943
903 919
903 941
903 983
903 989
903 990
904 907
904 910
904 941
905 906
905 907
905 909
905 970
905 977
906 909
906 910
906 927
907 909
907 910
907 944
909 941
910 923
911 940
912 916
912 917
912 920
913 941
913 994
914 916
914 917
914 920
915 986
916 917
916 920
917 920
917 977
918 956
918 996
921 923
921 924
921 928
921 978
922 925
922 926
922 928
922 994
922 999
923 924
923 925
923 926
924 926
924 928
924 933
925 926
925 928
925 943
925 970
925 991
925 997
926 928
927 957
928 942
930 943
930 971
930 973
930 974
930 975
930 976
930 978
930 980
931 933
931 934
931 935
931 937
931 939
931 940
931 989
933 934
933 935
933 937
933 939
934 935
934 937
934 939
934 979
935 937
935 939
937 939
938 995
941 942
941 943
941 945
941 947
941 948
941 949
941 950
941 964
941 981
942 943
942 945
942 948
942 949
943 947
943 950
943 957
944 966
945 947
945 948
945 949
945 950
946 957
947 949
948 949
948 950
949 997
952 953
952 954
952 958
952 959
953 954
953 958
953 959
954 958
956 993
956 994
956 996
956 997
956 998
956 1000
957 966
957 973
958 959
960 972
961 962
961 967
961 969
961 970
962 963
962 967
962 969
962 970
963 967
963 970
965 967
965 969
965 994
967 969
967 970
968 983
969 970
971 973
971 974
971 975
971 978
973 974
973 976
973 978
973 980
974 975
974 976
974 978
974 980
975 976
975 978
975 980
976 978
978 980
979 992
981 983
981 984
981 987
981 988
981 990
983 988
983 990
984 986
984 987
984 988
984 990
986 987
986 988
986 990
987 990
988 990
991 993
991 994
991 997
991 998
991 1000
993 994
993 998
993 1000
994 997
994 998
994 1000
996 998
997 998
997 1000
998 1000
