1000 8876
1 3
1 4
1 5
1 6
1 7
1 8
1 56
1 96
1 192
1 318
1 344
1 349
1 356
1 398
1 434
1 445
1 597
1 694
1 724
1 765
1 883
1 910
2 3
2 4
2 5
2 6
2 7
2 8
2 177
2 192
2 197
2 237
2 434
2 442
2 447
2 604
2 686
2 743
2 864
2 883
3 4
3 5
3 6
3 7
3 8
3 52
3 192
3 322
3 350
3 468
3 488
3 674
3 678
3 801
3 883
3 915
3 998
4 6
4 7
4 39
4 110
4 185
4 311
4 327
4 410
4 418
4 474
4 500
4 542
4 791
4 821
4 860
4 872
4 883
5 7
5 8
5 60
5 188
5 192
5 308
5 473
5 498
5 536
5 633
5 660
5 744
5 883
5 915
6 7
6 8
6 123
6 186
6 192
6 237
6 282
6 525
6 883
7 8
7 103
7 580
7 793
8 192
8 280
8 293
8 424
8 436
8 518
8 780
8 883
8 955
9 11
9 32
9 33
9 35
9 36
9 37
9 38
9 115
9 143
9 188
9 320
9 332
9 423
9 430
9 458
9 461
9 657
9 680
9 728
9 917
10 71
10 72
10 74
10 75
10 76
10 77
10 79
10 93
10 239
10 324
10 474
10 540
10 567
10 646
10 682
10 811
10 887
10 955
10 971
11 32
11 37
11 38
11 39
11 55
11 78
11 148
11 410
11 430
11 476
11 544
11 657
11 680
11 760
11 813
11 862
11 931
11 942
12 16
12 17
12 19
12 20
12 192
12 200
12 219
12 246
12 312
12 345
12 479
12 557
12 802
12 837
12 841
12 902
12 971
12 991
13 15
13 16
13 17
13 19
13 20
13 51
13 117
13 258
13 524
13 707
13 738
13 938
13 993
14 55
14 56
14 58
14 60
14 101
14 120
14 132
14 133
14 199
14 247
14 416
14 517
14 610
14 618
14 812
14 840
14 869
14 916
14 928
14 995
15 16
15 17
15 19
15 20
15 51
15 52
15 86
15 117
15 234
15 265
15 476
15 738
15 755
15 780
15 837
15 846
15 904
15 993
16 17
16 19
16 20
16 51
16 117
16 210
16 233
16 300
16 431
16 645
16 662
16 692
16 715
16 898
17 19
17 20
17 45
17 51
17 69
17 116
17 117
17 212
17 287
17 338
17 341
17 369
17 515
17 523
17 584
17 683
17 715
17 740
17 773
17 800
17 971
17 993
18 24
18 91
18 92
18 95
18 96
18 97
18 98
18 99
18 178
18 226
18 386
18 450
18 487
18 491
18 540
18 541
18 607
18 665
18 788
18 801
18 985
19 20
19 51
19 117
19 177
19 359
19 484
19 751
19 774
19 809
19 814
19 949
19 971
19 993
20 51
20 117
20 154
20 178
20 203
20 230
20 239
20 326
20 341
20 419
20 533
20 715
20 789
20 897
20 971
20 993
21 22
21 23
21 24
21 29
21 30
21 177
21 192
21 198
21 266
21 293
21 319
21 436
21 500
21 514
21 765
21 801
22 23
22 27
22 29
22 30
22 68
22 154
22 169
22 199
22 259
22 462
22 575
22 635
22 765
22 848
22 901
22 958
23 24
23 27
23 29
23 30
23 285
23 358
23 421
23 547
23 600
23 701
23 765
23 815
23 852
23 995
24 27
24 29
24 30
24 288
24 357
24 386
24 439
24 548
24 600
24 765
24 788
25 28
25 29
25 162
25 245
25 269
25 387
25 470
25 492
25 522
25 525
25 527
25 619
25 624
25 723
25 748
25 753
25 837
25 913
25 936
25 998
26 73
26 214
26 239
26 443
26 460
26 624
26 631
26 635
26 636
26 637
26 640
26 839
26 919
26 925
27 29
27 233
27 245
27 493
27 501
27 567
27 587
27 761
27 765
27 922
27 930
28 31
28 42
28 44
28 45
28 50
28 76
28 214
28 232
28 244
28 495
28 547
28 712
28 720
28 747
28 766
28 768
28 938
28 957
28 992
29 30
29 70
29 266
29 646
29 765
29 914
29 917
30 74
30 167
30 337
30 426
30 428
30 532
30 642
30 659
30 795
30 947
31 42
31 44
31 50
31 78
31 232
31 313
31 350
31 362
31 371
31 451
31 495
31 634
31 806
32 33
32 35
32 36
32 37
32 38
32 39
32 57
32 58
32 359
32 430
32 436
32 478
32 493
32 670
32 680
32 775
32 890
32 917
33 35
33 36
33 39
33 53
33 75
33 85
33 96
33 111
33 131
33 360
33 404
33 430
33 496
33 680
33 749
33 917
33 955
33 998
34 40
34 57
34 158
34 160
34 267
34 342
34 359
34 549
34 691
34 737
34 774
34 775
34 784
34 969
34 992
34 994
34 995
34 996
34 998
34 999
35 36
35 37
35 38
35 39
35 204
35 214
35 352
35 430
35 482
35 680
36 37
36 38
36 39
36 222
36 243
36 294
36 319
36 347
36 387
36 392
36 430
36 610
36 680
36 719
36 826
36 830
36 917
37 38
37 39
37 158
37 335
37 418
37 430
37 501
37 669
37 680
37 686
37 781
37 785
37 917
37 936
38 39
38 89
38 189
38 274
38 430
38 707
38 804
38 917
39 76
39 175
39 467
39 680
39 886
39 917
39 952
40 77
40 82
40 138
40 289
40 327
40 407
40 433
40 505
40 549
40 566
40 992
40 994
40 995
40 996
40 998
40 999
41 134
41 176
41 597
41 673
41 842
41 844
41 847
41 849
41 857
41 903
41 953
42 44
42 45
42 50
42 91
42 99
42 116
42 171
42 173
42 232
42 276
42 327
42 389
42 391
42 495
42 528
42 547
42 723
42 750
42 766
42 872
42 968
43 68
43 144
43 245
43 334
43 353
43 370
43 470
43 562
43 618
43 664
43 719
43 811
43 812
43 814
43 816
43 818
43 819
43 821
43 886
44 45
44 50
44 64
44 232
44 261
44 305
44 354
44 386
44 404
44 453
44 495
44 547
44 691
44 728
44 766
44 782
44 811
44 928
45 65
45 72
45 109
45 197
45 232
45 396
45 495
45 547
45 711
45 727
45 745
45 851
45 862
45 895
45 912
45 925
45 932
46 188
46 196
46 305
46 366
46 521
46 632
46 668
46 681
46 682
46 684
46 685
46 687
46 688
46 690
46 704
46 722
46 767
46 782
46 873
46 914
46 956
47 73
47 151
47 152
47 153
47 154
47 156
47 157
47 158
47 159
47 160
47 212
47 352
47 466
47 602
47 604
47 697
47 791
47 919
47 962
47 983
48 103
48 133
48 201
48 218
48 222
48 382
48 383
48 384
48 385
48 389
48 627
48 643
48 665
48 686
48 705
48 780
48 812
48 881
49 91
49 255
49 302
49 374
49 426
49 500
49 535
49 555
49 581
49 676
49 951
49 952
49 953
49 956
49 957
49 959
50 72
50 128
50 195
50 212
50 302
50 495
50 547
50 649
50 700
50 766
50 887
50 917
50 974
51 117
51 240
51 259
51 308
51 317
51 324
51 353
51 385
51 717
51 719
51 754
51 836
51 941
51 971
52 147
52 191
52 193
52 194
52 195
52 197
52 198
52 199
52 200
52 292
52 304
52 495
52 577
52 680
52 743
52 752
52 777
52 794
52 842
52 888
52 910
52 925
53 55
53 56
53 58
53 60
53 72
53 120
53 359
53 416
53 517
53 578
53 636
53 710
53 729
53 740
53 880
53 941
54 321
54 349
54 484
54 520
54 540
54 589
54 611
54 612
54 613
54 615
54 619
54 620
54 787
54 802
55 60
55 120
55 273
55 287
55 416
55 517
55 558
55 602
55 782
55 852
55 994
56 58
56 60
56 120
56 163
56 177
56 281
56 356
56 381
56 416
56 477
56 661
56 729
56 926
57 411
57 504
57 698
57 774
57 799
57 992
57 994
57 995
57 998
57 999
58 84
58 120
58 151
58 383
58 416
58 497
58 517
58 570
58 661
58 729
58 775
58 862
58 942
59 94
59 115
59 255
59 264
59 268
59 269
59 270
59 294
59 321
59 391
59 418
59 451
59 457
59 678
59 692
59 723
59 727
59 753
59 754
59 855
59 981
59 983
60 96
60 120
60 229
60 275
60 348
60 416
60 517
60 560
60 565
60 650
60 822
61 64
61 67
61 69
61 70
61 165
61 265
61 296
61 442
61 549
61 559
61 570
61 676
61 680
61 912
62 141
62 220
62 374
62 451
62 492
62 531
62 533
62 534
62 535
62 536
62 537
62 538
62 540
62 705
62 707
62 774
62 817
62 934
62 953
63 68
63 101
63 240
63 305
63 307
63 338
63 396
63 413
63 469
63 570
63 650
63 747
63 781
63 811
63 864
63 931
63 932
63 933
63 936
63 937
63 938
63 939
63 978
64 65
64 66
64 67
64 70
64 116
64 265
64 387
64 643
64 676
64 883
64 968
65 66
65 67
65 69
65 70
65 96
65 187
65 190
65 355
65 442
65 467
65 523
65 554
65 676
65 761
65 854
65 886
65 895
65 971
65 973
66 67
66 69
66 192
66 253
66 265
66 272
66 273
66 442
66 510
66 576
66 577
66 620
66 676
66 723
66 781
66 991
67 69
67 70
67 91
67 95
67 175
67 213
67 265
67 336
67 442
67 455
67 687
67 769
67 874
67 904
67 968
68 140
68 206
68 243
68 470
68 484
68 622
68 641
68 642
68 645
68 646
68 650
68 759
68 908
68 934
68 945
69 70
69 93
69 97
69 123
69 265
69 429
69 475
69 484
69 653
69 676
69 828
69 917
69 980
70 195
70 235
70 255
70 265
70 442
70 477
70 518
70 788
70 824
70 849
70 977
71 72
71 73
71 74
71 75
71 76
71 77
71 80
71 85
71 93
71 239
71 273
71 274
71 381
71 474
71 497
71 573
71 575
71 795
71 870
71 895
72 73
72 77
72 80
72 93
72 239
72 448
72 457
72 511
72 526
72 672
73 75
73 76
73 77
73 93
73 239
73 474
73 505
73 581
73 832
73 900
73 903
73 907
74 75
74 76
74 79
74 80
74 186
74 261
74 321
74 391
74 401
74 523
74 608
74 619
74 656
74 687
74 764
74 789
74 917
75 76
75 77
75 79
75 80
75 93
75 136
75 173
75 235
75 239
75 284
75 420
75 427
75 474
75 662
75 735
75 866
76 79
76 80
76 93
76 217
76 239
76 264
76 350
76 530
76 607
76 608
76 720
76 779
76 791
76 969
77 79
77 80
77 93
77 239
77 240
77 339
77 352
77 474
77 752
77 927
77 975
78 97
78 173
78 222
78 309
78 343
78 361
78 362
78 363
78 364
78 365
78 367
78 370
78 518
78 591
78 650
78 715
78 808
78 850
78 867
78 887
78 925
79 80
79 93
79 133
79 160
79 172
79 218
79 236
79 239
79 394
79 459
79 474
79 502
79 513
79 517
79 560
79 664
79 800
79 950
80 120
80 161
80 220
80 284
80 311
80 449
80 474
80 565
80 583
80 622
80 671
80 836
80 895
80 899
80 913
80 935
80 947
80 978
81 82
81 87
81 89
81 90
81 109
81 146
81 256
81 273
81 319
81 422
81 455
81 492
81 519
81 638
81 749
81 758
81 760
81 784
81 899
81 906
81 948
81 963
82 87
82 90
82 121
82 210
82 256
82 282
82 340
82 493
82 504
82 600
82 727
82 758
82 760
82 774
82 787
82 899
82 986
83 302
83 435
83 638
83 643
83 700
83 741
83 742
83 745
83 746
83 747
83 749
83 750
83 834
83 853
84 139
84 240
84 259
84 308
84 364
84 485
84 513
84 515
84 516
84 519
84 520
84 879
84 936
85 127
85 188
85 368
85 458
85 485
85 511
85 518
85 552
85 567
85 596
85 601
85 605
85 606
85 607
85 608
85 609
85 610
85 615
85 626
85 811
85 815
85 891
85 901
85 974
86 135
86 165
86 171
86 216
86 278
86 281
86 294
86 403
86 418
86 479
86 501
86 502
86 503
86 504
86 506
86 508
86 509
86 684
86 788
86 966
86 973
87 89
87 115
87 254
87 322
87 346
87 372
87 494
87 496
87 519
87 561
87 607
87 635
87 717
87 758
87 787
87 899
87 951
88 102
88 127
88 204
88 311
88 364
88 366
88 514
88 519
88 621
88 701
88 759
88 791
88 807
88 982
88 984
88 986
88 987
89 90
89 108
89 158
89 288
89 660
89 758
89 767
89 786
89 787
89 833
89 899
90 149
90 256
90 305
90 474
90 521
90 721
90 741
90 758
90 787
90 806
90 865
91 92
91 95
91 97
91 115
91 176
91 254
91 399
91 447
91 477
91 683
91 684
91 766
91 774
91 788
91 821
91 887
92 95
92 96
92 97
92 98
92 279
92 379
92 474
92 521
92 567
92 576
92 594
92 672
92 788
92 801
92 812
92 817
92 878
92 913
92 987
93 197
93 239
93 240
93 302
93 465
93 474
93 522
93 637
93 729
93 891
93 970
93 978
94 164
94 187
94 283
94 317
94 338
94 370
94 395
94 427
94 526
94 720
94 839
94 856
94 859
94 983
95 96
95 97
95 98
95 99
95 102
95 181
95 251
95 328
95 350
95 379
95 413
95 521
95 783
95 788
95 801
95 856
96 97
96 98
96 99
96 158
96 185
96 299
96 416
96 455
96 533
96 587
96 648
96 666
96 709
96 763
96 788
96 792
97 98
97 99
97 196
97 335
97 425
97 657
97 666
97 788
97 801
98 205
98 682
98 694
98 788
98 946
99 158
99 224
99 380
99 491
99 552
99 593
99 787
99 801
100 239
100 373
100 581
100 582
100 584
100 588
100 589
100 770
100 840
100 940
100 978
101 103
101 104
101 105
101 107
101 110
101 269
101 277
101 346
101 440
101 465
101 473
101 614
101 722
101 772
101 846
101 958
102 138
102 305
102 311
102 702
102 759
102 767
102 768
102 791
102 822
102 894
102 934
102 982
102 986
102 987
103 107
103 110
103 323
103 559
103 566
103 607
103 614
103 680
103 809
103 912
104 107
104 264
104 277
104 451
104 476
104 482
104 614
104 658
104 775
104 847
104 894
104 988
105 110
105 193
105 209
105 260
105 529
105 562
105 574
105 614
105 686
105 917
105 974
106 244
106 260
106 350
106 368
106 411
106 475
106 563
106 573
106 591
106 711
106 779
106 823
106 841
106 844
106 921
106 923
106 929
107 110
107 340
107 398
107 415
107 431
107 534
107 614
107 651
107 806
107 857
107 972
108 111
108 149
108 153
108 271
108 294
108 514
108 586
108 734
108 871
108 872
108 874
108 876
108 877
108 879
108 994
109 234
109 394
109 410
109 461
109 462
109 463
109 464
109 466
109 467
109 468
109 531
109 957
110 199
110 209
110 214
110 277
110 451
110 474
110 541
110 614
110 625
110 707
110 763
110 871
110 882
111 255
111 437
111 651
111 734
111 759
111 871
111 874
111 875
111 876
111 877
111 878
111 879
112 113
112 114
112 115
112 118
112 150
112 355
112 589
112 644
112 840
112 853
112 894
112 919
112 924
112 947
112 999
113 114
113 115
113 118
113 119
113 212
113 225
113 402
113 496
113 624
113 651
113 685
113 745
113 868
113 908
113 924
114 115
114 118
114 119
114 127
114 159
114 197
114 229
114 321
114 451
114 506
114 604
114 641
114 656
114 709
114 840
114 914
114 919
114 985
115 118
115 175
115 223
115 415
115 428
115 452
115 470
115 629
115 795
115 840
115 924
116 178
116 196
116 198
116 342
116 373
116 420
116 678
116 851
116 852
116 855
116 857
116 858
116 887
116 889
117 149
117 168
117 220
117 277
117 329
117 337
117 427
117 591
117 736
117 971
117 994
118 119
118 136
118 164
118 393
118 421
118 628
118 797
118 837
118 840
118 919
118 924
118 932
118 990
119 225
119 242
119 334
119 341
119 559
119 630
119 760
119 786
119 875
119 919
119 924
120 130
120 195
120 273
120 416
120 431
120 517
120 699
120 729
120 759
121 124
121 126
121 127
121 128
121 129
121 152
121 181
121 205
121 217
121 230
121 353
121 370
121 372
121 479
121 613
121 700
121 846
121 872
121 930
122 176
122 193
122 238
122 306
122 311
122 344
122 345
122 346
122 348
122 349
122 416
122 450
122 466
122 472
122 476
122 570
122 637
122 894
122 936
122 989
122 995
123 155
123 198
123 312
123 313
123 392
123 415
123 471
123 472
123 473
123 475
123 476
123 478
123 479
123 480
123 643
123 644
123 647
123 655
123 699
123 811
123 872
123 914
124 126
124 127
124 128
124 129
124 171
124 182
124 259
124 348
124 384
124 575
124 584
124 800
124 908
124 943
125 155
125 287
125 381
125 414
125 603
125 663
125 781
125 782
125 784
125 786
125 789
125 975
126 127
126 128
126 129
126 351
126 401
126 408
126 552
126 595
126 727
126 791
126 967
127 128
127 129
127 131
127 238
127 267
127 275
127 299
127 474
127 513
127 553
127 579
127 671
127 684
127 727
127 818
127 891
128 129
128 323
128 383
128 546
128 548
128 553
128 562
128 579
128 671
128 727
128 761
128 765
128 770
128 834
128 861
128 867
129 343
129 451
129 504
129 553
129 579
129 655
129 727
129 743
129 819
129 929
130 233
130 309
130 392
130 394
130 395
130 396
130 397
130 399
130 479
130 624
130 692
130 717
130 763
130 991
131 132
131 133
131 134
131 135
131 136
131 139
131 140
131 274
131 314
131 424
131 430
131 540
131 604
131 643
131 669
131 670
131 748
131 749
132 133
132 135
132 136
132 139
132 140
132 220
132 286
132 314
132 521
132 544
132 608
132 643
132 686
132 723
132 755
132 763
132 878
132 910
133 135
133 136
133 139
133 140
133 145
133 161
133 223
133 276
133 314
133 336
133 508
133 530
133 600
133 684
133 725
133 735
133 948
134 136
134 139
134 140
134 209
134 314
134 554
134 557
134 602
134 643
134 711
134 760
134 770
134 805
134 916
135 136
135 139
135 191
135 262
135 314
135 571
135 606
135 643
135 756
135 801
136 139
136 140
136 149
136 342
136 473
136 522
136 544
136 589
136 643
136 694
136 729
136 737
136 883
137 161
137 361
137 372
137 448
137 455
137 487
137 505
137 510
137 512
137 528
137 652
137 653
137 657
137 660
137 793
137 877
137 932
137 940
137 989
138 140
138 311
138 366
138 369
138 438
138 446
138 476
138 486
138 503
138 520
138 562
138 616
138 657
138 739
138 759
138 791
138 830
138 915
138 982
138 984
138 985
139 149
139 274
139 314
139 347
139 357
139 436
139 547
139 643
139 649
139 680
139 731
139 838
139 967
140 157
140 325
140 634
140 641
140 643
140 813
140 862
140 871
141 143
141 144
141 145
141 148
141 150
141 234
141 248
141 387
141 469
141 471
141 528
141 586
141 661
141 850
141 862
141 888
141 929
142 179
142 209
142 281
142 448
142 525
142 701
142 706
142 722
142 729
142 796
142 833
142 836
142 837
142 838
142 839
142 841
142 940
142 957
143 145
143 150
143 151
143 278
143 301
143 340
143 439
143 469
143 479
143 586
143 671
143 724
143 800
143 992
144 145
144 148
144 150
144 195
144 234
144 253
144 431
144 438
144 469
144 471
144 498
144 543
144 585
144 586
144 723
144 810
144 871
144 913
145 148
145 150
145 348
145 406
145 469
145 559
145 588
145 602
145 925
145 936
145 951
145 995
146 228
146 246
146 343
146 418
146 517
146 581
146 582
146 584
146 585
146 587
146 588
146 589
146 590
146 666
146 782
146 826
146 879
146 933
146 940
146 978
146 987
147 191
147 194
147 195
147 197
147 198
147 199
147 200
147 388
147 406
147 577
147 634
147 667
147 723
147 751
147 888
147 910
147 917
147 925
148 150
148 204
148 369
148 374
148 469
148 514
148 586
148 694
148 862
149 162
149 163
149 164
149 166
149 167
149 169
149 253
149 396
149 458
149 493
149 504
149 574
149 617
149 654
149 757
149 921
150 397
150 469
150 518
150 586
150 877
151 152
151 153
151 154
151 156
151 157
151 158
151 159
151 160
151 242
151 275
151 293
151 408
151 500
151 975
152 153
152 154
152 156
152 157
152 158
152 160
152 266
152 271
152 744
152 799
152 824
152 870
152 955
152 984
152 997
153 154
153 156
153 157
153 158
153 277
153 389
153 454
153 668
153 690
153 741
153 752
154 156
154 158
154 159
154 160
154 163
154 276
154 300
154 314
154 414
154 438
154 524
154 634
154 715
154 792
154 926
154 963
154 984
155 183
155 218
155 313
155 405
155 461
155 471
155 472
155 475
155 476
155 477
155 478
155 479
155 480
155 649
155 818
155 843
156 157
156 158
156 160
156 208
156 328
156 388
156 552
156 588
156 626
156 677
156 805
156 893
157 158
157 159
157 160
157 284
157 599
157 628
157 802
157 905
157 961
158 159
158 160
158 235
158 349
158 424
158 529
158 620
158 709
158 880
159 160
159 258
159 373
159 415
159 648
159 741
160 178
160 290
160 323
160 408
160 460
160 474
160 502
160 613
160 633
160 743
160 920
160 942
160 986
161 236
161 242
161 314
161 319
161 379
161 483
161 541
161 613
161 717
161 941
161 942
161 943
161 944
161 945
161 946
161 948
161 950
162 164
162 166
162 167
162 168
162 169
162 170
162 173
162 197
162 258
162 264
162 413
162 463
162 487
162 559
162 617
162 737
162 776
162 784
162 882
162 916
162 968
163 164
163 166
163 167
163 168
163 169
163 170
163 262
163 419
163 465
163 479
163 540
163 592
163 633
163 698
163 757
163 767
163 914
164 166
164 167
164 168
164 169
164 170
164 238
164 547
164 561
164 617
164 745
164 757
165 167
165 207
165 294
165 425
165 501
165 502
165 503
165 504
165 506
165 508
165 509
165 548
165 633
165 638
165 645
165 711
165 790
165 802
165 803
165 843
166 167
166 168
166 169
166 170
166 333
166 441
166 479
166 617
166 757
166 823
166 957
167 168
167 169
167 170
167 187
167 202
167 237
167 295
167 400
167 547
167 617
167 640
167 665
167 757
167 787
167 938
167 995
168 250
168 275
168 278
168 433
168 601
168 617
168 915
169 170
169 338
169 383
169 569
169 617
169 726
169 733
169 763
169 890
169 966
170 296
170 405
170 467
170 526
170 590
170 617
170 709
170 835
170 843
170 902
170 940
171 172
171 175
171 177
171 178
171 180
171 268
171 366
171 406
171 550
171 583
171 645
171 674
171 832
171 860
172 176
172 177
172 178
172 180
172 451
172 476
172 583
172 587
172 605
172 809
172 832
172 843
172 860
172 893
173 175
173 176
173 178
173 180
173 221
173 230
173 341
173 368
173 532
173 575
173 583
173 702
173 832
173 860
173 880
174 176
174 301
174 302
174 303
174 308
174 309
174 310
174 446
174 488
174 577
174 795
174 870
174 883
174 969
174 988
174 992
175 176
175 177
175 178
175 368
175 381
175 503
175 517
175 583
175 630
175 659
175 832
175 860
176 177
176 178
176 180
176 195
176 298
176 301
176 350
176 553
176 554
176 579
176 583
176 812
176 832
176 860
176 905
176 946
176 981
177 178
177 180
177 262
177 323
177 500
177 583
177 605
177 629
177 767
177 832
177 860
177 963
177 997
178 180
178 434
178 458
178 460
178 583
178 593
178 654
178 711
178 787
178 832
179 203
179 210
179 278
179 305
179 384
179 542
179 543
179 545
179 546
179 548
179 550
179 738
179 857
179 887
179 918
179 935
179 966
179 988
180 203
180 400
180 404
180 475
180 527
180 583
180 684
180 832
180 860
180 948
180 954
180 975
181 183
181 184
181 187
181 189
181 190
181 206
181 382
181 388
181 389
181 458
181 510
181 737
181 785
181 847
181 849
181 951
181 972
181 983
182 226
182 299
182 624
182 703
182 704
182 706
182 707
182 708
182 710
182 802
182 835
183 184
183 187
183 189
183 190
183 306
183 388
183 407
183 677
183 710
183 823
183 881
183 894
184 187
184 189
184 321
184 338
184 388
184 425
184 452
184 581
184 610
184 617
184 702
184 765
184 785
184 966
184 985
185 196
185 197
185 256
185 278
185 282
185 363
185 373
185 383
185 551
185 729
185 848
185 851
185 852
185 855
185 857
185 858
185 885
185 918
185 981
186 262
186 298
186 328
186 352
186 481
186 487
186 489
186 513
186 565
186 600
186 605
186 755
186 826
186 982
187 189
187 312
187 316
187 370
187 388
187 434
187 457
187 532
187 627
187 645
187 680
187 744
187 748
187 785
187 906
187 911
188 229
188 405
188 681
188 682
188 683
188 684
188 685
188 687
188 688
188 690
188 892
188 943
189 190
189 388
189 523
189 785
189 812
189 822
189 823
189 828
189 843
189 856
189 930
190 195
190 388
190 422
190 632
190 664
190 696
190 785
190 864
190 943
191 193
191 194
191 195
191 197
191 198
191 238
191 395
191 412
191 520
191 529
191 591
191 640
191 719
191 723
191 732
191 833
191 888
191 910
191 912
191 940
192 287
192 312
192 365
192 372
192 392
192 551
192 570
192 628
192 779
192 827
192 853
192 883
192 965
193 194
193 195
193 199
193 200
193 248
193 264
193 360
193 439
193 539
193 572
193 577
193 643
193 723
193 859
193 888
193 902
193 910
193 925
193 962
193 970
194 195
194 197
194 198
194 200
194 205
194 263
194 279
194 371
194 393
194 475
194 577
194 644
194 682
194 723
194 830
194 843
194 888
194 910
194 913
194 925
194 966
194 970
195 198
195 199
195 277
195 313
195 467
195 521
195 577
195 586
195 667
195 711
195 723
195 762
195 843
195 863
195 888
195 910
195 925
195 929
195 979
196 348
196 425
196 450
196 775
196 851
196 852
196 857
196 858
196 869
197 198
197 199
197 200
197 258
197 470
197 636
197 642
197 667
197 703
197 723
197 734
197 746
197 784
197 789
197 885
197 888
197 909
197 910
197 964
198 199
198 200
198 244
198 372
198 546
198 577
198 667
198 670
198 888
198 925
198 995
199 200
199 212
199 251
199 378
199 489
199 577
199 667
199 692
199 701
199 723
199 888
199 910
199 919
199 925
199 936
199 952
200 299
200 303
200 376
200 644
200 667
200 695
200 723
200 739
200 774
200 839
200 888
200 910
200 925
200 978
201 218
201 339
201 344
201 352
201 381
201 382
201 384
201 385
201 387
201 389
201 404
201 577
201 656
201 668
201 716
201 717
201 822
201 881
201 979
202 204
202 205
202 206
202 207
202 208
202 209
202 210
202 248
202 258
202 275
202 312
202 329
202 360
202 446
202 519
202 578
202 700
202 828
202 886
202 922
203 407
203 498
203 541
203 544
203 545
203 546
203 548
203 550
203 587
203 860
203 966
203 988
204 205
204 206
204 207
204 208
204 209
204 210
204 248
204 331
204 621
204 629
204 700
204 824
204 919
204 983
205 206
205 207
205 208
205 209
205 210
205 248
205 273
205 275
205 292
205 314
205 341
205 409
205 465
205 544
205 652
205 693
205 700
205 761
205 922
205 971
205 975
206 207
206 208
206 209
206 210
206 248
206 502
206 621
206 651
206 700
206 788
206 877
206 922
206 957
207 208
207 209
207 210
207 248
207 275
207 509
207 603
207 621
207 694
207 700
207 801
207 936
207 972
207 1000
208 209
208 210
208 248
208 263
208 275
208 280
208 332
208 428
208 714
208 735
208 775
208 801
208 922
208 941
209 248
209 275
209 286
209 296
209 298
209 322
209 484
209 642
209 696
209 716
209 746
209 893
210 248
210 275
210 299
210 363
210 432
210 554
210 608
210 621
210 690
210 738
210 922
210 925
211 212
211 213
211 214
211 215
211 216
211 219
211 220
211 243
211 315
211 341
211 395
211 460
211 532
211 571
211 572
211 575
211 709
211 818
211 833
211 927
212 213
212 214
212 215
212 216
212 219
212 349
212 532
212 569
212 648
212 752
212 908
212 927
212 972
213 214
213 215
213 216
213 217
213 219
213 220
213 230
213 244
213 310
213 532
213 563
213 569
213 625
213 709
213 746
213 927
213 995
214 216
214 217
214 219
214 220
214 227
214 315
214 317
214 451
214 532
214 569
214 709
214 804
214 814
214 835
214 872
214 882
214 927
214 958
215 219
215 220
215 287
215 314
215 329
215 569
215 671
215 689
215 709
215 807
215 869
215 927
215 940
215 954
216 219
216 222
216 247
216 264
216 295
216 347
216 517
216 532
216 579
216 709
216 724
216 749
216 837
216 889
216 927
217 219
217 282
217 377
217 459
217 532
217 569
217 621
217 624
217 676
217 709
217 842
217 927
218 224
218 330
218 381
218 382
218 383
218 384
218 387
218 396
218 485
218 497
218 725
219 221
219 301
219 315
219 442
219 583
219 709
219 712
219 768
219 927
220 315
220 347
220 389
220 398
220 454
220 569
220 709
220 719
220 750
220 821
220 927
220 984
221 273
221 291
221 292
221 293
221 295
221 297
221 299
221 300
221 397
221 469
221 491
221 570
221 621
221 699
221 702
222 223
222 225
222 226
222 227
222 228
222 229
222 230
222 285
222 296
222 396
222 413
222 629
223 224
223 225
223 226
223 227
223 228
223 229
223 230
223 316
223 379
223 451
223 540
223 579
223 631
223 638
223 642
223 733
223 765
224 225
224 226
224 227
224 229
224 362
224 819
224 903
225 226
225 228
225 229
225 230
225 267
225 270
225 276
225 316
225 597
225 619
225 825
225 892
225 988
226 228
226 229
226 230
226 242
226 316
226 380
226 644
226 713
226 747
226 813
226 817
226 842
226 889
226 933
227 228
227 230
227 316
227 340
227 394
227 401
227 494
227 720
227 814
228 229
228 230
228 316
228 369
228 401
228 775
228 782
228 973
228 980
229 230
229 316
229 395
229 553
229 596
229 642
229 757
229 812
229 936
230 294
230 316
230 381
230 412
230 428
230 647
230 702
230 750
230 777
230 929
230 935
231 232
231 234
231 235
231 237
231 238
231 240
231 250
231 343
231 361
231 413
231 444
231 507
231 604
231 675
231 712
231 846
231 863
231 922
231 985
232 346
232 495
232 515
232 516
232 547
232 580
232 642
232 643
232 766
232 824
233 352
233 393
233 394
233 396
233 397
233 399
233 400
233 435
233 485
233 512
233 622
233 680
233 692
233 756
233 809
233 837
233 853
233 906
234 235
234 237
234 238
234 240
234 413
234 414
234 468
234 512
234 601
234 728
234 780
234 821
234 846
234 863
234 901
234 976
235 238
235 240
235 413
235 423
235 448
235 582
235 659
235 676
235 728
235 780
235 784
235 863
236 298
236 319
236 339
236 460
236 501
236 513
236 717
236 839
236 941
236 942
236 943
236 944
236 945
236 948
236 994
237 238
237 240
237 413
237 419
237 441
237 686
237 728
237 780
237 810
237 846
237 858
237 884
238 240
238 271
238 355
238 413
238 425
238 484
238 690
238 780
238 846
238 876
238 966
239 371
239 468
239 585
239 648
239 672
239 720
239 814
239 827
239 881
239 890
239 902
239 922
239 987
240 352
240 519
240 616
240 623
240 627
240 703
240 728
240 780
240 805
240 836
240 859
240 870
241 242
241 246
241 247
241 250
241 362
241 396
241 624
241 798
241 851
241 861
241 885
241 909
242 245
242 246
242 247
242 250
242 331
242 824
242 861
243 354
243 411
243 418
243 476
243 484
243 641
243 642
243 644
243 646
243 648
243 650
243 651
243 684
243 813
243 899
243 908
243 983
244 298
244 339
244 441
244 463
244 487
244 491
244 493
244 494
244 496
244 497
244 499
244 500
244 565
244 671
244 929
245 246
245 250
245 292
245 426
245 478
245 482
245 590
245 724
245 764
245 861
245 903
245 982
246 247
246 250
246 314
246 315
246 508
246 650
246 861
246 898
246 926
247 250
247 435
247 455
247 628
247 684
247 796
247 821
247 861
247 908
248 267
248 371
248 384
248 389
248 491
248 621
248 700
248 720
248 736
248 796
248 815
248 851
248 922
248 945
248 962
249 303
249 369
249 412
249 598
249 600
249 632
249 835
249 866
249 873
249 893
249 894
249 896
249 898
249 900
249 960
250 259
250 335
250 532
250 622
250 861
250 961
251 253
251 254
251 255
251 257
251 258
251 260
251 490
251 629
251 678
251 784
252 254
252 255
252 257
252 258
252 260
252 313
252 490
252 526
252 612
252 629
252 908
252 913
252 935
253 254
253 255
253 258
253 260
253 293
253 420
253 421
253 490
253 513
253 537
253 887
253 891
253 904
253 976
253 985
254 257
254 258
254 260
254 309
254 375
254 446
254 490
254 499
254 522
254 528
254 583
254 621
254 629
254 703
254 727
254 851
255 258
255 260
255 445
255 524
255 629
255 710
255 782
255 935
255 979
256 378
256 758
256 787
256 841
256 899
257 260
257 344
257 434
257 490
257 492
257 517
257 629
257 686
258 432
258 458
258 468
258 490
258 607
258 629
258 748
258 802
258 810
258 830
258 950
258 1000
259 260
259 461
259 487
259 515
259 520
259 585
259 795
260 422
260 490
260 559
260 563
260 629
260 768
260 864
261 262
261 263
261 264
261 268
261 269
261 270
261 311
261 367
261 379
261 500
261 753
261 794
262 263
262 264
262 270
262 378
262 430
262 483
262 560
262 679
262 737
262 831
262 859
262 990
263 264
263 266
263 268
263 269
263 270
263 316
263 336
263 449
263 541
263 568
263 710
263 753
263 759
264 268
264 270
264 386
264 389
264 550
264 571
264 625
264 641
264 657
264 736
264 753
265 319
265 332
265 341
265 359
265 442
265 676
265 775
265 791
265 998
266 320
266 346
266 411
266 419
266 420
266 426
266 442
266 743
267 305
267 355
267 358
267 364
267 371
267 372
267 374
267 375
267 376
267 378
267 379
267 380
267 381
267 500
267 542
267 570
267 572
267 618
267 655
267 702
267 790
267 841
267 906
267 954
268 270
268 657
268 753
268 764
268 814
268 848
268 875
268 920
268 958
268 991
269 270
269 535
269 583
269 731
269 753
269 871
269 878
269 993
270 484
270 578
270 685
270 735
270 739
270 743
270 746
270 753
270 759
270 898
270 908
270 928
270 977
271 272
271 273
271 274
271 276
271 279
271 280
271 367
271 392
271 518
271 617
271 623
271 647
271 992
272 274
272 276
272 279
272 280
272 666
272 759
272 851
273 274
273 279
273 280
273 332
273 333
273 395
273 406
273 647
273 763
273 765
273 804
273 805
273 960
274 276
274 344
274 392
274 414
274 635
274 647
274 777
274 854
274 930
274 959
275 355
275 506
275 554
275 621
275 687
275 700
275 805
275 922
276 280
276 374
276 457
276 550
276 647
276 696
276 806
276 886
277 315
277 333
277 370
277 614
277 793
277 823
277 873
277 887
277 891
278 541
278 543
278 545
278 548
278 550
278 563
278 594
278 722
278 795
278 867
278 922
278 988
279 280
279 348
279 733
279 743
279 854
279 886
279 905
279 951
280 352
280 359
280 365
280 723
281 342
281 420
281 461
281 572
281 574
281 575
281 578
281 580
281 612
281 695
281 713
281 716
281 783
281 852
281 883
281 887
281 979
282 284
282 287
282 288
282 289
282 290
282 315
282 415
282 464
282 511
282 696
282 760
282 841
282 891
282 925
282 964
282 970
283 284
283 287
283 290
283 366
283 372
283 415
283 482
283 550
283 604
283 684
283 704
283 732
284 286
284 287
284 288
284 289
284 290
284 352
284 415
284 435
284 603
284 627
284 806
284 828
284 841
284 881
284 980
285 508
285 577
285 670
285 796
285 811
285 819
285 831
285 833
285 836
285 838
285 839
285 863
285 898
285 995
286 287
286 288
286 289
286 290
286 415
286 422
286 555
286 616
286 714
286 786
286 841
287 288
287 289
287 290
287 415
287 426
287 448
287 841
287 900
287 913
288 289
288 290
288 366
288 464
288 628
288 720
288 841
288 866
289 290
289 399
289 405
289 415
289 615
289 791
289 841
289 871
289 878
289 940
289 976
290 391
290 415
290 486
290 562
290 601
290 638
290 640
290 723
290 757
290 841
290 948
291 292
291 293
291 295
291 297
291 299
291 300
291 361
291 413
291 607
291 625
291 709
291 825
291 828
291 841
292 293
292 295
292 299
292 513
292 742
292 805
292 835
292 841
292 977
293 295
293 297
293 300
293 321
293 357
293 358
293 371
293 422
293 426
293 480
293 809
293 872
293 891
294 499
294 501
294 502
294 503
294 504
294 506
294 508
294 509
294 511
294 535
294 561
294 638
294 671
294 782
294 965
295 300
295 311
295 390
295 434
295 454
295 493
295 545
295 601
295 608
295 729
295 828
296 327
296 421
296 422
296 423
296 424
296 427
296 428
296 429
296 436
296 604
296 733
296 739
296 770
296 791
296 826
296 873
296 929
296 965
296 997
296 1000
297 300
297 349
297 472
297 544
297 673
297 690
297 827
297 845
297 918
297 960
298 306
298 383
298 423
298 431
298 444
298 453
298 489
298 661
298 808
298 867
298 884
298 885
298 886
298 889
298 890
298 917
299 300
299 367
299 485
299 505
299 553
299 681
299 690
299 728
299 811
299 851
299 867
300 361
300 429
300 591
300 628
300 676
300 860
300 959
301 302
301 303
301 308
301 309
301 310
301 427
301 701
301 766
301 795
301 858
301 961
302 303
302 304
302 308
302 309
302 310
302 331
302 334
302 393
302 502
302 528
302 701
302 777
302 795
302 820
302 919
302 946
303 308
303 309
303 310
303 592
303 630
303 701
303 733
303 795
303 969
304 308
304 310
304 331
304 345
304 410
304 448
304 532
304 538
304 701
304 790
304 795
304 876
304 951
305 312
305 323
305 324
305 326
305 327
305 328
305 329
305 330
305 515
305 560
305 563
305 617
305 629
305 650
305 848
305 892
306 341
306 343
306 344
306 345
306 346
306 348
306 349
306 526
306 570
306 592
306 744
306 885
306 985
307 308
307 449
307 455
307 932
307 933
307 935
307 936
307 937
307 939
307 981
308 309
308 310
308 701
308 733
308 795
308 845
308 985
309 310
309 421
309 701
309 795
309 841
309 859
309 887
310 500
310 546
310 701
310 795
310 799
310 847
310 855
310 890
310 909
311 315
311 366
311 744
311 759
311 791
311 809
311 823
311 879
311 982
311 984
311 985
311 986
311 987
312 322
312 323
312 325
312 326
312 328
312 329
312 330
312 364
312 421
312 456
312 560
312 665
312 848
312 911
313 335
313 379
313 471
313 472
313 473
313 475
313 476
313 477
313 479
313 480
313 545
313 564
313 636
313 843
313 980
314 377
314 418
314 429
314 516
314 526
314 546
314 566
314 594
314 609
314 643
314 882
314 958
315 328
315 337
315 359
315 361
315 429
315 475
315 494
315 532
315 569
315 709
315 836
315 894
315 927
316 538
316 602
316 606
316 668
316 676
316 757
316 937
316 942
316 945
316 989
317 320
317 338
317 428
317 491
317 513
317 603
317 616
317 800
317 821
317 830
317 833
317 895
317 898
317 906
318 337
318 355
318 371
318 374
318 375
318 377
318 379
318 380
318 411
318 469
318 488
318 618
318 702
318 790
318 844
318 881
318 895
318 930
318 947
319 483
319 505
319 668
319 717
319 883
319 941
319 942
319 943
319 946
319 948
319 950
319 968
319 993
319 995
320 338
320 380
320 450
320 587
320 617
320 653
320 767
320 776
320 797
320 890
320 983
320 994
321 340
321 387
321 390
321 408
321 436
321 462
321 485
321 615
321 616
321 630
321 700
321 733
322 325
322 326
322 327
322 328
322 329
322 330
322 356
322 513
322 588
322 621
322 629
322 649
322 747
322 797
322 846
322 848
322 872
322 878
322 899
322 949
322 992
323 324
323 325
323 327
323 328
323 329
323 341
323 376
323 379
323 409
323 493
323 528
323 529
323 560
323 649
323 734
323 805
323 848
323 851
323 923
324 325
324 326
324 327
324 330
324 416
324 491
324 560
324 649
324 848
324 942
325 326
325 327
325 328
325 329
325 330
325 428
325 502
325 560
325 649
325 666
325 714
325 763
325 998
326 327
326 330
326 398
326 399
326 423
326 493
326 514
326 535
326 560
326 649
326 754
326 848
326 917
327 328
327 329
327 330
327 440
327 472
327 560
327 647
327 649
327 848
327 885
327 894
327 951
328 329
328 330
328 487
328 560
328 617
328 649
328 790
328 848
329 330
329 355
329 367
329 560
329 649
329 651
329 666
329 698
329 736
329 848
330 434
330 491
330 560
330 649
330 848
330 855
330 993
331 332
331 333
331 336
331 337
331 339
331 340
331 468
331 523
331 576
331 599
331 949
332 333
332 335
332 336
332 337
332 339
332 371
332 703
332 750
332 908
332 938
332 946
332 949
333 336
333 339
333 340
333 376
333 393
333 442
333 446
333 599
333 609
333 653
333 664
333 752
333 782
333 949
334 384
334 505
334 557
334 562
334 568
334 647
334 677
334 678
334 761
334 804
334 812
334 814
334 816
334 818
334 819
334 820
334 821
334 978
335 336
335 337
335 339
335 340
335 415
335 575
335 661
335 850
335 875
335 931
335 935
335 949
335 990
336 337
336 339
336 340
336 449
336 486
336 490
336 591
336 686
336 785
336 787
336 931
336 949
336 990
337 339
337 450
337 662
337 743
337 791
337 861
337 878
337 973
337 990
338 419
338 570
338 620
338 630
338 678
338 865
338 888
338 966
338 983
339 340
339 373
339 403
339 479
339 721
339 949
339 957
339 971
339 990
339 999
340 404
340 571
340 737
340 874
340 940
340 949
340 985
341 343
341 344
341 345
341 346
341 347
341 348
341 349
341 456
341 521
341 526
341 538
341 592
341 724
341 735
341 754
341 775
341 837
341 858
341 881
342 412
342 571
342 572
342 575
342 576
342 639
342 681
342 689
342 716
342 783
342 851
342 887
342 946
343 344
343 345
343 346
343 349
343 511
343 526
343 538
343 570
343 592
343 757
343 865
343 993
344 345
344 346
344 347
344 348
344 406
344 526
344 570
344 592
344 599
344 659
344 742
344 922
344 959
345 346
345 347
345 348
345 570
345 592
345 631
345 811
345 850
345 870
345 877
345 999
346 347
346 348
346 349
346 526
346 607
346 766
346 767
346 934
347 348
347 349
347 441
347 458
347 474
347 475
347 526
347 570
347 577
348 349
348 460
348 470
348 482
348 570
348 801
348 911
348 922
348 996
349 462
349 463
349 526
349 570
349 611
349 624
349 770
349 935
349 980
350 534
350 552
350 776
350 779
350 796
350 799
350 921
350 923
350 929
350 930
350 946
351 372
351 464
351 469
351 528
351 635
351 660
351 677
351 698
351 743
351 748
351 792
351 822
351 823
351 827
351 828
351 829
351 830
351 964
351 997
352 481
352 482
352 486
352 487
352 600
352 826
352 848
352 863
352 904
352 930
353 357
353 358
353 360
353 477
353 479
353 561
353 581
353 588
354 356
354 357
354 359
354 360
354 365
354 416
354 453
354 482
354 659
354 896
354 911
354 941
354 979
354 990
355 371
355 372
355 374
355 375
355 378
355 379
355 380
355 394
355 397
355 404
355 448
355 579
355 607
355 618
355 702
355 768
355 790
355 921
356 357
356 360
356 435
356 463
356 483
356 539
356 999
357 358
357 359
357 360
357 415
357 434
357 601
357 676
357 899
357 964
358 359
358 360
358 426
358 471
358 512
358 559
358 608
358 668
358 674
358 834
358 842
358 959
359 360
359 427
359 453
359 459
359 549
359 560
359 863
359 982
359 990
360 392
360 423
360 521
360 772
360 893
360 898
361 362
361 363
361 364
361 370
361 387
361 528
361 553
361 619
361 696
361 700
361 768
362 363
362 364
362 365
362 367
362 370
362 443
362 542
362 663
362 799
362 800
362 854
362 880
363 364
363 365
363 367
363 370
363 414
363 439
363 493
363 719
363 799
363 910
364 368
364 370
364 432
364 464
364 519
364 635
364 651
364 880
364 897
364 907
364 966
365 367
365 370
365 505
365 754
365 880
365 924
366 585
366 653
366 683
366 759
366 791
366 920
366 984
366 985
366 987
367 370
367 482
367 542
367 562
367 607
367 714
367 880
367 975
368 516
368 539
368 573
368 656
368 750
368 755
368 760
368 779
368 799
368 810
368 854
368 921
368 923
368 928
368 930
368 978
369 402
369 431
369 632
369 891
369 893
369 894
369 895
369 896
369 898
369 900
369 928
369 941
370 372
370 402
370 446
370 454
370 460
370 494
370 499
370 555
370 579
370 844
370 880
370 886
370 887
371 372
371 374
371 375
371 376
371 377
371 379
371 380
371 468
371 505
371 618
371 768
371 790
371 904
371 942
371 961
371 991
371 998
372 374
372 375
372 377
372 378
372 379
372 380
372 444
372 466
372 506
372 618
372 668
372 674
372 768
372 779
372 790
372 991
373 699
373 851
373 852
373 855
373 865
373 881
373 927
374 375
374 376
374 377
374 378
374 520
374 574
374 618
374 702
374 714
374 768
374 772
374 781
374 790
374 791
374 806
374 993
375 377
375 379
375 480
375 618
375 702
375 747
375 768
375 790
375 888
376 377
376 378
376 379
376 380
376 490
376 522
376 618
376 657
376 702
376 722
376 768
376 790
376 830
376 859
376 976
376 999
377 378
377 379
377 380
377 501
377 702
377 704
377 717
377 722
377 768
377 790
377 942
377 999
378 379
378 380
378 431
378 618
378 661
378 702
378 768
378 790
378 877
378 882
378 987
379 380
379 618
379 631
379 663
379 749
379 768
379 790
379 919
380 618
380 702
380 884
381 382
381 383
381 384
381 385
381 387
381 389
381 453
381 464
381 656
381 668
381 825
381 881
381 917
381 942
382 383
382 384
382 385
382 389
382 452
382 467
382 541
382 604
382 697
382 802
382 881
382 922
383 384
383 387
383 389
383 435
383 596
383 683
383 773
383 881
383 950
383 965
383 1000
384 385
384 387
384 409
384 563
384 632
384 653
384 693
384 811
384 881
385 387
385 389
385 559
385 628
385 672
385 691
385 746
385 773
385 848
385 868
385 881
385 997
386 561
386 563
386 564
386 566
386 568
386 578
386 587
386 589
386 635
386 795
386 909
387 582
387 634
387 640
387 646
387 698
387 835
387 881
387 979
388 404
388 448
388 561
388 570
388 575
388 602
388 670
389 554
389 600
389 730
389 756
389 973
390 485
390 490
390 612
390 613
390 615
390 616
390 808
390 889
391 452
391 564
391 718
391 961
391 962
391 964
391 967
391 970
392 393
392 394
392 395
392 396
392 408
392 471
392 520
392 531
392 643
392 692
392 721
392 814
392 868
392 981
393 394
393 395
393 396
393 397
393 399
393 687
393 692
393 871
393 932
394 395
394 396
394 399
394 466
394 692
394 739
394 916
394 918
395 396
395 397
395 399
395 491
395 652
395 692
395 813
395 923
395 992
396 399
396 490
396 500
396 591
396 639
396 752
396 772
396 892
396 974
397 399
397 618
397 686
397 692
397 696
397 721
397 887
398 431
398 432
398 433
398 434
398 436
398 437
398 438
398 439
398 482
398 559
398 851
398 881
398 896
399 525
399 571
399 644
399 692
399 801
399 808
399 865
399 905
399 922
399 937
400 401
400 416
400 581
400 582
400 583
400 584
400 585
400 587
400 588
400 589
400 590
400 606
400 646
400 668
400 726
400 822
400 859
400 940
401 402
401 403
401 404
401 406
401 408
401 409
401 421
401 434
401 451
401 469
401 495
401 530
401 636
401 786
401 900
401 966
402 403
402 404
402 406
402 408
402 409
402 561
402 604
402 650
402 696
402 818
403 404
403 406
403 441
403 482
403 681
403 712
403 955
404 405
404 406
404 408
404 409
404 441
404 581
404 634
404 681
404 708
404 734
404 796
404 943
405 406
405 409
405 694
405 704
405 708
405 841
406 408
406 481
406 682
406 717
406 967
407 467
407 523
407 559
407 661
407 662
407 663
407 664
407 665
407 666
407 668
407 669
407 670
407 708
407 734
407 761
407 851
407 860
407 868
407 905
407 927
408 409
408 585
408 670
408 895
408 969
409 447
409 477
409 556
409 603
409 803
409 843
410 461
410 463
410 465
410 466
410 467
410 468
410 492
410 531
410 632
410 658
410 749
410 762
410 995
411 412
411 417
411 419
411 420
411 426
411 436
411 657
411 671
411 696
411 751
412 417
412 419
412 420
412 426
412 531
412 545
412 743
412 913
413 416
413 447
413 493
413 529
413 629
413 728
413 737
413 780
413 863
413 968
413 981
414 523
414 529
414 588
414 716
414 759
414 781
414 782
414 784
414 786
414 789
414 826
414 923
414 947
415 459
415 530
415 719
415 814
415 841
415 850
415 890
416 463
416 509
416 517
416 584
416 596
416 606
416 684
416 729
416 808
416 888
416 952
417 419
417 420
417 426
417 523
417 534
417 692
417 724
417 816
417 912
417 930
418 567
418 624
418 625
418 626
418 628
418 630
418 695
418 811
418 812
418 986
418 989
419 420
419 426
419 623
419 648
419 845
419 989
420 426
420 716
420 801
421 422
421 423
421 424
421 425
421 427
421 428
421 429
421 451
421 494
421 507
421 604
421 678
421 739
421 748
421 813
421 831
421 873
421 987
421 1000
422 423
422 425
422 427
422 428
422 429
422 446
422 507
422 553
422 739
422 810
422 813
422 873
422 997
422 1000
423 425
423 427
423 428
423 429
423 436
423 487
423 500
423 507
423 601
423 604
423 609
423 639
423 683
423 700
423 739
423 773
423 813
423 873
423 900
424 425
424 427
424 428
424 429
424 498
424 558
424 604
424 692
424 813
424 873
424 915
424 997
424 1000
425 428
425 429
425 444
425 507
425 580
425 604
425 630
425 686
425 739
425 813
425 873
425 913
425 938
425 1000
426 630
426 685
426 835
426 853
427 428
427 429
427 507
427 576
427 588
427 604
427 638
427 670
427 739
427 813
427 873
427 1000
428 507
428 604
428 605
428 606
428 612
428 739
428 781
428 794
428 813
428 873
429 432
429 446
429 507
429 630
429 681
429 726
429 731
429 739
429 813
429 873
429 931
429 942
429 997
429 1000
430 432
430 476
430 597
430 604
430 667
430 674
430 680
430 728
430 917
430 949
431 432
431 433
431 434
431 436
431 437
431 438
431 487
431 508
431 566
431 671
431 908
431 939
432 433
432 434
432 436
432 437
432 438
432 439
432 486
432 563
432 572
432 634
432 715
432 747
432 784
432 945
432 946
433 434
433 617
433 766
433 775
433 776
433 815
433 986
434 436
434 437
434 439
434 481
434 575
434 704
434 821
435 442
435 476
435 539
435 675
435 721
435 741
435 745
435 746
435 747
435 748
435 750
435 775
435 810
435 834
435 919
435 971
436 439
436 532
436 602
436 752
437 438
437 439
437 489
437 725
437 761
437 973
438 439
438 442
438 551
438 643
438 812
438 850
438 915
438 1000
439 456
439 550
439 610
439 619
439 685
439 852
439 958
439 963
440 629
440 762
440 777
440 794
440 795
440 797
440 798
440 800
440 836
440 926
440 963
441 443
441 445
441 447
441 449
441 450
441 460
441 647
441 707
441 817
441 852
442 466
442 577
442 648
442 668
442 695
442 778
442 849
442 928
443 444
443 445
443 446
443 447
443 449
443 450
443 789
443 927
444 446
444 449
444 450
444 754
444 822
444 886
444 940
444 996
445 446
445 447
445 449
445 450
445 480
445 701
445 770
445 782
445 791
445 810
445 829
445 848
445 878
445 887
445 960
445 969
446 447
446 449
446 450
446 518
446 519
446 550
446 717
447 449
447 450
447 471
447 486
447 504
447 669
447 888
447 907
447 966
447 996
448 505
448 512
448 652
448 653
448 654
448 655
448 656
448 657
448 659
448 660
448 683
448 754
448 833
448 857
448 968
448 982
448 989
449 450
449 596
449 697
449 858
449 907
450 662
450 764
450 775
451 452
451 453
451 454
451 455
451 456
451 457
451 458
451 459
451 460
451 510
451 602
451 609
451 672
451 679
451 694
451 712
451 744
451 753
451 815
451 836
451 862
451 991
452 453
452 454
452 456
452 458
452 459
452 460
452 510
452 620
452 621
452 694
452 775
452 815
452 853
452 991
453 454
453 455
453 456
453 457
453 458
453 459
453 460
453 498
453 510
453 672
453 694
453 715
453 737
453 760
453 780
453 815
453 853
453 900
453 983
453 991
454 455
454 456
454 457
454 460
454 498
454 510
454 590
454 672
454 694
454 776
454 804
454 815
454 861
454 916
454 956
454 982
454 991
455 456
455 458
455 459
455 460
455 498
455 510
455 516
455 533
455 611
455 620
455 672
455 694
455 747
455 751
455 800
455 815
455 853
455 893
455 991
455 992
456 457
456 458
456 459
456 498
456 499
456 510
456 624
456 672
456 679
456 776
456 800
456 815
456 824
457 458
457 459
457 460
457 498
457 510
457 518
457 533
457 635
457 672
457 691
457 694
457 785
457 815
457 853
457 868
457 952
457 960
457 989
457 990
457 991
458 460
458 510
458 545
458 580
458 694
458 815
458 853
458 878
458 991
459 484
459 498
459 505
459 509
459 510
459 549
459 573
459 618
459 672
459 694
459 730
459 853
459 896
460 468
460 498
460 506
460 510
460 537
460 604
460 634
460 672
460 694
460 758
460 815
460 853
460 991
461 462
461 463
461 464
461 466
461 500
461 658
461 817
461 921
461 931
461 1000
462 463
462 464
462 466
462 467
462 468
462 592
462 621
462 658
462 791
462 830
462 861
462 862
462 937
462 951
462 981
463 464
463 465
463 466
463 631
463 658
463 717
463 793
464 465
464 466
464 467
464 468
464 469
464 471
464 525
464 605
464 658
464 677
464 732
464 764
464 782
464 794
464 900
465 466
465 467
465 468
465 470
465 513
465 560
465 658
465 824
465 935
466 468
466 473
466 529
466 590
466 871
467 468
467 497
467 577
467 592
467 658
467 681
467 935
467 938
467 943
468 561
468 646
468 658
468 775
468 813
469 479
469 514
469 751
469 769
469 984
470 522
470 524
470 527
470 530
470 575
470 811
470 939
471 473
471 475
471 476
471 477
471 478
471 479
471 480
471 590
471 591
471 824
471 831
471 843
472 475
472 476
472 477
472 480
472 489
472 534
472 809
472 819
472 843
472 929
473 476
473 477
473 478
473 479
473 480
473 513
473 596
473 614
473 634
473 763
473 843
474 489
474 590
474 760
474 783
475 476
475 477
475 478
475 479
475 480
475 737
475 760
475 786
475 802
475 843
476 477
476 478
476 479
476 480
476 615
476 820
476 828
476 843
477 478
477 479
477 480
477 603
477 705
477 843
477 851
477 877
477 919
477 937
478 479
478 480
478 650
478 833
478 843
478 845
478 864
479 480
479 538
479 548
479 669
479 843
479 887
480 547
480 668
480 805
480 880
480 969
481 482
481 486
481 487
481 600
481 716
481 826
481 904
481 917
481 987
482 486
482 487
482 516
482 576
482 600
482 644
482 752
482 826
482 904
483 817
483 827
483 941
483 942
483 944
483 945
483 946
483 948
483 950
483 951
484 548
484 641
484 642
484 644
484 645
484 646
484 648
484 650
484 767
484 995
485 494
485 546
485 611
485 613
485 615
485 616
485 619
485 620
485 814
485 956
486 487
486 585
486 597
486 600
486 612
486 613
486 826
486 827
486 852
486 881
486 904
487 572
487 573
487 600
487 826
487 904
487 936
487 939
488 492
488 511
488 634
488 730
488 777
488 780
488 802
488 803
488 804
488 805
488 806
488 807
488 808
488 809
488 810
488 922
488 941
489 656
489 684
489 702
489 754
489 772
489 859
489 902
489 903
489 906
489 907
489 909
489 916
489 978
490 629
490 654
490 680
490 763
490 950
490 993
491 496
491 499
491 500
491 562
491 633
491 671
491 856
492 590
492 702
492 768
492 859
492 902
492 903
492 906
492 907
492 909
492 917
492 923
493 494
493 496
493 499
493 500
493 575
493 654
493 702
493 879
493 894
493 934
494 496
494 497
494 499
494 574
494 589
494 671
494 701
494 757
495 625
495 766
495 860
496 497
496 499
496 577
496 771
496 841
497 499
497 576
497 616
497 708
497 836
497 887
498 672
498 694
498 723
498 748
498 815
498 853
498 942
498 991
499 500
499 643
499 657
499 664
499 671
499 740
499 836
499 964
500 671
500 692
500 813
501 502
501 503
501 504
501 506
501 508
501 509
501 554
501 566
501 638
501 687
501 769
501 946
502 503
502 506
502 509
502 612
502 631
502 638
502 762
502 798
502 818
502 910
503 504
503 506
503 508
503 509
503 563
503 580
503 600
503 638
503 806
503 853
503 941
504 508
504 509
505 515
505 528
505 584
505 591
505 606
505 652
505 653
505 654
505 655
505 656
505 657
505 660
505 672
505 793
505 825
505 876
505 909
505 961
505 989
506 559
506 638
506 741
506 872
506 891
506 975
507 589
507 604
507 718
507 739
507 801
507 945
507 997
508 509
508 578
508 638
508 704
508 708
509 589
509 638
509 782
509 909
509 975
510 531
510 621
510 638
510 672
510 694
510 788
510 802
510 815
510 816
510 836
510 969
510 991
511 609
511 634
511 712
511 759
511 803
511 804
511 805
511 807
511 808
511 809
511 810
511 860
511 873
512 528
512 595
512 634
512 653
512 655
512 656
512 660
512 792
512 793
512 825
512 992
512 1000
513 515
513 516
513 519
513 533
513 849
513 992
514 519
514 601
514 704
514 871
514 872
514 874
514 875
514 877
514 878
514 879
514 942
514 957
515 516
515 519
515 889
516 519
516 520
516 608
516 646
516 711
516 799
516 848
516 974
516 992
517 545
517 554
517 599
517 647
517 729
517 801
518 522
518 601
518 603
518 605
518 608
518 609
518 610
518 650
518 822
518 904
519 520
519 539
519 669
519 694
519 736
519 759
519 895
519 999
520 673
520 718
520 880
521 686
521 868
521 972
521 973
521 974
521 976
521 977
521 979
521 980
522 524
522 525
522 527
522 530
522 713
522 779
522 788
522 915
523 567
523 570
523 654
523 661
523 662
523 663
523 664
523 665
523 666
523 668
523 669
523 710
523 794
523 873
523 899
523 905
524 525
524 527
524 529
524 530
524 666
524 671
524 803
525 527
525 529
525 530
525 531
525 676
525 677
525 721
525 794
525 795
525 984
526 570
526 592
526 604
526 816
526 928
527 529
527 732
527 766
527 795
527 922
527 945
528 652
528 653
528 654
528 656
528 657
528 659
528 660
528 825
528 975
529 530
529 888
529 910
530 782
530 839
531 533
531 534
531 535
531 536
531 537
531 538
531 540
531 705
531 818
531 893
531 950
531 962
531 983
532 569
532 592
532 684
532 698
532 709
532 723
532 819
532 860
532 899
532 927
533 534
533 535
533 536
533 537
533 538
533 540
533 705
533 817
534 535
534 536
534 537
534 538
534 684
534 697
534 705
534 758
534 791
534 817
534 933
535 536
535 537
535 538
535 540
535 613
535 705
535 757
535 817
535 847
535 852
536 537
536 540
536 647
536 653
536 705
536 730
536 845
536 942
536 959
537 538
537 540
537 559
537 564
537 606
537 612
537 705
537 817
537 848
537 893
538 540
538 625
538 675
538 705
538 735
538 817
538 865
538 933
538 941
539 542
539 612
539 660
539 713
539 741
539 742
539 744
539 745
539 746
539 748
539 749
539 750
539 830
539 834
539 848
539 949
539 982
540 582
540 705
540 817
540 894
540 938
541 542
541 543
541 546
541 548
541 550
541 606
541 710
541 849
541 921
541 932
541 966
541 988
542 544
542 545
542 546
542 550
542 827
542 956
542 988
543 544
543 545
543 725
543 870
543 966
544 546
544 550
544 608
544 622
544 781
544 826
544 988
545 546
545 548
545 550
545 872
545 915
545 966
545 988
546 548
546 550
546 917
546 966
546 988
547 597
547 637
547 640
547 765
547 766
547 774
547 797
547 880
547 996
548 550
548 637
548 643
548 670
548 874
548 902
548 925
548 966
548 988
549 602
549 604
549 663
549 705
549 774
549 994
549 995
549 996
549 998
550 673
550 777
550 823
550 824
550 966
551 556
551 557
551 558
551 559
551 575
551 715
551 964
552 555
552 556
552 558
552 584
552 590
552 876
552 944
552 950
553 579
553 595
553 605
553 819
553 854
553 981
554 570
554 645
554 731
554 733
554 735
554 736
554 737
554 738
554 740
554 781
554 856
555 556
555 557
555 558
555 559
555 665
555 690
555 786
555 958
556 557
556 558
556 559
557 558
557 559
557 663
557 724
557 983
558 559
558 691
558 720
558 727
558 806
558 857
559 636
559 768
559 883
559 955
559 984
560 644
560 649
560 746
560 831
560 848
560 858
560 943
560 964
560 982
561 563
561 565
561 566
561 567
561 568
561 721
562 568
562 676
562 684
562 693
562 704
562 726
562 811
562 812
562 814
562 816
562 819
562 820
562 821
562 882
562 939
563 564
563 565
563 566
563 567
563 568
563 616
563 712
563 845
563 909
564 565
564 566
564 567
564 568
564 594
564 637
564 639
564 654
564 704
564 721
564 770
564 865
565 566
565 567
565 568
565 573
565 591
565 724
565 763
565 803
565 973
566 567
566 568
566 599
566 610
566 881
566 906
567 568
567 625
567 791
568 601
568 673
568 679
568 905
569 595
569 660
569 709
569 753
569 866
569 927
569 929
569 942
569 953
570 592
570 727
570 738
570 880
571 572
571 574
571 575
571 576
571 578
571 674
571 689
571 783
571 887
572 574
572 575
572 576
572 578
572 580
572 636
572 668
572 689
572 716
572 748
572 778
572 783
572 887
572 889
572 988
573 603
573 659
573 663
573 779
573 799
573 849
573 921
573 923
573 928
573 929
573 930
573 984
574 575
574 576
574 580
574 689
574 716
574 773
574 794
574 821
574 863
574 874
574 887
574 935
574 976
575 578
575 580
575 676
575 682
575 716
575 887
575 967
576 580
576 638
576 689
576 716
576 735
576 783
576 914
577 667
577 716
577 723
577 876
577 888
577 920
577 925
577 941
578 580
578 591
578 689
578 716
578 758
578 783
578 887
578 994
579 727
579 823
579 838
579 951
580 689
580 781
580 783
580 828
580 864
580 887
580 978
581 584
581 585
581 586
581 587
581 590
581 634
581 678
581 720
581 813
581 918
581 940
581 978
582 584
582 585
582 587
582 588
582 589
582 590
582 651
582 899
582 940
582 978
583 832
583 845
583 975
584 585
584 587
584 588
584 590
584 607
584 614
584 622
584 648
584 733
584 734
584 911
584 912
584 940
584 978
585 588
585 589
585 674
585 740
585 756
585 865
585 940
585 978
586 601
586 801
586 832
586 950
587 588
587 589
587 590
587 648
587 768
587 882
587 888
587 896
587 940
587 978
588 647
588 675
588 741
588 753
588 790
588 799
588 811
588 911
588 940
588 978
589 590
589 787
589 836
589 940
589 967
589 978
590 813
590 911
590 978
590 981
591 818
591 911
591 912
591 913
591 914
591 918
591 920
591 953
592 719
592 745
592 840
592 868
592 994
593 594
593 595
593 597
593 599
593 681
593 705
593 970
593 978
593 988
594 595
594 596
594 597
594 599
595 596
595 629
595 897
595 927
595 933
596 597
596 599
596 621
596 867
596 934
597 599
597 692
597 730
597 737
597 983
598 615
598 642
598 691
598 697
598 698
598 699
598 715
598 775
598 867
599 775
600 643
600 826
600 862
600 904
600 918
600 950
600 989
600 996
601 603
601 605
601 606
601 608
601 610
601 647
601 713
601 803
601 901
601 969
602 718
602 961
602 962
602 964
602 965
602 967
602 968
602 992
603 605
603 606
603 607
603 608
603 609
603 610
603 707
603 748
603 901
604 631
604 739
604 752
604 776
604 873
604 907
604 911
604 997
604 1000
605 606
605 607
605 608
605 609
605 610
605 675
605 864
605 898
605 901
605 967
606 607
606 608
606 609
606 797
606 901
606 914
606 993
607 609
607 610
607 730
608 609
608 901
609 610
609 696
609 804
609 870
609 885
609 901
610 764
610 795
610 901
611 613
611 616
611 618
611 619
611 620
611 703
611 710
611 795
611 838
611 865
611 961
612 613
612 615
612 620
612 634
613 615
613 620
613 728
613 840
613 882
613 972
614 624
614 662
614 671
614 822
614 865
614 914
615 616
615 617
615 619
615 620
615 714
615 797
615 882
615 911
616 619
616 620
616 861
616 909
616 961
616 972
617 657
617 757
618 652
618 719
618 790
618 814
618 817
618 928
619 620
619 630
619 640
619 657
619 847
619 972
619 981
620 693
620 799
620 810
620 942
620 975
621 660
621 683
621 700
621 756
621 922
622 641
622 642
622 644
622 645
622 648
622 807
622 840
623 624
623 625
623 626
623 627
623 628
623 689
623 843
623 978
624 627
624 630
624 920
625 626
625 627
625 630
625 695
625 717
625 797
625 825
625 959
626 627
626 628
626 630
626 674
626 695
626 875
627 628
627 630
627 695
627 696
627 722
627 881
627 968
628 630
628 695
628 756
628 763
628 860
628 893
628 909
628 922
629 652
629 661
629 669
629 767
629 802
629 843
629 946
630 657
630 695
630 840
630 864
630 984
631 633
631 635
631 636
631 637
631 639
631 640
631 652
631 714
631 882
631 916
632 780
632 810
632 835
632 893
632 894
632 895
632 896
632 900
633 635
633 636
633 637
633 639
633 640
633 646
633 683
633 787
633 910
633 932
633 970
633 980
634 686
634 794
634 802
634 803
634 804
634 805
634 806
634 807
634 810
634 818
634 964
634 982
635 636
635 637
635 639
635 640
635 696
635 712
635 724
635 844
635 959
636 637
636 639
636 706
637 639
637 640
637 933
638 663
638 912
638 988
639 640
639 724
639 808
639 918
639 927
640 709
640 724
640 727
640 855
640 988
641 642
641 644
641 645
641 646
641 648
641 650
641 736
641 747
641 771
641 908
641 924
642 646
642 648
642 650
642 690
642 737
642 784
642 806
642 824
642 908
642 964
643 651
643 682
643 784
643 832
643 846
643 913
643 974
644 645
644 646
644 648
644 650
644 666
644 671
644 747
644 811
644 908
644 920
645 646
645 648
645 650
645 814
645 908
645 927
645 991
646 648
646 650
646 654
646 674
646 712
646 758
646 801
646 861
646 908
647 857
647 938
647 957
648 650
648 657
648 721
648 757
648 844
648 908
649 657
649 848
650 768
650 871
650 908
650 915
650 971
651 670
651 734
651 751
651 772
651 775
651 776
651 777
651 778
651 867
651 870
651 895
651 926
651 963
652 654
652 656
652 659
652 660
652 697
652 825
652 915
652 970
653 654
653 655
653 660
653 793
653 825
653 851
653 928
653 971
653 989
654 655
654 656
654 657
654 659
654 728
654 793
654 825
654 863
654 886
654 928
654 955
655 659
655 660
655 694
655 793
655 825
655 989
656 657
656 660
656 673
656 715
656 821
656 860
656 978
656 987
656 989
657 659
657 665
657 737
657 825
657 989
657 990
658 662
658 716
658 898
658 930
658 966
659 660
659 793
659 825
659 840
659 989
659 997
660 704
660 756
660 773
660 793
660 823
660 825
660 832
660 923
661 662
661 664
661 666
661 669
661 670
661 736
661 794
661 837
661 905
661 998
662 663
662 664
662 665
662 668
662 669
662 686
662 700
662 703
662 866
662 905
662 980
663 664
663 665
663 669
663 670
663 875
663 905
663 942
664 665
664 666
664 668
664 669
664 670
664 866
664 905
664 938
665 668
665 669
665 670
665 775
665 785
665 841
666 668
666 670
666 866
666 905
667 677
667 723
667 802
667 815
667 816
667 888
667 910
667 925
667 952
667 965
667 999
668 669
668 670
668 706
668 718
668 809
668 847
668 896
668 913
669 670
669 681
669 799
669 866
669 873
669 905
670 705
670 711
670 835
670 874
670 905
671 701
671 921
672 694
672 736
672 788
672 815
672 853
672 991
673 674
673 677
673 679
673 890
673 897
674 675
674 677
674 678
674 679
674 897
674 912
674 916
674 929
674 974
675 677
675 678
675 679
675 832
675 897
676 710
676 847
676 926
676 960
677 679
677 897
677 898
678 750
678 867
678 897
679 721
679 822
679 897
679 910
679 911
679 988
680 814
680 917
681 682
681 683
681 684
681 687
681 688
681 690
681 698
681 830
681 964
682 683
682 684
682 685
682 686
682 687
682 688
682 690
682 891
682 892
683 686
683 687
683 688
683 690
683 967
684 685
684 687
684 688
684 690
684 774
684 836
684 973
685 686
685 687
685 690
685 715
685 720
685 892
685 939
685 987
686 687
686 688
686 690
686 718
686 747
686 772
686 839
687 688
687 690
687 696
687 705
687 774
687 802
687 811
687 892
687 955
687 964
688 690
688 821
688 833
688 855
688 871
688 926
688 943
688 990
689 716
689 722
689 783
689 846
689 957
690 835
690 837
690 949
691 693
691 696
691 697
691 699
691 704
691 706
691 729
691 826
691 985
692 728
692 823
693 696
693 697
693 698
693 699
693 722
693 826
693 942
694 815
694 853
694 991
695 858
695 968
695 986
696 697
696 698
696 745
697 698
697 699
697 765
697 797
697 887
697 948
697 963
698 808
698 895
698 919
698 942
698 990
699 810
699 964
700 750
700 922
701 731
701 795
701 838
701 901
701 917
701 992
702 790
702 908
703 704
703 706
703 707
703 708
703 710
704 706
704 708
704 710
704 870
704 974
705 745
705 761
705 817
705 903
706 707
706 710
706 770
707 710
707 833
707 904
707 954
707 992
708 710
708 716
708 737
709 752
709 797
709 821
709 927
710 734
710 833
710 864
710 886
710 915
711 712
711 713
711 714
711 854
712 713
712 714
712 805
712 854
712 916
712 927
712 967
713 714
713 719
713 764
713 805
713 840
713 854
713 923
713 946
714 719
714 854
714 987
715 722
715 798
715 931
715 971
715 993
716 770
716 783
716 887
717 785
717 881
717 888
717 941
717 942
717 943
717 944
717 948
717 954
718 720
718 841
718 961
718 964
718 965
718 967
718 968
718 970
719 854
719 866
719 935
719 997
720 740
720 741
720 776
720 798
720 859
720 964
720 965
720 967
720 968
720 970
721 722
721 724
721 725
721 730
721 991
722 724
722 730
722 786
723 738
723 849
723 888
723 910
723 919
723 925
723 946
724 751
724 836
724 867
725 730
725 782
725 836
725 844
725 990
726 811
726 814
726 818
726 819
726 820
726 821
727 794
727 821
727 949
727 1000
728 780
728 846
728 863
728 934
728 938
730 804
730 835
730 920
730 959
731 732
731 733
731 736
731 737
731 738
731 740
731 852
731 858
731 882
731 990
732 733
732 735
732 736
732 737
732 740
732 916
732 989
733 735
733 736
733 737
733 738
733 844
733 854
733 856
733 874
733 916
733 918
733 954
733 998
734 754
734 786
734 839
734 871
734 874
734 875
734 877
734 878
734 879
734 899
735 736
735 738
735 740
735 850
735 856
735 914
735 998
736 737
736 738
736 740
736 856
736 917
736 977
737 740
738 740
738 764
738 796
738 856
738 883
738 925
739 813
739 873
739 997
739 1000
740 819
740 820
741 742
741 745
741 746
741 747
741 748
741 750
741 788
741 818
741 834
741 932
741 976
742 744
742 745
742 746
742 747
742 748
742 749
742 750
742 834
742 866
742 895
742 929
743 791
743 792
743 823
743 824
743 828
743 829
743 830
743 994
744 746
744 747
744 748
744 749
744 750
744 834
745 746
745 747
745 748
745 749
745 750
745 834
745 905
745 913
745 940
745 947
746 748
746 749
746 750
746 821
746 834
747 749
747 750
747 782
747 834
748 749
748 750
748 834
748 918
749 750
749 825
749 897
749 927
750 834
750 959
750 970
751 773
751 775
751 776
751 777
751 778
751 824
751 866
751 926
751 963
751 990
752 754
752 755
752 756
752 760
752 803
752 928
752 982
753 779
753 897
754 755
754 756
754 760
754 881
754 912
754 977
755 760
755 831
755 868
755 923
755 955
755 967
756 760
756 830
756 881
757 781
758 787
758 811
758 899
758 930
758 944
759 791
759 984
759 985
759 986
759 987
759 999
760 855
760 862
760 949
760 981
761 762
761 763
761 764
761 767
761 769
761 770
761 829
761 941
761 998
762 764
762 767
762 769
762 770
762 838
762 937
762 969
763 764
763 767
763 770
763 790
763 907
763 969
764 767
764 769
764 770
764 840
764 935
764 969
765 917
765 995
766 772
766 865
766 877
766 898
766 969
767 769
767 770
767 798
767 814
767 853
767 860
767 969
768 790
769 895
769 969
769 971
769 990
770 795
770 845
770 930
770 969
771 831
771 882
771 884
771 889
771 890
772 773
772 776
772 777
772 778
772 926
772 971
773 775
773 776
773 777
773 778
773 880
773 889
773 926
773 963
774 926
774 994
774 995
774 996
774 998
774 999
775 776
775 778
775 858
775 859
775 895
775 926
775 963
775 970
775 991
776 777
776 913
776 926
776 963
777 778
777 817
777 834
777 852
777 906
777 926
777 963
777 966
778 786
778 790
778 907
778 926
779 799
779 901
779 923
779 929
779 930
779 937
780 824
780 966
780 998
781 782
781 784
781 786
781 789
781 797
781 802
781 947
782 789
782 858
782 876
782 902
782 920
783 789
783 824
783 833
783 857
783 887
783 968
784 786
784 789
784 947
785 885
785 973
786 789
786 857
786 947
787 804
787 839
787 869
787 899
789 877
789 910
789 947
789 952
789 971
789 994
790 815
790 840
790 845
791 821
791 911
791 984
791 985
791 986
791 987
792 822
792 823
792 827
792 828
792 829
792 830
792 917
792 980
793 825
793 875
793 920
793 922
794 797
794 798
794 800
794 802
794 833
794 845
794 873
794 942
795 822
795 991
796 831
796 836
796 837
796 838
796 839
796 982
796 995
797 798
797 800
797 811
797 888
798 800
798 863
799 836
799 876
799 905
799 921
799 923
799 929
799 930
799 931
799 994
800 905
802 803
802 805
802 806
802 808
802 810
802 928
802 987
802 990
803 804
803 806
803 807
803 808
803 810
804 805
804 806
804 807
804 808
804 809
804 810
805 806
805 807
805 809
805 812
805 1000
806 807
806 808
806 809
806 810
806 848
806 963
807 808
807 810
807 879
807 958
807 983
808 809
808 810
808 854
808 894
808 922
808 967
809 810
809 854
809 987
810 819
810 854
810 873
810 914
810 939
810 961
811 812
811 814
811 816
811 818
811 819
811 820
811 821
811 873
811 892
811 914
811 999
812 814
812 816
812 818
812 819
812 974
813 873
813 997
813 1000
814 816
814 818
814 819
814 820
814 821
814 832
814 988
814 989
815 855
815 888
815 891
815 922
815 926
815 942
815 985
815 991
816 818
816 819
816 820
816 821
816 930
816 934
817 868
817 894
817 905
817 908
817 910
817 997
817 1000
818 820
818 821
819 820
819 821
820 821
820 849
820 930
821 906
821 947
822 824
822 829
822 830
822 927
823 824
823 827
823 828
823 829
823 841
823 844
823 961
824 827
824 828
824 830
825 913
825 942
826 828
826 904
827 829
827 830
827 872
827 877
827 921
828 829
828 830
828 920
831 838
831 839
831 867
831 922
831 924
832 929
833 836
833 837
833 912
833 978
834 860
834 929
835 891
835 893
835 894
835 895
835 896
835 898
836 838
836 839
836 940
837 838
837 839
837 852
837 897
837 924
838 839
838 968
840 919
842 844
842 845
842 847
842 849
842 850
842 854
842 919
843 858
843 871
844 845
844 847
844 849
844 850
844 978
845 847
845 849
845 850
845 874
846 863
846 944
847 850
847 976
848 988
849 850
849 906
850 926
850 954
851 852
851 855
851 857
851 858
851 878
852 855
852 857
852 858
852 880
853 935
853 991
855 857
855 899
856 921
856 980
856 984
857 858
858 996
859 868
859 902
859 903
859 906
859 907
859 909
859 939
860 885
860 965
862 864
862 865
862 866
862 867
862 869
862 870
862 910
863 982
864 866
864 869
864 997
865 866
865 867
865 869
865 976
865 988
866 867
866 869
867 869
867 957
868 924
868 972
868 973
868 974
868 975
868 976
868 977
868 980
868 998
869 870
870 897
870 931
870 986
871 872
871 874
871 875
871 876
871 877
871 878
871 879
871 967
872 874
872 875
872 876
872 877
872 878
872 879
872 938
873 997
873 1000
874 876
874 877
874 878
874 879
874 982
875 877
875 878
876 878
876 879
876 895
877 878
877 879
877 971
878 879
878 899
878 963
879 900
880 882
882 884
882 885
882 886
882 889
882 890
882 949
883 917
883 943
883 955
883 998
884 885
884 886
884 889
884 890
885 886
885 889
885 890
885 939
885 944
886 889
886 890
888 910
888 926
888 941
889 890
889 993
891 893
891 894
891 896
891 898
891 900
892 911
892 918
893 894
893 895
893 896
893 898
893 900
893 983
894 895
894 896
894 898
894 900
894 922
895 896
895 900
896 898
896 900
896 968
896 975
898 900
900 908
900 975
902 903
902 906
902 907
902 954
902 991
903 906
903 907
903 961
905 955
905 983
906 907
906 909
906 916
907 909
909 965
910 918
910 925
911 912
911 913
911 914
911 915
911 920
911 927
911 995
911 996
912 914
912 915
912 918
912 920
912 972
913 914
913 915
913 916
913 918
913 921
914 915
914 918
914 920
914 989
915 916
915 918
915 920
915 967
916 920
916 957
918 920
918 930
918 939
919 924
919 965
921 929
921 981
923 928
923 929
923 993
925 936
925 938
926 963
927 991
928 929
928 930
928 950
929 930
931 933
931 934
931 935
931 936
931 938
931 939
931 981
932 933
932 934
932 935
932 936
932 937
932 938
932 939
932 981
933 934
933 935
933 937
933 938
933 939
933 981
934 935
934 936
934 938
934 939
934 946
934 981
935 936
935 937
935 938
935 975
935 981
936 937
936 938
936 939
937 938
937 981
938 939
938 981
939 981
940 978
941 942
941 943
941 944
941 945
941 946
941 948
941 950
942 943
942 944
942 945
942 946
942 948
943 944
943 945
943 948
944 946
944 948
944 950
945 946
945 948
946 948
946 950
946 995
948 950
949 990
951 952
951 953
951 954
951 955
951 956
951 957
951 958
951 960
951 988
952 953
952 954
952 955
952 957
952 958
952 959
952 960
953 954
953 955
953 956
953 957
953 958
953 959
953 960
954 955
954 956
954 958
954 959
954 960
954 1000
955 956
955 957
955 958
955 959
955 960
956 957
956 958
956 959
956 960
957 958
957 959
957 960
957 969
957 995
958 959
958 967
959 967
959 997
961 962
961 966
961 967
961 970
961 982
961 983
962 964
962 967
962 968
962 970
962 972
963 1000
964 968
964 970
965 967
965 968
966 988
967 968
967 970
967 977
969 997
971 993
972 973
972 974
972 975
972 977
972 979
972 985
973 974
973 975
973 976
973 977
973 980
973 996
974 975
974 976
974 977
974 979
974 980
975 976
975 977
975 979
975 980
976 977
976 980
977 979
977 980
977 993
979 980
982 984
982 985
982 986
982 987
984 985
984 986
985 986
985 987
986 987
991 999
992 994
992 995
992 996
992 998
992 999
994 996
994 998
994 999
995 996
995 998
996 998
996 999
997 1000
998 999
