1000 8684
1 2
1 6
1 10
1 26
1 67
1 81
1 185
1 210
1 397
1 398
1 432
1 587
1 634
1 695
1 699
1 704
1 764
1 768
2 6
2 144
2 231
2 292
2 534
2 547
2 587
2 699
2 815
2 857
3 18
3 47
3 59
3 69
3 92
3 93
3 95
3 96
3 98
3 155
3 379
3 544
3 624
3 639
3 651
3 779
3 786
3 787
3 808
3 913
4 128
4 131
4 368
4 737
4 903
4 961
4 962
4 964
4 965
4 967
4 969
4 976
5 102
5 162
5 242
5 244
5 246
5 247
5 250
5 262
5 403
5 409
5 462
5 585
5 687
5 839
5 982
6 10
6 29
6 86
6 103
6 107
6 108
6 159
6 217
6 332
6 350
6 364
6 472
6 522
6 587
6 671
6 696
6 699
6 713
6 731
6 931
6 944
6 949
6 960
7 42
7 141
7 213
7 235
7 275
7 383
7 521
7 783
7 793
7 796
7 797
7 799
7 800
7 825
7 906
8 103
8 214
8 273
8 442
8 547
8 593
8 751
8 890
8 942
8 944
8 945
8 946
8 948
8 949
8 950
8 953
9 13
9 111
9 224
9 227
9 278
9 368
9 535
9 681
9 683
9 684
9 686
9 688
9 690
9 791
9 919
10 16
10 90
10 303
10 379
10 414
10 587
10 593
10 699
10 760
10 831
10 973
11 88
11 330
11 374
11 432
11 510
11 551
11 557
11 576
11 693
11 701
11 702
11 704
11 706
11 708
11 761
11 980
12 15
12 16
12 17
12 18
12 19
12 53
12 217
12 230
12 326
12 377
12 564
12 665
12 769
12 776
12 777
12 822
13 157
13 207
13 278
13 682
13 684
13 686
13 687
13 688
13 690
13 849
13 861
13 981
13 994
14 29
14 49
14 154
14 157
14 158
14 222
14 235
14 359
14 395
14 406
14 485
14 494
14 609
14 623
14 631
14 753
14 799
14 810
14 885
14 984
14 998
15 16
15 17
15 18
15 19
15 340
15 341
15 365
15 460
15 632
15 642
15 665
15 824
15 942
15 988
16 18
16 19
16 258
16 465
16 529
16 581
16 632
16 642
16 653
16 665
16 733
17 19
17 170
17 222
17 563
17 568
17 600
17 635
17 665
17 698
17 769
17 795
17 812
17 860
17 913
17 972
18 19
18 45
18 99
18 143
18 188
18 387
18 588
18 606
18 648
18 813
18 849
18 870
19 56
19 130
19 286
19 294
19 558
19 665
19 758
19 839
20 83
20 222
20 241
20 285
20 300
20 335
20 336
20 350
20 407
20 487
20 647
20 648
20 649
20 667
20 743
20 776
20 780
20 782
20 789
20 872
20 877
20 890
20 913
20 941
20 965
21 22
21 23
21 25
21 26
21 27
21 28
21 161
21 163
21 229
21 264
21 277
21 279
21 352
21 532
21 686
21 785
22 23
22 24
22 25
22 26
22 27
22 30
22 91
22 279
22 540
22 545
22 603
22 627
22 760
22 960
23 24
23 25
23 26
23 28
23 29
23 30
23 266
23 575
23 686
23 694
23 753
23 850
23 860
23 975
24 25
24 26
24 27
24 28
24 29
24 30
24 151
24 297
24 324
24 436
24 597
24 926
25 26
25 28
25 30
25 91
25 176
25 266
25 279
25 406
25 457
25 472
25 503
25 508
25 568
25 575
25 604
25 647
25 721
25 738
25 825
26 27
26 28
26 29
26 93
26 279
26 304
26 337
26 459
26 478
26 573
26 673
27 28
27 30
27 37
27 107
27 123
27 204
27 257
27 278
27 365
27 453
27 550
28 29
28 30
28 50
28 232
28 268
28 353
28 494
28 674
28 758
28 759
28 887
28 906
28 961
28 993
29 30
29 180
29 506
29 603
29 661
29 724
29 798
29 818
30 120
30 204
30 279
30 288
30 459
30 910
30 911
30 927
30 984
31 32
31 35
31 36
31 37
31 38
31 39
31 40
31 154
31 224
31 388
31 414
31 551
31 684
31 721
31 891
31 952
32 34
32 35
32 37
32 39
32 40
32 73
32 118
32 207
32 253
32 323
32 374
32 482
32 574
32 662
32 689
32 721
32 742
32 752
32 790
32 929
33 223
33 450
33 451
33 452
33 453
33 455
33 456
33 457
33 459
33 499
33 519
33 566
33 596
33 632
33 635
33 742
33 891
33 941
34 35
34 36
34 37
34 38
34 51
34 166
34 523
34 774
34 888
34 899
34 929
34 979
35 36
35 38
35 40
35 73
35 136
35 224
35 270
35 385
35 863
35 909
35 929
36 37
36 38
36 39
36 40
36 92
36 224
36 237
36 266
36 365
36 488
36 516
36 545
36 693
36 785
36 798
36 924
37 38
37 39
37 40
37 224
37 271
37 451
37 466
37 759
37 779
37 929
38 39
38 40
38 94
38 188
38 224
38 268
38 278
38 311
38 391
38 505
38 518
38 543
38 607
38 654
38 929
39 148
39 159
39 171
39 224
39 239
39 290
39 338
39 469
39 614
39 692
39 712
39 890
40 49
40 57
40 224
40 256
40 390
40 534
40 651
40 744
40 838
40 885
40 960
41 82
41 91
41 177
41 314
41 351
41 366
41 454
41 493
41 626
41 629
41 659
41 671
41 672
41 675
41 676
41 677
41 679
41 797
41 833
41 926
42 235
42 321
42 381
42 560
42 605
42 624
42 791
42 793
42 797
42 799
42 800
42 953
43 191
43 531
43 616
43 700
43 733
43 820
43 871
43 926
43 972
43 973
43 974
43 975
43 976
43 980
44 47
44 49
44 50
44 60
44 63
44 133
44 214
44 292
44 413
44 502
44 513
44 515
44 541
44 558
44 591
44 807
44 892
44 957
45 46
45 47
45 49
45 50
45 75
45 161
45 165
45 281
45 292
45 311
45 390
45 480
45 498
45 513
45 576
45 712
45 787
45 835
46 47
46 49
46 50
46 215
46 249
46 292
46 312
46 325
46 513
46 665
46 773
46 822
46 841
46 867
46 882
46 888
47 49
47 50
47 111
47 180
47 284
47 292
47 313
47 513
47 557
47 580
47 593
47 629
47 682
47 752
47 765
47 801
47 882
48 63
48 65
48 68
48 70
48 147
48 157
48 174
48 209
48 254
48 285
48 351
48 536
48 539
48 729
48 737
48 792
48 897
48 907
48 940
49 50
49 69
49 107
49 291
49 292
49 391
49 398
49 455
49 587
49 760
49 821
50 139
50 292
50 333
50 387
50 493
50 513
50 532
50 588
50 631
50 648
50 690
50 765
51 53
51 54
51 56
51 57
51 59
51 62
51 129
51 152
51 299
51 402
51 448
51 536
51 853
51 892
51 902
51 946
51 978
52 54
52 56
52 57
52 59
52 60
52 271
52 378
52 412
52 622
52 632
52 669
52 949
52 962
53 54
53 56
53 57
53 59
53 60
53 130
53 445
53 472
53 513
53 542
53 672
53 716
53 853
53 928
53 978
54 56
54 57
54 59
54 60
54 295
54 399
54 559
54 611
54 709
54 785
54 842
54 853
54 909
54 978
55 62
55 123
55 159
55 177
55 246
55 287
55 373
55 681
55 744
55 783
55 819
55 825
55 857
55 900
55 907
55 923
55 925
55 926
55 927
55 932
55 947
56 57
56 59
56 60
56 189
56 340
56 395
56 494
56 666
56 700
56 938
56 975
56 978
56 999
57 59
57 60
57 129
57 273
57 336
57 372
57 598
57 621
57 786
57 787
57 978
57 997
58 97
58 110
58 338
58 422
58 551
58 611
58 612
58 614
58 615
58 618
58 626
58 730
58 735
58 903
59 60
59 71
59 109
59 200
59 286
59 287
59 386
59 419
59 835
59 853
59 978
59 997
60 65
60 84
60 330
60 436
60 674
60 686
60 842
60 851
60 873
60 878
60 978
61 62
61 100
61 119
61 510
61 511
61 591
61 592
61 594
61 595
61 597
61 599
61 643
61 765
61 967
61 972
62 85
62 119
62 521
62 522
62 591
62 597
62 599
62 881
62 995
63 64
63 65
63 68
63 70
63 107
63 120
63 264
63 271
63 285
63 536
63 646
63 720
63 740
63 792
63 800
64 65
64 68
64 70
64 82
64 165
64 263
64 297
64 316
64 319
64 535
64 536
64 792
65 68
65 70
65 145
65 285
65 295
65 335
65 536
65 629
65 637
65 664
65 698
65 760
65 792
65 822
65 982
65 986
66 67
66 80
66 145
66 308
66 350
66 380
66 461
66 462
66 463
66 465
66 467
66 468
66 470
66 524
66 686
66 776
66 950
66 971
67 216
67 461
67 462
67 463
67 465
67 467
67 470
67 498
67 501
67 608
67 644
67 761
67 831
67 841
67 872
67 885
68 94
68 146
68 261
68 285
68 387
68 536
68 698
68 724
68 736
68 792
68 826
68 853
68 917
68 936
69 93
69 96
69 98
69 99
69 100
69 111
69 138
69 282
69 326
69 342
69 345
69 507
69 742
69 787
69 847
69 900
69 956
70 83
70 285
70 348
70 388
70 456
70 500
70 627
70 634
70 718
70 792
70 865
70 953
71 72
71 73
71 74
71 77
71 78
71 80
71 244
71 346
71 359
71 375
71 415
71 513
71 616
71 632
71 764
71 818
71 826
71 935
72 73
72 74
72 76
72 77
72 78
72 80
72 123
72 189
72 286
72 346
72 347
72 407
72 466
72 544
72 632
72 949
73 74
73 76
73 77
73 78
73 79
73 80
73 105
73 136
73 251
73 346
73 415
73 450
73 525
73 587
73 632
73 682
73 795
74 78
74 80
74 151
74 184
74 279
74 346
74 467
74 837
74 881
74 986
75 246
75 264
75 282
75 428
75 437
75 438
75 495
75 502
75 531
75 532
75 533
75 534
75 535
75 537
75 538
75 539
75 540
75 549
75 622
75 650
75 711
75 722
75 924
76 77
76 80
76 154
76 264
76 363
76 376
76 415
76 522
76 547
76 572
76 592
76 632
76 712
76 937
77 78
77 166
77 218
77 301
77 307
77 346
77 415
77 422
77 581
77 632
77 773
77 909
77 931
77 990
77 991
77 992
78 80
78 125
78 267
78 274
78 346
78 360
78 632
78 716
78 778
78 798
78 979
79 157
79 231
79 232
79 233
79 234
79 236
79 237
79 239
79 240
79 416
79 422
79 485
79 660
79 682
79 821
79 858
79 878
79 951
80 147
80 296
80 346
80 350
80 415
80 432
80 594
80 632
80 790
80 853
80 905
80 951
81 84
81 86
81 87
81 89
81 90
81 133
81 144
81 155
81 262
81 265
81 293
81 444
81 475
81 519
82 91
82 125
82 324
82 351
82 478
82 535
82 641
82 671
82 672
82 673
82 674
82 675
82 676
82 677
82 678
82 679
82 697
82 784
82 809
83 84
83 87
83 89
83 139
83 182
83 316
83 332
83 416
83 426
83 444
83 475
83 541
83 722
83 804
83 948
83 968
83 983
84 86
84 87
84 89
84 90
84 115
84 177
84 253
84 283
84 475
84 793
84 840
84 848
84 869
85 181
85 217
85 235
85 377
85 418
85 434
85 488
85 504
85 524
85 720
85 912
85 992
85 993
85 994
85 995
85 997
85 998
85 999
85 1000
86 87
86 88
86 90
86 135
86 222
86 350
86 444
86 456
86 475
86 582
86 668
87 89
87 151
87 417
87 418
87 421
87 444
87 527
87 576
87 638
87 750
87 834
87 914
87 920
87 982
88 167
88 235
88 259
88 374
88 394
88 432
88 463
88 471
88 488
88 552
88 600
88 628
88 642
88 685
88 701
88 702
88 704
88 705
88 706
88 707
88 761
88 797
88 860
88 941
88 947
89 99
89 444
89 475
89 570
89 829
89 855
89 975
90 186
90 438
90 444
90 466
90 472
90 475
90 524
90 952
90 962
90 968
91 136
91 443
91 500
91 550
91 554
91 629
91 671
91 673
91 674
91 676
91 678
91 679
91 797
91 924
92 95
92 96
92 98
92 99
92 182
92 286
92 498
92 518
92 549
92 563
92 699
92 833
93 95
93 98
93 100
93 266
93 301
93 318
93 337
93 351
93 523
93 529
93 552
93 661
93 753
93 787
93 809
93 915
93 919
93 971
93 994
94 161
94 163
94 165
94 166
94 167
94 169
94 170
94 238
94 270
94 367
94 441
94 561
94 585
94 593
94 817
95 98
95 99
95 353
95 578
95 694
95 761
95 787
95 832
95 887
95 927
96 98
96 99
96 100
96 203
96 275
96 296
96 326
96 430
96 449
96 598
96 604
96 758
96 793
96 795
96 807
96 965
97 267
97 328
97 547
97 772
97 822
97 823
97 826
97 827
97 828
97 830
97 908
97 980
98 99
98 100
98 107
98 123
98 185
98 199
98 258
98 261
98 525
98 752
98 779
98 787
98 845
98 948
98 985
99 100
99 116
99 210
99 269
99 550
99 609
99 787
100 165
100 242
100 249
100 263
100 656
100 766
100 776
100 787
100 837
100 861
101 152
101 303
101 362
101 364
101 366
101 367
101 369
101 370
101 761
101 873
101 892
101 908
102 104
102 105
102 108
102 110
102 180
102 242
102 359
102 390
102 434
102 502
102 686
102 745
102 783
102 795
102 918
102 976
103 115
103 159
103 162
103 170
103 218
103 251
103 260
103 275
103 383
103 558
103 608
103 656
103 683
103 688
103 741
103 743
103 744
103 745
103 746
103 800
104 107
104 110
104 359
104 368
104 382
104 452
104 617
104 624
104 710
104 742
104 754
104 812
104 959
105 107
105 110
105 167
105 180
105 315
105 317
105 359
105 478
105 506
105 507
105 559
105 681
105 724
105 775
105 828
106 198
106 210
106 281
106 284
106 288
106 289
106 290
106 382
106 384
106 470
106 486
106 580
106 627
106 629
106 719
106 780
106 818
107 108
107 110
107 155
107 180
107 225
107 227
107 282
107 329
107 359
107 371
107 419
107 489
107 554
107 729
107 856
107 919
107 923
107 933
108 110
108 155
108 180
108 274
108 301
108 429
108 448
108 599
108 691
108 713
108 731
108 785
108 912
109 160
109 243
109 273
109 335
109 347
109 351
109 373
109 394
109 445
109 508
109 548
109 731
109 807
109 863
109 904
109 905
109 906
109 908
109 910
109 969
109 998
110 177
110 191
110 301
110 359
110 411
110 478
110 558
110 596
110 597
110 830
110 911
111 277
111 297
111 468
111 504
111 531
111 533
111 534
111 535
111 537
111 538
111 539
111 540
111 591
111 595
111 626
111 722
111 805
111 856
111 862
111 872
111 890
112 164
112 250
112 268
112 292
112 297
112 342
112 343
112 344
112 345
112 348
112 350
112 368
112 377
112 486
112 577
112 645
112 698
112 894
112 914
112 989
113 228
113 309
113 332
113 415
113 446
113 603
113 691
113 692
113 693
113 694
113 697
113 769
113 819
113 891
113 971
114 117
114 118
114 120
114 143
114 204
114 333
114 343
114 354
114 366
114 380
114 418
114 431
114 540
114 548
114 686
114 764
114 785
114 835
115 170
115 221
115 412
115 551
115 559
115 571
115 572
115 573
115 574
115 575
115 576
115 579
115 584
115 596
115 656
115 737
115 749
115 765
115 900
115 961
116 117
116 118
116 143
116 164
116 170
116 248
116 258
116 411
116 468
116 577
116 641
116 680
116 691
116 730
116 760
116 848
116 924
117 118
117 120
117 131
117 143
117 601
117 614
117 751
117 785
118 143
118 217
118 227
118 248
118 422
118 450
118 478
118 498
118 680
118 689
118 693
118 742
118 785
118 861
118 907
118 989
119 121
119 169
119 219
119 271
119 282
119 522
119 591
119 594
119 595
119 599
119 845
119 952
120 248
120 346
120 589
120 633
120 688
120 785
121 123
121 125
121 126
121 127
121 128
121 130
121 184
121 213
121 388
121 421
121 487
121 578
121 619
121 865
121 879
121 951
122 123
122 124
122 125
122 127
122 128
122 132
122 204
122 309
122 371
122 481
122 600
122 737
122 836
122 951
122 971
123 125
123 127
123 128
123 130
123 259
123 281
123 481
123 574
123 773
123 951
124 125
124 126
124 127
124 128
124 130
124 305
124 328
124 429
124 567
124 574
124 656
124 745
124 933
124 951
125 126
125 130
125 209
125 265
125 338
125 442
125 481
125 623
125 634
125 663
125 765
125 816
125 951
126 127
126 128
126 130
126 172
126 574
126 640
126 897
126 915
126 920
126 951
127 128
127 130
127 220
127 300
127 385
127 481
127 732
127 750
127 940
127 947
127 951
128 130
128 260
128 263
128 303
128 353
128 444
128 481
128 512
128 637
128 735
128 757
128 951
128 998
129 176
129 320
129 411
129 422
129 428
129 722
129 855
129 928
129 942
129 981
129 983
129 986
129 990
130 189
130 297
130 481
130 521
130 562
130 661
130 794
130 951
131 133
131 135
131 138
131 139
131 140
131 146
131 280
131 341
131 425
131 484
131 561
131 574
131 604
131 744
131 780
131 876
131 944
132 160
132 579
132 696
132 723
132 782
132 783
132 786
132 788
132 789
132 790
133 134
133 135
133 138
133 140
133 259
133 335
133 481
133 561
133 735
133 815
133 836
133 876
134 135
134 137
134 138
134 139
134 140
134 167
134 257
134 278
134 399
134 592
134 620
134 659
134 671
134 726
134 803
134 873
134 876
135 137
135 138
135 139
135 140
135 649
135 706
135 836
136 202
136 239
136 327
136 355
136 363
136 479
136 482
136 483
136 487
136 489
136 490
136 585
136 595
136 604
136 648
136 674
136 705
136 751
136 778
136 829
136 830
136 879
136 996
137 139
137 140
137 178
137 286
137 411
137 530
137 571
137 580
137 594
137 613
137 715
137 865
137 876
138 139
138 140
138 147
138 173
138 212
138 326
138 402
138 432
138 671
138 730
138 739
138 790
138 809
138 851
138 876
138 879
139 140
139 305
139 457
139 518
139 636
139 711
139 848
139 876
139 969
140 670
140 719
140 728
140 743
140 845
140 876
140 928
140 934
141 142
141 144
141 145
141 146
141 148
141 149
141 150
141 325
141 404
141 417
141 443
141 484
141 588
141 758
141 997
142 145
142 148
142 149
142 150
142 295
142 404
142 491
142 609
142 622
142 746
143 148
143 158
143 198
143 230
143 248
143 372
143 510
143 523
143 572
143 576
143 680
143 710
143 746
143 785
143 826
143 930
144 145
144 146
144 150
144 163
144 374
144 549
144 700
144 758
144 788
144 941
145 146
145 148
145 149
145 150
145 254
145 270
145 443
145 485
145 490
145 843
145 856
145 967
146 148
146 149
146 150
146 199
146 216
146 236
146 263
146 365
146 404
146 500
146 535
146 758
146 798
146 896
146 949
147 187
147 466
147 479
147 638
147 652
147 653
147 654
147 655
147 660
147 706
147 715
147 723
147 727
147 807
147 843
147 850
148 149
148 150
148 156
148 176
148 210
148 404
148 474
148 557
148 758
148 768
148 872
148 875
149 150
149 163
149 165
149 404
149 416
149 433
149 499
149 524
149 706
149 758
149 875
149 942
149 979
150 210
150 255
150 301
150 404
150 622
150 699
150 758
150 836
150 964
150 972
150 977
151 162
151 292
151 300
151 361
151 495
151 584
151 719
151 777
151 862
151 952
151 953
151 954
151 956
151 958
151 960
151 981
152 181
152 182
152 184
152 185
152 186
152 189
152 190
152 246
152 258
152 592
152 602
152 646
152 682
152 740
152 747
152 925
153 154
153 156
153 157
153 158
153 276
153 406
153 521
153 547
153 623
153 677
153 710
153 751
153 753
153 892
153 984
154 156
154 158
154 192
154 199
154 207
154 331
154 334
154 406
154 483
154 505
154 593
154 688
154 703
154 753
154 884
154 984
155 156
155 157
155 331
155 406
155 455
155 570
155 591
155 603
155 822
155 895
155 984
156 157
156 158
156 163
156 170
156 256
156 376
156 454
156 530
156 600
156 618
156 623
156 748
156 895
156 984
157 158
157 163
157 392
157 406
157 442
157 481
157 497
157 556
157 603
157 617
157 623
157 687
157 753
158 275
158 406
158 470
158 623
158 800
158 966
159 252
159 312
159 318
159 354
159 517
159 597
159 645
159 682
159 711
159 712
159 713
159 715
159 717
159 718
159 719
159 720
159 723
159 982
159 997
160 207
160 236
160 310
160 339
160 390
160 662
160 663
160 664
160 668
160 669
160 670
160 804
160 830
160 939
160 970
161 163
161 166
161 167
161 169
161 170
161 441
161 501
161 598
161 619
161 714
161 869
161 873
162 178
162 227
162 241
162 242
162 246
162 247
162 301
162 340
162 386
162 409
162 714
162 757
163 165
163 166
163 168
163 169
163 170
163 224
163 245
163 441
163 446
163 501
163 584
163 643
163 818
163 842
163 856
164 203
164 227
164 263
164 480
164 519
164 579
164 621
164 626
164 627
164 628
164 664
164 685
164 823
164 867
164 912
165 166
165 167
165 168
165 169
165 170
165 174
165 208
165 273
165 441
165 459
165 472
165 501
165 523
165 610
165 653
165 662
165 932
166 167
166 168
166 169
166 170
166 186
166 250
166 340
166 376
166 441
166 453
166 500
166 510
166 544
166 619
166 805
166 847
166 965
167 168
167 223
167 235
167 372
167 441
167 501
167 574
167 596
167 619
167 639
167 651
167 662
167 710
167 719
167 917
167 946
168 170
168 302
168 305
168 338
168 342
168 366
168 441
168 499
168 619
168 641
168 661
168 726
168 766
168 808
168 921
168 924
168 926
169 170
169 431
169 441
169 568
169 619
169 732
169 872
169 880
169 900
169 958
170 240
170 378
170 416
170 501
170 526
170 723
170 768
170 870
170 880
170 908
171 199
171 426
171 431
171 518
171 544
171 560
171 561
171 606
171 612
171 617
171 632
171 696
171 761
171 764
171 848
171 864
171 866
171 867
171 868
171 870
171 997
172 173
172 174
172 175
172 178
172 179
172 240
172 464
172 661
172 707
172 749
172 774
172 834
172 901
173 174
173 175
173 178
173 179
173 184
173 243
173 346
173 372
173 572
173 578
173 599
173 671
173 756
173 767
173 806
173 811
173 862
173 894
173 902
173 967
173 988
173 995
174 178
174 243
174 268
174 321
174 497
174 584
174 633
174 901
174 951
175 178
175 179
175 236
175 243
175 256
175 310
175 326
175 392
175 468
175 530
175 537
175 633
175 713
175 801
175 859
175 901
175 946
176 342
176 355
176 411
176 462
176 500
176 559
176 630
176 703
176 767
176 866
176 928
176 977
176 981
176 983
176 986
176 988
176 990
177 181
177 211
177 212
177 215
177 218
177 219
177 439
177 475
177 683
177 831
177 907
177 932
178 179
178 240
178 243
178 321
178 450
178 470
178 500
178 506
178 624
178 631
178 820
178 900
178 901
179 243
179 484
179 713
179 801
179 901
179 918
180 185
180 202
180 235
180 335
180 359
180 365
180 409
180 485
180 528
180 542
180 595
180 734
180 749
180 770
180 824
180 928
180 946
180 947
180 990
180 992
181 183
181 184
181 185
181 186
181 188
181 265
181 284
181 304
181 578
181 600
181 646
181 878
181 969
182 183
182 184
182 185
182 188
182 189
182 190
182 199
182 223
182 265
182 285
182 366
182 419
182 513
182 516
182 542
182 596
182 646
182 747
182 947
182 952
183 184
183 185
183 188
183 189
183 190
183 349
183 375
183 496
183 497
183 566
183 578
183 579
183 646
183 678
183 747
183 869
183 963
184 186
184 188
184 189
184 225
184 256
184 265
184 269
184 308
184 646
184 717
184 747
184 794
184 906
185 186
185 188
185 189
185 190
185 265
185 381
185 408
185 578
185 646
185 711
185 747
185 904
186 188
186 189
186 190
186 265
186 574
186 578
186 646
186 709
186 747
186 845
186 889
186 915
186 978
186 994
187 254
187 455
187 466
187 513
187 568
187 575
187 654
187 655
187 658
187 659
187 709
187 759
187 957
188 189
188 205
188 265
188 394
188 490
188 578
188 646
188 692
188 747
188 757
188 879
189 190
189 265
189 328
189 330
189 361
189 520
189 633
189 646
189 677
189 747
189 974
190 261
190 265
190 295
190 437
190 487
190 578
190 644
190 646
190 704
190 732
190 747
190 899
190 930
191 193
191 194
191 196
191 199
191 238
191 268
191 368
191 639
191 664
191 669
191 696
191 718
191 761
191 812
191 920
192 510
192 538
192 802
192 804
192 807
192 809
192 810
192 858
192 874
192 972
193 194
193 195
193 196
193 197
193 199
193 200
193 238
193 265
193 268
193 457
193 547
193 554
193 582
193 825
193 859
193 879
193 919
193 922
193 948
194 195
194 197
194 199
194 200
194 208
194 268
194 382
194 408
194 442
194 650
194 695
194 714
194 799
194 946
195 196
195 197
195 199
195 200
195 238
195 245
195 588
195 664
195 757
195 819
196 197
196 199
196 238
196 267
196 268
196 351
196 362
196 721
196 881
196 937
197 199
197 200
197 213
197 238
197 251
197 268
197 604
197 782
197 816
197 862
198 210
198 230
198 281
198 284
198 288
198 289
198 290
198 438
198 464
198 476
198 580
198 589
198 678
198 724
198 933
199 200
199 238
199 268
199 330
199 491
199 614
199 716
199 768
199 844
199 897
199 957
199 973
199 995
200 215
200 238
200 267
200 268
200 312
200 322
200 348
200 417
200 489
200 510
200 578
200 670
200 691
200 692
200 758
200 773
200 820
200 908
200 985
201 206
201 207
201 209
201 241
201 308
201 309
201 312
201 405
201 508
201 561
201 616
201 627
201 696
201 705
201 771
201 786
201 930
202 335
202 355
202 436
202 480
202 482
202 483
202 488
202 489
202 490
202 724
202 752
202 766
202 778
202 829
203 213
203 364
203 466
203 621
203 625
203 626
203 627
203 628
203 630
203 685
203 726
203 821
203 827
203 841
204 206
204 209
204 425
204 426
204 442
204 499
204 504
204 558
204 662
204 696
204 794
204 839
204 930
204 935
205 241
205 287
205 475
205 478
205 624
205 631
205 633
205 634
205 635
205 637
205 638
205 639
205 646
205 661
205 795
205 823
205 945
206 207
206 209
206 253
206 258
206 349
206 395
206 425
206 449
206 453
206 498
206 501
206 585
206 609
206 626
206 670
206 673
206 685
206 692
206 696
206 736
206 788
206 930
207 209
207 304
207 425
207 581
207 689
207 693
207 696
207 807
207 930
208 229
208 251
208 405
208 469
208 714
208 812
208 814
208 815
208 817
208 818
208 943
209 425
209 609
209 696
209 764
209 957
210 281
210 284
210 286
210 288
210 289
210 370
210 371
210 597
210 649
210 681
210 775
210 780
210 929
210 971
211 215
211 219
211 306
211 439
211 459
211 510
211 751
211 858
211 881
211 907
211 932
212 215
212 218
212 219
212 239
212 252
212 439
212 456
212 510
212 907
212 932
213 317
213 552
213 631
213 633
213 634
213 635
213 637
213 638
213 639
213 640
213 661
213 760
213 791
213 808
213 824
213 829
214 273
214 419
214 442
214 458
214 653
214 704
214 730
214 734
214 803
214 942
214 944
214 945
214 948
215 218
215 219
215 224
215 365
215 439
215 451
215 510
215 517
215 522
215 711
215 810
215 885
216 255
216 305
216 332
216 334
216 337
216 338
216 339
216 487
216 491
216 526
216 565
216 695
216 989
217 225
217 228
217 377
217 416
217 424
217 471
217 472
217 474
217 476
217 480
217 486
217 794
217 812
217 904
217 943
217 981
218 219
218 283
218 439
218 510
218 907
218 954
218 963
219 439
219 459
219 493
219 510
219 624
219 887
219 889
219 907
219 932
220 272
220 281
220 320
220 384
220 410
220 420
220 574
220 639
220 668
220 751
220 754
220 756
220 759
220 760
220 790
220 795
220 918
220 936
220 973
220 977
220 985
221 222
221 223
221 227
221 229
221 230
221 293
221 316
221 360
221 424
221 439
221 453
221 593
221 633
221 736
221 777
221 945
222 223
222 226
222 229
222 230
222 316
222 327
222 506
222 741
222 754
222 777
222 794
222 831
222 842
223 226
223 227
223 229
223 230
223 246
223 316
223 352
223 353
223 385
223 441
223 490
223 514
223 680
223 684
223 777
223 787
223 794
223 841
223 896
224 228
224 414
224 423
224 495
224 653
224 929
225 281
225 408
225 471
225 474
225 476
225 479
225 594
225 600
225 664
225 766
225 863
225 882
226 227
226 230
226 285
226 296
226 314
226 316
226 365
226 401
226 404
226 418
226 429
226 724
226 741
226 777
226 823
227 229
227 230
227 316
227 734
227 751
227 794
227 835
227 904
227 928
227 960
227 993
228 400
228 698
228 857
228 881
228 882
228 884
228 889
228 959
229 230
229 237
229 299
229 316
229 324
229 378
229 388
229 412
229 501
229 668
229 688
229 777
229 794
229 806
229 876
229 880
230 316
230 332
230 443
230 471
230 615
230 628
230 714
230 777
230 996
231 232
231 234
231 235
231 236
231 237
231 239
231 292
231 312
231 408
231 416
231 485
231 709
231 744
231 788
231 821
231 872
232 233
232 234
232 236
232 237
232 239
232 240
232 312
232 325
232 349
232 416
232 485
232 505
232 626
232 640
232 728
232 786
232 821
233 234
233 236
233 237
233 239
233 240
233 312
233 389
233 416
233 511
233 533
233 708
234 236
234 237
234 239
234 240
234 257
234 286
234 312
234 452
234 473
234 485
234 530
234 549
234 585
234 682
234 688
234 828
234 859
234 915
235 259
235 275
235 295
235 395
235 436
235 521
235 560
235 763
235 791
235 793
235 796
235 797
235 799
235 800
236 237
236 239
236 240
236 311
236 312
236 314
236 345
236 416
236 458
236 464
236 485
236 646
236 739
236 783
236 790
236 821
236 857
237 239
237 240
237 312
237 416
237 460
237 485
237 583
237 600
237 766
237 816
237 821
237 922
237 969
238 268
238 280
238 363
238 460
238 514
238 638
238 902
238 934
238 941
239 312
239 416
239 485
239 821
239 911
240 296
240 312
240 349
240 368
240 416
240 485
240 589
240 714
240 781
240 821
240 842
240 985
241 242
241 244
241 245
241 246
241 247
241 250
241 270
241 321
241 386
241 409
241 415
241 585
241 687
241 733
241 985
242 244
242 247
242 250
242 256
242 386
242 409
242 518
242 583
242 584
242 654
242 670
242 702
242 730
242 742
242 975
243 413
243 437
243 488
243 530
243 578
243 702
243 821
243 860
243 901
244 246
244 247
244 270
244 291
244 409
244 470
244 486
244 513
244 686
244 735
244 811
245 283
245 359
245 514
245 524
245 621
245 668
245 872
245 875
245 877
245 878
245 879
245 880
245 982
246 247
246 250
246 270
246 337
246 386
246 409
246 475
246 519
246 532
246 598
246 650
246 678
246 683
246 687
246 738
246 796
246 803
247 250
247 259
247 270
247 360
247 386
247 521
247 586
247 687
247 812
247 883
247 908
248 324
248 334
248 490
248 622
248 676
248 680
248 774
248 785
249 391
249 392
249 393
249 395
249 398
249 399
249 538
249 717
249 921
250 261
250 270
250 386
250 409
250 427
250 490
250 687
250 718
250 823
250 861
251 258
251 266
251 291
251 469
251 714
251 717
251 766
251 811
251 812
251 813
251 814
251 815
251 816
251 818
251 943
251 953
251 975
252 253
252 254
252 256
252 257
252 259
252 278
252 291
252 811
252 861
252 873
252 887
252 951
252 979
253 254
253 255
253 256
253 257
253 258
253 259
253 277
253 278
253 327
253 552
253 566
253 676
253 861
253 887
253 907
253 913
253 979
254 255
254 256
254 257
254 258
254 259
254 316
254 474
254 581
254 682
254 861
254 867
254 887
255 256
255 257
255 258
255 259
255 510
255 661
255 709
255 748
255 861
255 941
255 975
255 979
256 258
256 259
256 371
256 424
256 475
256 731
256 810
256 822
256 861
256 887
256 902
256 907
256 911
256 954
256 957
256 979
257 258
257 259
257 289
257 409
257 473
257 499
257 523
257 708
257 836
257 883
257 963
257 979
257 996
258 259
258 365
258 403
258 567
258 677
258 796
258 825
258 887
258 979
259 447
259 454
259 484
259 527
259 720
259 773
259 827
259 847
259 849
259 861
259 887
259 979
259 995
260 316
260 375
260 396
260 489
260 580
260 600
260 626
260 657
260 689
260 721
260 723
260 724
260 726
260 727
260 729
260 730
260 783
260 884
260 901
261 455
261 484
261 549
261 575
261 651
261 691
261 703
261 744
261 852
261 854
261 856
261 857
261 858
261 859
261 860
262 263
262 264
262 266
262 267
262 272
262 417
262 426
262 462
262 684
262 738
262 753
262 808
263 266
263 272
263 340
263 372
263 432
263 461
263 715
263 729
263 808
263 923
263 924
264 266
264 267
264 272
264 279
264 280
264 372
264 453
264 520
264 566
264 733
264 750
264 808
264 917
264 953
264 977
265 578
265 591
265 646
265 683
265 718
265 747
265 780
265 878
265 939
265 986
266 267
266 272
266 367
266 427
266 792
266 808
266 853
266 886
267 540
267 564
267 627
267 787
267 794
267 808
267 825
267 965
268 316
268 526
268 705
268 725
268 749
268 944
269 273
269 352
269 354
269 356
269 357
269 358
269 360
269 362
269 554
269 573
269 633
269 643
269 731
269 750
269 798
269 827
269 861
269 880
269 898
269 973
270 343
270 386
270 409
270 489
270 498
270 574
270 631
270 687
270 774
270 824
270 843
270 851
270 865
270 993
271 274
271 278
271 280
271 506
271 620
271 761
271 869
271 899
272 372
272 378
272 490
272 632
272 808
273 364
273 466
273 542
273 661
273 698
273 930
273 944
273 945
273 946
273 948
273 949
273 950
274 277
274 278
274 280
274 362
274 490
274 620
274 678
274 833
275 312
275 314
275 406
275 437
275 521
275 560
275 631
275 707
275 755
275 791
275 793
275 796
275 797
275 800
275 880
275 950
276 310
276 456
276 491
276 492
276 493
276 494
276 496
276 497
276 498
276 499
276 523
276 558
276 611
276 623
276 727
276 745
276 749
276 850
276 855
276 912
276 942
276 991
277 278
277 291
277 318
277 439
277 494
277 524
277 790
277 869
277 968
278 280
278 379
278 396
278 415
278 506
278 620
278 623
278 762
278 869
278 932
279 399
279 499
279 515
279 532
279 536
279 615
279 626
279 662
279 667
279 674
279 739
279 775
279 794
279 850
279 919
280 388
280 506
280 520
280 841
280 869
281 284
281 286
281 288
281 289
281 345
281 448
281 580
281 744
281 778
281 789
281 887
281 901
281 902
282 449
282 455
282 491
282 531
282 532
282 534
282 535
282 537
282 539
282 554
282 622
282 663
282 761
282 875
283 610
283 714
283 872
283 874
283 875
283 877
283 878
283 879
283 880
283 911
283 976
284 286
284 288
284 290
284 319
284 470
284 541
284 580
284 604
284 663
284 713
284 762
285 316
285 327
285 412
285 419
285 467
285 521
285 536
285 543
285 563
285 644
285 743
285 792
285 849
285 862
285 888
285 928
286 288
286 289
286 290
286 303
286 361
286 472
286 476
286 575
286 580
286 613
286 755
286 851
286 853
286 874
286 939
287 516
287 716
287 737
287 825
287 835
287 845
287 921
287 922
287 925
287 926
287 927
288 290
288 405
288 408
288 580
288 590
288 775
288 930
289 458
289 580
289 703
289 785
289 787
289 817
289 832
290 301
290 500
290 501
290 504
290 580
290 830
290 890
290 919
291 294
291 296
291 297
291 299
291 436
291 513
291 680
291 731
291 766
291 812
291 830
291 904
292 297
292 324
292 411
292 513
292 568
292 613
292 626
292 724
292 878
292 899
293 303
293 321
293 351
293 410
293 555
293 667
293 798
293 887
293 911
293 913
293 914
293 915
293 918
293 919
293 920
294 296
294 298
294 299
294 338
294 489
294 608
294 669
294 736
294 766
294 788
294 831
294 875
294 888
294 924
295 371
295 373
295 374
295 375
295 376
295 377
295 378
295 379
295 380
295 395
295 429
295 555
295 586
295 689
295 767
295 792
295 941
295 963
296 297
296 298
296 299
296 353
296 452
296 547
296 559
296 587
296 618
296 679
296 748
296 766
296 767
296 892
296 931
296 1000
297 298
297 299
297 320
297 365
297 426
297 523
297 660
297 694
297 740
297 837
297 877
297 909
297 920
297 939
297 984
298 299
298 419
298 430
298 440
298 448
298 766
298 811
298 818
298 859
299 673
299 937
300 552
300 553
300 554
300 556
300 558
300 559
300 602
300 757
300 872
301 309
301 336
301 415
301 603
301 638
301 691
301 692
301 693
301 694
301 697
301 700
301 784
301 826
302 303
302 304
302 305
302 306
302 307
302 308
302 322
302 613
302 842
302 928
303 304
303 305
303 306
303 307
303 308
303 310
303 461
303 496
303 584
303 613
303 690
303 707
303 745
303 800
303 846
303 974
304 305
304 306
304 307
304 310
304 322
304 354
304 413
304 429
304 440
304 492
304 613
304 655
304 839
304 883
305 306
305 307
305 308
305 310
305 322
305 432
305 436
305 500
305 789
305 822
305 829
305 871
305 942
305 983
306 308
306 310
306 388
306 458
306 613
306 648
306 649
306 848
306 904
306 907
306 993
307 308
307 310
307 322
307 419
307 613
307 659
307 739
307 950
308 322
308 607
308 634
308 635
308 665
308 710
308 795
308 801
308 939
309 336
309 448
309 645
309 692
309 693
309 694
309 695
309 697
309 700
309 954
310 322
310 355
310 432
310 566
310 613
310 773
310 902
311 313
311 315
311 320
311 488
311 551
311 599
311 610
311 838
311 903
311 957
311 968
311 999
312 416
312 485
312 546
312 553
312 693
312 722
312 821
312 862
312 905
313 315
313 317
313 319
313 320
313 389
313 414
313 417
313 610
313 708
313 709
313 718
313 770
313 787
313 843
313 870
313 957
313 980
314 473
314 558
314 596
314 605
314 703
314 771
314 772
314 774
314 776
314 779
314 780
314 835
314 889
314 930
314 939
314 976
314 991
315 317
315 319
315 320
315 568
315 610
315 746
315 849
315 922
315 957
316 333
316 364
316 367
316 699
316 794
316 795
316 861
316 891
316 954
316 978
317 319
317 320
317 453
317 484
317 508
317 610
317 772
317 858
317 914
317 957
318 351
318 478
318 574
318 712
318 713
318 715
318 717
318 718
318 719
318 720
318 752
318 832
318 833
318 834
318 965
318 969
319 320
319 394
319 513
319 610
319 649
319 957
320 343
320 379
320 666
320 720
320 865
320 890
321 408
321 645
321 667
321 814
321 911
321 913
321 916
321 918
321 919
321 920
322 613
322 679
322 869
322 991
323 324
323 325
323 327
323 329
323 330
323 365
323 390
323 394
323 657
323 801
323 803
323 819
323 867
323 876
323 877
323 904
323 919
323 957
324 325
324 326
324 327
324 329
324 330
324 365
324 432
324 486
324 513
324 845
324 970
325 326
325 329
325 330
325 365
325 413
325 533
325 610
325 638
325 647
325 739
325 836
326 327
326 330
326 351
326 365
326 389
326 409
326 458
326 487
326 509
326 632
326 849
326 913
327 329
327 330
327 365
327 388
327 427
327 486
327 534
327 614
327 640
327 657
327 669
327 800
327 864
328 329
328 343
328 464
328 539
328 553
328 584
328 666
328 692
328 791
328 822
328 823
328 824
328 826
328 827
328 828
328 830
328 882
328 910
329 330
329 365
329 432
329 578
329 592
329 627
329 657
329 698
329 888
329 929
330 348
330 517
330 657
330 713
330 834
330 876
331 332
331 334
331 338
331 339
331 386
331 430
331 454
331 565
331 601
331 797
331 880
331 886
331 937
331 951
331 967
331 989
332 337
332 338
332 340
332 363
332 378
332 399
332 458
332 488
332 565
332 622
332 840
332 989
333 412
333 417
333 420
333 466
333 562
333 581
333 601
333 634
333 651
333 731
333 734
333 736
333 738
333 739
333 740
333 875
333 917
333 954
334 337
334 338
334 340
334 398
334 473
334 565
334 678
334 786
334 802
334 989
335 485
335 490
335 663
335 678
335 765
335 809
335 816
335 835
335 903
335 904
335 905
335 906
335 908
335 910
336 354
336 488
336 512
336 603
336 691
336 693
336 694
336 695
336 697
336 700
336 773
336 779
336 816
337 338
337 339
337 340
337 358
337 468
337 474
337 518
337 565
337 619
337 686
337 725
337 894
337 908
337 928
337 989
338 339
338 340
338 454
338 508
338 512
338 523
338 546
338 565
338 700
338 989
339 340
339 429
339 432
339 454
339 463
339 565
339 631
339 786
339 899
340 342
340 361
340 390
340 454
340 495
340 565
340 645
340 772
340 822
340 928
340 989
341 342
341 344
341 345
341 347
341 348
341 350
341 446
341 486
341 625
341 698
341 725
341 850
341 929
341 961
342 343
342 344
342 347
342 350
342 368
342 446
342 486
342 548
342 618
342 645
342 698
342 735
342 782
342 829
342 850
342 977
343 345
343 347
343 348
343 368
343 446
343 486
343 645
343 680
343 758
343 776
343 836
343 858
343 995
344 345
344 347
344 348
344 350
344 368
344 371
344 486
344 516
344 539
344 628
344 645
344 698
344 984
345 347
345 348
345 350
345 360
345 368
345 486
345 575
345 672
345 698
345 748
345 817
346 444
346 588
346 611
346 650
346 785
346 957
346 1000
347 348
347 350
347 368
347 449
347 486
347 639
347 645
347 670
347 698
347 814
348 350
348 368
348 416
348 446
348 486
348 534
348 645
348 684
348 698
348 732
348 791
348 822
349 402
349 403
349 405
349 542
349 583
349 649
349 769
349 896
349 968
349 992
350 368
350 446
350 466
350 486
350 491
350 525
350 607
350 628
350 645
350 857
350 929
351 386
351 465
351 659
351 671
351 672
351 673
351 674
351 675
351 676
351 677
351 678
351 679
351 688
351 880
352 353
352 354
352 358
352 360
352 407
352 458
352 584
352 643
352 699
352 740
352 750
352 824
353 354
353 356
353 357
353 358
353 360
353 643
353 647
353 705
353 916
354 356
354 357
354 358
354 360
354 370
354 456
354 519
354 631
354 750
354 952
355 363
355 383
355 413
355 482
355 483
355 488
355 489
355 589
355 620
355 670
355 778
355 829
355 873
356 357
356 360
356 386
356 643
356 726
356 828
356 861
356 978
357 360
357 491
357 516
357 637
357 643
357 998
358 360
358 394
358 409
358 412
358 421
358 433
358 643
358 747
359 394
359 675
359 694
359 711
359 993
360 376
360 443
360 635
360 651
360 730
360 872
360 938
361 362
361 364
361 366
361 369
361 370
361 404
361 445
361 873
361 997
362 364
362 366
362 367
362 369
362 370
362 376
362 472
362 673
362 700
362 743
362 766
362 878
362 892
362 903
362 962
362 971
363 366
363 482
363 483
363 487
363 488
363 489
363 490
363 614
363 754
363 797
363 829
363 903
363 905
363 977
364 366
364 367
364 369
364 370
364 647
364 859
364 892
364 924
365 452
365 480
365 481
365 496
365 622
365 654
365 657
365 744
365 781
365 808
365 861
365 873
365 900
365 987
366 367
366 370
366 374
366 405
366 554
366 853
366 892
366 923
366 944
367 369
367 370
367 385
367 427
367 610
367 656
367 716
367 825
367 873
367 892
367 979
368 375
368 382
368 446
368 447
368 456
368 486
368 551
368 639
368 645
368 732
368 848
368 967
369 370
369 445
369 458
369 507
369 526
369 629
369 698
369 873
369 892
369 938
370 439
370 448
370 611
370 635
370 765
370 784
370 873
370 892
371 373
371 375
371 376
371 378
371 379
371 380
371 476
371 495
371 555
371 563
371 572
371 586
371 689
371 694
371 696
371 764
371 778
371 914
371 980
372 481
372 521
372 687
372 808
373 374
373 375
373 378
373 379
373 380
373 468
373 555
373 586
373 815
373 829
373 920
373 943
374 375
374 376
374 377
374 378
374 380
374 555
374 586
374 652
374 689
374 699
375 376
375 377
375 378
375 379
375 380
375 431
375 478
375 486
375 555
375 586
375 689
375 737
376 378
376 379
376 380
376 450
376 473
376 476
376 555
376 586
376 597
376 645
376 689
376 726
376 775
376 901
376 960
377 378
377 379
377 462
377 470
377 502
377 555
377 586
377 689
377 748
377 808
377 866
378 380
378 531
378 555
378 689
379 380
379 399
379 514
379 586
379 603
379 689
380 454
380 532
380 542
380 576
380 586
380 611
380 681
380 689
380 783
380 798
381 382
381 383
381 385
381 387
381 390
381 435
381 694
381 720
381 781
381 803
381 884
381 917
381 986
381 996
382 383
382 385
382 386
382 388
382 389
382 443
382 601
382 653
382 685
383 385
383 387
383 388
383 390
383 441
383 451
383 465
383 587
383 651
383 723
383 800
383 873
383 891
383 962
384 397
384 410
384 447
384 459
384 504
384 675
384 754
384 755
384 756
384 759
384 760
384 773
384 795
384 811
384 814
384 816
384 857
384 885
384 945
384 977
385 387
385 388
385 389
385 390
385 466
385 623
385 666
385 673
385 684
385 703
385 744
385 829
385 845
386 409
386 582
386 670
386 687
386 742
386 820
386 822
386 948
387 388
387 389
387 390
387 526
387 618
387 679
387 695
387 698
387 765
387 865
387 905
387 986
388 389
388 390
388 506
388 794
388 997
389 390
389 495
389 761
389 807
389 928
390 473
390 528
390 610
390 637
390 923
390 931
391 392
391 395
391 397
391 398
391 622
391 625
391 699
391 879
391 924
391 966
392 393
392 395
392 397
392 398
392 399
392 447
392 463
392 829
392 924
392 936
392 992
393 395
393 397
393 398
393 399
393 511
393 518
393 643
393 667
393 693
393 755
393 855
393 924
394 395
394 397
394 399
394 440
394 597
394 683
394 705
394 807
394 924
395 397
395 398
395 452
395 500
395 528
395 545
395 627
395 789
395 924
396 459
396 474
396 545
396 562
396 600
396 635
396 706
396 721
396 723
396 725
396 727
396 728
396 729
396 751
396 758
396 821
396 857
396 955
397 398
397 404
397 542
397 732
397 924
398 399
398 471
398 565
398 578
398 598
398 665
398 795
398 924
398 933
398 938
399 483
399 538
399 569
399 659
399 761
399 924
399 931
399 955
400 402
400 422
400 454
400 594
400 633
400 649
400 796
400 872
400 881
400 882
400 884
400 890
400 902
401 508
401 541
401 553
401 650
401 786
401 819
401 877
401 891
401 893
401 894
401 895
401 897
401 898
401 899
401 900
402 403
402 485
402 633
402 695
402 709
402 726
402 761
402 779
402 952
402 968
403 405
403 442
403 449
403 617
403 623
403 740
403 945
403 968
404 468
404 719
404 751
404 758
404 768
404 858
405 734
405 745
405 768
405 816
405 836
405 854
405 896
405 954
405 955
405 956
405 974
406 497
406 623
406 692
406 753
406 775
406 868
407 491
407 513
407 537
407 619
407 641
407 642
407 648
407 649
407 752
407 916
407 941
407 947
408 431
408 434
408 435
408 436
408 438
408 440
408 528
408 590
408 640
408 758
408 784
408 894
408 957
409 677
409 687
409 821
409 861
409 998
410 413
410 596
410 673
410 698
410 734
410 754
410 755
410 756
410 760
410 800
410 874
410 926
410 936
410 977
411 500
411 552
411 704
411 731
411 896
411 928
411 981
411 983
411 990
412 420
412 523
412 551
412 571
412 572
412 573
412 574
412 575
412 576
412 577
412 579
412 643
412 656
412 754
412 789
412 814
412 914
412 927
412 985
413 414
413 419
413 524
413 593
413 657
413 694
414 624
414 679
414 867
414 874
414 877
414 912
414 929
415 489
415 536
415 814
415 828
415 852
415 955
416 434
416 485
416 532
416 627
416 766
416 787
416 821
416 880
416 906
417 447
417 552
417 731
417 734
417 735
417 738
417 739
417 740
417 888
417 917
418 485
418 547
418 575
418 619
418 729
418 732
418 765
418 818
418 895
418 963
418 983
418 992
418 993
418 995
418 996
418 997
418 998
418 1000
419 510
419 593
419 634
419 649
419 992
420 660
420 834
420 835
420 836
420 837
420 839
420 840
420 879
420 887
420 922
421 422
421 423
421 424
421 426
421 427
421 430
421 710
421 726
421 814
422 423
422 424
422 426
422 427
422 428
422 430
422 453
422 614
422 624
422 710
422 728
423 424
423 426
423 429
423 533
423 551
423 693
423 695
423 705
423 710
423 932
424 427
424 429
424 430
424 446
424 477
424 506
424 569
424 707
424 710
424 738
424 746
425 444
425 533
425 543
425 549
425 696
425 896
425 908
425 966
426 427
426 428
426 430
426 464
426 617
426 638
426 710
426 843
427 456
427 695
427 826
428 430
428 487
428 710
428 721
428 830
428 908
429 430
429 543
429 544
429 790
429 840
429 932
430 624
430 640
430 687
430 710
430 780
430 870
431 433
431 434
431 435
431 436
431 438
431 440
431 673
431 904
431 962
432 543
432 593
432 701
432 702
432 704
432 705
432 706
432 707
432 708
432 761
432 778
432 854
432 947
432 988
433 434
433 435
433 436
433 437
433 440
433 460
433 603
433 613
433 766
434 435
434 436
434 440
434 466
434 473
434 494
434 528
434 546
434 694
435 436
435 437
435 438
435 440
435 447
435 463
435 495
435 528
435 566
435 848
435 901
435 930
435 950
435 959
436 437
436 438
436 440
436 537
436 614
436 688
436 726
437 438
437 461
437 487
437 520
437 528
437 579
437 587
437 692
437 935
437 954
438 528
438 574
438 677
438 738
438 948
438 972
439 440
439 491
439 510
439 866
439 907
439 932
439 976
440 528
440 717
440 771
440 905
441 501
441 533
441 649
441 762
441 871
441 998
442 572
442 612
442 832
442 861
442 942
442 946
442 948
442 949
442 975
443 445
443 448
443 450
443 477
443 564
443 751
443 841
443 888
443 896
443 904
443 980
443 998
444 475
444 671
444 914
445 447
445 452
445 459
445 477
445 751
445 896
445 981
446 486
446 645
446 680
446 698
446 810
446 865
446 987
447 468
447 781
447 783
447 784
447 786
447 787
447 788
447 790
447 981
447 982
448 450
448 624
448 658
448 751
448 798
448 844
448 878
449 540
449 561
449 564
449 567
449 568
449 569
449 570
449 837
449 956
450 472
450 477
450 519
450 729
450 751
450 896
451 452
451 453
451 455
451 458
451 459
451 460
451 566
451 596
451 653
451 730
451 742
451 804
451 870
452 453
452 455
452 456
452 457
452 458
452 459
452 566
452 596
452 626
452 703
453 455
453 456
453 457
453 458
453 459
453 460
453 566
453 570
453 596
453 605
453 701
453 742
453 753
453 770
453 774
453 825
453 889
453 918
453 942
454 565
454 613
454 649
454 740
454 765
454 810
454 821
454 872
454 875
454 989
455 456
455 457
455 458
455 460
455 469
455 475
455 490
455 515
455 523
455 566
455 596
455 628
455 649
455 742
455 766
455 815
455 886
456 457
456 458
456 460
456 494
456 518
456 566
456 580
456 596
456 687
456 742
456 825
456 851
457 458
457 459
457 473
457 514
457 566
457 596
457 739
457 742
457 895
457 904
457 922
457 971
457 999
458 459
458 460
458 566
458 596
458 645
458 742
458 857
458 864
459 460
459 566
459 587
459 596
459 798
459 943
460 510
460 566
460 596
460 627
460 643
460 660
460 666
460 685
460 788
460 839
460 948
460 966
461 462
461 465
461 468
461 470
461 639
461 736
461 792
461 830
461 831
461 885
462 465
462 467
462 468
462 470
462 541
462 633
462 682
462 764
462 885
462 890
463 465
463 467
463 468
463 488
463 495
463 568
463 885
463 896
463 991
464 649
464 664
464 822
464 826
464 827
464 830
464 963
465 467
465 622
465 647
465 722
465 767
465 825
465 831
465 885
465 896
466 653
466 654
466 655
466 659
467 468
467 470
467 562
467 655
467 684
467 735
467 831
467 885
468 676
468 717
468 831
468 885
469 583
469 651
469 714
469 768
469 812
469 813
469 814
469 815
469 817
469 818
469 820
469 907
469 914
469 943
469 954
470 499
470 579
470 683
470 885
471 474
471 476
471 479
471 480
471 528
471 529
471 547
471 702
471 804
471 817
472 474
472 476
472 479
472 480
472 525
472 764
472 903
473 605
473 689
473 771
473 772
473 774
473 776
473 779
473 780
473 791
473 848
473 863
473 981
474 476
474 479
474 480
474 490
474 521
474 557
474 587
474 698
474 785
474 851
474 869
474 885
475 541
475 604
475 637
475 776
476 480
476 664
476 718
476 795
476 807
477 751
477 781
477 950
478 629
478 671
478 672
478 673
478 674
478 675
478 676
478 677
478 678
478 943
479 480
479 905
479 934
479 969
479 980
480 786
480 908
481 619
481 685
481 711
481 778
481 807
482 487
482 488
482 489
482 490
482 730
482 733
482 746
482 775
482 836
482 859
483 488
483 489
483 490
483 707
483 731
483 778
483 829
483 830
484 515
484 741
484 743
484 744
484 746
484 748
484 757
484 772
484 865
484 885
484 969
485 545
485 787
485 821
486 514
486 554
486 595
486 624
486 645
486 711
487 488
487 489
487 490
487 494
487 672
487 714
487 787
487 829
487 884
488 489
488 490
488 718
488 740
488 778
488 794
488 804
488 829
488 923
489 490
489 557
489 758
489 760
489 829
489 844
489 922
489 950
490 566
490 618
490 753
490 767
490 778
490 829
490 890
490 906
490 912
490 972
490 974
491 492
491 493
491 494
491 496
491 497
491 525
491 563
491 613
491 624
491 696
491 832
491 833
491 855
491 904
491 912
492 493
492 496
492 497
492 498
492 499
492 520
492 618
492 623
492 630
492 724
492 791
492 833
492 855
492 912
492 970
493 494
493 496
493 497
493 498
493 499
493 558
493 597
493 657
493 793
493 805
493 833
493 855
493 856
494 496
494 497
494 498
494 499
494 582
494 622
494 735
494 833
494 855
494 887
495 537
495 704
495 952
495 953
495 954
495 956
495 958
495 959
495 960
495 971
496 497
496 498
496 499
496 624
496 781
496 833
496 855
496 892
496 912
497 498
497 514
497 517
497 591
497 665
497 696
497 698
497 713
497 855
497 875
497 912
498 499
498 833
498 855
498 912
499 629
499 833
499 912
499 936
500 516
500 682
500 775
500 981
500 983
500 986
500 987
500 990
501 521
501 546
501 619
501 919
502 503
502 504
502 505
502 507
502 509
502 735
503 504
503 505
503 507
503 509
503 735
503 755
503 769
503 787
504 505
504 507
504 509
504 573
504 601
504 650
504 911
504 949
505 509
505 536
505 542
505 553
505 557
505 610
505 623
505 732
505 753
505 763
505 770
505 823
505 857
505 978
505 993
506 620
506 640
506 664
506 869
507 509
507 520
507 528
507 542
507 735
507 743
507 845
507 907
507 921
508 538
508 651
508 725
508 851
508 852
508 854
508 856
508 857
508 859
508 860
508 908
509 588
509 696
509 725
509 881
510 563
510 580
510 669
510 831
510 848
510 907
510 916
510 917
510 982
511 512
511 514
511 515
511 516
511 517
511 518
511 519
511 685
511 750
511 803
511 814
511 899
512 514
512 515
512 516
512 517
512 518
512 631
512 756
512 803
512 870
512 905
512 1000
513 523
513 546
513 615
513 732
513 818
513 838
513 924
513 936
513 1000
514 515
514 516
514 517
514 518
514 519
514 686
514 717
514 735
514 803
514 811
514 834
514 865
514 918
515 516
515 518
515 519
515 538
515 548
515 627
515 640
515 710
515 766
515 803
515 959
515 993
516 517
516 518
516 519
516 561
516 659
516 803
516 952
517 518
517 519
517 803
517 818
517 851
517 876
517 881
517 939
517 971
517 992
517 997
518 519
518 563
518 579
518 665
518 780
518 803
518 852
518 918
518 938
518 985
519 568
519 617
519 789
519 790
519 893
519 896
519 962
520 581
520 619
520 753
520 779
520 861
520 871
520 914
520 934
520 971
520 972
520 973
520 974
520 975
520 976
520 980
521 525
521 560
521 597
521 622
521 776
521 791
521 796
521 797
521 799
521 800
521 967
522 591
522 592
522 594
522 595
522 597
522 599
522 646
522 731
522 967
523 524
523 525
523 526
523 527
523 529
523 530
523 541
523 576
523 624
523 634
523 749
524 525
524 526
524 527
524 529
524 530
524 657
524 666
524 704
524 732
524 749
524 758
524 925
524 965
525 526
525 527
525 529
525 606
525 678
525 689
525 749
525 855
525 879
526 527
526 529
526 530
526 584
526 741
526 749
526 779
527 529
527 530
527 574
527 749
527 785
527 793
527 816
527 830
528 542
528 583
528 696
528 860
528 862
528 902
529 530
529 585
529 588
529 595
529 599
529 621
529 749
529 785
529 843
529 853
529 907
529 953
529 985
530 685
530 701
530 749
530 764
530 816
530 842
530 953
530 988
531 533
531 534
531 535
531 537
531 538
531 539
531 578
531 607
531 613
531 622
531 722
531 769
531 788
531 991
532 533
532 538
532 540
532 622
532 625
532 722
532 821
532 851
533 534
533 538
533 539
533 540
533 556
533 676
533 704
533 721
533 722
533 855
534 535
534 537
534 538
534 539
534 540
534 622
534 712
534 722
534 738
534 803
534 927
534 936
535 538
535 539
535 540
535 622
535 692
535 814
535 867
535 1000
536 538
536 611
536 644
536 674
536 860
536 867
536 888
537 538
537 539
537 540
537 622
537 680
537 722
537 822
537 830
537 924
538 539
538 540
538 592
538 622
538 722
538 756
538 983
538 984
539 540
539 665
539 722
539 989
539 993
540 722
540 875
541 542
541 546
541 547
541 548
541 549
541 550
541 566
541 598
541 880
541 887
542 543
542 544
542 545
542 547
542 548
542 549
542 550
542 598
542 612
542 668
542 670
542 708
542 772
542 997
543 545
543 546
543 547
543 548
543 550
543 598
543 599
543 818
543 835
543 850
544 545
544 547
544 548
544 550
544 598
544 601
544 634
544 678
544 816
544 933
545 546
545 547
545 548
545 549
545 550
545 588
545 598
545 876
545 892
546 547
546 548
546 549
546 550
546 598
546 808
546 931
547 548
547 549
547 550
547 598
547 861
547 891
547 952
548 549
548 550
548 598
548 900
548 979
549 598
549 722
549 806
549 837
549 896
549 985
550 574
550 713
551 572
551 573
551 574
551 575
551 576
551 577
551 579
551 584
551 588
551 656
551 681
551 716
551 789
551 914
551 933
551 982
551 985
552 554
552 556
552 557
552 558
552 559
552 602
552 829
552 883
552 951
553 556
553 558
553 559
553 574
553 586
553 602
553 640
553 767
553 783
554 556
554 557
554 558
554 559
554 580
554 602
554 620
554 716
554 758
554 820
554 825
554 829
554 890
554 938
554 940
555 586
555 595
555 652
555 689
555 879
556 557
556 558
556 559
556 765
556 785
556 809
556 862
556 949
556 973
556 976
557 558
557 559
557 602
557 641
557 668
557 705
557 730
557 779
557 921
558 559
558 602
558 726
558 941
559 602
559 672
559 811
559 821
559 823
559 836
559 950
559 976
560 626
560 677
560 791
560 796
560 799
560 800
560 898
560 910
561 564
561 567
561 568
561 569
561 570
561 661
561 720
561 855
561 924
562 606
562 633
562 721
562 723
562 725
562 727
562 728
562 730
562 855
562 865
562 876
563 578
563 650
563 734
563 751
563 891
563 894
563 895
563 897
563 898
563 900
563 964
564 567
564 568
564 569
564 570
564 597
564 800
564 811
565 588
565 744
565 811
565 852
565 943
565 989
566 583
566 596
566 636
566 674
566 742
566 834
566 878
566 885
566 909
566 922
567 568
567 569
567 570
567 774
567 863
567 918
568 569
568 570
568 730
568 757
568 947
569 570
569 577
569 707
569 884
569 980
569 997
570 610
570 899
571 572
571 575
571 576
571 577
571 584
571 606
571 611
571 636
571 651
571 656
571 726
571 730
571 888
572 573
572 574
572 576
572 579
572 584
572 636
572 656
572 694
572 764
572 789
572 845
573 575
573 576
573 577
573 579
573 584
573 636
573 656
573 774
573 789
573 807
573 863
574 575
574 576
574 577
574 579
574 584
574 636
574 654
574 656
574 679
574 789
574 824
574 856
575 576
575 577
575 579
575 584
575 595
575 636
575 656
575 687
575 780
575 789
575 816
575 897
575 974
576 579
576 584
576 636
576 656
576 789
576 882
577 584
577 586
577 656
577 789
577 895
578 646
578 697
578 714
578 721
578 833
579 584
579 636
579 656
579 765
579 808
579 811
580 596
580 723
580 917
580 994
581 583
581 585
581 588
581 590
581 666
581 853
582 583
582 585
582 588
582 590
582 678
582 882
583 585
583 588
583 590
583 626
583 686
583 775
583 864
584 636
584 656
584 787
584 813
584 911
584 931
584 979
585 588
585 664
585 703
585 747
585 807
586 605
586 647
586 689
586 965
587 699
587 783
587 814
587 912
588 590
588 613
588 684
588 743
588 783
588 816
589 663
589 730
589 741
589 743
589 744
589 745
589 746
589 748
589 757
589 879
590 802
591 592
591 594
591 595
591 739
591 764
591 795
591 805
592 594
592 597
592 635
592 704
592 987
593 605
593 626
593 775
593 827
593 878
594 595
594 597
594 599
594 603
594 624
594 632
594 749
594 786
594 796
594 990
595 597
595 599
595 611
595 779
595 837
595 891
595 939
596 742
596 869
596 890
597 599
597 613
597 623
597 646
597 684
597 970
598 616
598 649
598 653
598 781
598 787
598 790
598 950
598 975
599 653
599 956
600 663
600 711
600 737
600 812
600 961
600 962
600 964
600 965
600 966
600 969
601 604
601 606
601 607
601 608
601 609
601 622
601 628
601 709
602 823
602 850
603 676
603 678
603 692
603 693
603 694
603 695
603 697
603 700
603 851
603 871
604 606
604 607
604 608
604 609
604 614
604 661
604 709
604 771
604 885
604 918
604 980
605 626
605 703
605 771
605 772
605 775
605 779
605 780
605 782
605 862
605 863
605 889
605 912
606 607
606 608
606 609
606 638
606 683
606 706
606 709
606 765
606 963
607 608
607 609
607 634
607 709
607 779
607 783
607 850
607 907
607 947
608 609
608 709
608 765
608 941
609 709
609 858
610 633
610 655
610 709
610 853
610 998
611 612
611 614
611 615
611 617
611 618
611 654
611 674
611 824
611 927
611 946
612 614
612 616
612 617
612 618
612 824
612 841
612 870
612 884
612 953
613 680
613 691
613 795
613 899
614 615
614 617
614 618
614 652
614 777
614 791
614 904
614 960
614 973
615 616
615 618
615 824
615 855
615 884
615 999
616 617
616 618
616 659
616 787
616 824
616 866
617 688
617 789
617 824
618 686
618 775
618 823
618 824
619 651
619 704
619 724
619 934
620 658
620 869
620 890
620 923
621 625
621 626
621 627
621 628
621 630
621 632
621 658
621 685
621 689
621 711
621 796
621 841
621 983
622 625
622 722
622 780
622 836
622 957
623 694
623 753
623 762
623 901
623 984
624 628
624 631
624 633
624 635
624 637
624 638
624 639
624 640
624 976
625 626
625 627
625 628
625 630
625 635
625 685
625 717
625 841
625 872
626 627
626 630
626 633
626 685
626 787
627 628
627 685
627 761
627 841
627 850
627 906
627 909
627 962
627 965
627 972
628 644
628 670
628 685
628 688
628 722
628 834
628 841
628 921
629 671
629 672
629 673
629 675
629 676
629 678
629 679
629 749
629 982
630 766
630 838
630 841
630 980
631 634
631 635
631 637
631 638
631 639
631 640
631 661
631 752
631 806
631 873
632 677
632 687
632 778
632 926
632 951
633 634
633 635
633 637
633 638
633 639
633 640
633 661
633 778
633 826
633 999
634 635
634 638
634 639
634 640
634 661
634 691
634 716
634 872
634 876
634 985
635 637
635 638
635 640
635 661
635 678
635 824
635 915
635 968
635 988
636 640
636 656
636 714
636 768
636 789
636 888
637 638
637 639
637 640
637 661
637 731
637 910
637 988
638 639
638 640
638 661
638 904
638 938
639 640
639 661
639 826
640 661
640 824
640 857
640 972
641 642
641 647
641 648
641 649
641 752
641 927
641 941
642 647
642 649
642 702
642 752
642 827
642 874
642 941
642 955
643 728
643 750
643 776
643 820
643 849
643 855
643 891
643 941
644 664
644 836
644 839
644 842
644 843
644 844
644 846
644 847
644 849
644 850
644 888
644 964
644 997
645 698
645 804
645 882
645 887
645 904
645 908
645 933
645 957
646 701
646 747
646 805
646 832
646 855
646 969
647 648
647 752
647 912
647 941
648 649
648 752
648 819
648 899
648 962
649 752
649 765
649 792
649 875
649 963
649 997
650 719
650 811
650 846
650 851
650 891
650 893
650 894
650 895
650 897
650 898
650 900
650 915
650 928
651 746
651 781
651 851
651 854
651 856
651 857
651 858
651 859
651 860
651 889
651 925
652 653
652 654
652 655
652 658
652 660
652 858
652 889
652 995
653 655
653 658
653 659
653 660
653 684
653 719
653 746
653 762
653 920
653 951
653 992
654 658
654 659
654 660
654 791
655 658
655 659
655 701
655 749
655 833
655 873
656 765
656 789
656 995
657 732
657 883
657 941
658 659
658 660
658 700
658 818
658 893
658 935
659 660
659 663
659 686
659 720
659 743
659 887
659 925
660 821
660 822
661 873
661 991
662 666
662 669
662 694
662 939
662 995
663 664
663 666
663 668
663 721
663 739
663 833
663 990
664 669
664 670
664 689
664 698
664 747
664 821
664 934
664 939
664 970
665 751
665 757
665 769
665 881
665 887
666 669
666 670
666 700
666 927
666 963
666 970
667 717
667 753
667 798
667 843
667 878
667 911
667 913
667 914
667 915
667 916
667 918
667 919
668 669
668 670
668 827
668 853
668 939
668 970
668 980
669 670
669 815
669 920
669 935
669 939
669 944
669 962
669 970
670 844
670 895
670 939
670 970
671 672
671 673
671 674
671 676
671 677
671 679
671 817
671 858
671 887
671 964
671 981
672 674
672 675
672 676
672 677
672 678
672 735
672 835
672 929
672 973
672 988
673 674
673 675
673 676
673 677
673 678
673 741
673 766
673 829
673 832
673 980
674 675
674 676
674 678
674 679
674 691
674 729
674 788
674 859
674 888
674 999
675 676
675 679
675 775
675 838
675 918
675 929
676 677
676 678
676 679
676 711
676 785
676 888
676 986
677 679
677 848
677 997
678 679
678 834
678 989
679 956
680 929
680 936
681 682
681 683
681 686
681 688
681 690
682 683
682 684
682 686
682 688
682 690
682 699
682 705
682 818
682 966
682 979
683 684
683 686
683 688
683 690
683 696
683 703
683 707
683 729
683 824
683 871
684 686
684 690
684 726
684 824
684 908
685 841
686 688
686 690
686 784
687 974
688 690
688 720
688 743
688 795
688 858
688 865
688 881
688 904
689 695
689 724
689 737
689 791
689 798
689 989
689 996
690 753
690 763
690 788
690 822
691 692
691 693
691 694
691 695
691 697
691 700
691 750
692 693
692 695
692 700
692 784
693 694
693 695
693 697
693 700
693 708
694 695
694 697
694 700
694 972
694 988
695 700
695 823
696 873
696 930
697 700
697 828
697 964
698 768
698 868
698 932
699 813
699 817
699 871
700 758
700 760
700 780
700 814
700 881
700 939
701 705
701 706
701 707
701 708
701 761
701 957
702 705
702 706
702 708
702 726
702 750
702 761
702 764
702 892
702 947
702 954
703 726
703 751
703 771
703 772
703 774
703 775
703 776
703 779
703 780
703 839
703 863
703 931
704 705
704 706
704 708
704 761
704 947
704 964
705 706
705 707
706 707
706 708
706 761
706 767
706 947
706 989
707 708
707 759
707 761
707 899
707 908
707 947
707 964
707 968
708 761
708 776
708 785
708 792
708 817
708 947
709 787
709 798
709 804
709 861
709 987
710 713
710 754
710 786
710 934
710 953
710 997
711 712
711 713
711 715
711 718
711 719
711 720
711 804
711 982
712 713
712 715
712 718
712 719
712 720
712 827
712 869
712 883
713 715
713 717
713 718
713 719
713 720
713 824
713 827
713 990
714 768
714 793
714 811
714 812
714 815
714 816
714 818
714 820
714 943
715 717
715 719
715 812
715 911
716 825
716 922
716 925
716 926
716 971
716 999
717 718
717 719
717 720
717 776
717 824
718 719
718 720
718 967
719 805
720 755
720 880
720 886
721 723
721 724
721 725
721 726
721 727
721 729
721 730
721 741
721 838
722 732
722 796
722 845
723 725
723 726
723 727
723 729
723 890
723 914
724 725
724 726
724 727
724 728
724 730
724 795
725 726
725 727
725 729
725 730
725 735
725 911
726 728
726 729
726 730
726 762
727 728
727 829
727 884
727 922
727 928
728 729
728 730
729 730
729 832
729 918
729 955
730 789
730 891
730 984
731 734
731 736
731 738
731 739
731 740
731 835
731 871
731 917
731 974
732 733
732 739
732 740
732 762
732 826
732 832
732 835
732 917
732 971
733 736
733 738
733 740
733 917
734 740
734 827
734 917
735 787
736 738
736 739
736 740
736 850
736 869
736 917
736 918
737 751
737 807
737 832
737 861
737 961
737 962
737 964
737 966
737 967
738 739
738 740
738 783
738 917
738 951
738 967
738 972
738 997
739 740
739 789
739 796
739 928
739 950
739 970
740 819
740 835
740 870
740 917
740 927
741 743
741 744
741 746
741 748
741 757
741 770
741 777
741 890
741 895
742 764
742 883
742 933
742 962
742 977
743 744
743 745
743 746
743 748
743 757
744 745
744 746
744 757
744 933
745 746
745 748
745 757
745 772
745 782
745 865
745 873
745 904
745 945
746 748
746 755
746 757
746 862
747 986
748 757
748 868
748 979
749 768
749 791
749 986
751 813
751 896
751 962
751 989
752 789
752 811
752 941
753 800
753 984
754 755
754 756
754 759
754 760
754 772
754 773
754 795
754 882
754 936
754 977
754 978
755 756
755 759
755 760
755 773
755 796
755 816
755 845
755 864
755 922
755 936
755 958
755 962
755 977
756 759
756 760
756 795
756 831
756 860
756 936
756 977
756 986
756 996
758 978
759 760
759 773
759 795
759 936
759 944
759 977
759 987
760 773
760 795
760 883
760 936
760 989
761 840
761 862
762 763
762 768
762 773
762 780
762 801
762 882
762 985
762 999
763 764
763 767
763 768
763 770
763 801
763 947
763 989
764 768
764 793
764 848
764 862
764 864
764 865
764 866
764 867
764 868
764 870
764 951
765 859
765 905
765 932
765 963
765 992
765 994
765 995
765 996
765 999
765 1000
766 784
766 956
767 801
767 829
767 887
767 985
768 770
768 801
768 838
768 839
768 985
769 886
769 955
770 801
770 804
770 817
770 898
770 955
770 985
771 774
771 775
771 776
771 779
771 780
771 797
771 863
771 977
772 775
772 776
772 779
772 863
772 985
773 795
773 936
774 775
774 776
774 779
774 780
774 863
774 946
774 961
774 972
774 996
775 776
775 779
775 881
775 975
776 779
776 780
776 800
776 863
777 794
777 863
777 886
778 829
778 982
779 780
779 891
780 863
780 906
781 782
781 786
781 788
781 790
781 864
781 982
781 986
782 783
782 784
782 786
782 788
782 790
782 982
783 786
783 788
783 790
783 850
783 903
783 982
784 790
784 904
784 909
784 955
784 969
784 982
785 903
785 949
786 788
786 790
786 921
786 962
786 974
786 982
786 983
787 878
788 790
788 964
788 982
789 842
790 982
790 997
791 793
791 796
791 797
791 799
791 905
791 952
793 796
793 797
793 799
793 800
793 873
793 915
793 917
793 939
794 820
795 913
795 936
795 977
796 797
796 807
796 825
796 866
796 912
796 926
796 955
797 799
797 805
797 870
797 967
797 980
797 981
798 913
798 914
798 915
798 916
798 919
798 920
798 928
798 937
799 800
799 877
799 944
800 804
800 910
800 925
800 952
801 808
801 904
801 985
802 804
802 805
802 806
802 807
802 849
802 950
802 976
803 834
803 891
803 971
804 805
804 806
804 807
804 809
805 806
805 809
805 810
806 807
806 810
806 864
806 889
807 809
807 810
807 925
807 941
808 838
808 858
808 877
808 887
808 915
808 988
809 810
809 815
809 878
810 846
810 882
810 931
810 955
810 961
811 812
811 813
811 814
811 817
811 818
811 820
811 943
812 813
812 814
812 815
812 816
812 817
812 818
812 820
812 823
812 943
813 816
813 817
813 818
813 820
813 943
813 988
814 815
814 816
814 817
814 818
814 820
814 842
814 869
814 943
814 995
815 818
815 893
815 896
816 818
816 820
816 881
816 943
817 818
817 820
817 871
817 937
817 938
817 943
818 820
818 847
818 943
819 842
819 843
819 846
819 849
819 888
819 946
820 943
820 944
821 953
822 823
822 826
822 827
822 970
822 974
823 826
823 827
823 828
823 830
823 861
823 929
823 967
824 836
824 839
824 943
824 965
825 921
825 922
825 923
825 926
825 927
825 994
826 827
826 828
826 830
827 828
827 830
827 895
827 906
828 830
828 840
828 937
829 858
829 965
829 986
830 891
831 885
832 834
832 835
832 836
832 838
832 839
832 840
832 960
833 855
833 912
833 996
834 835
834 836
834 838
834 839
834 840
834 942
835 836
835 837
835 838
835 839
835 921
835 961
836 839
836 840
836 856
836 965
837 838
837 839
837 840
837 911
837 922
837 999
838 839
838 840
838 915
838 952
839 840
839 895
842 843
842 844
842 845
842 846
842 847
842 849
842 850
842 886
842 947
843 844
843 845
843 847
843 849
843 850
843 888
843 981
844 845
844 846
844 847
844 849
844 888
844 934
845 846
845 847
845 849
845 850
845 925
845 946
845 992
846 847
846 849
846 850
846 888
846 979
847 849
847 903
848 862
848 864
848 865
848 867
848 868
848 870
848 946
849 850
849 888
849 958
850 888
850 928
851 852
851 854
851 856
851 857
851 858
851 859
851 860
851 957
851 965
852 856
852 857
852 858
852 859
852 860
853 978
853 981
853 993
854 856
854 857
854 858
854 860
855 912
855 924
855 978
856 857
856 858
856 859
856 917
856 938
856 949
857 859
857 916
858 859
858 860
858 946
859 860
859 899
859 953
860 960
860 987
861 887
861 974
862 864
862 865
862 866
862 867
862 868
862 870
863 905
863 916
863 971
864 865
864 866
864 867
864 868
864 870
865 866
865 867
865 868
865 870
865 880
866 867
866 870
866 935
866 949
867 870
867 926
867 963
868 900
868 957
868 966
868 967
871 945
871 964
871 971
871 972
871 973
871 975
871 976
871 980
872 874
872 877
872 878
872 879
872 880
872 881
872 987
873 884
873 892
873 903
874 875
874 877
874 878
874 879
874 880
874 972
875 877
875 878
875 879
875 880
875 958
877 878
877 880
877 908
878 879
878 956
879 880
879 896
879 955
880 948
881 882
881 883
881 886
881 889
881 980
882 883
882 884
882 889
883 884
883 886
883 889
883 890
884 886
884 889
884 890
884 898
884 975
884 981
885 889
885 903
886 890
886 940
887 929
887 951
887 979
887 981
889 890
889 914
889 993
890 900
890 911
891 893
891 894
891 895
891 897
891 898
891 899
891 900
891 903
892 895
892 960
892 992
893 897
893 899
893 900
893 932
894 895
894 897
894 898
894 899
894 900
894 950
894 953
894 954
895 897
895 898
895 899
895 900
897 898
897 899
897 900
897 924
898 899
898 900
898 926
901 923
901 927
902 903
902 904
902 906
902 908
902 909
902 910
903 904
903 908
903 909
903 910
904 905
904 906
904 909
904 910
904 943
904 950
904 984
905 906
905 908
905 910
905 943
905 947
905 967
906 908
906 909
906 910
906 922
906 929
906 931
906 965
907 932
908 909
908 910
908 985
909 910
911 913
911 915
911 918
911 919
911 920
911 926
913 915
913 918
913 919
913 920
913 963
913 974
914 916
914 919
914 920
914 924
914 954
914 986
914 999
915 916
915 918
915 920
916 987
917 988
918 919
918 920
919 920
920 993
921 922
921 923
921 927
922 923
922 927
923 925
923 926
923 927
925 926
925 927
925 963
926 927
927 951
928 981
928 987
928 988
931 932
931 933
931 937
931 940
931 947
933 935
933 937
933 938
933 940
933 948
934 972
934 973
934 975
934 976
935 937
935 938
935 940
936 977
936 981
937 938
937 940
937 972
938 940
939 970
939 993
941 961
942 944
942 945
942 946
942 948
942 949
942 950
943 985
944 945
944 946
944 948
944 949
944 950
945 946
945 948
945 949
945 950
946 948
946 949
946 950
948 949
948 950
949 950
952 954
952 955
952 956
952 959
952 960
953 954
953 956
953 959
953 960
954 958
954 959
954 960
955 956
955 959
956 960
958 959
958 960
959 960
961 962
961 964
961 965
961 966
961 967
961 969
962 964
962 965
962 967
962 969
963 991
963 993
963 994
963 995
963 996
963 997
963 999
963 1000
964 965
964 966
964 967
964 969
965 966
965 967
965 969
966 967
966 969
971 972
971 973
971 974
971 975
971 976
971 980
972 973
972 975
973 974
973 975
973 976
973 980
974 975
974 976
974 980
975 980
976 980
981 983
981 986
981 987
981 988
981 990
983 986
983 987
983 988
983 990
986 987
986 991
987 988
987 990
988 990
991 993
991 997
991 998
991 999
991 1000
992 994
992 995
992 998
992 999
992 1000
993 994
993 995
993 996
993 998
993 999
993 1000
994 996
994 997
994 998
994 999
994 1000
995 996
995 997
995 999
995 1000
996 997
996 998
996 999
996 1000
997 998
997 999
998 1000
999 1000
