1000 8858
1 3
1 4
1 5
1 7
1 8
1 9
1 204
1 224
1 226
1 285
1 387
1 508
1 660
1 685
1 790
1 842
1 848
1 942
1 990
2 3
2 4
2 5
2 9
2 89
2 216
2 297
2 356
2 450
2 513
2 578
2 986
3 4
3 5
3 6
3 7
3 9
3 10
3 16
3 50
3 176
3 203
3 320
3 367
3 711
4 6
4 7
4 8
4 9
4 10
4 81
4 89
4 168
4 323
4 328
4 519
4 821
4 838
4 889
5 6
5 8
5 9
5 10
5 25
5 61
5 74
5 89
5 128
5 159
5 249
5 471
5 662
5 690
5 817
5 919
6 7
6 9
6 89
6 496
7 8
7 9
7 10
7 64
7 89
7 112
7 249
7 284
7 417
7 474
7 546
7 645
7 942
7 983
8 9
8 10
8 108
8 125
8 235
8 239
8 240
8 292
8 326
8 492
8 510
8 523
8 618
8 638
8 925
8 960
8 983
9 10
9 89
9 160
9 441
9 525
9 667
9 819
9 978
10 89
10 90
10 156
10 248
10 346
10 359
10 521
10 532
10 572
10 646
10 694
10 798
10 861
10 865
10 889
10 931
11 12
11 15
11 16
11 44
11 128
11 173
11 241
11 343
11 408
11 635
11 651
11 689
11 745
11 746
11 754
11 797
11 870
12 13
12 14
12 15
12 16
12 19
12 108
12 138
12 173
12 201
12 568
12 635
12 656
12 690
12 746
12 809
12 911
13 14
13 16
13 19
13 173
13 373
13 378
13 574
13 578
13 582
13 602
13 635
13 696
13 699
13 746
13 754
13 756
13 891
14 15
14 16
14 19
14 30
14 173
14 428
14 532
14 581
14 583
14 635
14 703
14 746
14 847
15 16
15 19
15 61
15 134
15 173
15 189
15 262
15 281
15 296
15 323
15 404
15 616
15 635
15 676
15 746
15 754
15 793
15 845
16 19
16 49
16 158
16 173
16 223
16 242
16 472
16 529
16 593
16 627
16 635
16 655
16 662
16 746
16 769
17 55
17 233
17 278
17 281
17 440
17 444
17 603
17 772
17 773
17 776
17 777
17 778
17 779
17 780
17 784
17 796
17 882
17 896
17 915
17 942
18 154
18 302
18 303
18 305
18 306
18 307
18 310
18 427
18 575
18 646
18 666
18 766
18 805
18 893
19 173
19 367
19 370
19 381
19 446
19 538
19 548
19 573
19 614
19 635
19 746
19 754
19 992
20 42
20 47
20 151
20 152
20 153
20 154
20 155
20 160
20 199
20 288
20 302
20 422
20 621
20 673
20 714
20 851
20 997
21 22
21 24
21 26
21 27
21 28
21 29
21 30
21 117
21 128
21 155
21 282
21 406
21 535
21 538
21 620
21 720
21 768
21 771
21 824
22 23
22 24
22 26
22 27
22 28
22 29
22 30
22 117
22 128
22 162
22 246
22 282
22 388
22 469
22 535
22 620
22 661
22 675
22 720
22 741
22 824
22 972
23 24
23 26
23 27
23 28
23 30
23 68
23 103
23 117
23 128
23 165
23 225
23 282
23 401
23 426
23 489
23 513
23 535
23 545
23 669
23 720
23 824
23 857
23 938
24 26
24 27
24 29
24 30
24 117
24 154
24 160
24 282
24 355
24 372
24 414
24 497
24 535
24 556
24 582
24 620
24 664
24 732
24 779
24 824
24 909
25 70
25 133
25 250
25 375
25 545
25 655
25 701
25 714
25 851
25 854
25 855
25 857
25 860
25 898
25 913
25 939
25 979
25 988
26 28
26 29
26 30
26 91
26 117
26 128
26 211
26 215
26 314
26 405
26 419
26 447
26 477
26 483
26 486
26 503
26 535
26 605
26 620
26 685
26 758
26 824
26 860
27 29
27 30
27 61
27 117
27 128
27 282
27 320
27 400
27 410
27 620
27 624
27 665
27 720
27 793
27 824
27 880
27 911
27 956
28 30
28 71
28 204
28 454
28 535
28 597
28 620
28 624
28 630
28 720
28 769
28 824
28 826
28 954
28 963
28 965
28 980
29 30
29 36
29 117
29 128
29 130
29 282
29 291
29 535
29 620
29 789
29 824
30 117
30 128
30 216
30 282
30 302
30 390
30 420
30 449
30 529
30 573
30 620
30 720
30 774
30 824
30 876
30 898
31 33
31 34
31 37
31 75
31 129
31 274
31 397
31 577
31 802
31 814
31 830
31 866
31 874
31 896
31 966
32 33
32 34
32 37
32 85
32 119
32 129
32 163
32 397
32 529
32 562
32 668
32 866
32 874
32 904
32 989
33 34
33 37
33 93
33 322
33 397
33 563
33 624
33 665
33 743
33 774
33 793
33 866
33 874
34 37
34 117
34 127
34 187
34 334
34 397
34 443
34 518
34 563
34 606
34 619
34 798
34 813
35 141
35 153
35 189
35 205
35 353
35 381
35 421
35 423
35 424
35 426
35 455
35 541
35 543
35 571
35 610
35 742
35 847
36 85
36 101
36 113
36 212
36 226
36 400
36 536
36 542
36 692
36 693
36 694
36 696
36 697
36 698
36 810
37 76
37 102
37 129
37 152
37 216
37 245
37 301
37 397
37 479
37 529
37 555
37 563
37 606
37 661
37 688
37 749
37 772
37 866
37 874
37 966
38 45
38 141
38 192
38 231
38 232
38 233
38 237
38 257
38 399
38 434
38 470
38 531
38 570
38 698
38 759
38 854
38 890
39 267
39 272
39 281
39 284
39 285
39 288
39 289
39 344
39 724
39 732
39 799
39 846
39 886
39 897
39 911
39 970
40 99
40 180
40 203
40 282
40 284
40 606
40 613
40 625
40 641
40 654
40 678
40 814
40 901
40 903
40 905
40 908
40 910
40 932
40 976
41 42
41 43
41 44
41 45
41 48
41 49
41 56
41 126
41 238
41 349
41 425
41 513
41 575
41 672
41 737
41 869
41 885
41 931
41 941
42 43
42 45
42 48
42 49
42 50
42 92
42 126
42 141
42 219
42 236
42 301
42 327
42 570
42 691
42 737
42 738
42 815
42 851
42 873
42 915
42 992
43 44
43 45
43 47
43 48
43 49
43 50
43 174
43 221
43 584
43 596
43 621
43 642
43 652
43 684
43 700
43 731
43 833
43 836
43 885
43 968
43 986
44 45
44 47
44 48
44 50
44 123
44 230
44 283
44 321
44 330
44 384
44 457
44 486
44 590
44 596
44 885
45 48
45 49
45 50
45 219
45 363
45 392
45 488
45 543
45 565
45 572
45 590
45 596
45 760
45 885
46 52
46 89
46 178
46 350
46 381
46 382
46 385
46 386
46 387
46 388
46 422
46 428
46 740
46 854
46 862
46 907
47 48
47 52
47 86
47 596
47 685
47 737
47 885
48 49
48 137
48 190
48 534
48 568
48 596
48 617
48 737
48 798
48 847
48 885
48 994
49 53
49 109
49 115
49 421
49 501
49 596
49 644
49 657
49 885
49 896
49 902
49 966
50 83
50 149
50 213
50 497
50 509
50 596
50 700
50 730
50 737
50 870
51 56
51 57
51 58
51 60
51 102
51 117
51 157
51 184
51 185
51 188
51 261
51 277
51 307
51 461
51 498
51 615
51 756
51 830
51 874
51 893
52 56
52 57
52 58
52 59
52 60
52 150
52 155
52 157
52 180
52 261
52 370
52 372
52 403
52 447
52 475
52 632
52 675
52 796
52 829
52 879
52 989
52 1000
53 81
53 83
53 84
53 88
53 138
53 178
53 188
53 208
53 288
53 415
53 448
53 463
53 605
53 840
53 843
53 958
53 984
54 132
54 184
54 195
54 203
54 420
54 557
54 574
54 575
54 576
54 578
54 660
54 687
54 696
54 728
54 761
54 780
54 863
55 151
55 248
55 285
55 525
55 562
55 602
55 771
55 772
55 775
55 776
55 777
55 778
55 779
55 784
55 942
56 57
56 58
56 59
56 60
56 157
56 261
56 275
56 389
56 665
56 714
56 869
57 58
57 59
57 60
57 70
57 144
57 164
57 181
57 261
57 328
57 338
57 455
57 560
57 573
57 869
57 896
58 59
58 123
58 144
58 157
58 255
58 261
58 263
58 459
58 469
58 482
58 746
59 60
59 143
59 442
59 981
59 998
60 113
60 157
60 261
60 300
60 376
60 406
60 452
60 473
60 579
60 732
60 755
60 825
60 926
60 995
61 62
61 63
61 65
61 66
61 67
61 68
61 70
61 219
61 432
61 558
61 623
61 716
61 811
62 63
62 65
62 67
62 68
62 70
62 102
62 159
62 184
62 235
62 306
62 623
62 638
62 716
62 823
62 830
63 65
63 66
63 67
63 68
63 70
63 97
63 152
63 191
63 211
63 370
63 586
63 623
63 716
63 912
64 74
64 288
64 294
64 315
64 335
64 474
64 475
64 477
64 480
64 565
64 739
64 748
64 812
64 915
64 973
65 66
65 70
65 340
65 623
65 716
65 757
65 890
65 910
65 935
66 67
66 70
66 143
66 168
66 235
66 246
66 290
66 311
66 355
66 507
66 561
66 587
66 623
66 667
66 688
66 716
66 744
66 777
66 857
66 960
66 994
67 68
67 70
67 181
67 230
67 323
67 390
67 397
68 70
68 136
68 376
68 605
68 645
68 716
68 729
68 793
68 794
68 969
69 147
69 168
69 404
69 510
69 618
69 698
69 756
69 856
69 941
69 943
69 945
69 947
69 948
70 265
70 270
70 322
70 336
70 346
70 448
70 623
70 676
70 716
70 939
71 82
71 268
71 283
71 302
71 359
71 442
71 443
71 444
71 445
71 448
71 450
71 522
71 591
71 753
71 760
72 104
72 119
72 598
72 644
72 664
72 701
72 745
72 794
72 873
72 875
72 876
72 878
72 879
72 952
72 1000
73 76
73 77
73 78
73 79
73 338
73 350
73 357
73 423
73 462
73 471
73 660
73 696
73 941
74 76
74 77
74 78
74 79
74 91
74 338
74 405
74 462
74 473
74 498
74 500
74 676
75 160
75 432
75 526
75 531
75 532
75 533
75 537
75 538
75 539
75 540
75 548
75 786
75 953
76 77
76 79
76 338
76 428
76 462
76 494
76 652
76 683
76 731
76 737
76 764
76 952
77 78
77 79
77 93
77 153
77 207
77 338
77 387
77 703
77 764
77 788
77 917
77 953
77 958
78 79
78 123
78 279
78 304
78 338
78 394
78 415
78 462
78 665
78 677
78 764
78 810
78 815
78 910
78 974
78 977
78 995
79 142
79 398
79 462
79 496
79 584
79 692
79 755
79 764
79 827
79 878
79 980
80 102
80 103
80 104
80 105
80 107
80 109
80 200
80 212
80 301
80 305
80 386
80 475
80 565
80 666
80 763
80 771
80 891
80 924
81 84
81 88
81 408
81 653
81 853
81 958
81 980
82 116
82 414
82 442
82 443
82 444
82 445
82 448
82 496
82 512
82 576
82 750
82 832
82 957
83 84
83 88
83 181
83 227
83 463
83 476
83 697
83 958
84 85
84 88
84 201
84 296
84 463
84 772
84 779
84 838
84 891
84 958
85 99
85 122
85 169
85 226
85 243
85 336
85 385
85 508
85 533
85 551
85 578
85 599
85 688
85 691
85 692
85 693
85 694
85 696
85 697
85 698
86 108
86 112
86 263
86 293
86 402
86 452
86 468
86 499
86 529
86 546
86 585
86 623
86 768
86 836
86 881
86 883
86 889
86 932
86 982
87 136
87 175
87 261
87 272
87 274
87 295
87 296
87 297
87 299
87 348
87 363
88 128
88 170
88 236
88 336
88 423
88 582
88 615
88 711
88 957
88 958
89 266
89 307
89 452
89 485
89 640
89 762
89 893
90 219
90 221
90 228
90 350
90 523
90 543
90 786
90 868
90 906
90 915
90 931
90 932
90 933
90 935
90 936
90 938
90 939
90 940
91 92
91 93
91 94
91 99
91 100
91 101
91 127
91 145
91 184
91 294
91 357
91 455
91 480
91 511
91 617
91 636
91 739
91 808
91 820
91 826
91 862
91 927
91 944
91 995
92 93
92 96
92 97
92 98
92 99
92 100
92 188
92 221
92 331
92 351
92 402
92 478
92 530
92 584
92 596
92 647
92 654
92 820
92 826
92 944
93 94
93 96
93 97
93 100
93 101
93 203
93 206
93 335
93 339
93 373
93 378
93 402
93 493
93 812
93 820
93 826
93 922
93 944
93 967
94 96
94 97
94 100
94 101
94 162
94 206
94 330
94 520
94 820
94 826
94 891
94 944
94 995
95 141
95 171
95 198
95 270
95 298
95 442
95 482
95 483
95 485
95 486
95 487
95 489
95 490
95 503
95 627
95 679
95 682
95 769
95 900
95 980
96 98
96 99
96 100
96 101
96 142
96 171
96 271
96 401
96 514
96 610
96 615
96 649
96 812
96 820
96 826
96 878
96 944
97 98
97 99
97 100
97 101
97 135
97 145
97 381
97 403
97 420
97 452
97 543
97 555
97 682
97 718
97 812
97 820
97 826
97 859
97 944
97 947
97 991
97 995
98 100
98 101
98 171
98 497
98 516
98 561
98 615
98 669
98 699
98 717
98 732
98 812
98 826
98 831
98 915
98 944
98 963
98 995
99 100
99 101
99 468
99 567
99 647
99 812
99 826
99 944
99 995
100 101
100 150
100 202
100 245
100 336
100 388
100 463
100 681
100 820
100 944
100 995
101 221
101 297
101 449
101 618
101 683
101 734
101 810
101 820
101 826
101 882
101 944
102 103
102 104
102 107
102 109
102 166
102 232
102 301
102 323
102 372
102 379
102 537
102 689
102 717
102 763
102 826
102 934
103 104
103 105
103 106
103 107
103 109
103 147
103 193
103 276
103 301
103 370
103 497
103 523
103 537
103 624
103 630
103 762
103 763
103 825
103 934
103 969
104 105
104 106
104 107
104 109
104 165
104 301
104 461
104 748
104 763
104 781
104 859
104 910
104 934
105 106
105 107
105 109
105 219
105 256
105 292
105 301
105 447
105 490
105 525
105 650
105 662
105 763
105 934
106 107
106 181
106 301
106 401
106 480
106 494
106 540
106 763
106 934
106 990
107 109
107 242
107 291
107 301
107 339
107 378
107 533
107 588
107 669
107 718
107 763
107 843
107 934
107 943
107 980
108 134
108 153
108 272
108 288
108 402
108 431
108 456
108 499
108 509
108 529
108 665
108 682
108 881
108 883
108 886
108 887
108 889
109 163
109 244
109 276
109 301
109 404
109 527
109 543
109 579
109 716
109 763
109 804
109 908
109 934
110 275
110 321
110 380
110 389
110 515
110 518
110 530
110 619
110 633
110 636
110 637
110 785
110 818
110 915
110 966
111 112
111 114
111 115
111 118
111 120
111 172
111 251
111 635
111 695
111 764
111 794
111 951
112 114
112 115
112 118
112 120
112 128
112 158
112 588
112 589
112 638
112 695
112 863
112 904
113 156
113 191
113 421
113 423
113 472
113 557
113 612
113 613
113 615
113 633
113 808
113 835
113 877
114 118
114 120
114 178
114 274
114 297
114 362
114 405
114 406
114 651
114 695
114 713
114 777
114 833
114 912
115 118
115 120
115 540
115 614
115 616
115 682
115 695
115 820
115 896
115 903
115 954
115 956
116 142
116 166
116 321
116 511
116 623
116 746
116 796
116 831
116 835
116 837
116 838
116 839
116 840
116 870
117 128
117 153
117 168
117 282
117 374
117 535
117 563
117 620
117 720
117 824
118 120
118 207
118 614
118 644
118 648
118 695
118 712
118 725
118 827
118 847
118 941
118 955
119 211
119 233
119 330
119 483
119 499
119 520
119 562
119 618
119 630
119 644
119 664
119 684
119 708
119 774
119 784
119 875
119 876
119 878
119 880
119 887
119 988
119 1000
120 337
120 548
120 575
120 704
120 855
120 909
120 918
120 953
120 986
121 122
121 123
121 124
121 127
121 130
121 153
121 317
121 321
121 335
121 410
121 428
121 452
121 478
121 545
121 572
121 645
121 703
121 745
121 980
121 983
122 123
122 124
122 130
122 233
122 383
122 455
122 463
122 500
122 583
122 645
122 842
122 868
122 920
122 937
123 124
123 127
123 130
123 151
123 174
123 219
123 226
123 332
123 344
123 378
123 394
123 418
123 467
123 545
123 552
123 631
123 749
123 811
123 916
124 130
124 180
124 211
124 378
124 594
124 661
124 782
124 914
125 165
125 181
125 182
125 183
125 184
125 185
125 186
125 187
125 188
125 190
125 193
125 206
125 246
125 305
125 476
125 545
125 595
125 705
125 722
125 749
125 875
125 918
125 982
126 133
126 189
126 201
126 203
126 204
126 205
126 206
126 207
126 210
126 225
126 227
126 241
126 434
126 457
126 607
126 608
126 735
126 834
126 884
126 952
127 130
127 156
127 378
127 390
127 393
127 396
127 420
127 696
127 906
128 153
128 215
128 304
128 426
128 535
128 538
128 620
128 628
128 703
128 720
128 824
128 870
128 887
128 993
129 160
129 294
129 397
129 563
129 606
129 787
129 842
129 857
129 866
129 874
130 144
130 201
130 233
130 272
130 278
130 371
130 378
130 456
130 529
130 539
130 589
130 631
130 927
131 132
131 136
131 137
131 138
131 140
131 143
131 228
131 244
131 247
131 501
131 566
131 595
131 599
131 703
131 803
131 968
131 971
132 135
132 136
132 137
132 140
132 244
132 254
132 372
132 422
132 437
132 494
132 578
132 595
132 703
133 140
133 172
133 174
133 175
133 177
133 180
133 198
133 235
133 381
133 428
133 550
133 600
133 838
133 871
133 932
134 162
134 234
134 286
134 391
134 392
134 393
134 394
134 395
134 396
134 398
134 399
134 400
134 420
134 456
134 467
134 483
134 650
134 666
134 690
134 736
134 843
134 887
134 926
135 136
135 138
135 140
135 344
135 365
135 392
135 585
135 587
135 595
135 703
135 898
135 935
136 137
136 138
136 140
136 244
136 390
136 412
136 413
136 450
136 524
136 595
136 602
136 629
136 656
136 700
136 703
137 138
137 140
137 244
137 273
137 312
137 441
137 571
137 595
137 634
137 696
137 699
137 703
137 919
137 998
138 140
138 408
138 467
138 483
138 494
138 595
138 690
138 703
138 788
138 828
138 837
138 850
138 871
138 975
139 321
139 413
139 563
139 635
139 659
139 707
139 745
139 780
139 831
139 832
139 835
139 837
139 838
139 839
139 840
139 863
139 870
139 893
139 905
140 244
140 258
140 335
140 381
140 401
140 454
140 533
140 703
140 867
140 973
141 143
141 145
141 146
141 147
141 148
141 149
141 194
141 227
141 446
141 637
141 664
141 687
141 711
141 810
141 835
141 841
142 143
142 145
142 146
142 147
142 148
142 161
142 217
142 227
142 264
142 281
142 357
142 418
142 429
142 476
142 522
142 567
142 637
142 649
143 145
143 147
143 418
143 745
143 768
143 801
143 821
143 924
144 269
144 307
144 323
144 326
144 338
144 407
144 433
144 543
144 544
144 545
144 546
144 547
144 548
144 549
144 550
144 622
144 817
144 854
145 147
145 148
145 149
145 227
145 388
145 418
145 460
145 659
145 662
145 672
145 707
145 753
145 918
146 149
146 164
146 176
146 227
146 382
146 395
146 407
146 418
146 483
146 569
146 589
146 768
146 809
146 867
146 883
146 962
147 185
147 281
147 318
147 369
147 418
147 451
147 615
147 647
147 787
147 815
147 832
147 928
148 149
148 227
148 256
148 438
148 457
148 517
148 562
148 627
148 656
148 766
148 768
149 182
149 227
149 275
149 417
149 418
149 489
149 560
149 563
149 564
149 578
149 602
149 613
149 768
149 825
149 831
149 844
149 875
149 926
149 931
150 404
150 488
150 494
150 514
150 571
150 668
150 673
150 674
150 675
150 676
150 678
150 679
150 703
150 865
150 899
150 900
151 152
151 153
151 154
151 156
151 160
151 348
151 360
151 422
151 469
151 621
151 723
151 846
151 852
151 875
151 897
151 960
151 965
152 153
152 154
152 155
152 156
152 160
152 422
152 437
152 453
152 621
152 623
152 624
152 741
152 811
152 852
152 943
153 154
153 155
153 156
153 160
153 212
153 330
153 422
153 428
153 602
153 621
153 806
153 852
154 155
154 156
154 160
154 335
154 336
154 393
154 422
154 589
154 621
154 777
154 852
154 865
154 876
154 904
154 917
155 156
155 163
155 184
155 233
155 309
155 465
155 478
155 621
155 683
155 816
155 852
156 160
156 213
156 383
156 422
156 486
156 621
156 646
156 742
156 751
156 852
156 904
157 261
157 319
157 395
157 469
157 593
157 610
157 664
157 684
157 755
158 188
158 199
158 320
158 321
158 415
158 447
158 483
158 508
158 538
158 593
158 640
158 676
158 697
158 741
158 742
158 743
158 745
158 747
158 749
158 753
158 762
158 770
158 804
158 844
158 858
158 929
159 536
159 638
159 711
159 712
159 717
159 718
159 719
159 872
159 982
160 189
160 295
160 422
160 621
160 704
160 722
160 768
160 811
160 821
160 823
160 899
160 950
161 164
161 167
161 169
161 170
161 176
161 194
161 233
161 308
161 350
161 387
161 396
161 479
161 568
161 573
161 671
161 675
161 757
161 793
161 798
161 852
161 881
161 897
161 937
161 969
162 277
162 314
162 386
162 491
162 493
162 494
162 498
162 575
162 594
162 628
162 690
162 783
162 813
162 822
162 824
162 913
162 929
162 937
163 362
163 378
163 395
163 405
163 532
163 617
163 669
163 671
163 682
163 740
163 823
163 825
163 828
163 829
163 931
163 941
163 960
164 166
164 167
164 169
164 170
164 176
164 350
164 401
164 455
164 479
164 573
164 957
165 181
165 182
165 184
165 185
165 190
165 246
165 295
165 312
165 373
165 420
165 560
165 608
165 722
166 167
166 169
166 170
166 176
166 207
166 214
166 350
166 360
166 468
166 479
166 532
166 573
166 631
166 637
166 654
166 671
166 683
166 711
166 773
166 828
166 838
166 873
167 169
167 170
167 179
167 286
167 350
167 356
167 555
167 573
167 769
167 836
168 404
168 455
168 457
168 571
168 643
168 737
168 892
168 941
168 943
168 945
168 946
168 949
169 170
169 176
169 196
169 247
169 275
169 296
169 350
169 395
169 501
169 573
169 669
169 821
169 936
170 176
170 197
170 201
170 300
170 334
170 338
170 350
170 499
170 573
170 808
171 176
171 283
171 355
171 404
171 482
171 485
171 486
171 490
171 509
171 582
171 614
171 617
171 677
171 730
171 816
171 820
171 834
172 174
172 175
172 177
172 178
172 180
172 226
172 278
172 309
172 375
172 403
172 461
172 470
172 554
172 599
172 704
172 964
172 993
173 239
173 245
173 754
173 803
174 175
174 179
174 180
174 266
174 279
174 309
174 351
174 427
174 438
174 462
174 468
174 557
174 599
174 604
174 829
174 933
175 177
175 178
175 180
175 216
175 235
175 309
175 320
175 339
175 370
175 480
175 488
175 599
175 614
175 699
175 700
175 746
175 834
175 854
176 229
176 247
176 270
176 328
176 348
176 350
176 353
176 401
176 503
176 573
176 630
176 646
176 734
176 780
176 786
176 937
176 953
177 178
177 180
177 235
177 247
177 266
177 309
177 386
177 599
177 686
177 695
177 711
177 906
177 907
177 941
178 180
178 235
178 266
178 293
178 309
178 358
178 361
178 383
178 494
178 599
178 838
178 910
178 974
179 180
179 227
179 235
179 332
179 515
179 599
179 929
179 995
180 235
180 309
180 340
180 492
180 493
180 599
180 646
180 792
180 935
180 999
181 182
181 184
181 185
181 186
181 187
181 188
181 246
181 273
181 297
181 330
181 443
181 489
181 554
181 568
181 716
181 722
181 830
181 841
181 881
181 976
182 184
182 185
182 186
182 187
182 188
182 190
182 310
182 492
182 555
182 651
182 695
182 887
182 906
182 915
183 184
183 185
183 186
183 187
183 188
183 190
183 192
183 246
183 530
183 571
183 722
183 723
183 747
183 757
183 950
184 185
184 187
184 188
184 190
184 202
184 240
184 285
184 296
184 429
184 679
184 722
184 765
184 845
185 187
185 190
185 468
185 477
185 549
185 610
185 668
185 681
185 682
185 713
185 874
185 991
186 188
186 190
186 304
186 463
186 473
186 615
186 722
186 836
186 848
186 912
187 188
187 216
187 239
187 246
187 278
187 365
187 376
187 460
187 462
187 662
187 663
187 676
187 687
187 722
187 733
187 736
187 766
187 883
187 963
188 190
188 326
188 578
188 667
188 671
188 708
188 722
188 727
188 862
188 916
189 234
189 244
189 263
189 271
189 301
189 406
189 421
189 424
189 425
189 426
189 428
189 429
189 463
189 571
189 632
189 826
189 847
189 934
189 972
190 221
190 237
190 246
190 605
190 721
190 722
190 782
190 838
190 866
190 910
191 193
191 194
191 195
191 200
191 211
191 244
191 329
191 381
191 440
191 563
191 611
191 660
191 796
191 921
191 966
192 205
192 311
192 312
192 313
192 314
192 317
192 319
192 350
192 627
192 645
192 676
192 713
192 732
192 739
192 820
192 824
192 965
193 194
193 195
193 276
193 322
193 428
193 452
193 483
193 488
193 489
193 498
193 520
193 648
193 678
193 792
193 877
193 883
193 970
194 195
194 209
194 282
194 324
194 442
194 472
194 565
194 611
194 632
194 689
194 692
194 731
194 921
194 955
195 424
195 428
195 448
195 537
195 611
195 827
195 835
195 838
195 921
195 997
196 619
196 680
196 700
196 733
196 741
196 760
196 780
196 782
196 794
196 841
196 842
196 845
196 849
196 850
196 873
197 198
197 208
197 251
197 252
197 253
197 254
197 259
197 365
197 366
197 488
197 499
197 512
197 538
197 569
197 570
197 619
197 656
197 822
197 876
198 208
198 230
198 251
198 252
198 253
198 254
198 256
198 258
198 259
198 365
198 409
198 431
198 473
198 487
198 570
198 576
198 656
198 894
198 939
199 395
199 418
199 462
199 671
199 672
199 674
199 675
199 676
199 678
199 679
199 740
199 876
199 901
199 924
199 931
199 957
199 968
200 224
200 256
200 341
200 441
200 477
200 537
200 610
200 619
200 636
200 681
200 701
200 925
200 972
201 202
201 203
201 204
201 205
201 207
201 209
201 368
201 434
201 481
201 607
201 638
201 690
201 744
201 799
201 822
201 841
201 884
201 917
201 949
201 952
201 979
202 203
202 205
202 206
202 207
202 209
202 210
202 313
202 460
202 592
202 686
202 786
202 812
202 834
202 884
202 917
202 952
202 976
203 204
203 205
203 206
203 207
203 209
203 210
203 245
203 397
203 434
203 473
203 481
203 584
203 585
203 607
203 668
203 674
203 727
203 800
203 834
203 884
203 917
203 920
203 952
203 986
204 205
204 206
204 207
204 209
204 210
204 422
204 426
204 481
204 526
204 607
204 694
204 711
204 760
204 834
204 884
204 917
204 938
205 206
205 207
205 209
205 210
205 232
205 318
205 350
205 390
205 434
205 481
205 510
205 525
205 767
205 834
205 884
205 898
206 207
206 210
206 223
206 411
206 434
206 481
206 566
206 748
206 821
206 834
206 884
206 892
206 903
206 917
206 952
207 209
207 273
207 345
207 384
207 410
207 434
207 481
207 586
207 607
207 615
207 766
207 790
207 834
207 842
207 884
207 892
207 939
207 952
208 347
208 393
208 466
208 587
208 779
208 951
208 953
208 955
208 957
208 974
209 210
209 218
209 426
209 434
209 481
209 498
209 505
209 607
209 834
209 854
209 879
209 917
209 952
209 974
210 317
210 337
210 481
210 487
210 499
210 517
210 607
210 834
210 847
210 952
210 957
211 212
211 213
211 214
211 215
211 216
211 218
211 403
211 451
211 532
211 685
211 701
211 707
211 741
211 919
211 954
212 214
212 215
212 216
212 218
212 220
212 291
212 435
212 462
212 464
212 490
212 630
212 688
212 701
212 722
212 833
212 903
212 938
213 215
213 216
213 245
213 291
213 465
213 635
213 664
213 701
213 881
214 215
214 216
214 218
214 220
214 288
214 291
214 296
214 464
214 513
214 561
214 625
214 664
214 695
214 701
214 721
214 828
214 850
215 216
215 218
215 220
215 290
215 291
215 315
215 407
215 464
215 502
215 508
215 701
215 832
215 934
216 218
216 220
216 329
216 334
216 353
216 464
216 502
216 532
216 606
216 701
217 366
217 455
217 461
217 466
217 467
217 468
217 469
217 470
217 474
217 475
217 527
217 710
217 763
217 867
217 878
217 888
218 220
218 284
218 291
218 339
218 464
218 487
218 744
219 343
219 486
219 551
219 561
219 585
219 742
219 746
219 786
219 868
219 926
219 931
219 932
219 933
219 935
219 936
219 938
219 939
219 940
220 242
220 296
220 355
220 375
220 419
220 427
220 437
220 459
220 464
220 496
220 701
220 771
220 918
221 222
221 223
221 229
221 230
221 300
221 322
221 638
221 882
222 223
222 229
222 280
222 447
222 467
222 584
222 604
222 636
222 777
222 810
222 845
223 225
223 289
223 296
223 534
223 882
223 999
224 378
224 402
224 631
224 661
224 670
224 705
224 751
224 891
224 892
224 893
224 894
224 895
224 896
224 897
224 898
224 899
224 966
224 993
225 230
225 259
225 690
225 741
225 882
225 900
225 928
225 944
226 238
226 243
226 350
226 542
226 585
226 691
226 692
226 693
226 694
226 696
226 697
226 698
226 730
226 974
227 238
227 339
227 413
227 418
227 441
227 478
227 654
227 768
227 942
227 971
227 989
228 252
228 308
228 411
228 414
228 415
228 416
228 417
228 419
228 420
228 495
228 654
228 716
228 863
229 230
229 236
229 547
229 608
229 711
229 744
229 762
229 799
229 882
229 989
230 255
230 411
230 581
230 882
231 232
231 233
231 237
231 238
231 240
231 250
231 255
231 282
231 326
231 369
231 382
231 407
231 520
231 677
231 679
231 687
231 688
231 742
231 784
231 890
231 900
231 930
231 932
231 959
232 237
232 238
232 240
232 672
232 752
232 827
232 831
232 873
232 890
233 237
233 238
233 240
233 250
233 258
233 413
233 554
233 608
233 621
233 656
233 744
233 752
233 757
233 890
233 941
233 958
234 237
234 238
234 240
234 263
234 282
234 397
234 432
234 475
234 664
234 665
234 747
234 890
234 896
235 272
235 394
235 458
235 491
235 506
235 508
235 799
235 826
235 849
235 910
236 372
236 373
236 374
236 375
236 376
236 377
236 379
236 380
236 388
236 512
236 556
236 654
236 710
236 743
236 873
237 238
237 240
237 244
237 322
237 443
237 617
237 701
237 752
237 774
237 890
237 961
238 240
238 514
238 651
238 664
238 752
238 891
238 977
239 255
239 268
239 295
239 308
239 322
239 323
239 324
239 326
239 328
239 329
239 330
239 367
239 481
239 523
239 552
239 622
239 767
239 780
239 844
239 945
240 267
240 290
240 519
240 564
240 752
240 864
240 890
241 242
241 245
241 247
241 250
241 452
241 484
241 501
241 672
241 765
241 947
241 983
242 247
242 250
242 465
242 484
242 515
242 782
243 296
243 350
243 512
243 542
243 602
243 680
243 691
243 692
243 693
243 696
243 697
243 815
243 887
243 943
243 960
243 988
244 267
244 324
244 443
244 592
244 595
244 659
244 694
244 703
244 826
244 868
244 936
244 939
245 247
245 321
245 371
245 436
245 461
245 523
245 557
245 888
245 919
245 975
246 344
246 362
246 377
246 394
246 414
246 457
246 593
246 722
246 725
246 784
246 795
247 250
247 484
247 552
247 734
247 865
247 867
247 887
247 909
247 931
247 958
248 318
248 347
248 420
248 455
248 456
248 522
248 602
248 603
248 604
248 605
248 606
248 608
248 610
248 636
248 663
248 707
248 770
248 958
249 263
249 470
249 572
249 609
249 638
249 734
249 917
249 974
249 981
249 982
249 983
249 984
249 985
249 988
249 989
249 990
250 356
250 399
250 484
250 590
250 684
250 794
250 836
250 878
251 252
251 253
251 254
251 258
251 259
251 327
251 345
251 473
251 656
251 667
251 742
251 979
252 254
252 258
252 259
252 299
252 365
252 416
252 428
252 473
252 541
252 570
252 656
252 672
252 874
252 884
252 973
253 254
253 256
253 258
253 259
253 365
253 548
253 570
253 656
253 710
254 256
254 258
254 259
254 351
254 365
254 405
254 473
254 709
254 824
254 859
254 893
255 289
255 308
255 322
255 323
255 324
255 325
255 327
255 328
255 329
255 330
255 337
255 413
255 420
255 439
255 523
255 536
255 562
255 661
255 732
255 745
255 857
255 921
256 258
256 259
256 276
256 365
256 475
256 548
256 570
256 656
256 678
256 823
256 949
257 264
257 304
257 334
257 397
257 403
257 442
257 448
257 504
257 526
257 581
257 582
257 584
257 585
257 586
257 587
257 589
257 590
257 745
257 804
257 993
258 259
258 365
258 473
258 511
258 554
258 570
258 580
258 590
258 639
258 867
258 949
259 334
259 365
259 373
259 473
259 546
259 565
259 570
259 641
259 656
259 877
260 374
260 375
260 377
260 379
260 380
260 385
260 425
260 473
260 556
260 640
260 754
260 914
260 924
261 485
261 532
261 557
261 621
261 976
262 263
262 264
262 265
262 266
262 268
262 270
262 273
262 299
262 347
262 568
262 794
262 835
262 847
262 887
262 950
262 954
262 986
262 987
263 264
263 265
263 266
263 267
263 268
263 270
263 347
263 354
263 376
263 445
263 559
263 568
263 655
263 700
263 735
263 787
263 803
263 925
263 934
263 954
264 265
264 266
264 267
264 268
264 270
264 347
264 544
264 559
264 703
264 731
264 754
264 866
264 954
265 267
265 268
265 339
265 347
265 432
265 559
265 568
265 579
265 764
265 775
265 954
265 989
266 270
266 347
266 378
266 559
266 568
266 601
266 618
266 904
266 961
267 268
267 270
267 283
267 340
267 401
267 425
267 559
267 568
267 571
267 652
267 675
267 738
267 932
267 954
268 270
268 347
268 441
268 560
268 562
268 568
268 771
268 887
268 924
268 947
269 307
269 352
269 361
269 463
269 500
269 507
269 518
269 541
269 544
269 545
269 546
269 547
269 548
269 549
269 697
270 523
270 559
270 568
270 630
270 641
270 674
270 725
270 855
270 954
271 272
271 273
271 274
271 275
271 276
271 277
271 280
271 413
271 459
271 486
271 598
271 707
271 733
271 787
271 860
271 897
271 965
272 273
272 274
272 276
272 278
272 279
272 280
272 409
272 458
272 459
272 598
272 808
272 966
273 274
273 275
273 276
273 279
273 280
273 306
273 385
273 440
273 459
273 494
273 598
273 636
273 718
273 731
273 920
273 926
273 995
274 275
274 276
274 277
274 278
274 353
274 409
274 459
274 477
274 512
274 513
274 565
274 598
274 657
274 746
274 783
274 792
274 803
274 809
274 898
275 276
275 278
275 279
275 280
275 347
275 418
275 459
275 552
275 598
275 702
275 787
275 873
275 874
276 333
276 409
276 459
276 530
276 570
276 598
276 765
276 888
276 946
277 278
277 279
277 280
277 340
277 382
277 386
277 409
277 421
277 594
277 598
277 642
277 654
277 683
277 722
277 804
277 952
278 280
278 333
278 342
278 402
278 409
278 459
278 598
278 826
279 402
279 459
279 598
279 622
279 677
279 699
279 718
279 779
279 790
279 826
279 854
279 858
279 908
279 955
279 972
280 335
280 443
280 598
280 758
280 954
281 284
281 285
281 288
281 449
281 532
281 715
281 724
281 788
281 865
281 911
282 318
282 445
282 535
282 620
282 632
282 654
282 720
282 824
282 849
282 943
282 982
283 347
283 414
283 451
283 453
283 454
283 456
283 459
283 733
283 766
283 872
284 285
284 288
284 289
284 398
284 409
284 449
284 505
284 576
284 635
284 657
284 724
284 779
284 898
284 918
284 983
285 288
285 289
285 317
285 366
285 448
285 449
285 451
285 544
285 724
285 740
285 760
285 911
286 310
286 391
286 393
286 394
286 395
286 396
286 398
286 399
286 432
286 453
286 483
286 537
286 553
286 568
286 650
286 661
286 690
286 843
286 862
286 926
287 393
287 395
287 458
287 513
287 528
287 704
287 870
287 960
288 289
288 658
288 724
288 901
288 911
288 966
288 983
289 301
289 375
289 449
289 472
289 650
289 660
289 688
289 724
290 293
290 330
290 332
290 333
290 334
290 335
290 336
290 337
290 339
290 390
290 452
290 577
290 688
290 720
290 842
291 298
291 308
291 313
291 416
291 464
291 521
291 547
291 576
291 701
291 777
291 827
291 957
292 295
292 296
292 297
292 298
292 299
292 300
292 336
292 363
292 404
292 487
292 563
292 751
292 767
292 820
293 295
293 318
293 472
293 515
293 547
293 613
293 614
293 615
293 616
293 617
293 636
293 692
293 710
293 716
293 808
293 877
293 906
293 934
293 939
294 295
294 296
294 297
294 298
294 299
294 300
294 318
294 336
294 363
294 380
294 390
294 418
294 441
294 448
294 552
294 719
295 297
295 298
295 300
295 318
295 363
295 625
295 663
295 741
295 757
295 773
296 298
296 299
296 309
296 363
296 422
296 430
296 460
296 527
296 583
296 907
296 920
296 993
297 298
297 300
297 363
297 367
297 453
297 508
297 545
297 670
297 761
297 779
297 820
297 880
297 900
298 300
298 363
298 368
298 615
298 628
298 641
298 676
298 767
298 802
298 828
298 829
299 300
299 363
299 625
299 676
299 817
299 913
300 304
300 318
300 363
300 543
300 757
300 760
300 866
300 913
301 431
301 458
301 460
301 548
301 633
301 655
301 732
301 907
302 305
302 306
302 307
302 310
302 418
302 427
302 553
302 618
302 790
302 897
302 971
303 305
303 306
303 307
303 310
303 311
303 427
303 601
303 700
303 726
303 832
303 848
303 993
304 446
304 487
304 570
304 581
304 582
304 584
304 585
304 586
304 587
304 589
304 590
304 592
304 691
304 700
304 823
304 931
305 306
305 307
305 310
305 427
305 590
305 612
305 635
305 790
305 870
305 901
305 971
306 307
306 310
306 370
306 427
306 502
306 612
306 627
306 631
306 666
306 824
306 971
306 993
307 310
307 613
307 657
307 666
307 854
307 937
307 971
307 1000
308 322
308 323
308 324
308 325
308 326
308 327
308 329
308 330
308 459
308 523
308 570
308 667
308 730
308 757
308 784
308 884
309 323
309 334
309 449
309 475
309 496
309 542
309 599
309 618
309 672
309 949
310 385
310 427
310 457
310 461
310 537
310 575
310 602
310 642
310 694
310 911
311 313
311 314
311 317
311 319
311 704
311 846
312 313
312 314
312 319
312 379
312 446
312 779
312 884
312 941
312 959
312 965
313 314
313 319
313 542
313 712
313 831
314 317
314 376
314 398
314 584
314 701
314 965
315 448
315 471
315 474
315 475
315 476
315 477
315 503
315 520
315 530
315 565
315 568
315 577
315 748
316 512
316 513
316 514
316 515
316 516
316 517
316 518
316 519
316 520
316 553
316 556
316 675
316 713
316 779
316 808
316 972
317 319
317 351
317 381
317 424
317 898
317 922
317 965
318 381
318 517
318 601
318 602
318 603
318 604
318 605
318 606
318 608
318 610
318 807
318 817
318 887
319 342
319 353
319 368
319 383
319 386
319 451
319 483
319 520
319 662
319 752
319 817
319 931
319 960
319 965
320 380
320 556
320 593
320 640
320 741
320 743
320 745
320 747
320 750
320 800
320 804
320 858
321 512
321 534
321 554
321 746
321 832
321 834
321 835
321 837
321 838
321 839
321 859
322 323
322 327
322 328
322 329
322 330
322 349
322 355
322 523
322 707
322 873
323 325
323 326
323 329
323 330
323 345
323 395
323 460
323 523
323 541
323 569
323 572
323 721
323 816
323 820
323 891
323 980
324 325
324 326
324 327
324 328
324 329
324 330
324 355
324 359
324 391
324 523
324 579
324 601
324 726
324 798
324 817
324 824
324 902
324 962
325 326
325 327
325 328
325 329
325 330
325 405
325 443
325 504
325 520
325 523
325 544
325 861
325 918
326 328
326 330
326 440
326 480
326 589
326 661
326 739
326 876
327 328
327 330
327 392
327 409
327 489
327 523
327 568
327 679
327 738
327 826
327 866
327 932
328 329
328 355
328 462
328 541
329 330
329 429
329 516
329 523
329 674
329 839
330 378
330 395
330 486
330 523
330 528
330 815
330 841
330 850
330 887
331 333
331 335
331 336
331 337
331 339
331 390
331 432
331 477
331 577
331 583
331 664
331 842
331 892
331 896
331 920
331 974
331 998
332 334
332 335
332 336
332 339
332 390
332 500
332 508
332 577
332 705
332 717
332 721
332 746
332 787
332 814
332 880
333 334
333 337
333 339
333 384
333 390
333 511
333 577
333 729
333 906
333 947
333 959
333 968
334 336
334 337
334 339
334 381
334 388
334 390
334 432
334 451
334 608
334 634
334 735
334 986
335 336
335 337
335 339
335 415
335 447
335 490
335 574
335 577
335 782
335 900
336 337
336 339
336 390
336 437
336 477
336 506
336 577
336 643
336 831
336 920
336 921
336 929
336 977
337 339
337 390
337 449
337 577
337 631
337 666
337 753
337 841
337 844
337 855
337 878
338 399
338 462
338 764
338 783
338 853
339 375
339 390
339 537
339 577
339 749
339 774
339 826
339 842
339 881
340 385
340 506
340 583
340 591
340 592
340 594
340 597
340 600
340 668
340 713
340 854
340 912
340 922
340 942
340 990
341 342
341 343
341 344
341 345
341 346
341 347
341 348
341 349
341 430
341 459
341 479
341 505
341 568
341 569
341 576
341 619
341 638
341 649
341 682
341 684
341 699
341 754
341 779
341 817
341 826
341 836
341 858
341 965
342 343
342 344
342 345
342 346
342 349
342 505
342 682
342 699
342 788
342 816
342 836
343 344
343 345
343 346
343 349
343 407
343 505
343 658
343 682
343 699
343 767
343 836
343 890
343 895
344 346
344 394
344 434
344 505
344 573
344 612
344 690
344 699
344 710
344 836
344 904
344 988
345 346
345 349
345 356
345 443
345 505
345 517
345 538
345 593
345 672
345 682
345 699
345 836
345 884
346 349
346 613
346 652
346 682
346 726
346 728
346 836
346 919
346 940
347 356
347 370
347 437
347 438
347 490
347 538
347 559
347 607
347 617
347 708
347 725
347 746
347 794
347 799
347 825
347 827
347 954
347 975
348 361
348 362
348 367
348 368
348 369
348 377
348 389
348 436
348 472
348 590
348 661
348 747
348 905
348 919
349 353
349 436
349 505
349 539
349 558
349 572
349 670
349 699
349 836
349 914
349 945
349 963
350 375
350 479
350 573
350 599
350 809
350 884
351 354
351 355
351 357
351 358
351 360
351 405
351 411
351 470
351 508
351 542
351 667
351 676
351 767
351 784
352 354
352 355
352 357
352 358
352 427
352 508
353 501
353 658
353 864
353 865
353 867
353 869
354 355
354 357
354 360
354 393
354 449
354 508
354 510
354 521
354 611
354 846
354 936
354 994
355 357
355 358
355 360
355 412
355 441
355 446
355 508
355 752
355 770
355 813
355 829
355 920
356 450
356 801
356 802
356 803
356 805
356 806
356 810
357 358
357 360
357 416
357 483
357 508
357 517
357 863
357 953
358 360
358 444
358 508
358 571
358 738
358 893
359 449
359 768
359 972
359 973
359 974
359 976
359 979
360 431
360 443
360 498
360 508
360 517
360 712
360 732
360 777
360 782
360 863
361 362
361 367
361 369
361 370
361 596
361 713
361 734
361 919
361 922
361 989
362 368
362 369
362 382
362 434
362 435
362 495
362 516
362 578
362 639
362 807
362 816
362 919
362 979
363 416
363 510
363 582
363 992
364 460
364 532
364 574
364 768
364 797
364 833
364 972
364 973
364 974
364 975
364 978
364 979
365 416
365 429
365 473
365 570
365 584
365 621
365 628
365 656
365 740
365 844
365 989
366 429
366 460
366 603
366 665
366 768
366 864
366 869
366 976
367 369
367 370
367 429
367 605
367 656
367 685
367 692
367 867
367 909
367 919
367 925
367 989
367 998
368 369
368 370
368 488
368 607
368 790
368 795
368 870
368 893
368 919
369 370
369 412
369 449
369 479
369 525
369 546
369 782
369 891
369 919
369 957
369 960
370 741
370 919
370 946
371 401
371 403
371 405
371 406
371 408
371 410
371 475
371 501
371 645
371 652
371 678
371 696
371 708
371 713
371 763
371 770
371 791
371 798
371 814
371 951
372 373
372 375
372 376
372 379
372 380
372 385
372 410
372 556
372 561
372 620
372 787
372 832
372 869
373 374
373 375
373 376
373 377
373 379
373 380
373 472
373 515
373 556
373 656
373 769
373 786
373 832
373 879
374 376
374 377
374 379
374 380
374 556
374 603
374 675
374 835
374 860
374 861
374 952
375 376
375 377
375 379
375 380
375 406
375 412
375 556
375 670
375 839
375 945
375 969
376 379
376 380
376 524
376 556
376 880
376 901
376 983
377 380
377 385
377 435
377 598
377 609
377 811
377 985
378 690
378 740
378 925
378 932
378 964
379 380
379 382
379 392
379 432
379 556
379 582
379 662
379 666
379 702
379 722
379 750
379 755
380 423
380 547
380 556
380 814
380 959
381 382
381 385
381 386
381 387
381 388
381 389
381 401
381 413
381 593
381 644
381 660
381 682
381 779
381 796
381 858
381 875
381 907
381 968
381 978
382 385
382 386
382 387
382 388
382 389
382 845
382 885
382 907
382 922
382 925
382 997
383 464
383 509
383 510
383 662
383 663
383 665
383 667
383 760
383 762
383 776
383 829
383 865
383 907
384 433
384 444
384 504
384 628
384 633
384 756
384 810
384 811
384 813
384 814
384 818
384 872
384 898
384 984
385 386
385 387
385 389
385 408
385 589
385 614
385 837
385 862
385 997
386 387
386 388
386 389
386 437
386 439
386 480
386 503
386 539
386 592
386 652
386 662
386 797
386 904
386 907
386 917
386 934
386 944
387 463
387 632
387 682
387 732
387 803
387 907
388 389
388 475
388 480
388 570
388 571
388 609
388 639
388 657
388 721
388 781
388 792
388 861
388 907
388 987
389 425
389 512
389 642
389 723
389 903
390 477
390 564
390 577
390 626
390 834
390 855
390 942
390 955
390 999
391 393
391 395
391 396
391 399
391 400
391 449
391 495
391 650
391 663
391 690
391 758
391 843
391 862
392 393
392 394
392 395
392 396
392 398
392 399
392 400
392 518
392 531
392 647
392 650
392 690
392 759
392 788
392 792
392 818
392 825
392 843
392 983
393 394
393 395
393 396
393 399
393 400
393 414
393 607
393 624
393 650
393 736
393 843
393 854
393 862
393 868
393 995
394 395
394 398
394 399
394 400
394 523
394 616
394 630
394 650
394 690
394 843
394 848
394 851
394 857
394 862
394 966
394 971
395 396
395 398
395 400
395 650
395 775
395 843
396 398
396 399
396 400
396 605
396 621
396 639
396 650
396 659
396 690
396 770
396 843
396 862
397 511
397 545
397 560
397 563
397 571
397 597
397 708
397 835
397 864
397 866
397 874
397 902
397 967
398 399
398 400
398 546
398 594
398 650
398 690
398 732
398 736
398 786
398 843
398 870
398 879
398 889
398 916
399 506
399 576
399 650
399 655
399 690
399 738
399 843
399 844
399 862
399 885
400 485
400 499
400 525
400 650
400 690
400 734
400 828
400 831
400 843
400 862
400 880
401 403
401 406
401 407
401 408
401 410
401 453
401 463
401 501
401 643
401 653
401 668
401 709
401 770
401 821
401 889
401 943
401 964
402 403
402 461
402 499
402 529
402 554
402 564
402 644
402 779
402 881
402 883
402 886
402 887
402 888
402 889
402 903
403 405
403 406
403 410
403 417
403 501
403 630
403 754
403 770
403 871
403 935
404 409
404 447
404 618
404 720
404 837
404 850
404 856
404 941
404 945
404 946
404 947
404 948
404 949
404 977
405 406
405 408
405 410
405 446
405 501
405 571
405 711
405 770
405 856
405 957
406 407
406 408
406 410
406 645
406 753
406 797
406 804
406 843
406 893
406 907
406 963
406 989
407 408
407 410
407 450
407 501
407 520
407 573
407 645
407 691
407 810
407 853
407 877
408 410
408 418
408 501
408 553
408 611
408 645
408 707
408 770
408 971
409 451
409 488
409 598
409 601
409 821
409 945
410 569
410 591
410 645
410 680
410 693
410 705
410 708
410 770
410 818
410 838
410 916
411 412
411 414
411 416
411 417
411 419
411 420
411 857
411 859
411 863
411 946
412 415
412 417
412 419
412 420
412 584
412 607
412 686
412 701
412 713
412 798
412 803
412 829
412 837
412 863
412 967
412 976
412 978
413 463
413 532
413 555
413 619
413 646
413 651
413 652
413 653
413 654
413 655
413 657
413 660
413 700
413 990
414 415
414 416
414 419
414 420
414 450
414 650
414 702
414 847
414 863
415 417
415 419
415 420
415 448
415 454
415 482
415 646
415 656
415 662
415 696
415 702
415 719
415 840
415 863
416 417
416 420
416 596
416 719
416 863
416 867
416 889
416 984
417 419
417 447
417 468
417 514
417 619
417 863
417 873
418 641
418 650
418 754
418 768
418 779
419 420
419 596
419 861
419 863
419 874
419 881
420 470
420 581
420 862
420 863
421 423
421 424
421 426
421 428
421 429
421 430
421 467
421 471
421 571
421 638
421 786
421 847
421 969
421 996
422 573
422 592
422 597
422 621
422 699
422 716
422 852
422 950
422 951
423 424
423 425
423 426
423 428
423 429
423 443
423 847
424 425
424 428
424 429
424 430
424 571
424 660
424 760
424 773
424 781
424 847
424 851
424 870
424 874
424 882
424 924
425 426
425 428
425 430
425 518
425 571
425 823
426 428
426 429
426 430
426 434
426 765
426 902
427 665
427 666
427 671
427 724
427 753
427 805
427 867
427 971
428 429
428 430
428 571
428 624
428 714
428 727
428 736
428 847
428 895
429 430
429 571
429 748
429 827
429 847
429 860
429 939
430 571
430 578
430 789
430 847
430 864
430 887
430 956
431 433
431 435
431 436
431 437
431 439
431 440
431 637
431 849
431 890
432 526
432 531
432 532
432 533
432 534
432 537
432 538
432 539
432 540
432 602
432 723
433 436
433 437
433 438
433 440
433 528
433 590
433 772
433 795
434 481
434 607
434 706
434 720
434 834
434 877
434 884
434 917
434 952
434 953
434 983
435 436
435 438
435 439
435 440
435 443
435 722
435 986
436 437
436 570
436 839
436 862
436 897
437 438
437 439
437 440
437 527
437 570
437 618
437 659
437 963
437 964
438 439
438 440
438 445
438 625
438 884
438 885
439 440
439 510
439 966
439 990
440 452
440 496
440 704
440 981
441 480
441 525
441 681
441 685
441 688
441 689
441 710
441 829
441 898
441 923
441 951
441 974
442 443
442 445
442 450
442 486
442 491
442 574
442 693
443 444
443 445
443 448
443 733
443 922
443 940
444 445
444 448
444 450
444 903
444 931
444 977
444 982
445 448
445 450
445 562
445 791
445 809
445 926
446 502
446 511
446 541
446 609
446 732
446 733
446 735
446 738
446 740
446 770
446 959
446 988
447 566
447 574
447 683
447 700
447 732
447 781
447 782
447 783
447 787
447 789
447 790
447 976
448 450
448 476
448 567
448 661
449 480
449 568
449 584
449 664
449 724
449 803
449 822
449 901
449 911
449 913
449 969
450 463
450 521
450 532
450 543
450 617
450 665
450 691
450 731
450 885
450 929
450 969
451 452
451 453
451 456
451 457
451 458
451 498
451 558
451 589
451 648
451 765
451 780
451 826
451 867
451 940
451 985
451 996
452 453
452 456
452 457
452 529
452 567
452 832
452 878
452 888
452 899
453 456
453 592
453 809
453 872
453 946
454 456
454 457
454 545
454 820
454 856
454 896
455 461
455 465
455 466
455 467
455 468
455 469
455 470
455 479
455 527
455 763
455 777
455 786
455 787
455 848
455 883
456 457
456 458
456 599
456 642
456 791
456 990
456 991
457 535
457 666
457 753
458 461
458 494
458 502
458 633
458 714
458 857
458 996
459 598
459 652
459 695
459 711
459 729
460 510
460 658
460 695
460 864
460 867
460 869
460 901
461 466
461 467
461 468
461 469
461 470
461 526
461 627
461 785
461 915
462 689
462 945
463 716
463 758
463 764
463 920
463 930
463 958
463 963
463 993
464 673
464 688
464 701
464 911
464 960
464 992
465 467
465 468
465 469
465 470
465 527
465 627
465 644
465 713
465 732
465 788
465 998
466 467
466 468
466 470
466 527
466 586
466 632
466 640
466 651
466 778
466 810
466 843
466 923
466 946
467 469
467 470
467 517
467 527
467 543
467 690
467 745
467 756
467 766
468 469
468 470
468 507
468 545
468 757
468 946
469 470
469 480
469 527
469 547
469 688
469 714
469 754
470 527
470 808
471 477
471 478
471 480
471 530
471 748
471 848
471 946
471 970
472 613
472 614
472 615
472 616
472 617
472 693
472 808
472 823
472 877
472 903
472 911
473 570
473 651
473 656
473 739
473 802
473 855
473 952
473 987
474 475
474 476
474 477
474 478
474 530
474 711
474 873
474 939
475 477
475 478
475 480
475 494
475 530
475 655
475 742
475 748
475 787
475 832
475 949
475 963
475 966
476 477
476 478
476 480
476 748
477 480
477 482
477 496
477 518
477 691
477 736
477 754
477 794
477 852
477 892
478 480
478 530
478 637
478 835
478 858
478 964
478 999
479 573
479 632
479 743
479 772
479 833
479 873
480 482
480 530
480 542
480 713
480 740
480 748
480 894
480 930
481 521
481 587
481 607
481 665
481 689
481 726
481 728
481 766
481 772
481 811
481 834
481 882
481 884
481 917
481 938
481 952
482 485
482 486
482 487
482 489
482 490
482 597
482 644
482 677
482 695
482 730
482 768
482 773
482 980
483 485
483 489
483 490
483 677
483 771
483 831
483 878
484 667
484 896
484 898
485 486
485 487
485 489
485 490
485 530
485 562
485 641
485 760
485 867
485 926
485 951
485 980
486 487
486 490
486 492
486 513
486 526
486 590
486 650
486 677
486 789
486 980
487 489
487 490
487 577
487 791
487 818
487 918
487 989
488 583
488 640
488 671
488 672
488 673
488 674
488 675
488 676
488 678
488 679
488 698
489 490
489 677
489 691
489 710
489 769
489 861
489 892
489 894
489 929
489 946
489 947
489 980
490 681
490 779
490 860
490 863
490 876
490 907
490 939
490 977
490 980
491 492
491 495
491 496
491 497
491 498
491 594
491 622
491 871
492 493
492 494
492 495
492 496
492 497
492 498
492 555
492 581
492 655
492 658
492 692
492 814
492 871
492 958
492 982
493 494
493 497
493 498
493 504
493 550
493 617
493 625
493 788
493 841
493 871
493 873
493 892
493 947
493 951
493 974
494 495
494 496
494 497
494 498
494 520
494 548
494 871
494 984
495 496
495 506
495 513
495 560
495 862
495 901
495 939
495 972
496 497
496 498
496 574
496 775
496 847
496 890
497 498
497 585
497 644
497 687
497 854
497 871
497 875
497 924
497 969
498 664
498 703
498 711
498 767
498 770
498 813
498 850
498 871
498 996
499 500
499 586
499 600
499 883
499 886
499 887
499 889
499 904
500 523
500 541
500 631
500 632
500 633
500 634
500 635
500 637
501 645
501 716
501 750
501 770
501 1000
502 674
502 680
502 726
502 729
502 757
502 780
502 785
502 814
502 879
503 506
503 717
503 718
503 726
503 729
503 879
503 896
503 943
503 945
503 952
504 521
504 527
504 595
504 598
504 666
504 695
504 732
504 746
504 753
504 756
504 803
504 811
504 813
504 814
504 817
504 819
504 840
504 953
505 699
505 836
505 891
506 726
506 879
506 990
507 541
507 544
507 545
507 548
507 549
507 550
507 589
507 664
507 706
508 552
508 812
508 893
508 994
509 510
509 535
509 639
509 661
509 662
509 663
509 665
509 667
509 669
509 829
509 940
510 638
510 661
510 662
510 665
510 667
510 680
510 709
510 781
511 574
511 732
511 733
511 734
511 735
511 738
511 739
511 740
511 753
511 789
511 873
511 930
511 964
511 970
511 996
512 513
512 514
512 515
512 517
512 518
512 519
512 520
512 528
512 594
512 700
512 806
512 862
512 868
512 878
513 514
513 516
513 517
513 518
513 519
513 520
513 576
513 595
513 656
513 687
513 710
513 891
514 515
514 516
514 518
514 519
514 520
514 677
514 815
515 516
515 517
515 518
515 520
515 585
515 792
515 825
516 517
516 518
516 520
516 590
516 597
516 766
516 886
517 518
517 519
517 520
517 528
517 780
517 788
517 986
517 988
518 520
518 544
518 613
518 720
518 885
518 952
519 558
519 662
519 786
519 819
519 883
519 889
520 715
521 532
521 578
521 647
521 655
521 756
521 811
521 813
521 814
521 815
521 817
521 818
521 819
521 984
522 833
522 849
522 934
522 961
522 962
522 963
522 966
522 967
522 968
522 970
523 682
523 865
524 572
524 649
524 702
524 822
524 823
524 824
524 825
524 829
524 830
524 892
524 920
524 960
525 537
525 571
525 681
525 683
525 685
525 688
525 707
525 710
525 725
525 824
525 825
525 897
525 910
525 916
525 923
525 925
525 939
526 531
526 533
526 537
526 538
526 539
526 540
526 594
526 712
526 733
526 748
527 585
527 595
527 649
527 775
527 864
527 905
528 593
528 627
528 861
528 915
529 555
529 680
529 724
529 881
529 883
529 888
529 889
529 969
529 986
530 711
530 723
530 738
530 748
530 809
530 988
531 532
531 533
531 534
531 537
531 538
531 539
531 540
531 544
531 606
531 642
531 677
531 776
531 885
531 979
532 533
532 534
532 537
532 539
532 540
532 570
532 658
532 689
532 744
532 847
532 964
533 534
533 537
533 538
533 539
533 549
533 605
533 669
533 750
533 960
534 537
534 539
534 730
534 830
535 547
535 551
535 620
535 720
535 824
535 972
536 681
536 711
536 712
536 713
536 715
536 717
536 718
536 719
536 724
536 771
536 808
537 538
537 539
537 582
537 765
537 830
537 859
537 890
537 895
537 907
538 540
538 589
538 600
538 640
538 890
539 540
539 594
539 813
540 611
540 699
540 890
540 913
540 934
540 975
541 543
541 545
541 547
541 548
541 549
541 550
541 740
542 610
542 692
542 693
542 696
542 697
542 698
542 737
542 870
543 544
543 545
543 546
543 547
543 548
543 549
543 550
543 646
543 830
543 905
543 974
543 999
544 545
544 546
544 548
544 550
544 671
544 809
544 829
544 838
544 907
545 550
545 646
545 647
545 676
545 753
545 863
545 953
546 548
546 549
546 550
546 755
547 548
547 549
547 550
547 627
547 730
547 760
547 810
547 847
547 900
548 549
548 550
548 629
548 648
548 709
548 719
548 786
548 849
548 894
549 550
549 559
549 593
549 691
549 913
549 925
550 560
550 700
550 813
550 877
550 888
551 552
551 554
551 557
551 558
551 560
551 569
551 579
551 668
551 757
551 768
551 773
551 936
552 554
552 555
552 557
552 558
552 579
552 666
552 760
552 919
552 997
553 555
553 558
553 560
553 579
553 734
553 744
553 911
554 557
554 558
554 579
554 600
555 557
555 558
555 560
555 579
555 620
555 685
555 706
555 815
555 835
555 949
556 589
556 606
556 976
557 558
557 560
557 579
557 710
557 714
557 743
557 894
558 569
558 579
558 632
558 648
558 697
558 698
558 717
558 764
558 850
558 879
558 968
559 645
559 692
559 750
559 806
559 876
559 892
559 908
559 954
560 579
560 648
560 689
560 702
560 856
560 938
561 562
561 567
561 577
561 586
561 591
561 619
561 629
561 645
561 714
561 736
561 833
561 861
561 977
561 992
562 567
562 569
562 600
562 605
562 616
562 699
562 748
562 785
562 894
562 977
562 986
562 994
563 608
563 669
563 863
563 866
563 874
564 629
564 702
564 704
564 706
564 708
564 740
564 932
564 944
565 567
565 590
565 666
565 695
565 835
565 908
565 929
565 975
565 977
565 979
566 781
566 782
566 783
566 787
566 788
566 790
566 873
566 901
566 937
566 949
567 788
567 845
567 926
567 977
568 667
568 758
568 801
568 867
568 954
569 601
569 629
569 771
569 854
569 917
569 920
569 936
570 628
570 656
570 771
570 794
571 608
571 649
571 716
571 812
571 847
571 962
571 986
572 609
572 638
572 656
572 662
572 748
572 827
572 873
572 943
572 982
572 983
572 985
572 988
572 989
572 990
573 579
573 635
573 855
573 918
574 575
574 576
574 578
574 669
574 695
574 841
574 872
575 576
575 578
575 614
575 646
575 762
575 849
575 851
575 888
575 938
575 988
576 578
576 785
576 823
576 835
577 619
577 832
578 615
578 683
578 816
578 953
578 960
579 757
579 966
580 644
580 684
580 733
580 851
580 859
580 923
580 951
580 953
580 955
581 582
581 585
581 586
581 587
581 590
581 615
581 651
581 661
581 668
581 785
581 815
581 866
581 881
582 584
582 585
582 586
582 587
582 590
582 655
582 826
583 591
583 592
583 594
583 597
583 600
583 720
583 968
584 587
584 589
584 613
584 707
584 760
584 926
584 933
585 587
585 589
585 599
585 682
585 699
585 886
586 587
586 589
586 590
586 627
586 635
586 833
586 891
587 589
587 590
587 593
587 639
587 770
588 707
588 761
588 765
588 766
588 767
588 817
589 590
589 791
589 988
590 734
590 813
590 866
590 887
591 594
591 597
591 600
591 606
591 794
591 892
591 922
591 984
592 594
592 600
592 698
592 783
592 827
592 851
592 863
593 640
593 688
593 741
593 744
593 745
593 747
593 748
593 749
593 750
593 753
593 821
593 828
593 943
593 957
594 597
594 600
594 657
594 684
594 702
594 722
594 815
594 825
594 994
595 681
595 691
595 703
595 711
595 738
595 745
595 753
595 891
596 737
596 885
596 930
596 972
597 700
597 809
597 988
598 939
599 758
599 855
599 877
600 813
600 900
601 602
601 603
601 604
601 605
601 606
601 608
601 610
601 728
601 934
602 603
602 604
602 606
602 608
602 610
602 688
603 604
603 605
603 665
603 695
603 727
603 797
603 838
603 840
603 848
603 925
604 606
604 608
604 610
604 698
604 729
604 731
604 805
604 820
604 846
604 910
605 606
605 610
605 690
605 774
605 782
605 818
606 608
606 610
606 749
606 755
606 820
606 899
607 710
607 796
607 834
607 917
607 952
607 954
607 976
608 610
608 629
608 750
608 805
609 891
609 925
609 981
609 982
609 983
609 984
609 985
609 988
609 989
609 990
610 901
610 971
610 980
611 656
611 668
611 718
611 814
611 884
612 613
612 614
612 616
612 862
612 877
613 614
613 615
613 616
613 617
613 697
613 770
613 823
613 841
613 877
614 615
614 617
614 621
614 682
614 739
614 753
614 802
614 808
614 820
614 877
615 616
615 634
615 666
615 758
615 794
615 808
615 877
615 925
615 969
616 617
616 642
616 651
616 672
616 808
616 877
617 631
617 808
617 877
617 958
618 778
618 813
618 856
618 941
618 943
618 945
618 946
618 947
618 948
618 949
618 958
619 623
619 646
619 651
619 653
619 655
619 657
619 659
619 660
619 700
619 726
619 755
619 926
619 975
620 720
620 824
621 622
621 781
621 966
622 624
622 625
622 626
622 627
622 628
622 643
622 801
622 819
622 943
623 716
623 745
623 859
624 625
624 626
624 627
624 628
624 630
624 745
624 835
624 902
624 957
625 626
625 627
625 636
625 753
625 850
625 902
625 934
626 627
626 630
626 660
626 775
626 886
626 934
627 628
627 630
627 723
627 814
627 821
627 902
627 958
627 970
628 630
628 755
628 768
628 770
628 902
628 928
628 969
629 630
629 756
629 794
629 796
629 941
629 965
630 758
630 902
630 919
631 632
631 634
631 636
631 637
631 669
631 696
631 785
631 787
631 895
631 916
631 918
632 633
632 636
632 637
632 663
632 732
632 785
632 789
632 859
632 955
632 997
632 999
633 634
633 637
633 699
633 785
633 883
633 916
633 920
634 637
634 677
634 780
634 785
634 811
634 861
634 959
634 971
635 672
635 746
635 754
635 763
635 767
635 775
635 811
635 988
636 637
636 761
636 776
636 792
636 936
636 944
636 957
637 751
637 785
637 839
637 883
637 967
637 984
638 663
638 828
638 965
638 981
638 982
638 983
638 984
638 985
638 987
638 989
638 990
639 837
639 922
639 924
639 927
639 928
639 929
639 930
639 948
640 671
640 741
640 742
640 743
640 744
640 745
640 747
640 750
640 753
640 804
640 808
641 643
641 646
641 647
641 648
641 710
641 720
641 937
641 968
642 643
642 646
642 647
642 648
642 649
642 650
642 710
642 785
642 835
643 646
643 647
643 649
643 831
643 850
643 864
643 937
643 977
644 664
644 873
644 875
644 876
645 727
645 739
645 770
645 798
645 827
645 832
646 647
646 648
646 649
646 711
646 936
646 937
646 946
646 948
647 648
647 729
647 937
648 649
648 671
648 729
648 916
648 931
648 937
649 759
649 784
649 802
649 937
649 942
650 843
650 950
650 972
651 652
651 653
651 654
651 657
651 659
651 660
651 700
651 707
651 713
651 739
651 764
651 914
652 653
652 654
652 657
652 660
652 682
652 700
652 744
652 947
652 949
653 654
653 655
653 657
653 659
653 660
653 700
653 912
654 655
654 657
654 660
654 700
654 723
654 831
654 944
655 659
655 660
655 700
655 901
655 945
655 948
655 992
656 689
656 707
656 819
656 846
657 659
657 660
657 700
657 717
658 751
658 865
658 869
658 980
659 660
659 669
659 676
659 700
659 729
659 733
659 862
660 725
660 789
660 851
660 927
661 662
661 663
661 665
661 667
661 669
661 724
661 889
662 663
662 665
662 669
662 693
662 948
662 988
663 665
663 667
663 669
663 947
663 972
664 687
664 819
664 873
664 875
664 876
665 667
665 746
665 947
666 740
666 784
666 854
666 869
666 872
667 669
667 803
668 687
668 791
668 793
668 794
668 795
668 796
668 797
668 798
668 799
668 807
668 852
668 860
668 892
668 959
668 991
669 691
669 728
670 705
670 854
670 891
670 892
670 894
670 895
670 896
670 897
670 898
670 899
670 900
670 929
671 672
671 673
671 674
671 675
671 678
671 679
671 916
671 936
671 967
672 673
672 675
672 676
672 678
672 679
672 825
673 674
673 675
673 891
673 970
673 982
674 675
674 678
674 679
674 715
674 768
674 776
674 793
674 871
674 884
674 950
675 676
675 678
675 679
675 710
675 747
675 759
675 842
675 915
675 940
676 679
676 703
676 826
676 987
677 712
677 737
677 838
677 931
677 978
677 980
678 747
678 837
678 890
678 977
679 740
679 868
680 750
680 841
680 842
680 844
680 845
680 846
680 848
680 849
680 850
680 933
680 991
680 993
681 683
681 685
681 689
681 710
681 770
681 825
681 923
681 925
681 985
682 701
682 779
682 836
682 883
682 943
682 992
683 689
683 710
683 829
683 923
683 925
683 969
684 745
684 859
684 947
684 951
684 953
684 955
684 957
684 983
685 688
685 689
685 710
685 753
685 755
685 842
685 849
685 857
685 876
685 923
685 925
686 721
686 723
686 725
686 727
686 728
686 730
686 733
686 757
686 781
686 803
686 918
686 997
687 717
687 760
687 791
687 793
687 794
687 796
687 798
687 799
687 800
687 807
687 952
687 974
688 689
688 693
688 710
688 801
688 803
688 824
688 923
688 995
689 710
689 802
689 820
689 897
689 923
689 925
690 742
690 783
690 843
690 862
690 990
691 692
691 693
691 694
691 696
691 697
691 698
691 802
692 694
692 696
692 698
692 701
692 728
692 742
692 841
692 920
692 937
692 983
693 694
693 696
693 697
693 899
693 943
694 697
694 698
694 705
694 727
694 892
695 768
695 800
695 962
695 968
696 697
696 698
696 722
696 742
696 778
696 942
697 698
697 767
697 909
698 706
698 734
698 778
698 869
698 919
698 982
698 990
699 714
699 730
699 836
699 846
699 902
699 926
700 938
700 985
701 752
701 754
701 760
701 800
701 808
701 918
701 948
701 949
702 708
702 827
702 946
703 745
703 765
703 784
703 999
704 708
704 827
704 894
704 994
705 840
705 864
705 891
705 892
705 893
705 894
705 895
705 896
705 897
705 898
705 899
705 900
706 708
706 791
706 801
706 912
706 943
707 761
707 762
707 765
707 907
707 911
707 938
708 744
708 750
708 760
708 774
708 818
708 827
709 821
709 912
709 914
709 915
709 916
709 920
709 926
710 740
710 923
710 925
711 712
711 713
711 715
711 718
711 719
711 749
711 790
711 872
711 971
711 974
712 713
712 715
712 717
712 718
712 719
712 872
712 934
712 959
713 715
713 717
713 718
713 745
713 791
713 808
713 872
713 954
713 967
713 971
714 772
714 851
714 854
714 857
714 913
714 998
715 717
715 718
715 719
715 732
715 814
715 872
715 893
715 987
716 726
716 728
716 845
717 718
717 719
717 722
717 788
717 817
717 872
718 719
718 739
718 817
718 872
718 911
718 996
719 723
719 770
719 779
719 892
719 935
720 735
720 739
720 824
720 846
720 880
721 723
721 725
721 727
721 728
721 730
721 740
721 757
721 855
721 896
721 997
722 758
722 787
722 800
722 991
723 727
723 730
723 747
723 757
723 763
723 901
723 939
723 983
723 997
724 806
724 813
725 727
725 728
725 730
725 755
725 757
725 758
725 947
725 984
725 997
726 855
726 856
726 879
727 728
727 730
727 757
727 863
727 914
727 997
728 730
728 757
728 782
728 783
728 808
728 853
728 907
728 923
728 997
729 857
730 757
730 997
731 732
731 733
731 735
731 736
731 738
731 739
731 740
731 943
732 733
732 734
732 735
732 738
732 739
733 734
733 738
733 739
733 740
734 735
734 736
734 738
734 739
734 865
734 961
735 736
735 738
735 739
735 740
735 772
735 843
735 981
735 982
735 999
736 738
736 740
736 865
736 985
737 885
738 740
738 817
738 877
738 898
738 929
739 740
739 750
739 863
740 746
740 767
740 851
740 942
740 984
741 742
741 743
741 744
741 745
741 747
741 750
741 753
741 754
741 787
741 804
741 845
741 858
741 904
741 953
742 743
742 745
742 747
742 749
742 750
742 753
742 804
742 833
742 926
743 744
743 745
743 749
743 750
743 804
743 858
743 996
744 745
744 747
744 749
744 753
744 804
744 858
745 747
745 749
745 750
745 753
745 804
745 829
745 831
745 840
745 858
745 931
745 991
746 754
746 850
746 858
746 979
747 749
747 750
747 753
747 761
747 795
747 804
747 838
747 858
747 872
747 883
747 896
747 991
748 781
748 889
748 922
748 977
749 750
749 753
749 804
749 858
749 870
749 882
749 898
750 804
750 858
750 868
750 987
751 758
751 760
751 861
751 904
752 807
752 890
752 979
753 804
753 855
753 858
753 892
753 899
753 934
755 758
755 759
755 760
755 765
755 848
755 864
755 891
755 904
755 930
756 811
756 815
756 817
756 818
756 819
756 886
756 926
756 939
756 965
757 785
757 990
757 997
758 759
758 760
758 904
758 969
759 760
759 812
759 896
759 904
760 819
760 904
760 908
760 915
760 993
761 765
761 766
761 767
761 769
761 844
761 948
761 951
761 993
762 765
762 766
762 769
762 796
762 813
762 838
762 960
763 934
764 767
765 766
765 769
765 783
765 811
765 890
765 973
766 769
766 800
766 801
767 769
767 922
767 943
768 817
769 845
770 885
771 772
771 773
771 775
771 779
771 784
771 895
771 907
771 942
771 993
772 773
772 775
772 776
772 777
772 778
772 780
772 784
772 942
772 978
773 776
773 780
773 784
773 942
774 852
774 853
774 889
774 919
774 950
774 956
774 991
774 992
774 993
774 996
774 998
774 999
774 1000
775 776
775 777
775 778
775 779
775 780
775 784
775 925
775 936
775 942
775 982
775 992
775 997
776 777
776 780
776 784
776 829
776 942
776 945
777 780
777 942
777 976
778 779
778 780
778 805
778 869
778 942
778 976
779 780
779 784
779 920
779 942
780 784
780 854
780 878
780 926
780 942
781 782
781 783
781 788
781 789
781 790
781 823
781 874
782 783
782 787
782 788
782 789
782 790
782 846
782 972
783 787
783 789
783 790
783 835
783 836
783 855
784 914
784 942
785 918
785 940
786 798
786 868
786 931
786 932
786 933
786 935
786 936
786 939
786 966
787 790
787 799
787 869
787 917
787 934
788 789
789 790
789 835
789 848
789 913
790 815
790 864
790 907
790 918
791 792
791 793
791 795
791 796
791 797
791 800
791 807
791 850
792 794
792 797
792 798
792 799
792 800
792 829
792 877
792 887
792 959
793 795
793 796
793 797
793 798
793 799
793 800
793 951
793 959
794 795
794 797
794 798
794 799
794 807
794 959
794 986
795 796
795 797
795 798
795 800
795 807
795 849
795 892
795 914
795 956
795 959
796 797
796 798
796 799
796 800
796 807
796 887
796 952
796 959
796 965
797 799
797 800
797 930
798 799
798 800
798 807
798 959
798 994
799 800
799 807
799 894
799 933
799 959
799 976
800 802
800 807
800 846
800 902
800 959
800 990
801 802
801 803
801 810
801 832
801 842
801 884
801 971
802 803
802 805
802 806
802 809
802 824
802 964
803 805
803 806
803 810
803 856
803 969
803 995
804 841
804 858
804 876
805 806
805 809
805 810
805 998
806 807
806 809
806 810
806 825
806 855
806 929
806 978
806 990
807 959
807 962
808 831
808 868
808 870
808 906
808 933
809 810
809 847
810 848
810 940
810 941
810 988
811 813
811 814
811 816
811 817
811 819
811 910
812 820
812 826
812 944
812 995
812 1000
813 814
813 815
813 816
813 817
813 818
813 909
814 816
814 818
814 917
814 972
815 816
815 817
815 818
815 819
815 965
815 993
816 817
816 818
816 819
816 894
816 908
817 818
817 819
818 819
818 988
819 875
820 872
820 874
820 944
820 995
821 883
821 915
821 916
821 918
821 920
821 934
822 823
822 825
822 828
822 829
822 830
822 960
823 825
823 828
823 830
823 960
824 856
824 915
825 828
825 829
825 830
825 862
825 954
825 960
825 982
826 828
826 859
826 973
826 980
826 995
827 857
827 874
828 830
828 960
829 839
829 880
829 926
829 960
830 877
830 960
830 985
831 832
831 835
831 837
831 838
831 839
831 840
831 845
831 870
832 835
832 837
832 838
832 839
832 840
832 882
833 893
833 922
833 963
833 964
833 966
833 968
833 970
834 856
834 917
835 838
835 839
835 840
835 853
835 870
836 930
836 934
837 838
837 839
837 840
837 988
838 839
838 840
838 870
838 950
838 980
838 998
839 840
839 870
840 870
840 897
840 972
841 842
841 845
841 846
841 849
841 850
841 969
842 844
842 846
842 848
842 850
842 992
843 964
844 845
844 846
844 848
844 850
844 880
844 909
845 846
845 848
845 849
846 848
846 850
846 855
846 991
847 874
847 985
848 849
848 850
849 850
849 968
851 854
851 855
851 860
851 913
851 951
852 858
853 854
853 855
853 857
853 860
854 855
854 860
854 879
854 913
854 954
855 857
855 860
855 912
856 940
856 941
856 943
856 945
856 946
856 948
856 949
856 975
856 981
857 913
857 934
857 983
858 895
858 938
858 986
859 951
859 953
859 955
859 957
860 905
860 913
860 959
861 921
861 953
862 925
863 986
864 865
864 869
864 883
864 926
864 932
864 947
865 867
865 869
866 874
866 933
867 869
867 982
868 875
868 912
868 915
868 931
868 932
868 933
868 935
868 936
868 939
868 940
869 941
870 898
870 1000
871 947
871 963
871 999
873 875
873 876
873 878
873 918
873 998
874 994
875 876
875 878
875 914
875 924
875 940
875 958
876 878
876 880
876 896
876 990
877 879
877 901
877 936
878 880
878 901
879 936
880 932
881 883
881 886
881 888
881 889
881 951
882 972
883 886
883 887
883 889
883 981
884 916
884 955
885 930
885 938
886 887
886 888
886 894
887 888
887 889
887 902
889 987
891 893
891 894
891 895
891 896
891 897
891 898
891 899
891 900
891 946
892 893
892 895
892 896
892 897
892 899
892 900
892 980
893 894
893 895
893 897
893 898
893 899
893 900
893 963
893 996
894 895
894 896
894 897
894 898
894 899
894 900
894 975
894 995
895 896
895 897
895 898
895 899
895 900
895 967
896 897
896 898
896 899
896 900
897 898
897 899
897 926
898 899
898 900
899 900
899 906
899 986
900 933
901 903
901 905
901 906
901 907
901 908
901 909
901 910
901 978
902 910
902 915
902 970
903 908
903 909
903 910
903 983
904 907
905 906
905 908
905 910
905 922
905 968
906 908
906 909
906 910
906 947
907 958
908 909
908 910
908 937
908 956
909 910
910 944
911 938
911 970
912 914
912 915
912 916
912 918
912 920
914 915
914 916
914 918
915 918
915 977
916 920
916 954
917 952
917 1000
918 920
919 921
919 957
922 924
922 926
922 927
922 928
922 929
922 930
923 925
924 926
924 927
924 929
924 930
924 953
926 928
926 930
926 1000
927 928
927 930
928 929
928 939
928 961
929 930
929 932
929 942
930 932
931 936
931 938
931 939
931 940
931 973
932 935
932 936
932 938
932 939
932 940
933 935
933 938
933 939
933 940
935 936
935 938
935 939
935 940
936 938
936 940
938 939
938 940
939 940
939 994
940 965
941 943
941 945
941 946
941 947
941 948
941 949
943 945
943 946
943 949
945 946
945 947
945 948
945 949
946 947
946 948
946 949
946 960
947 948
947 949
948 950
948 998
950 956
950 991
950 992
950 993
950 999
950 1000
951 953
951 955
951 957
952 993
953 955
953 957
953 977
953 998
955 957
956 980
956 991
956 993
956 994
956 996
956 999
956 1000
957 980
957 985
961 964
961 966
961 967
961 968
961 969
961 970
961 998
962 963
962 964
962 966
962 967
962 968
962 969
962 970
963 966
963 967
963 968
963 970
963 982
964 966
964 967
964 968
964 969
964 970
964 972
964 991
966 967
966 968
966 969
967 968
967 970
968 969
969 970
969 995
972 973
972 974
972 975
972 976
972 978
972 979
973 974
973 975
973 976
973 978
973 979
974 975
974 976
974 978
974 979
975 976
975 978
975 979
976 978
976 979
976 1000
978 979
981 982
981 983
981 984
981 985
981 986
981 987
981 989
982 983
982 984
982 987
982 988
982 989
982 990
983 985
983 986
983 987
983 988
983 989
983 990
984 986
984 989
984 990
985 986
985 987
985 988
985 989
985 990
986 988
986 990
987 988
987 989
987 990
988 989
988 990
989 990
991 992
991 993
991 994
991 996
991 998
991 1000
992 993
992 994
992 996
992 998
992 999
992 1000
993 994
993 998
993 999
994 996
994 998
994 999
996 999
996 1000
998 1000
