1000 8738
1 2
1 3
1 4
1 10
1 83
1 146
1 191
1 225
1 277
1 367
1 439
1 503
1 748
1 812
1 821
1 841
1 887
1 966
1 968
2 3
2 84
2 93
2 177
2 194
2 220
2 352
2 779
2 850
2 987
3 4
3 10
3 69
3 102
3 139
3 204
3 345
3 680
3 691
3 718
3 772
3 808
3 923
3 929
3 947
3 960
3 963
4 10
4 113
4 263
4 268
4 338
4 355
4 411
4 756
4 831
4 869
4 875
4 991
5 13
5 58
5 92
5 152
5 167
5 224
5 280
5 302
5 343
5 368
5 401
5 586
5 692
5 717
5 776
5 818
5 832
5 852
5 854
5 855
5 860
5 976
6 327
6 445
6 480
6 503
6 514
6 555
6 686
6 872
6 901
6 906
6 907
6 908
6 949
6 969
6 979
7 36
7 39
7 83
7 239
7 462
7 463
7 469
7 470
7 489
7 498
7 504
7 639
7 859
7 950
8 36
8 66
8 190
8 195
8 306
8 322
8 445
8 517
8 533
8 539
8 625
8 665
8 694
8 696
8 697
8 698
8 699
8 759
8 782
8 789
8 831
8 863
8 949
8 954
9 101
9 103
9 104
9 107
9 109
9 110
9 116
9 201
9 251
9 575
9 830
9 872
9 911
9 946
9 960
9 974
10 77
10 136
10 178
10 422
10 581
10 617
10 923
10 953
11 137
11 173
11 311
11 312
11 314
11 315
11 318
11 320
11 355
11 374
11 426
11 486
11 533
11 620
11 666
11 749
11 760
11 879
12 14
12 15
12 17
12 18
12 19
12 200
12 207
12 287
12 321
12 342
12 415
12 432
12 465
12 479
12 592
12 770
12 792
12 818
12 835
12 878
13 73
13 121
13 199
13 209
13 210
13 254
13 319
13 331
13 342
13 368
13 374
13 436
13 440
13 475
13 505
13 528
13 600
13 714
13 801
13 917
13 924
13 996
14 15
14 17
14 18
14 19
14 145
14 262
14 296
14 380
14 431
14 456
14 510
14 590
14 671
14 757
14 762
15 17
15 18
15 19
15 228
15 300
15 415
15 432
15 553
15 590
15 705
15 799
15 950
16 195
16 225
16 282
16 283
16 284
16 286
16 287
16 289
16 351
16 458
16 671
16 922
16 966
17 18
17 19
17 154
17 202
17 219
17 343
17 415
17 432
17 436
17 465
17 548
17 549
17 640
17 810
17 890
17 896
17 923
17 981
18 19
18 89
18 348
18 379
18 415
18 432
18 441
18 590
18 591
18 594
18 939
19 61
19 63
19 415
19 432
19 488
19 590
19 612
19 650
19 676
19 776
19 848
19 874
19 968
19 998
20 42
20 82
20 151
20 182
20 400
20 461
20 571
20 573
20 574
20 575
20 576
20 578
20 579
20 580
20 771
20 783
20 979
20 991
21 75
21 165
21 287
21 301
21 347
21 428
21 484
21 582
21 631
21 634
21 635
21 639
21 640
21 641
21 675
21 723
21 762
21 892
22 23
22 25
22 26
22 27
22 28
22 29
22 30
22 150
22 175
22 267
22 322
22 478
22 665
22 698
22 875
22 908
22 924
23 25
23 26
23 27
23 28
23 29
23 30
23 48
23 175
23 197
23 582
23 674
23 680
23 892
23 909
24 127
24 205
24 226
24 552
24 553
24 555
24 556
24 557
24 558
24 559
24 650
24 699
24 748
24 755
24 828
24 898
24 955
25 26
25 27
25 30
25 175
25 209
25 229
25 274
25 336
25 372
25 547
25 586
25 719
25 734
25 875
26 27
26 28
26 29
26 30
26 74
26 183
26 245
26 352
26 445
26 482
26 511
26 586
26 587
26 695
26 719
26 737
26 762
26 873
27 29
27 30
27 33
27 41
27 54
27 100
27 178
27 191
27 210
27 225
27 285
27 321
27 443
27 491
27 586
27 689
27 757
27 777
27 790
27 820
28 29
28 30
28 173
28 175
28 199
28 395
28 438
28 464
28 607
28 664
28 719
28 730
28 747
28 796
28 900
29 30
29 88
29 175
29 234
29 346
29 378
29 811
29 886
30 118
30 329
30 431
30 511
30 586
30 601
31 61
31 91
31 113
31 177
31 317
31 326
31 334
31 352
31 355
31 356
31 357
31 359
31 360
31 439
31 465
31 580
31 634
31 705
31 734
31 822
31 869
32 70
32 192
32 308
32 334
32 401
32 586
32 593
32 594
32 599
32 600
32 614
32 787
32 835
32 952
32 970
33 37
33 38
33 41
33 157
33 370
33 390
33 533
33 621
33 741
33 767
33 797
33 853
33 946
34 69
34 300
34 471
34 681
34 972
34 973
34 974
34 975
34 978
34 980
35 36
35 38
35 39
35 40
35 60
35 68
35 168
35 306
35 605
35 792
35 797
35 798
35 853
35 922
35 967
36 37
36 38
36 39
36 40
36 94
36 217
36 320
36 415
36 502
36 561
36 570
36 639
36 776
36 797
36 912
37 38
37 40
37 312
37 327
37 360
37 389
37 399
37 619
37 655
37 732
37 737
37 749
37 764
37 797
37 853
37 869
38 39
38 40
38 179
38 301
38 311
38 417
38 497
38 556
38 797
38 843
38 853
39 40
39 68
39 246
39 254
39 333
39 391
39 396
39 425
39 455
39 530
39 548
39 674
39 792
39 797
39 804
39 853
40 175
40 186
40 223
40 269
40 288
40 327
40 578
40 707
40 797
40 851
41 43
41 45
41 47
41 50
41 317
41 334
41 342
41 464
41 615
41 680
41 747
41 773
41 806
41 824
42 56
42 63
42 179
42 183
42 221
42 309
42 357
42 377
42 395
42 419
42 588
42 612
42 886
42 991
42 992
42 993
42 994
42 995
42 1000
43 45
43 47
43 66
43 265
43 398
43 464
43 482
43 546
43 680
43 723
43 737
43 747
43 806
43 821
43 926
43 942
43 956
44 71
44 79
44 215
44 262
44 264
44 265
44 266
44 267
44 268
44 270
44 291
44 385
44 405
44 615
44 633
44 789
44 823
44 830
44 979
45 47
45 50
45 147
45 180
45 197
45 205
45 384
45 464
45 468
45 567
45 659
45 680
45 747
45 806
46 60
46 123
46 163
46 177
46 296
46 313
46 350
46 353
46 414
46 446
46 530
46 611
46 724
46 816
46 881
46 934
46 963
46 965
46 968
47 50
47 235
47 342
47 464
47 570
47 588
47 592
47 643
47 680
47 747
47 751
47 778
47 806
47 837
47 916
48 62
48 70
48 102
48 116
48 202
48 214
48 241
48 242
48 243
48 244
48 245
48 248
48 249
48 263
48 353
48 494
48 612
48 700
48 818
48 854
48 868
48 899
48 941
48 974
48 992
48 995
49 57
49 194
49 334
49 388
49 530
49 574
49 607
49 801
49 802
49 805
49 807
49 808
49 809
49 810
49 854
50 63
50 181
50 342
50 451
50 464
50 533
50 541
50 598
50 680
50 747
51 52
51 55
51 56
51 57
51 130
51 158
51 238
51 387
51 430
51 523
51 754
51 857
51 864
51 933
51 941
52 55
52 57
52 231
52 266
52 387
52 402
52 523
52 525
52 606
52 755
52 864
52 881
52 967
53 222
53 327
53 444
53 465
53 481
53 510
53 669
53 672
53 676
53 677
53 717
53 726
53 788
53 856
53 863
53 872
53 911
54 60
54 254
54 326
54 401
54 442
54 447
54 451
54 522
54 575
54 764
54 833
54 904
55 56
55 57
55 59
55 80
55 88
55 130
55 134
55 168
55 217
55 266
55 387
55 406
55 430
55 538
55 623
55 664
55 742
55 851
55 864
55 891
55 967
56 57
56 59
56 130
56 217
56 276
56 298
56 312
56 364
56 387
56 430
56 432
56 523
56 716
56 742
56 755
56 761
56 854
56 967
57 106
57 130
57 188
57 313
57 430
57 453
57 491
57 742
57 847
57 864
57 967
58 152
58 165
58 170
58 348
58 496
58 644
58 692
58 706
58 832
58 852
58 854
58 855
58 857
58 858
58 860
59 130
59 387
59 392
59 523
59 604
59 607
59 653
59 755
59 770
59 816
59 819
59 841
59 912
59 931
60 116
60 234
60 236
60 296
60 414
60 418
60 492
60 633
60 653
60 659
60 660
60 677
60 719
60 765
60 780
60 927
60 934
60 963
60 965
60 968
61 62
61 69
61 70
61 191
61 202
61 380
61 390
61 426
61 463
61 467
62 69
62 70
62 123
62 206
62 264
62 348
62 401
62 488
62 525
62 587
62 781
62 831
62 857
62 905
62 932
63 69
63 70
63 114
63 149
63 162
63 168
63 187
63 249
63 421
63 536
63 671
63 780
63 794
63 868
64 73
64 74
64 76
64 77
64 79
64 80
64 95
64 172
64 225
64 248
64 254
64 294
64 328
64 346
64 352
64 359
64 531
64 576
64 581
64 633
64 634
64 741
65 68
65 124
65 199
65 344
65 380
65 518
65 572
65 682
65 684
65 685
65 850
65 974
66 74
66 157
66 249
66 370
66 421
66 423
66 425
66 427
66 428
66 429
66 443
66 541
66 574
66 673
66 731
66 749
66 891
66 941
67 253
67 366
67 372
67 414
67 493
67 501
67 611
67 612
67 615
67 616
67 618
67 619
67 620
67 730
67 780
67 841
68 138
68 385
68 682
68 683
68 684
68 685
68 686
68 689
68 850
68 864
68 982
69 70
69 92
69 130
69 165
69 271
69 367
69 380
69 587
69 733
69 997
70 99
70 143
70 149
70 262
70 300
70 380
70 393
70 612
70 622
70 730
70 797
70 855
70 872
70 898
70 934
71 134
71 193
71 220
71 246
71 251
71 252
71 254
71 255
71 256
71 257
71 260
71 373
71 380
71 544
71 673
71 888
71 981
72 253
72 279
72 441
72 554
72 573
72 620
72 647
72 751
72 752
72 753
72 754
72 757
72 759
72 839
72 865
72 1000
73 74
73 76
73 77
73 79
73 80
73 357
73 539
73 543
73 611
73 789
73 995
74 76
74 77
74 79
74 80
74 196
74 221
74 225
74 285
74 292
74 476
74 560
74 597
74 696
74 751
74 861
75 301
75 509
75 555
75 634
75 635
75 636
75 638
75 639
75 640
75 641
75 675
75 716
75 740
75 782
75 789
75 824
75 882
76 79
76 112
76 119
76 225
76 240
76 265
76 347
76 542
76 574
76 936
77 79
77 80
77 83
77 149
77 225
77 312
77 411
77 680
77 723
77 733
77 788
77 806
77 856
77 934
77 982
77 984
78 131
78 380
78 492
78 581
78 584
78 585
78 588
78 589
78 620
78 752
79 80
79 225
79 277
79 394
79 406
79 441
80 147
80 167
80 225
80 323
80 470
80 535
80 558
80 570
80 742
81 82
81 84
81 85
81 86
81 87
81 88
81 90
81 204
81 247
81 269
81 276
81 281
81 304
81 320
81 334
81 358
81 661
81 715
81 799
82 84
82 85
82 86
82 87
82 90
82 157
82 183
82 204
82 329
82 466
82 493
82 528
82 565
82 617
82 819
82 826
82 850
82 943
82 971
83 84
83 85
83 86
83 87
83 89
83 90
83 102
83 205
83 225
83 228
83 233
83 352
83 452
83 467
83 522
83 871
84 86
84 87
84 88
84 89
84 178
84 220
84 452
84 466
84 563
84 863
84 991
84 997
85 86
85 87
85 89
85 90
85 93
85 204
85 227
85 263
85 360
85 372
85 388
85 466
85 508
85 544
85 561
85 574
85 738
85 878
86 87
86 88
86 204
86 228
86 270
86 274
86 399
86 416
86 452
86 466
86 491
86 561
86 790
87 89
87 90
87 138
87 146
87 156
87 204
87 315
87 432
87 452
87 466
87 474
87 482
87 648
87 707
87 781
87 833
87 981
88 89
88 90
88 141
88 452
88 457
88 466
88 680
88 924
88 953
89 90
89 302
89 355
89 365
89 452
89 572
89 672
89 816
89 884
89 939
89 956
90 133
90 204
90 213
90 281
90 303
90 311
90 452
90 457
90 560
90 579
90 626
90 729
90 771
90 834
90 876
90 945
91 204
91 262
91 279
91 317
91 323
91 334
91 348
91 355
91 356
91 359
91 360
91 420
91 451
91 478
91 529
91 551
91 637
91 703
91 734
91 869
91 878
91 890
91 953
91 976
92 93
92 95
92 96
92 99
92 100
92 101
92 107
92 146
92 182
92 249
92 341
92 454
92 563
92 777
92 889
92 903
92 946
92 955
92 978
93 94
93 95
93 97
93 98
93 99
93 100
93 492
93 495
93 563
93 607
93 719
93 903
94 95
94 97
94 98
94 99
94 100
94 171
94 174
94 274
94 320
94 493
94 532
94 599
94 620
94 626
94 628
94 631
94 709
94 820
95 96
95 97
95 98
95 99
95 100
95 107
95 127
95 236
95 430
95 563
95 629
95 832
95 962
96 97
96 98
96 99
96 100
96 487
96 545
96 563
96 800
96 854
96 992
97 98
97 99
97 100
97 167
97 262
97 379
97 415
97 563
97 791
98 100
98 173
98 224
98 362
98 377
98 393
98 563
98 677
98 772
98 882
99 100
99 352
99 387
99 585
99 587
99 635
99 928
100 228
100 277
100 454
100 456
100 473
100 489
100 563
100 714
100 747
100 752
100 899
100 985
101 103
101 104
101 105
101 109
101 110
101 201
101 392
101 442
101 592
101 709
101 736
101 861
101 911
102 224
102 249
102 259
102 271
102 272
102 275
102 276
102 277
102 278
102 279
102 280
102 304
102 373
102 436
102 528
102 574
102 603
102 630
102 637
102 735
102 879
102 905
103 104
103 105
103 107
103 109
103 110
103 182
103 201
103 204
103 430
103 631
103 742
103 788
103 825
103 852
103 863
103 870
103 911
104 105
104 107
104 109
104 155
104 201
104 221
104 392
104 468
104 511
104 560
104 579
104 618
104 676
104 911
104 914
105 107
105 201
105 274
105 481
105 496
105 792
105 826
105 939
106 113
106 115
106 215
106 293
106 600
106 825
106 858
106 864
106 913
106 914
106 915
106 916
106 918
106 920
107 109
107 110
107 463
107 565
107 657
107 764
107 803
107 813
107 911
108 177
108 191
108 267
108 287
108 303
108 343
108 406
108 456
108 460
108 497
108 643
108 644
108 646
108 648
108 649
108 650
108 794
109 201
109 267
109 829
109 851
109 872
109 911
110 357
110 408
110 446
110 484
110 529
110 872
110 897
110 911
111 113
111 116
111 117
111 118
111 130
111 136
111 256
111 271
111 390
111 393
111 410
111 725
111 745
111 773
111 850
111 899
112 113
112 114
112 117
112 118
112 119
112 306
112 337
112 344
112 351
112 406
112 457
112 460
112 556
112 833
112 899
112 967
113 114
113 116
113 118
113 119
113 192
113 296
113 399
113 426
113 555
113 722
113 798
113 877
113 890
113 899
114 116
114 118
114 146
114 303
114 332
114 558
114 749
114 804
114 857
114 860
114 890
114 897
114 899
114 968
115 174
115 196
115 296
115 385
115 444
115 584
115 611
115 618
115 735
115 798
115 833
115 913
115 914
115 915
115 918
115 920
115 977
115 988
116 117
116 118
116 119
116 237
116 439
116 446
116 589
116 658
116 670
116 786
116 794
116 899
116 978
116 980
117 118
117 119
117 289
117 355
117 362
117 444
117 700
117 706
117 761
117 899
117 952
118 119
118 241
118 292
118 340
118 373
118 535
118 614
118 775
118 794
118 818
119 216
119 230
119 231
119 334
119 350
119 496
119 638
119 648
119 753
119 773
119 825
119 899
119 926
119 933
120 131
120 132
120 133
120 134
120 137
120 138
120 139
120 140
120 156
120 231
120 268
120 288
120 369
120 475
120 481
120 575
120 735
120 767
120 787
120 880
120 948
120 965
121 122
121 123
121 124
121 125
121 128
121 129
121 156
121 273
121 292
121 339
121 456
121 488
121 695
122 124
122 125
122 128
122 129
122 176
122 204
122 222
122 350
122 422
122 476
122 480
122 522
122 671
122 695
122 703
122 899
122 920
122 967
123 124
123 144
123 224
123 273
123 310
123 456
123 476
123 592
123 593
123 620
123 695
123 744
124 125
124 128
124 129
124 167
124 182
124 273
124 354
124 357
124 456
124 484
124 511
124 570
124 695
124 743
124 969
124 972
124 984
125 128
125 129
125 221
125 263
125 273
125 366
125 430
125 438
125 451
125 456
125 476
125 504
125 566
125 782
125 924
126 203
126 207
126 209
126 319
126 332
126 414
126 440
126 587
126 680
126 782
126 795
126 853
126 896
126 917
126 924
126 932
126 977
126 986
126 996
127 151
127 226
127 473
127 517
127 540
127 553
127 555
127 557
127 558
127 573
127 619
127 788
127 833
127 931
127 955
128 168
128 214
128 273
128 456
128 476
128 518
128 695
128 722
128 725
128 840
128 912
128 979
129 190
129 197
129 270
129 273
129 276
129 695
129 749
129 892
129 913
129 918
129 935
129 936
129 949
130 142
130 154
130 211
130 288
130 305
130 344
130 387
130 478
130 523
130 632
130 742
130 755
130 776
130 812
130 848
130 864
130 877
130 967
131 132
131 133
131 134
131 135
131 137
131 138
131 140
131 142
131 231
131 276
131 326
131 485
131 500
131 510
131 521
131 527
131 561
131 851
131 887
131 927
132 134
132 137
132 138
132 139
132 140
132 231
132 288
132 359
132 500
132 663
132 703
132 758
132 858
132 918
133 134
133 137
133 139
133 140
133 212
133 231
133 288
133 500
133 513
133 560
133 802
133 822
133 953
133 980
134 135
134 139
134 140
134 162
134 195
134 231
134 288
134 327
134 349
134 500
134 516
134 521
134 534
134 566
134 683
134 919
134 951
135 137
135 139
135 187
135 203
135 225
135 264
135 288
135 395
135 500
135 543
135 550
135 757
135 854
135 935
136 258
136 377
136 391
136 393
136 394
136 398
136 428
136 457
136 494
136 614
136 631
136 714
136 718
136 752
136 784
136 845
136 876
136 920
136 945
137 138
137 139
137 318
137 381
137 500
137 529
137 633
137 840
137 876
138 139
138 140
138 231
138 288
138 423
138 484
138 500
138 531
138 573
138 617
138 673
138 838
138 896
139 140
139 264
139 288
139 351
139 380
139 493
139 500
139 542
139 626
139 641
139 724
139 810
139 834
139 926
139 958
140 213
140 231
140 288
140 388
140 422
140 500
140 508
140 664
140 792
140 869
141 160
141 226
141 418
141 424
141 814
141 881
141 882
141 886
141 888
141 889
141 890
141 969
142 144
142 146
142 148
142 149
142 150
142 179
142 470
142 720
142 734
142 812
142 867
143 144
143 146
143 147
143 148
143 149
143 150
143 200
143 284
143 330
143 541
143 717
143 915
143 933
144 145
144 146
144 148
144 149
144 150
144 198
144 306
144 334
144 357
144 387
144 425
144 481
144 507
144 683
144 702
145 146
145 149
145 150
145 174
145 360
145 365
145 800
146 147
146 148
146 149
146 150
146 198
146 530
146 699
146 740
146 769
146 818
146 949
146 997
147 148
147 149
147 150
147 154
147 198
147 216
147 289
147 360
147 421
147 629
147 818
147 867
147 884
147 956
147 979
148 149
148 150
148 162
148 212
148 312
148 368
148 415
148 420
148 499
148 581
148 698
148 826
148 867
148 879
148 991
149 150
149 198
149 234
149 311
149 578
149 800
149 833
149 922
149 980
150 198
150 282
150 306
150 314
150 389
150 416
150 529
150 544
150 624
150 801
150 805
150 842
151 161
151 250
151 254
151 335
151 482
151 568
151 573
151 574
151 575
151 576
151 578
151 579
151 580
151 701
151 909
151 958
151 999
152 153
152 154
152 155
152 157
152 158
152 159
152 160
152 218
152 229
152 263
152 362
152 431
152 451
152 455
152 499
152 598
152 657
152 681
152 682
152 729
152 735
152 777
152 786
152 924
153 154
153 155
153 157
153 159
153 163
153 225
153 229
153 242
153 261
153 263
153 362
153 369
153 407
153 545
153 560
153 681
153 729
153 831
153 866
154 155
154 157
154 159
154 160
154 192
154 199
154 261
154 263
154 344
154 362
154 365
154 396
154 406
154 434
154 560
154 635
154 652
154 729
154 782
154 795
154 945
155 157
155 160
155 263
155 472
155 558
155 560
155 612
155 801
155 806
155 857
155 869
155 877
155 878
155 952
155 971
156 256
156 268
156 280
156 381
156 382
156 388
156 389
156 390
156 413
156 415
156 443
156 546
156 562
156 602
156 613
156 736
156 780
156 846
156 872
156 874
157 159
157 160
157 202
157 261
157 263
157 362
157 436
157 454
157 560
157 590
157 628
157 729
157 893
157 900
157 922
157 981
158 170
158 184
158 199
158 258
158 298
158 382
158 460
158 479
158 532
158 661
158 662
158 663
158 664
158 665
158 666
158 668
158 670
158 689
158 753
158 761
158 892
158 908
159 160
159 168
159 178
159 263
159 294
159 305
159 362
159 489
159 494
159 560
159 572
159 696
159 703
159 729
159 952
160 216
160 263
160 362
160 569
160 679
160 723
160 729
161 179
161 266
161 342
161 352
161 374
161 450
161 549
161 561
161 562
161 564
161 565
161 566
161 567
161 570
161 848
161 895
162 187
162 276
162 302
162 304
162 307
162 309
162 331
162 403
162 468
162 652
162 746
163 236
163 312
163 353
163 393
163 569
163 690
163 721
163 724
163 725
163 727
163 728
163 730
163 782
163 943
164 165
164 166
164 169
164 170
164 281
164 345
164 350
164 365
164 538
164 598
164 635
164 655
164 699
164 852
164 936
165 166
165 168
165 169
165 170
165 229
165 284
165 365
165 433
165 564
165 693
165 898
165 922
165 930
166 168
166 169
166 238
166 249
166 279
166 365
166 460
166 538
166 604
166 616
166 623
166 654
166 785
166 811
166 889
166 934
167 413
167 447
167 497
167 522
167 692
167 832
167 852
167 854
167 855
167 858
167 860
167 877
167 911
167 959
167 976
168 169
168 170
168 244
168 353
168 365
168 388
168 559
168 574
168 632
168 705
168 785
168 859
169 170
169 365
169 395
169 473
169 538
169 588
169 762
169 876
169 911
170 251
170 365
170 370
170 381
170 538
170 571
170 582
170 788
170 835
170 884
170 910
170 916
170 938
170 957
171 172
171 176
171 177
171 178
171 194
171 277
171 397
171 424
171 461
171 473
171 650
171 850
172 173
172 176
172 177
172 178
172 180
172 254
172 288
172 319
172 397
172 467
172 624
172 700
172 706
172 792
172 898
173 176
173 177
173 178
173 180
173 193
173 276
173 358
173 371
173 531
173 607
173 638
173 651
173 700
173 809
173 845
173 905
174 232
174 357
174 359
174 454
174 721
174 772
174 774
174 793
174 821
174 822
174 823
174 824
174 825
174 827
174 829
174 863
174 882
175 405
175 512
175 586
175 632
175 668
175 721
175 917
176 177
176 178
176 180
176 362
176 389
176 397
176 461
176 668
176 700
176 735
176 784
176 790
176 964
177 178
177 180
177 270
177 397
177 461
177 511
177 633
177 700
177 939
178 180
178 197
178 250
178 371
178 397
178 464
178 604
178 700
178 737
178 872
178 989
179 283
179 367
179 427
179 562
179 564
179 566
179 567
179 570
179 635
179 637
179 795
179 918
179 982
180 200
180 213
180 233
180 397
180 454
180 461
180 466
180 468
180 636
180 700
180 933
181 183
181 184
181 185
181 187
181 188
181 189
181 190
181 304
181 358
181 376
181 420
181 490
181 526
181 570
181 572
181 583
181 796
181 831
181 851
181 884
181 915
181 991
182 262
182 265
182 266
182 267
182 268
182 269
182 270
182 308
182 502
182 535
182 633
182 668
182 789
183 184
183 185
183 186
183 187
183 188
183 189
183 190
183 217
183 234
183 326
183 380
183 476
183 551
183 572
183 801
183 830
183 851
184 185
184 186
184 187
184 189
184 190
184 217
184 552
184 559
184 565
184 572
184 861
184 880
184 899
185 186
185 187
185 188
185 189
185 211
185 217
185 262
185 334
185 412
185 529
185 681
185 843
185 942
186 187
186 188
186 189
186 190
186 216
186 224
186 299
186 572
186 603
186 675
186 752
186 815
186 851
187 189
187 190
187 287
187 351
187 465
187 514
187 518
187 563
187 572
187 587
187 723
187 787
187 804
187 850
187 851
188 190
188 306
188 308
188 788
188 851
188 854
188 877
188 921
188 984
189 190
189 268
189 326
189 390
189 489
189 572
189 574
189 733
189 844
190 248
190 293
190 365
190 386
190 502
190 517
190 564
190 787
190 836
190 851
190 871
191 196
191 226
191 287
191 352
191 353
191 357
191 424
191 614
191 697
191 955
192 197
192 424
192 468
192 480
192 511
192 589
192 699
192 730
192 875
192 889
192 955
193 251
193 252
193 254
193 256
193 260
193 350
193 373
193 475
193 544
193 621
193 639
193 731
193 828
193 860
194 235
194 277
194 324
194 349
194 379
194 408
194 548
194 573
194 677
194 687
194 724
194 756
194 801
194 802
194 805
194 807
194 808
194 809
194 940
194 960
194 975
195 239
195 390
195 407
195 481
195 483
195 484
195 486
195 487
195 488
195 489
195 490
195 517
195 544
195 629
195 739
195 742
195 755
195 792
195 884
195 886
195 922
196 424
196 474
196 490
196 514
196 519
196 631
196 673
196 835
197 233
197 331
197 360
197 385
197 424
197 444
197 463
197 504
197 529
197 561
197 612
197 752
197 865
197 894
197 896
197 978
198 335
198 380
198 486
198 598
198 828
198 947
199 289
199 345
199 442
199 444
199 510
199 520
199 615
199 681
199 682
199 683
199 684
199 685
199 686
199 689
199 820
199 850
199 938
200 341
200 450
200 531
200 532
200 534
200 535
200 536
200 537
200 539
200 540
200 590
200 609
200 693
200 843
200 893
200 903
201 287
201 414
201 478
201 516
201 659
201 679
201 823
201 864
201 872
201 911
202 352
202 386
202 557
202 607
202 639
202 640
202 761
202 762
202 765
202 766
202 768
202 769
202 793
202 799
202 919
202 927
202 970
203 207
203 209
203 210
203 253
203 319
203 400
203 405
203 440
203 608
203 846
203 907
203 909
204 239
204 342
204 452
204 466
204 532
204 708
204 804
204 976
205 226
205 428
205 473
205 539
205 541
205 556
205 558
205 559
205 658
205 745
205 801
205 955
205 988
206 226
206 274
206 353
206 414
206 522
206 526
206 527
206 546
206 575
206 643
206 874
207 209
207 210
207 332
207 397
207 445
207 519
207 605
207 768
207 792
207 803
207 807
207 817
207 917
207 924
207 996
208 342
208 687
208 767
208 820
208 837
208 841
208 842
208 843
208 844
208 846
208 847
208 849
208 876
208 878
208 912
209 210
209 241
209 319
209 377
209 440
209 607
209 773
209 911
209 924
209 988
210 232
210 261
210 319
210 433
210 462
210 506
210 917
210 996
211 219
211 386
211 396
211 435
211 440
211 485
211 512
211 515
211 516
211 517
211 520
211 597
211 611
211 718
211 727
211 943
211 950
211 960
211 961
212 215
212 217
212 219
212 221
212 234
212 271
212 287
212 457
212 461
212 508
212 532
212 588
212 668
212 718
212 805
212 871
212 889
213 215
213 219
213 220
213 311
213 329
213 551
213 574
213 618
213 624
213 625
213 789
213 793
213 797
213 838
213 895
214 241
214 242
214 243
214 244
214 245
214 247
214 248
214 249
214 257
214 275
214 294
214 445
214 930
215 217
215 218
215 219
215 220
215 248
215 532
215 551
215 559
215 595
215 782
215 841
215 855
215 921
216 331
216 332
216 335
216 336
216 337
216 338
216 339
216 514
216 521
216 653
216 837
216 928
216 929
216 949
217 218
217 220
217 551
217 605
217 848
217 935
217 990
218 220
218 265
218 433
218 476
218 528
218 551
218 612
218 661
218 724
218 733
218 797
218 798
218 921
218 946
218 965
219 220
219 286
219 346
219 490
219 613
219 687
219 825
220 248
220 340
220 352
220 353
220 507
220 535
220 551
220 590
220 628
220 725
220 834
220 949
220 985
221 224
221 227
221 229
221 266
221 450
221 568
221 617
221 742
221 881
221 989
222 293
222 327
222 350
222 419
222 553
222 669
222 672
222 673
222 674
222 676
222 677
222 679
222 760
222 805
222 820
222 871
222 885
223 224
223 227
223 229
223 351
223 413
223 544
223 566
223 568
223 701
223 799
223 993
224 227
224 229
224 262
224 306
224 324
224 351
224 391
224 404
224 446
224 454
224 463
224 568
224 617
224 636
224 846
224 902
224 926
224 978
225 259
225 271
225 392
225 414
225 469
225 564
225 590
225 935
225 950
226 402
226 407
226 453
226 511
226 552
226 555
226 556
226 557
226 559
226 633
226 635
226 658
226 664
226 776
226 929
227 230
227 351
227 442
227 568
227 576
227 634
227 789
227 901
227 922
227 960
228 358
228 361
228 363
228 364
228 366
228 367
228 368
228 370
228 402
228 422
228 567
228 576
228 581
228 726
228 881
228 884
228 918
229 230
229 279
229 288
229 323
229 351
229 393
229 422
229 568
229 617
229 626
230 351
230 355
230 432
230 568
230 617
230 658
230 741
230 754
230 861
231 388
231 500
231 584
231 672
231 675
231 776
231 798
231 828
231 834
231 839
231 840
231 920
231 938
231 955
232 243
232 250
232 400
232 514
232 528
232 579
232 652
232 654
232 655
232 656
232 657
232 659
232 660
232 701
232 733
232 859
232 921
232 983
233 234
233 235
233 236
233 238
233 240
233 250
233 263
233 285
233 316
233 345
233 455
233 609
233 701
233 723
233 830
233 971
234 236
234 238
234 316
234 317
234 451
234 504
234 599
234 617
234 635
234 673
234 813
234 832
234 918
234 977
235 236
235 237
235 238
235 332
235 366
235 455
235 582
235 601
235 649
235 693
235 756
235 784
236 237
236 286
236 311
236 316
236 418
236 426
236 455
236 781
236 905
237 238
237 240
237 304
237 364
237 423
237 455
237 650
237 730
237 841
237 895
237 948
238 240
238 316
238 455
238 534
238 628
238 651
238 745
238 866
239 284
239 343
239 344
239 345
239 346
239 347
239 349
239 350
239 467
239 827
239 924
240 272
240 280
240 312
240 455
240 464
240 479
240 646
240 719
240 845
240 870
241 242
241 243
241 244
241 245
241 247
241 248
241 249
241 346
241 368
241 528
241 570
241 679
241 692
241 848
241 857
241 972
241 987
242 243
242 247
242 248
242 296
242 323
242 470
242 651
242 676
242 686
242 766
242 855
242 980
243 245
243 247
243 248
243 249
243 356
243 416
243 427
243 443
243 507
243 607
243 623
243 644
243 699
243 702
244 245
244 248
244 249
244 325
244 349
244 399
244 435
244 641
244 687
244 983
245 247
245 248
245 249
245 277
245 307
245 460
245 484
245 930
245 996
246 281
246 282
246 283
246 284
246 286
246 289
246 328
246 375
246 391
246 583
246 671
246 678
246 689
246 748
246 799
246 805
246 966
247 248
247 278
247 545
247 670
247 726
247 761
247 912
248 249
248 281
248 284
248 326
248 476
248 490
248 528
248 656
248 917
248 969
249 333
249 379
249 465
249 605
249 707
249 718
249 907
250 400
250 435
250 503
250 514
250 528
250 627
250 651
250 654
250 655
250 657
250 659
250 660
250 859
250 898
250 903
250 977
251 252
251 254
251 255
251 256
251 257
251 258
251 260
251 369
251 373
251 518
251 544
251 678
251 772
251 884
251 959
252 254
252 255
252 256
252 257
252 261
252 350
252 351
252 373
252 393
252 419
252 424
252 515
252 538
252 619
252 663
252 804
252 828
252 962
252 977
252 978
253 272
253 277
253 298
253 330
253 609
253 647
253 751
253 752
253 753
253 754
253 756
253 757
253 758
253 829
253 839
253 996
254 256
254 345
254 438
254 446
254 482
254 521
254 544
254 647
254 894
255 256
255 257
255 260
255 269
255 373
255 504
255 544
255 695
255 769
255 857
255 858
255 888
255 912
255 914
256 257
256 260
256 271
256 405
256 544
256 593
256 598
256 779
256 802
256 875
256 947
256 955
256 979
257 285
257 373
257 431
257 539
257 544
257 765
257 768
258 337
258 537
258 557
258 621
258 623
258 624
258 625
258 627
258 629
258 630
258 690
258 709
258 729
258 764
258 853
258 902
258 941
259 334
259 352
259 355
259 356
259 357
259 359
259 360
259 703
259 734
259 804
259 869
259 870
259 892
259 958
259 960
260 373
260 513
260 731
260 953
261 263
261 286
261 294
261 308
261 362
261 404
261 506
261 560
261 593
261 631
261 690
261 700
261 729
261 824
261 947
262 264
262 265
262 266
262 267
262 268
262 269
262 270
262 331
262 426
262 476
262 633
262 690
262 756
262 767
262 904
262 941
262 966
263 332
263 362
263 372
263 394
263 560
263 618
263 640
263 729
263 737
263 749
263 813
263 825
263 942
264 266
264 267
264 268
264 269
264 270
264 633
264 864
264 941
265 266
265 267
265 268
265 377
265 424
265 431
265 491
265 633
265 705
265 707
265 824
265 876
265 941
266 267
266 268
266 269
266 270
266 365
266 418
266 425
266 475
266 533
266 633
266 639
266 660
266 702
266 824
266 854
266 941
266 964
266 970
267 268
267 269
267 270
267 278
267 410
267 425
267 517
267 525
267 737
267 775
267 859
267 876
267 904
267 933
267 945
267 993
268 269
268 270
268 633
268 727
268 791
268 826
268 941
269 319
269 405
269 546
269 633
269 802
269 823
270 397
270 400
270 456
270 558
270 633
270 668
270 835
270 836
270 924
270 941
270 969
271 275
271 276
271 277
271 278
271 279
271 280
271 329
271 351
271 362
271 458
271 471
271 603
271 691
271 793
271 905
271 907
271 973
272 275
272 276
272 278
272 279
272 280
272 414
272 474
272 552
272 603
272 664
272 778
272 905
273 366
273 399
273 456
273 476
273 686
273 749
273 774
274 275
274 276
274 277
274 278
274 279
274 280
274 376
274 382
274 469
274 487
274 555
274 572
274 603
274 613
274 657
274 851
274 874
274 905
275 276
275 277
275 278
275 279
275 307
275 334
275 345
275 370
275 603
275 611
275 647
275 845
275 882
275 905
276 278
276 279
276 431
276 439
276 497
276 603
276 612
276 708
276 722
276 800
276 917
276 945
276 950
277 278
277 279
277 280
277 458
277 603
277 607
277 760
277 887
277 890
277 899
278 279
278 280
278 324
278 379
278 496
278 529
278 567
278 603
278 642
278 901
278 905
278 951
279 280
279 413
279 458
279 673
279 717
279 797
279 812
279 867
279 905
279 983
280 483
280 603
280 756
280 905
281 283
281 287
281 289
281 308
281 610
281 739
281 742
281 770
281 785
281 922
281 966
282 283
282 286
282 287
282 289
282 290
282 317
282 423
282 505
282 748
282 752
282 768
282 823
282 966
283 286
283 289
283 290
283 480
283 490
283 605
283 671
283 748
283 774
283 833
283 835
283 838
283 922
283 966
284 287
284 289
284 343
284 365
284 517
284 520
284 566
284 671
284 748
284 883
284 923
284 966
285 353
285 416
285 417
285 419
285 420
285 438
285 637
285 643
285 784
285 838
285 849
285 861
285 910
286 287
286 442
286 671
286 730
286 762
286 884
286 922
286 966
286 970
287 289
287 290
287 372
287 392
287 411
287 671
287 696
287 748
287 922
287 966
288 427
288 463
288 491
288 500
288 506
288 666
288 689
288 891
289 290
289 327
289 341
289 566
289 671
289 748
289 802
289 848
289 922
290 372
290 436
290 462
290 480
290 504
290 582
290 659
290 671
290 676
290 748
290 879
290 893
290 899
290 922
290 966
291 363
291 371
291 374
291 375
291 376
291 430
291 599
291 640
291 815
291 944
292 293
292 297
292 299
292 300
292 516
292 681
292 707
292 728
292 729
292 792
292 818
292 929
292 988
293 294
293 295
293 297
293 298
293 299
293 300
293 485
293 717
294 295
294 298
294 299
294 300
294 454
294 625
294 660
294 751
294 823
294 838
294 866
294 885
295 297
295 298
295 299
295 300
295 353
295 378
295 462
295 492
295 505
295 655
295 762
295 947
296 366
296 395
296 401
296 414
296 455
296 479
296 618
296 637
296 719
296 731
296 749
296 818
296 920
296 963
296 964
296 965
296 968
296 969
297 298
297 299
297 415
297 512
297 530
297 606
297 656
297 784
297 788
297 967
298 299
298 300
298 556
298 723
298 770
298 778
298 782
298 845
298 873
298 924
298 999
299 300
299 496
299 527
299 530
299 578
299 637
299 774
299 967
300 312
301 334
301 413
301 470
301 631
301 634
301 635
301 636
301 637
301 638
301 639
301 640
301 675
301 874
302 303
302 304
302 305
302 307
302 309
302 310
302 392
302 415
302 420
302 468
302 486
302 512
302 680
302 746
302 827
302 840
302 841
302 924
302 930
303 304
303 310
303 392
303 446
303 616
303 746
303 763
303 823
303 932
304 305
304 307
304 309
304 310
304 414
304 468
304 720
304 746
304 948
305 309
305 392
305 430
305 531
305 541
305 629
305 746
305 837
305 875
305 943
305 964
305 996
306 322
306 324
306 466
306 490
306 495
306 519
306 604
306 628
306 696
306 697
306 698
306 699
306 727
306 923
306 942
306 949
306 965
307 309
307 310
307 334
307 392
307 468
307 578
307 652
307 746
307 937
307 952
307 954
308 518
308 656
308 892
308 894
308 895
308 896
308 897
308 898
308 900
308 970
309 310
309 392
309 468
309 499
309 502
309 746
310 361
310 383
310 392
310 526
310 669
310 676
310 746
310 757
310 788
311 312
311 313
311 314
311 315
311 354
311 380
311 408
311 533
311 674
311 749
311 868
312 313
312 314
312 315
312 357
312 377
312 447
312 533
312 570
312 640
312 749
312 895
312 910
313 314
313 315
313 318
313 327
313 418
313 445
313 533
313 538
313 616
313 676
313 700
313 749
313 761
313 777
313 779
313 906
313 916
313 967
314 315
314 318
314 320
314 409
314 533
314 574
314 622
314 749
314 819
314 907
314 973
315 318
315 320
315 473
315 515
315 533
315 603
315 667
315 840
315 900
315 913
316 414
316 455
316 508
316 561
316 699
316 737
316 820
316 945
317 365
317 502
317 505
317 506
317 507
317 508
317 509
317 510
317 725
317 755
317 778
317 856
317 881
317 925
318 320
318 438
318 487
318 533
318 540
318 552
318 568
318 749
318 830
318 847
318 906
318 965
319 333
319 440
319 494
319 547
319 727
319 866
319 910
319 917
319 924
319 981
319 996
320 440
320 446
320 533
320 749
321 324
321 326
321 328
321 329
321 390
321 453
321 510
321 571
321 609
321 628
321 722
321 735
321 799
321 878
322 364
322 366
322 405
322 427
322 469
322 488
322 580
322 617
322 668
322 691
322 694
322 696
322 697
322 698
322 699
322 725
322 774
322 831
322 834
322 846
322 958
322 978
322 989
323 324
323 325
323 326
323 328
323 329
323 417
323 566
323 603
323 624
323 628
323 718
323 722
323 723
323 735
323 790
323 798
323 942
324 325
324 326
324 329
324 333
324 384
324 548
324 628
324 710
324 713
324 722
324 847
324 886
324 942
324 973
325 326
325 328
325 329
325 628
325 722
325 735
325 736
325 859
325 928
325 954
325 979
325 980
326 328
326 329
326 354
326 427
326 589
326 722
326 735
326 745
326 836
326 927
327 332
327 444
327 457
327 509
327 550
327 669
327 673
327 674
327 677
327 678
327 679
327 753
327 856
327 863
327 981
327 982
327 993
328 329
328 339
328 406
328 463
328 495
328 628
328 646
328 680
328 732
328 735
328 823
328 833
328 935
329 349
329 374
329 454
329 482
329 622
329 628
329 722
329 735
329 809
329 868
329 893
329 959
329 990
330 342
330 361
330 441
330 445
330 647
330 717
330 737
330 751
330 752
330 753
330 754
330 757
330 758
330 759
330 943
331 335
331 336
331 338
331 339
331 402
331 544
331 591
331 625
331 652
331 653
331 812
331 837
332 335
332 336
332 337
332 338
332 339
332 373
332 376
332 418
332 463
332 585
332 684
332 692
332 839
332 843
332 856
332 952
332 966
333 336
333 385
333 398
333 411
333 481
333 499
333 509
333 583
333 619
333 738
333 812
333 865
333 866
333 867
333 870
333 897
334 355
334 356
334 357
334 359
334 360
334 549
334 685
334 703
334 734
334 790
334 869
334 960
335 336
335 337
335 338
335 339
335 436
335 602
335 625
335 653
335 813
335 837
335 855
335 887
336 337
336 338
336 339
336 401
336 492
336 606
336 767
336 772
336 837
336 850
336 860
336 868
336 998
337 338
337 356
337 378
337 528
337 589
337 605
337 947
337 962
338 339
338 374
338 384
338 429
338 439
338 593
338 613
338 837
338 943
339 561
339 591
339 653
339 791
339 798
339 837
339 848
339 865
339 924
340 540
340 588
340 744
340 801
340 951
340 952
340 954
340 956
340 957
340 958
340 959
340 960
341 343
341 344
341 345
341 347
341 350
341 367
341 453
341 467
341 486
341 554
341 803
341 822
341 891
341 979
342 419
342 432
342 464
342 638
342 680
342 688
342 697
342 747
342 806
342 873
343 344
343 345
343 347
343 349
343 353
343 361
343 401
343 467
343 537
343 593
343 613
343 741
343 803
343 815
343 840
343 933
344 345
344 346
344 347
344 349
344 350
344 415
344 428
344 467
344 609
344 803
344 806
344 831
344 904
344 933
345 347
345 349
345 467
345 468
345 716
345 803
345 811
345 855
345 875
345 904
346 347
346 349
346 571
346 727
346 804
347 350
347 352
347 365
347 443
347 496
347 560
347 660
347 665
347 803
347 860
347 902
348 632
348 636
348 755
348 872
348 874
348 875
348 877
348 878
348 941
349 350
349 426
349 467
349 608
349 620
349 803
349 952
350 442
350 453
350 467
350 485
350 518
350 558
350 711
350 803
350 876
351 434
351 617
351 674
351 709
351 856
351 922
351 945
352 355
352 356
352 357
352 360
352 394
352 427
352 654
352 698
352 703
352 869
352 904
353 497
353 522
353 524
353 525
353 526
353 527
353 529
353 615
353 629
353 741
353 744
353 766
353 972
354 501
354 502
354 505
354 506
354 507
354 508
354 509
354 510
354 614
354 698
354 718
354 783
354 800
354 808
354 820
354 841
354 916
355 356
355 357
355 359
355 360
355 441
355 465
355 616
355 698
355 734
355 783
355 790
355 869
355 968
356 357
356 359
356 360
356 428
356 479
356 484
356 495
356 500
356 586
356 734
357 359
357 360
357 460
357 553
357 600
357 611
357 629
357 734
357 774
357 796
357 862
358 361
358 364
358 366
358 368
358 369
358 422
358 436
358 444
358 481
358 501
358 516
358 559
358 580
358 591
358 598
358 628
358 726
358 797
358 999
359 448
359 551
359 654
359 673
359 683
359 702
359 703
359 734
359 765
359 869
359 932
360 404
360 534
360 562
360 734
360 869
360 896
360 919
360 933
361 363
361 364
361 366
361 367
361 369
361 370
361 376
361 422
361 435
361 495
361 522
361 726
361 728
361 793
361 849
362 409
362 482
362 526
362 553
362 560
362 682
362 730
362 743
362 889
362 907
362 984
363 364
363 366
363 367
363 368
363 369
363 370
363 419
363 422
363 455
363 534
363 648
363 663
363 817
363 942
364 366
364 367
364 368
364 369
364 370
364 422
364 423
364 426
364 444
364 540
364 581
364 659
364 716
364 726
364 739
364 771
364 793
364 814
364 913
364 936
365 538
365 560
365 580
365 833
365 994
366 367
366 368
366 369
366 370
366 412
366 422
366 478
366 490
366 594
366 669
366 700
366 726
366 840
366 998
367 368
367 369
367 370
367 388
367 422
367 463
367 721
367 751
367 762
367 763
367 981
367 994
367 1000
368 369
368 370
368 388
368 422
368 626
368 726
368 740
368 742
368 805
368 851
369 422
369 629
369 726
370 373
370 422
370 538
370 726
370 846
370 982
371 374
371 375
371 376
371 377
371 379
371 427
371 437
371 448
371 521
371 652
371 689
371 737
371 774
371 775
371 881
371 895
371 913
371 950
372 561
372 562
372 564
372 565
372 566
372 570
372 615
372 629
372 676
372 768
372 810
372 933
372 963
372 983
373 542
373 544
373 701
373 791
374 375
374 376
374 377
374 379
374 465
374 958
375 376
375 377
375 720
375 749
375 852
375 908
376 379
376 429
376 434
376 934
376 935
376 958
377 379
377 540
377 575
377 630
377 695
377 704
377 709
377 842
378 410
378 518
378 542
378 543
378 548
378 549
378 550
378 591
378 640
378 661
378 706
378 862
378 995
379 488
379 667
379 688
379 698
379 733
379 735
379 819
379 904
380 562
380 608
380 834
380 921
381 382
381 383
381 385
381 388
381 458
381 468
381 622
381 789
382 383
382 385
382 388
382 389
382 390
382 418
382 501
382 691
382 706
382 732
382 789
382 825
382 968
383 385
383 388
383 389
383 390
383 412
383 466
383 597
383 630
383 676
383 689
383 724
383 743
383 755
383 789
383 827
383 839
384 598
384 731
384 732
384 733
384 736
384 737
384 738
384 739
384 740
384 766
385 388
385 389
385 390
385 428
385 498
385 561
385 754
385 957
386 511
386 512
386 515
386 516
386 517
386 519
386 520
386 597
386 646
386 650
386 689
386 892
387 397
387 417
387 430
387 436
387 449
387 523
387 614
387 711
387 734
387 742
387 755
387 864
387 900
387 903
387 967
388 390
388 413
388 610
388 705
388 731
388 741
388 874
388 953
388 984
389 390
389 413
389 557
389 624
389 665
389 722
389 789
389 904
390 413
390 517
390 698
390 710
390 789
390 865
390 983
391 393
391 394
391 398
391 403
391 494
391 522
391 700
391 788
391 883
391 982
391 993
392 402
392 468
392 746
392 862
392 864
392 928
393 433
393 494
393 559
393 863
393 981
393 982
394 398
394 494
394 643
394 871
395 412
395 440
395 489
395 669
395 770
395 931
395 991
395 993
395 995
395 997
395 1000
396 485
396 511
396 513
396 514
396 515
396 516
396 517
396 527
396 575
396 576
396 597
396 718
396 737
396 778
396 961
396 982
397 461
397 466
397 497
397 546
397 700
398 473
398 494
398 630
398 699
398 709
398 767
398 982
399 417
399 508
399 522
399 755
399 774
399 824
399 861
399 889
399 922
399 952
399 953
399 954
399 956
399 957
399 958
399 959
399 960
399 990
400 514
400 528
400 586
400 647
400 651
400 652
400 654
400 655
400 656
400 657
400 659
400 660
400 890
401 431
401 460
401 587
401 592
401 593
401 596
401 600
401 652
401 666
401 691
401 728
402 403
402 405
402 406
402 475
402 755
402 778
402 825
402 841
403 405
403 409
403 444
403 502
403 528
403 554
403 575
403 651
403 794
403 957
404 405
404 406
404 409
404 442
404 483
404 507
404 763
404 794
404 975
404 998
405 406
405 409
405 437
405 487
405 523
405 528
405 559
405 722
405 794
406 433
406 529
406 551
406 596
406 663
406 769
406 777
406 782
406 794
406 810
406 846
406 945
407 425
407 481
407 482
407 483
407 486
407 487
407 489
407 490
407 622
407 733
407 773
407 792
408 446
408 462
408 463
408 567
408 646
408 776
408 780
408 850
408 858
408 968
409 524
409 549
409 607
409 625
409 627
409 660
409 662
409 794
409 857
409 976
410 458
410 542
410 543
410 545
410 548
410 549
410 550
410 568
410 578
410 591
410 665
410 845
410 869
410 921
410 974
411 495
411 583
411 660
411 670
411 740
411 861
411 865
411 866
411 868
412 416
412 419
412 465
412 501
412 502
412 519
412 875
412 935
413 463
413 565
413 786
413 789
413 827
413 932
414 480
414 555
414 632
414 809
414 896
414 934
414 962
414 963
414 968
415 432
415 529
415 572
415 590
416 418
416 419
416 420
416 562
416 850
416 892
416 999
417 418
417 420
417 556
417 567
417 639
417 874
417 878
418 419
418 420
418 446
418 473
418 548
418 556
418 600
418 746
418 821
419 420
419 499
419 517
419 524
419 534
419 546
419 648
419 966
420 502
420 544
420 659
421 423
421 425
421 426
421 427
421 428
421 429
421 443
421 541
421 733
421 779
421 876
422 527
422 568
422 621
422 726
422 824
422 947
423 426
423 427
423 429
423 443
423 622
423 651
423 886
423 901
423 906
424 544
424 549
424 602
424 648
424 653
424 880
424 972
425 426
425 427
425 429
425 443
425 541
425 551
425 583
425 716
425 788
425 872
425 918
425 970
426 427
426 429
426 443
426 541
426 620
426 662
426 666
426 685
426 920
426 924
426 957
427 428
427 429
427 443
427 452
427 460
427 541
427 567
427 596
427 658
427 665
427 692
427 737
427 780
427 783
427 803
427 833
427 918
427 992
428 443
428 541
428 617
428 618
428 652
428 778
428 787
428 922
428 941
429 443
429 530
429 541
429 614
429 690
429 798
429 825
429 993
430 495
430 523
430 742
430 743
430 755
430 967
431 437
431 438
431 439
431 602
431 730
432 590
432 672
432 681
432 718
432 719
432 881
432 906
433 437
433 438
433 439
433 572
433 727
433 741
434 463
434 501
434 502
434 503
434 505
434 506
434 507
434 508
434 673
434 764
434 820
434 941
435 503
435 564
435 701
435 702
435 706
435 707
435 708
435 709
435 710
435 734
435 737
435 868
435 869
435 990
436 595
436 612
436 665
436 711
436 713
436 714
436 715
436 716
436 717
436 720
436 731
436 864
437 438
437 454
437 552
438 439
438 464
438 710
438 793
438 882
439 675
439 690
439 803
439 870
440 461
440 604
440 670
440 702
440 724
440 789
440 867
440 883
440 902
440 917
440 924
440 956
441 618
441 647
441 751
441 752
441 753
441 756
441 759
441 803
441 875
442 446
442 447
442 448
442 469
442 480
442 724
442 783
443 457
443 541
443 612
443 659
443 752
443 850
444 524
444 566
444 642
444 669
444 672
444 673
444 674
444 676
444 677
444 678
444 710
444 838
444 844
444 856
444 863
444 866
445 481
445 508
445 538
445 554
445 563
445 572
445 602
445 706
445 747
445 802
445 815
445 874
445 875
445 901
445 906
445 907
445 908
445 910
445 921
445 969
445 995
446 447
446 513
447 519
447 563
447 879
447 1000
448 472
448 743
448 772
448 789
449 620
449 632
449 688
449 738
449 753
449 872
449 873
449 875
449 876
449 877
449 879
449 880
449 883
450 473
450 502
450 531
450 532
450 534
450 536
450 537
450 539
450 540
450 693
450 799
450 866
450 893
450 903
450 904
451 470
451 584
451 603
451 682
451 748
451 752
451 781
451 783
451 786
451 787
451 790
451 812
451 830
452 466
452 497
452 563
452 761
452 901
452 939
452 947
452 998
453 457
453 458
453 465
453 521
453 607
453 615
453 642
453 688
453 693
453 801
453 926
453 973
454 460
454 577
454 580
454 599
454 607
454 772
454 821
454 822
454 823
454 824
454 825
454 827
454 829
454 893
454 915
455 458
455 511
455 577
455 647
455 971
456 476
456 664
456 781
456 806
456 845
457 458
457 465
457 521
457 559
457 595
457 614
457 633
457 642
457 899
457 903
458 465
458 521
458 614
458 642
458 671
458 751
458 806
458 827
458 870
459 488
459 616
459 777
459 828
459 833
459 834
459 835
459 836
459 840
459 944
460 470
460 614
460 914
460 981
460 986
460 987
460 988
460 989
460 990
461 491
461 498
461 543
461 698
461 700
461 801
461 817
461 862
461 947
462 463
462 469
462 470
462 513
462 527
462 645
462 656
462 926
462 950
462 971
462 988
463 535
463 552
464 577
464 603
464 618
464 680
464 703
464 710
464 715
464 717
464 806
464 844
464 892
465 498
465 521
465 614
465 642
465 755
466 484
466 656
466 694
466 875
467 484
467 556
467 659
467 673
467 676
467 738
467 803
467 832
467 880
468 620
468 654
468 676
468 746
468 779
468 783
468 837
468 839
468 887
468 910
468 987
469 472
469 581
469 711
469 727
469 737
469 744
469 825
469 915
469 950
469 989
469 995
470 565
470 737
470 846
470 920
471 472
471 474
471 475
471 477
471 478
471 479
471 481
471 498
471 722
471 734
471 760
471 780
471 862
472 474
472 475
472 478
472 480
472 490
472 538
472 601
472 624
472 644
472 689
472 709
472 745
472 862
472 895
473 553
473 555
473 556
473 557
473 559
473 576
473 658
473 659
473 833
473 953
473 955
473 957
474 475
474 477
474 478
474 479
474 480
474 507
474 551
474 689
474 846
474 862
474 883
475 479
475 560
475 704
475 745
475 798
475 941
476 581
476 603
476 751
476 868
476 895
476 945
476 986
477 478
477 479
477 480
477 532
477 569
477 623
477 635
477 668
477 672
477 862
477 881
478 479
478 862
478 879
478 902
478 924
479 480
479 628
479 673
479 691
479 853
479 862
479 902
479 927
480 555
480 560
480 680
480 822
480 839
480 856
480 976
480 987
481 483
481 486
481 488
481 508
481 622
481 682
481 792
481 846
481 865
481 955
482 484
482 486
482 487
482 488
482 489
482 490
482 549
482 622
482 792
482 833
482 979
482 998
483 484
483 486
483 489
483 490
483 609
483 622
483 756
483 765
483 941
484 486
484 487
484 488
484 490
484 614
484 622
484 652
484 703
484 776
484 816
484 889
484 922
484 938
485 497
485 500
485 511
485 512
485 513
485 515
485 516
485 517
485 519
485 520
485 597
485 703
485 718
485 781
485 878
485 883
485 961
485 979
485 1000
486 487
486 488
486 489
486 490
486 622
486 790
486 792
486 891
487 488
487 489
487 490
487 497
487 584
487 607
487 610
487 622
487 698
487 792
487 905
487 987
487 990
488 490
488 562
488 598
488 622
488 650
488 728
488 792
488 902
489 490
489 622
489 648
489 664
489 674
489 792
489 938
490 536
490 622
490 792
490 843
490 915
490 973
491 493
491 495
491 496
491 498
491 574
491 584
491 611
491 721
491 735
491 812
491 911
492 500
492 581
492 582
492 584
492 585
492 587
492 589
492 628
492 654
492 778
492 825
492 853
492 888
493 496
493 498
493 748
493 751
493 851
493 907
494 720
494 982
495 496
495 498
495 629
495 682
495 698
495 722
495 762
495 869
496 498
496 564
496 676
496 732
496 751
496 760
496 769
496 935
497 643
497 644
497 645
497 648
497 650
497 962
498 576
498 638
498 639
498 800
498 850
498 921
499 598
499 731
499 732
499 733
499 736
499 737
499 738
499 739
499 740
500 517
500 578
500 595
500 767
500 807
500 860
500 945
501 502
501 503
501 506
501 507
501 508
501 509
501 510
501 531
501 651
501 670
501 794
501 800
501 820
502 505
502 506
502 507
502 508
502 510
502 581
502 650
502 800
502 820
502 845
502 867
502 971
503 505
503 506
503 508
503 509
503 510
503 554
503 575
503 615
503 660
503 820
503 822
503 824
504 542
504 626
504 657
504 668
504 744
504 761
504 762
504 763
504 765
504 766
504 768
504 769
504 770
504 799
504 898
504 919
504 970
505 506
505 507
505 509
505 510
505 577
505 653
505 718
505 800
505 886
506 509
506 510
506 640
506 661
506 717
506 800
506 820
506 908
506 994
507 508
507 509
507 510
507 571
507 604
507 740
507 800
507 820
508 509
508 584
508 800
508 820
508 958
508 965
508 988
509 510
509 535
509 715
509 784
509 800
509 887
509 891
509 953
509 986
509 992
510 751
510 800
510 820
510 851
511 512
511 513
511 515
511 516
511 519
511 520
511 562
511 597
511 626
511 646
511 802
511 875
511 961
512 513
512 515
512 516
512 517
512 520
512 584
512 597
512 718
512 857
512 961
513 515
513 516
513 517
513 520
513 597
513 603
513 607
513 718
513 868
513 961
513 968
514 652
514 654
514 655
514 656
514 657
514 659
514 660
514 728
514 859
514 928
514 943
514 983
515 516
515 517
515 519
515 520
515 578
515 597
515 659
515 712
515 718
515 929
515 961
516 519
516 520
516 656
516 662
516 675
516 718
516 740
516 915
517 519
517 526
517 597
517 623
517 649
517 718
517 793
517 961
518 521
518 543
518 545
518 548
518 571
518 586
518 698
518 787
518 815
519 597
519 601
519 603
519 649
519 718
519 961
520 597
520 718
520 839
520 851
520 862
520 961
521 663
521 691
521 694
521 718
521 770
521 906
521 934
522 525
522 526
522 527
522 562
522 679
522 682
522 767
522 832
522 964
523 742
523 755
523 790
523 811
523 864
523 947
523 961
523 967
524 525
524 527
524 565
524 584
524 684
524 722
524 750
524 883
524 950
524 951
524 986
525 526
525 527
525 529
525 545
525 766
525 825
525 881
525 923
525 965
525 985
526 527
526 650
526 853
526 878
527 529
527 690
527 784
527 785
528 651
528 655
528 656
528 657
528 659
528 660
528 696
528 859
528 895
528 898
528 945
529 535
529 605
529 630
529 656
529 716
529 793
529 898
529 938
530 534
530 543
530 560
530 672
530 779
530 804
530 805
530 807
530 808
530 809
530 810
530 904
530 968
531 532
531 534
531 535
531 536
531 537
531 540
531 624
531 693
531 893
531 899
531 903
531 904
531 909
531 935
532 534
532 535
532 536
532 537
532 539
532 540
532 597
532 693
532 734
532 824
532 840
532 893
532 900
532 903
532 904
532 908
532 944
533 619
533 669
533 684
533 749
533 792
533 953
533 957
533 984
533 1000
534 535
534 536
534 537
534 539
534 621
534 693
534 759
534 841
534 893
534 903
534 918
535 536
535 537
535 539
535 540
535 693
535 706
535 719
535 797
535 903
535 919
536 537
536 539
536 540
536 625
536 672
536 675
536 739
536 792
536 814
536 893
536 903
536 912
537 539
537 540
537 693
537 813
537 893
537 903
537 904
538 637
538 774
538 888
538 986
539 540
539 558
539 564
539 662
539 893
539 995
540 613
540 652
540 693
540 740
540 807
540 893
540 903
540 904
541 542
541 764
541 866
541 911
541 916
541 941
542 543
542 545
542 548
542 549
542 679
542 815
542 867
542 931
542 988
543 545
543 549
543 558
543 591
543 923
543 949
544 552
544 668
544 674
544 815
544 982
545 548
545 549
545 550
545 558
545 591
545 815
545 880
545 909
546 678
546 785
546 792
546 931
546 932
546 933
546 935
546 936
546 938
546 939
546 946
547 560
547 581
547 582
547 585
547 588
547 589
547 623
547 677
547 685
547 700
547 742
547 875
548 549
548 591
548 815
548 933
549 568
549 591
549 770
549 815
549 905
549 944
550 591
550 682
550 689
550 712
550 815
550 942
550 964
551 566
551 578
551 602
551 619
551 663
551 704
551 871
551 966
551 967
552 553
552 555
552 556
552 557
552 558
552 559
552 658
552 824
552 939
552 955
553 555
553 556
553 557
553 558
553 559
553 658
553 939
553 955
554 704
554 724
554 756
554 759
554 791
554 793
554 795
554 796
554 798
554 973
555 556
555 557
555 558
555 559
555 655
555 657
555 838
555 955
556 557
556 559
556 878
556 937
556 939
557 558
557 559
557 561
557 574
557 641
557 718
557 955
558 559
558 576
558 618
558 658
558 669
558 690
558 706
558 745
558 848
558 856
558 937
558 955
559 604
559 658
559 688
559 735
559 737
559 779
559 955
560 584
560 692
560 701
560 705
560 707
560 729
560 750
560 895
561 564
561 565
561 566
561 567
561 570
561 856
561 911
562 564
562 565
562 566
562 570
562 575
562 628
562 672
562 804
562 816
563 658
563 784
563 798
563 820
564 565
564 566
564 567
564 640
564 641
564 693
564 904
564 968
565 567
565 569
565 570
565 842
565 903
565 941
566 567
566 635
566 672
566 679
566 703
566 816
566 865
566 920
567 570
567 633
567 819
567 894
568 582
568 617
568 742
568 770
568 778
568 786
568 825
568 926
569 599
569 658
569 721
569 723
569 724
569 725
569 727
569 728
569 730
569 767
569 772
569 824
569 989
570 581
570 660
570 678
570 704
570 975
570 997
571 573
571 574
571 575
571 576
571 578
571 579
571 580
571 922
571 971
571 979
571 999
572 593
572 615
572 662
572 693
572 732
572 882
572 945
573 574
573 575
573 576
573 580
573 784
573 790
573 818
573 973
573 979
573 989
573 999
574 575
574 576
574 579
574 764
574 875
574 979
574 984
574 985
574 999
575 576
575 578
575 579
575 580
575 706
575 813
575 829
575 979
576 579
576 580
576 830
576 889
576 979
576 999
577 698
577 744
577 811
577 813
577 816
577 817
577 818
577 819
577 850
577 943
577 964
578 579
578 580
578 593
578 979
578 999
579 580
579 979
579 999
580 583
580 676
580 821
580 979
581 582
581 584
581 585
581 587
581 588
581 589
581 697
581 776
581 781
581 847
581 894
581 914
582 584
582 587
582 589
582 653
582 748
582 763
582 830
582 919
582 966
583 719
583 780
583 861
583 865
583 867
583 868
583 870
583 957
584 589
584 675
584 742
584 865
584 897
584 915
584 928
585 587
585 588
585 601
585 718
585 857
585 904
585 970
586 657
586 856
587 589
587 686
587 719
587 773
587 842
587 926
587 930
587 989
588 589
588 635
588 671
588 926
588 939
589 741
589 856
590 645
590 817
590 867
590 891
591 701
591 741
591 776
591 815
591 829
591 902
592 593
592 594
592 596
592 599
592 600
592 604
592 658
592 750
592 839
592 873
592 966
593 594
593 596
593 599
593 671
593 677
593 844
594 596
594 599
594 600
594 887
595 657
595 702
595 711
595 712
595 713
595 715
595 716
595 717
595 720
595 866
596 599
596 600
596 810
596 922
596 985
596 995
597 667
597 686
597 718
597 768
597 900
597 961
598 731
598 733
598 736
598 738
598 905
598 951
598 978
599 600
599 673
599 880
600 630
600 667
600 691
600 841
600 975
601 661
601 662
601 664
601 665
601 667
601 668
601 670
601 705
601 761
601 811
601 972
602 604
602 605
602 606
602 608
602 610
602 709
602 740
602 845
602 980
603 660
603 848
603 919
603 946
603 955
604 605
604 606
604 607
604 608
604 609
604 688
604 711
604 845
604 855
605 606
605 608
605 609
605 610
605 688
605 692
605 805
605 845
605 887
605 973
606 607
606 608
606 609
606 639
606 688
606 782
606 868
606 928
607 608
607 609
607 610
607 665
607 688
607 786
607 790
607 844
608 610
608 688
608 720
608 785
608 845
608 949
608 959
609 610
609 670
609 679
609 845
609 964
610 667
610 688
610 845
611 612
611 613
611 615
611 618
611 619
611 620
611 810
611 964
611 985
612 613
612 616
612 618
612 619
612 620
612 927
612 957
613 615
613 616
613 618
613 620
613 687
613 708
613 931
614 622
614 642
614 744
614 869
614 942
614 975
615 616
615 618
615 619
615 909
615 985
616 618
616 619
616 620
616 624
616 848
616 931
617 662
617 674
617 766
617 967
618 619
618 620
618 957
619 620
619 667
619 751
619 815
620 627
620 653
621 623
621 624
621 625
621 626
621 629
621 630
621 690
621 755
621 782
621 910
621 923
621 929
622 820
622 964
623 624
623 626
623 627
623 630
623 690
623 814
623 902
623 923
624 625
624 626
624 629
624 630
624 638
624 690
624 714
624 875
624 902
624 910
624 923
625 627
625 629
625 630
625 690
625 735
625 781
625 902
625 923
625 940
625 991
626 627
626 629
626 681
626 690
626 774
626 902
626 923
626 937
626 963
627 629
627 630
627 663
627 690
627 771
627 839
627 902
627 923
627 973
628 651
628 688
628 722
628 762
628 799
628 863
628 891
628 904
629 690
629 794
629 836
629 864
629 902
629 947
630 639
630 665
630 690
630 692
630 724
630 856
630 881
630 884
630 896
630 902
630 923
631 634
631 636
631 639
631 641
631 675
631 928
632 705
632 708
632 723
632 739
632 751
632 872
632 873
632 876
632 877
632 878
632 879
632 880
632 917
632 979
633 689
633 694
634 635
634 636
634 638
634 639
634 640
634 641
634 675
634 686
634 780
634 790
634 903
634 934
635 637
635 639
635 641
635 675
635 779
635 831
635 846
635 891
635 909
636 637
636 638
636 639
636 641
636 675
636 701
637 638
637 639
637 641
637 675
637 765
637 772
638 640
638 641
638 675
638 926
639 640
639 641
639 675
639 816
640 643
640 675
640 768
640 873
641 656
641 663
641 675
641 703
641 728
641 775
641 808
641 982
642 719
642 993
643 644
643 645
643 646
643 649
643 737
643 785
643 858
643 967
644 645
644 646
644 648
644 649
644 650
644 703
644 760
644 784
644 808
645 646
645 648
645 649
645 650
645 699
645 720
645 783
645 815
645 915
646 648
646 649
646 650
646 701
646 718
646 937
647 689
647 715
647 751
647 752
647 757
647 759
647 776
647 839
647 891
648 650
649 712
649 727
649 845
650 721
650 989
651 652
651 654
651 656
651 659
651 660
651 736
652 654
652 655
652 656
652 660
652 772
652 794
652 859
652 961
652 983
653 787
653 799
653 837
653 878
653 940
654 655
654 657
654 659
654 756
654 783
654 977
654 983
655 656
655 657
655 659
655 660
655 713
655 742
655 776
655 859
656 659
656 812
656 841
656 859
657 659
657 660
657 788
657 859
657 925
657 973
657 983
658 716
658 734
658 889
658 955
659 660
659 679
659 701
659 719
659 742
659 859
659 880
659 933
659 983
660 848
660 897
660 941
660 983
661 662
661 663
661 665
661 666
661 667
661 668
661 670
661 863
661 909
661 992
662 663
662 664
662 665
662 667
662 668
662 670
662 771
662 797
662 946
663 665
663 667
663 668
663 670
663 732
663 945
664 665
664 666
664 667
664 668
664 670
664 719
664 835
665 666
665 667
665 668
665 670
665 736
665 953
666 667
666 668
666 670
666 710
666 791
666 807
666 808
666 894
666 961
666 964
667 668
667 670
667 752
667 810
668 670
668 732
668 759
668 906
668 975
669 672
669 673
669 674
669 676
669 678
669 738
669 856
669 863
669 871
669 973
670 702
670 875
670 970
671 750
671 763
671 774
671 884
671 892
671 922
671 930
671 966
672 674
672 677
672 678
672 679
672 690
672 696
672 856
672 863
672 871
673 674
673 676
673 677
673 678
673 679
673 684
673 700
673 808
673 856
673 863
673 871
674 676
674 677
674 678
674 679
674 735
674 790
674 825
674 855
674 863
674 871
675 705
675 795
675 829
675 977
675 999
676 677
676 678
676 679
676 704
676 746
676 834
676 856
676 860
676 863
677 679
677 750
677 786
677 856
677 863
677 871
677 942
678 706
678 804
678 870
678 871
678 882
678 997
679 698
679 856
679 871
679 928
679 956
680 747
680 806
681 682
681 683
681 684
681 685
681 686
681 689
681 737
681 775
681 840
681 850
681 966
682 683
682 684
682 685
682 686
682 689
682 759
682 816
682 850
683 684
683 685
683 689
683 703
683 735
683 943
684 685
684 686
684 689
684 809
684 850
684 886
684 909
685 686
685 689
685 852
686 689
686 822
686 836
686 850
686 952
687 740
687 767
687 769
687 775
687 841
687 847
687 912
687 982
687 987
687 997
688 804
688 845
688 902
688 982
689 756
689 868
689 911
690 743
690 780
690 834
690 847
690 905
690 923
690 999
691 694
691 696
691 697
691 698
691 699
691 905
691 949
692 832
692 852
692 854
692 855
692 858
692 860
693 718
693 893
693 903
693 904
694 696
694 697
694 698
694 892
694 949
695 705
695 828
695 937
696 697
696 698
696 699
696 704
696 831
696 866
696 949
697 699
697 764
697 779
697 831
697 878
697 880
697 897
697 949
697 959
698 831
698 859
698 868
699 831
699 917
699 949
700 730
700 747
700 875
700 913
701 704
701 705
701 706
701 707
701 708
701 709
701 710
701 760
701 898
701 985
701 1000
702 704
702 705
702 706
702 707
702 708
702 709
702 710
702 723
702 803
702 919
703 729
703 734
703 757
703 811
703 869
703 874
703 924
703 954
704 705
704 706
704 708
704 709
704 785
704 786
704 926
704 943
704 949
705 707
705 709
705 710
705 796
705 856
705 949
706 707
706 710
706 729
706 769
706 884
707 708
707 709
707 710
707 800
707 886
707 918
708 709
708 718
708 738
708 778
708 890
709 710
709 740
709 902
709 917
709 938
710 900
710 906
711 713
711 714
711 715
711 716
711 717
711 720
711 777
711 848
712 713
712 714
712 715
712 716
712 717
712 720
712 977
713 714
713 715
713 717
713 720
713 777
713 787
713 848
713 903
714 715
714 716
714 720
714 821
714 848
714 880
714 985
714 992
715 716
715 717
715 720
715 817
715 848
715 895
715 925
716 717
716 720
716 770
716 848
717 720
717 760
717 786
717 848
717 849
718 773
718 775
718 961
719 727
719 819
719 827
720 848
720 903
720 913
721 723
721 725
721 727
721 730
721 782
722 787
722 819
723 724
723 725
723 727
723 728
723 730
723 782
724 725
724 727
724 728
724 730
724 778
724 782
724 802
724 866
725 728
725 730
725 782
725 805
725 814
725 897
725 956
725 995
726 738
727 730
727 758
727 782
727 873
727 911
727 997
728 730
728 782
728 785
728 891
729 874
729 881
729 896
729 991
730 776
731 732
731 733
731 736
731 737
731 738
731 739
731 740
731 776
731 800
731 818
731 923
732 733
732 736
732 737
732 738
732 739
732 740
732 829
732 862
733 736
733 737
733 738
733 739
733 740
733 777
733 874
734 750
734 751
734 770
734 808
734 842
734 869
735 819
735 824
736 737
736 738
736 739
736 740
736 760
736 985
737 739
737 740
737 842
737 892
737 976
738 740
738 838
738 906
738 972
739 755
739 757
739 826
739 943
739 969
739 983
740 839
741 743
741 744
741 750
741 778
742 755
742 864
742 967
743 744
743 745
743 778
743 845
743 891
743 893
744 745
744 750
744 778
744 853
745 750
745 778
745 856
745 982
747 806
747 828
747 974
748 922
748 966
749 841
749 858
750 778
750 902
750 958
751 752
751 753
751 754
751 756
751 757
751 758
751 767
751 810
751 811
751 828
751 839
752 753
752 754
752 756
752 758
752 759
752 775
752 839
752 929
753 754
753 756
753 757
753 765
753 793
753 839
753 977
754 756
754 757
754 758
754 759
754 805
754 808
754 839
755 767
755 864
755 967
756 757
756 759
756 810
756 839
756 883
756 900
756 912
757 759
757 839
757 950
757 1000
758 759
758 788
758 839
758 857
758 902
759 774
759 828
759 839
759 998
760 761
760 763
760 764
760 765
760 766
760 768
760 769
760 770
760 799
760 881
760 905
760 919
760 970
761 763
761 769
761 770
761 919
762 763
762 764
762 765
762 768
762 769
762 775
762 783
762 799
762 919
762 939
762 970
763 764
763 765
763 766
763 768
763 769
763 770
763 799
763 859
763 919
763 964
763 970
764 768
764 769
764 770
764 799
764 969
764 970
765 766
765 768
765 769
765 770
765 799
765 815
765 919
765 970
766 768
766 769
766 770
766 799
766 871
766 919
767 841
767 842
767 846
767 847
767 849
767 912
767 941
768 769
768 770
768 800
768 883
768 918
768 919
768 933
769 770
769 835
769 919
769 970
770 799
770 814
770 881
770 919
770 970
771 773
771 776
771 984
772 824
772 827
772 829
772 842
772 928
772 963
772 994
773 774
773 776
773 780
773 865
773 984
774 775
774 779
774 780
774 945
774 984
775 776
775 780
775 849
775 911
775 975
775 984
776 779
776 780
776 920
776 955
777 828
777 834
777 836
777 840
777 905
777 950
778 824
778 987
779 806
779 889
779 984
779 1000
780 833
780 984
781 783
781 784
781 786
781 787
781 788
781 790
781 830
781 851
781 943
781 945
782 955
783 786
783 787
783 788
783 790
783 830
783 882
784 786
784 787
784 788
784 790
784 830
784 913
785 932
785 933
785 936
785 937
785 938
785 939
786 787
786 788
786 790
786 830
786 996
787 790
787 823
787 830
787 867
787 872
787 919
787 993
788 790
788 830
788 916
788 946
789 907
789 908
790 830
790 836
791 793
791 795
791 796
791 798
791 838
791 983
792 826
792 942
793 796
793 798
793 845
793 892
793 979
793 988
794 901
795 796
795 798
795 886
795 904
795 931
796 798
796 864
797 853
797 923
797 972
798 831
798 910
798 965
798 967
798 970
799 909
799 919
799 939
799 970
800 804
800 820
800 995
801 802
801 805
801 807
801 808
801 810
801 811
801 877
801 936
801 971
802 805
802 807
802 809
802 810
802 889
803 894
803 900
803 923
803 938
803 942
804 805
804 807
804 808
804 822
804 977
805 807
805 809
805 810
805 820
805 999
806 838
806 944
807 809
807 819
807 907
807 937
808 809
808 810
808 983
809 915
809 941
811 813
811 817
811 818
811 819
811 999
812 861
812 865
812 866
812 867
812 868
812 870
813 816
813 817
813 818
813 819
813 857
814 826
814 835
814 881
814 882
814 885
814 886
814 887
814 889
814 890
815 895
815 950
815 954
816 886
816 902
816 924
817 818
817 845
817 954
818 819
818 838
818 929
819 892
819 997
821 822
821 823
821 824
821 825
821 827
821 906
822 823
822 824
822 825
822 827
822 829
822 868
822 977
823 824
823 827
823 829
823 989
824 825
824 827
824 829
824 844
824 873
824 941
824 972
825 827
825 829
826 881
826 882
826 884
826 885
826 886
826 887
826 889
826 963
827 829
827 843
828 833
828 834
828 835
828 836
828 838
828 840
828 922
828 931
828 964
828 997
830 854
830 966
831 923
831 949
831 953
832 852
832 854
832 858
832 860
832 904
832 962
832 976
832 982
832 989
833 834
833 835
833 836
833 838
833 893
834 835
834 836
834 838
834 840
834 856
834 919
834 925
834 978
835 836
835 838
836 840
836 904
836 988
836 989
837 978
838 840
838 865
841 842
841 843
841 844
841 847
841 849
841 855
841 856
841 909
841 938
842 843
842 844
842 846
842 847
842 849
842 912
843 844
843 846
843 847
843 849
843 870
843 881
843 912
844 847
844 912
844 977
845 852
845 908
846 847
846 849
846 912
847 849
847 912
847 936
848 863
848 927
848 931
849 912
849 919
849 949
849 987
850 897
852 854
852 855
852 857
852 858
852 860
852 976
852 995
853 903
853 906
854 855
854 857
854 858
854 860
854 923
854 976
855 857
855 976
856 868
856 908
856 944
857 858
857 860
857 889
858 976
859 923
859 983
859 984
860 976
861 866
861 867
863 871
864 929
864 951
864 967
865 866
865 867
865 870
865 984
865 999
866 867
866 870
867 868
867 870
867 873
868 869
868 870
869 878
869 989
870 909
870 978
870 982
872 873
872 874
872 875
872 879
872 880
872 883
872 930
873 874
873 875
873 877
873 878
873 879
873 880
873 883
873 924
873 939
873 959
874 875
874 876
874 877
874 878
874 879
874 880
874 883
874 989
875 876
875 877
875 879
875 880
876 878
876 883
876 939
877 878
877 880
877 974
877 991
878 880
878 883
878 899
879 880
879 883
880 883
881 882
881 884
881 886
881 887
881 888
881 889
881 890
881 900
882 884
882 885
882 887
882 890
882 945
884 885
884 886
884 887
884 889
884 890
884 930
884 933
884 936
885 886
885 888
885 890
886 887
886 888
886 889
886 890
886 952
887 888
887 889
887 890
887 990
887 994
888 889
888 890
889 890
890 920
890 989
891 894
891 895
891 896
891 897
891 898
891 900
892 894
892 896
892 897
892 898
892 899
892 900
892 901
893 903
893 973
894 895
894 896
894 897
894 898
894 900
894 906
894 947
894 979
894 983
895 896
895 898
895 900
895 965
896 897
896 898
896 900
897 898
897 900
898 900
898 966
898 975
898 995
899 901
899 955
899 957
899 981
901 906
901 907
901 908
901 910
901 928
902 923
902 938
903 904
904 927
905 971
906 908
906 927
906 984
907 908
907 911
907 956
907 969
908 969
908 980
909 912
909 936
909 942
909 943
909 945
909 946
909 947
909 948
910 969
911 941
911 997
913 914
913 915
913 916
913 918
913 920
914 915
914 916
914 918
914 920
914 934
915 918
915 920
916 920
916 950
917 924
917 996
918 920
918 933
919 967
919 970
921 925
921 926
922 940
922 966
923 931
923 934
924 943
924 996
925 926
925 928
925 929
925 930
925 932
925 947
925 957
926 927
926 928
926 929
926 930
927 928
928 929
928 930
929 930
929 963
929 997
931 932
931 933
931 936
931 937
931 938
931 939
931 940
932 933
932 935
932 936
932 937
932 938
932 939
932 940
932 941
933 935
933 936
933 937
933 939
933 940
933 948
934 962
934 963
934 964
934 968
935 936
935 937
935 938
935 939
935 940
936 937
936 939
936 940
936 981
936 1000
937 938
937 939
937 940
937 993
938 939
938 940
939 940
940 968
940 999
941 986
942 943
942 944
942 945
942 946
942 948
943 944
943 945
943 946
943 947
943 948
944 945
944 948
945 946
945 947
945 948
945 963
946 947
951 956
951 957
951 958
951 959
951 967
952 953
952 954
952 956
952 957
952 958
952 960
952 997
953 954
953 956
953 957
953 958
953 959
954 956
954 958
954 959
954 960
954 976
955 974
956 957
956 960
956 995
957 958
957 959
957 960
957 983
958 960
959 960
959 1000
961 994
962 963
962 964
962 965
962 968
963 964
963 965
963 968
964 965
964 968
965 968
965 984
971 973
971 974
971 975
971 977
971 978
971 980
972 973
972 974
972 975
972 977
972 978
972 980
973 974
973 977
973 978
973 980
974 975
974 977
974 978
974 980
975 977
975 978
975 980
977 978
978 980
978 996
978 998
979 999
981 985
981 988
981 989
981 990
984 986
985 986
985 987
985 988
985 989
986 987
986 989
986 990
987 988
987 989
988 989
988 990
989 990
991 992
991 993
991 994
991 995
991 997
991 998
991 1000
992 993
992 994
992 997
992 1000
993 994
993 997
993 998
994 995
994 997
994 998
994 1000
995 997
995 998
995 1000
997 998
997 1000
998 1000
