1000 8912
1 2
1 3
1 5
1 9
1 59
1 233
1 239
1 294
1 373
1 445
1 459
1 506
1 728
1 803
1 821
1 859
1 870
1 968
1 984
1 993
2 3
2 6
2 7
2 8
2 9
2 70
2 119
2 373
2 389
2 529
2 572
2 580
2 604
2 688
2 694
2 761
2 860
2 959
2 968
2 984
3 5
3 8
3 9
3 39
3 57
3 165
3 263
3 280
3 331
3 373
3 375
3 414
3 441
3 453
3 477
3 604
3 641
3 708
3 721
3 750
3 857
3 905
3 953
3 984
4 181
4 219
4 232
4 237
4 301
4 302
4 304
4 307
4 308
4 309
4 380
4 473
4 475
4 499
4 524
4 559
4 687
4 691
4 981
5 6
5 7
5 8
5 9
5 15
5 115
5 141
5 172
5 219
5 239
5 373
5 414
5 554
5 604
5 694
5 718
5 778
5 863
5 968
5 984
6 7
6 8
6 9
6 120
6 145
6 241
6 243
6 244
6 323
6 373
6 429
6 573
6 604
6 712
6 883
6 894
6 966
6 968
6 984
6 991
7 16
7 99
7 202
7 285
7 373
7 427
7 537
7 604
7 674
7 695
7 696
7 718
7 725
7 968
8 9
8 323
8 350
8 373
8 544
8 578
8 600
8 604
8 741
8 785
8 968
8 984
9 60
9 232
9 373
9 555
9 587
9 604
9 696
9 856
9 902
9 909
9 915
9 984
10 42
10 91
10 188
10 245
10 299
10 384
10 455
10 479
10 541
10 635
10 636
10 637
10 638
10 640
10 771
11 13
11 17
11 18
11 19
11 20
11 39
11 133
11 183
11 198
11 292
11 430
11 580
11 581
11 758
11 911
12 46
12 49
12 178
12 192
12 224
12 255
12 448
12 460
12 674
12 699
12 725
12 747
12 779
12 844
12 865
12 933
12 934
12 935
12 937
12 938
12 940
12 992
13 17
13 18
13 20
13 53
13 59
13 83
13 133
13 198
13 290
13 533
13 630
13 833
13 864
13 901
14 22
14 32
14 148
14 163
14 164
14 221
14 222
14 223
14 228
14 316
14 351
14 493
14 494
14 553
14 586
14 596
14 630
14 646
14 658
14 920
15 49
15 118
15 167
15 229
15 248
15 268
15 337
15 372
15 409
15 445
15 611
15 681
15 682
15 684
15 685
15 686
15 687
15 688
15 689
15 699
15 781
15 824
15 890
16 19
16 52
16 53
16 55
16 56
16 58
16 59
16 146
16 215
16 247
16 268
16 463
16 477
16 508
16 509
16 599
16 618
16 663
16 675
16 692
16 795
17 19
17 20
17 102
17 133
17 198
17 304
17 335
17 444
17 513
17 530
17 541
17 546
17 588
17 816
17 827
17 854
17 877
18 19
18 26
18 44
18 130
18 133
18 198
18 237
18 283
18 294
18 460
18 533
18 614
18 776
18 861
18 967
19 20
19 133
19 198
19 537
19 579
20 54
20 101
20 133
20 154
20 198
20 350
20 591
20 637
20 640
20 655
20 680
20 734
20 774
20 856
20 861
20 901
20 939
20 981
21 23
21 25
21 26
21 27
21 30
21 85
21 101
21 163
21 465
21 504
21 561
21 592
21 735
21 741
21 834
21 868
21 912
21 938
21 940
22 24
22 28
22 29
22 30
22 184
22 281
22 337
22 411
22 423
22 441
22 442
22 635
22 742
22 868
22 912
23 24
23 25
23 26
23 27
23 29
23 181
23 275
23 407
23 409
23 443
23 471
23 496
23 673
23 701
23 741
23 785
23 870
23 879
23 912
24 25
24 26
24 27
24 28
24 30
24 75
24 178
24 251
24 320
24 344
24 452
24 492
24 519
24 627
24 647
24 719
24 737
24 741
24 894
24 912
25 26
25 27
25 28
25 29
25 44
25 93
25 209
25 360
25 382
25 409
25 419
25 429
25 625
25 740
25 741
25 828
25 846
25 868
25 890
25 912
25 969
26 27
26 28
26 29
26 30
26 81
26 115
26 521
26 654
26 708
26 741
26 778
26 868
26 888
26 912
27 28
27 29
27 30
27 171
27 172
27 203
27 222
27 230
27 281
27 325
27 483
27 549
27 573
27 619
27 628
27 741
27 854
27 868
27 912
27 919
27 931
28 29
28 30
28 103
28 259
28 279
28 406
28 427
28 741
28 744
28 778
28 797
28 912
28 940
29 30
29 38
29 103
29 185
29 187
29 531
29 559
29 612
29 722
29 741
29 789
29 794
29 868
29 912
29 971
29 973
29 982
30 162
30 198
30 246
30 673
30 738
30 868
30 912
30 995
31 34
31 35
31 37
31 38
31 39
31 134
31 213
31 224
31 243
31 360
31 373
31 449
31 533
31 768
31 811
31 896
31 971
32 174
32 198
32 221
32 225
32 230
32 259
32 265
32 270
32 309
32 492
32 494
32 496
32 568
32 586
32 869
32 889
32 972
33 41
33 91
33 128
33 200
33 226
33 227
33 249
33 254
33 255
33 256
33 257
33 258
33 345
33 420
33 579
33 630
33 679
33 716
33 721
33 725
33 844
34 35
34 37
34 39
34 148
34 176
34 197
34 213
34 348
34 390
34 527
34 634
34 647
34 669
34 766
34 845
34 925
35 37
35 38
35 39
35 144
35 193
35 198
35 213
35 351
35 404
35 449
35 485
35 513
35 555
35 899
36 85
36 103
36 104
36 105
36 106
36 107
36 109
36 110
36 265
36 483
36 619
36 718
36 938
36 971
36 978
36 999
37 39
37 51
37 194
37 213
37 291
37 309
37 449
37 451
37 463
37 490
37 537
37 553
37 684
37 850
37 864
37 997
38 39
38 108
38 120
38 213
38 227
38 253
38 327
38 373
38 382
38 422
38 449
38 620
38 761
38 848
38 850
38 887
38 889
38 981
39 99
39 111
39 115
39 213
39 390
39 449
39 522
39 549
39 650
39 704
39 775
39 872
39 874
39 888
40 127
40 354
40 355
40 356
40 358
40 360
40 379
40 394
40 407
40 569
40 672
40 967
41 79
41 81
41 83
41 85
41 86
41 90
41 101
41 146
41 178
41 251
41 273
41 275
41 340
41 375
41 383
41 397
41 489
41 595
41 629
41 727
41 790
41 886
41 888
41 997
42 133
42 167
42 273
42 452
42 474
42 562
42 566
42 636
42 637
42 638
42 639
42 640
42 748
42 771
42 832
42 843
42 854
42 960
43 44
43 46
43 48
43 49
43 50
43 51
43 145
43 356
43 362
43 384
43 460
43 517
43 665
43 786
44 46
44 48
44 49
44 135
44 139
44 193
44 473
44 498
44 608
44 666
44 795
44 866
44 976
45 55
45 79
45 82
45 118
45 123
45 124
45 126
45 141
45 142
45 146
45 148
45 225
45 388
45 409
45 556
45 577
45 692
45 697
45 741
45 773
45 802
46 48
46 50
46 521
46 574
46 827
46 858
47 57
47 184
47 309
47 388
47 521
47 523
47 526
47 527
47 528
47 602
47 621
47 659
47 728
47 793
47 827
48 49
48 50
48 104
48 315
48 392
48 497
48 535
48 553
48 635
48 700
48 785
48 905
49 50
49 266
49 629
49 639
49 954
50 126
50 473
50 550
50 604
50 614
50 617
50 789
50 816
50 852
50 950
51 79
51 215
51 276
51 281
51 282
51 592
51 593
51 594
51 596
51 600
51 668
51 740
51 832
51 877
51 878
52 53
52 56
52 58
52 59
52 60
52 65
52 201
52 423
52 509
52 568
52 579
52 675
52 803
52 821
52 823
52 851
52 878
52 969
53 56
53 58
53 60
53 98
53 159
53 160
53 341
53 413
53 509
53 642
53 675
53 684
53 705
53 928
53 950
54 106
54 133
54 252
54 428
54 459
54 515
54 552
54 563
54 677
54 744
54 871
54 872
54 873
54 876
54 879
55 56
55 58
55 59
55 60
55 92
55 182
55 183
55 189
55 211
55 238
55 427
55 508
55 509
55 530
55 618
55 730
55 766
55 831
55 973
56 58
56 59
56 60
56 153
56 395
56 423
56 503
56 508
56 618
56 675
56 689
56 875
57 83
57 97
57 148
57 438
57 502
57 503
57 505
57 506
57 507
57 632
57 774
57 821
57 887
57 891
57 986
58 59
58 60
58 97
58 231
58 332
58 411
58 415
58 426
58 458
58 502
58 508
58 558
58 568
58 618
58 626
58 646
58 675
58 941
59 60
59 111
59 115
59 144
59 148
59 153
59 261
59 280
59 371
59 376
59 505
59 508
59 568
59 618
59 660
59 675
59 704
59 707
60 136
60 341
60 508
60 509
60 535
60 547
60 568
60 611
60 618
60 675
60 768
61 62
61 63
61 64
61 65
61 66
61 67
61 69
61 359
61 591
61 704
61 753
61 806
61 842
61 949
62 63
62 64
62 65
62 66
62 67
62 69
62 108
62 539
62 591
62 692
62 704
62 711
62 777
62 806
62 878
62 890
62 994
63 64
63 65
63 67
63 69
63 78
63 108
63 151
63 216
63 293
63 467
63 491
63 554
63 591
63 704
63 776
63 804
63 857
64 65
64 67
64 108
64 381
64 438
64 510
64 591
64 631
64 678
64 704
64 757
64 927
65 66
65 69
65 102
65 158
65 178
65 271
65 419
65 591
65 681
65 704
65 729
65 804
65 806
65 900
65 907
65 991
65 996
66 69
66 108
66 112
66 155
66 204
66 248
66 291
66 359
66 374
66 458
66 522
66 591
66 645
66 704
66 767
66 806
66 889
66 898
66 947
66 963
66 964
66 974
67 69
67 108
67 192
67 319
67 327
67 440
67 450
67 508
67 562
67 591
67 636
67 704
67 806
67 827
67 877
67 947
67 978
68 77
68 98
68 357
68 387
68 592
68 632
68 665
68 693
68 701
68 814
68 823
68 833
68 881
68 882
68 885
68 887
68 888
68 889
68 890
68 893
68 984
69 99
69 370
69 452
69 464
69 591
69 692
69 704
69 806
69 833
69 883
69 970
70 172
70 223
70 233
70 381
70 382
70 384
70 385
70 386
70 389
70 390
70 562
70 636
70 660
70 779
70 822
70 870
70 909
71 73
71 75
71 78
71 79
71 215
71 266
71 299
71 404
71 452
71 560
71 626
71 847
72 117
72 271
72 273
72 274
72 275
72 276
72 277
72 278
72 280
72 317
72 478
72 514
72 559
72 874
72 879
72 922
72 990
72 992
73 75
73 79
73 191
73 429
73 535
73 588
73 589
73 754
73 831
73 847
73 1000
74 128
74 132
74 194
74 341
74 344
74 345
74 346
74 347
74 348
74 349
74 386
74 418
74 442
74 553
74 644
74 669
74 732
74 733
74 789
74 830
74 864
75 78
75 191
75 330
75 362
75 377
75 421
75 548
75 602
75 672
75 847
75 851
75 902
76 88
76 108
76 155
76 237
76 279
76 537
76 572
76 573
76 574
76 575
76 576
76 577
76 578
76 580
76 588
76 596
76 603
76 672
76 758
76 820
76 823
77 162
77 269
77 321
77 332
77 352
77 445
77 614
77 761
77 811
77 812
77 813
77 814
77 816
77 817
77 818
77 819
77 820
77 825
77 997
78 79
78 115
78 167
78 191
78 233
78 242
78 376
78 456
78 560
78 573
78 575
78 584
78 601
78 777
78 826
78 847
78 921
79 191
79 254
79 296
79 395
79 566
79 705
79 847
79 972
79 990
80 136
80 205
80 395
80 432
80 465
80 581
80 684
80 732
80 785
80 872
80 886
80 905
80 911
80 913
80 914
80 915
80 917
80 918
80 919
80 920
81 85
81 87
81 89
81 90
81 125
81 211
81 251
81 297
81 383
81 572
81 592
81 632
81 755
81 790
81 795
81 935
82 133
82 189
82 196
82 267
82 338
82 375
82 413
82 415
82 479
82 525
82 992
82 993
82 994
82 996
82 998
83 89
83 90
83 125
83 251
83 258
83 383
83 447
83 777
83 790
83 795
83 826
83 841
83 863
83 886
83 993
84 317
84 342
84 351
84 454
84 571
84 694
84 700
84 717
84 761
84 763
84 764
84 765
84 766
84 768
84 769
84 770
84 785
84 813
84 877
84 984
85 86
85 89
85 90
85 125
85 178
85 251
85 383
85 399
85 602
85 692
85 699
85 795
85 886
85 959
86 87
86 89
86 90
86 125
86 174
86 192
86 251
86 271
86 321
86 383
86 609
86 628
86 795
86 805
86 886
86 951
87 89
87 90
87 123
87 125
87 251
87 354
87 411
87 583
87 594
87 598
87 669
87 696
87 744
87 769
87 795
87 886
87 903
87 921
88 91
88 92
88 300
88 309
88 326
88 361
88 362
88 364
88 365
88 366
88 367
88 369
88 370
88 543
88 622
88 700
88 710
88 765
88 896
88 988
89 90
89 111
89 125
89 248
89 251
89 326
89 383
89 393
89 431
89 450
89 459
89 520
89 567
89 600
89 696
89 790
89 852
89 886
90 125
90 156
90 239
90 251
90 264
90 265
90 312
90 326
90 375
90 383
90 405
90 532
90 690
90 790
90 795
90 800
90 886
90 913
90 935
91 203
91 224
91 489
91 493
91 635
91 636
91 637
91 638
91 639
91 640
91 771
91 846
92 252
92 307
92 308
92 326
92 362
92 364
92 365
92 366
92 367
92 370
92 489
92 574
92 710
92 799
92 901
92 988
93 95
93 96
93 98
93 100
93 222
93 264
93 479
93 674
93 760
93 932
93 941
93 993
94 95
94 96
94 98
94 100
94 182
94 229
94 299
94 387
94 437
94 503
94 597
94 709
94 932
94 970
95 100
95 107
95 175
95 248
95 364
95 375
95 444
95 470
95 702
95 932
95 957
96 98
96 100
96 244
96 251
96 258
96 417
96 719
96 820
96 835
96 903
96 932
96 935
96 945
96 971
97 194
97 267
97 270
97 295
97 338
97 399
97 406
97 420
97 449
97 482
97 485
97 487
97 489
97 532
97 806
97 886
97 980
98 388
98 582
98 684
98 741
98 768
99 260
99 261
99 265
99 266
99 267
99 268
99 269
99 270
99 327
99 373
99 410
99 439
99 500
99 836
99 874
100 290
100 349
100 368
100 383
100 493
100 547
100 642
100 681
100 923
100 932
100 982
101 151
101 157
101 159
101 160
101 252
101 377
101 455
101 550
101 709
101 859
101 958
102 115
102 127
102 213
102 331
102 433
102 435
102 436
102 437
102 438
102 440
102 565
102 660
102 748
102 800
103 104
103 105
103 106
103 107
103 109
103 110
103 136
103 145
103 162
103 194
103 203
103 483
103 622
103 685
103 707
103 718
103 805
103 889
103 947
103 955
103 999
104 105
104 107
104 109
104 209
104 240
104 248
104 389
104 481
104 483
104 646
104 649
104 710
104 718
104 999
105 106
105 110
105 196
105 298
105 304
105 316
105 453
105 718
105 802
105 805
105 857
105 975
105 979
105 999
106 110
106 186
106 311
106 407
106 442
106 483
106 608
106 645
106 805
106 999
107 109
107 110
107 112
107 156
107 166
107 186
107 283
107 456
107 483
107 498
107 518
107 579
107 709
107 710
107 718
107 728
107 748
107 805
107 855
107 862
107 999
108 172
108 234
108 297
108 334
108 440
108 540
108 591
108 806
108 978
109 110
109 188
109 448
109 475
109 478
109 483
109 487
109 528
109 601
109 649
109 718
109 805
109 900
109 997
109 999
110 252
110 313
110 471
110 483
110 503
110 542
110 796
110 805
110 845
110 855
110 999
111 112
111 113
111 116
111 117
111 119
111 120
111 137
111 169
111 252
111 284
111 469
111 547
111 548
111 565
111 596
111 677
111 685
111 719
111 739
111 761
111 764
111 869
111 970
112 113
112 114
112 116
112 117
112 119
112 120
112 121
112 137
112 222
112 246
112 276
112 469
112 666
112 706
112 719
112 728
112 769
112 994
113 114
113 116
113 117
113 119
113 120
113 137
113 149
113 187
113 238
113 340
113 437
113 469
113 621
113 672
113 721
113 860
114 120
114 137
114 139
114 198
114 205
114 321
114 353
114 374
114 417
114 449
114 469
114 593
114 719
114 799
114 884
115 127
115 197
115 418
115 433
115 434
115 435
115 436
115 437
115 438
115 440
115 650
115 748
115 774
115 788
115 789
115 834
115 900
115 912
115 930
116 117
116 119
116 120
116 137
116 151
116 284
116 372
116 866
116 869
116 904
116 939
116 947
117 119
117 120
117 204
117 274
117 284
117 307
117 324
117 469
117 525
117 546
117 618
117 687
117 719
117 772
117 921
117 974
118 202
118 350
118 421
118 422
118 436
118 441
118 443
118 446
118 450
118 632
118 635
118 639
118 697
118 791
118 902
119 120
119 137
119 221
119 240
119 284
119 306
119 416
119 469
119 501
119 694
119 714
119 719
119 744
119 774
119 831
119 851
120 137
120 152
120 284
120 303
120 402
120 430
120 469
120 502
120 608
120 662
120 700
120 719
120 759
120 778
120 871
121 122
121 123
121 124
121 126
121 128
121 129
121 207
121 240
121 269
121 446
121 472
121 558
121 634
121 717
121 957
121 970
121 977
122 123
122 124
122 126
122 128
122 129
122 152
122 218
122 531
122 548
122 634
122 679
122 755
122 836
122 924
122 973
122 977
123 124
123 126
123 128
123 129
123 160
123 201
123 234
123 416
123 460
123 480
123 485
123 540
123 558
123 600
123 602
123 634
123 800
123 905
124 126
124 128
124 129
124 135
124 159
124 204
124 253
124 367
124 423
124 431
124 452
124 479
124 634
124 754
124 977
125 157
125 189
125 251
125 383
125 700
125 790
125 795
125 821
125 828
125 868
125 948
125 996
126 128
126 129
126 150
126 251
126 405
126 514
126 532
126 634
126 661
126 906
126 954
126 977
126 997
127 196
127 434
127 436
127 437
127 438
127 440
127 568
127 664
127 713
127 748
127 788
127 983
128 129
128 149
128 242
128 267
128 313
128 333
128 581
128 615
128 617
128 790
128 859
128 900
129 456
129 486
129 496
129 606
129 634
129 693
129 855
129 977
130 158
130 179
130 200
130 270
130 308
130 335
130 340
130 365
130 401
130 491
130 522
130 699
130 739
130 751
130 771
130 788
130 796
130 805
130 821
130 822
130 823
130 824
130 825
130 826
130 828
130 829
131 132
131 134
131 135
131 136
131 139
131 140
131 217
131 294
131 297
131 463
131 550
131 566
131 641
131 729
131 822
131 944
131 974
131 975
131 985
132 135
132 139
132 140
132 160
132 171
132 220
132 308
132 323
132 327
132 336
132 391
132 466
132 974
133 198
133 217
133 259
133 344
133 384
133 443
133 595
133 617
133 824
133 841
133 891
134 135
134 136
134 138
134 139
134 140
134 146
134 166
134 225
134 289
134 463
134 530
134 564
134 613
134 760
134 763
134 974
135 136
135 139
135 140
135 238
135 249
135 367
135 403
135 463
135 550
135 644
135 700
135 831
135 931
135 974
135 976
136 138
136 139
136 140
136 268
136 463
136 851
136 974
136 993
137 212
137 230
137 284
137 445
137 469
137 719
137 831
137 852
137 902
138 139
138 140
138 419
138 430
138 463
138 543
138 649
138 739
138 876
138 974
139 140
139 462
139 561
139 646
139 755
139 870
140 163
140 308
140 392
140 430
140 463
140 597
140 761
140 863
140 901
140 957
140 974
141 142
141 143
141 145
141 146
141 175
141 526
141 596
141 692
141 709
141 837
141 846
142 146
142 147
142 148
142 160
142 315
142 413
142 687
142 692
142 715
142 762
142 794
142 940
143 145
143 146
143 147
143 148
143 246
143 251
143 345
143 383
143 437
143 593
143 643
143 647
143 656
143 942
143 946
143 955
144 303
144 325
144 429
144 588
144 661
144 662
144 663
144 665
144 666
144 668
144 669
144 670
144 857
144 859
144 946
144 992
145 146
145 147
145 148
145 220
145 230
145 411
145 544
145 692
145 916
145 962
145 973
146 147
146 148
146 210
146 302
146 551
146 617
146 692
146 746
146 803
146 834
146 837
146 931
147 148
147 323
147 403
147 444
147 663
147 686
147 692
147 739
147 852
147 853
147 892
148 692
148 714
148 719
148 813
148 824
148 910
149 196
149 220
149 506
149 578
149 684
149 862
149 932
149 962
149 963
149 964
149 965
150 227
150 292
150 479
150 597
150 623
150 673
150 760
150 761
150 787
150 882
150 912
150 941
150 942
150 944
150 947
150 948
150 949
150 975
151 156
151 157
151 159
151 160
151 206
151 263
151 308
151 377
151 435
151 550
151 620
151 790
151 958
151 959
151 982
152 214
152 276
152 310
152 451
152 452
152 456
152 459
152 460
152 595
152 610
152 868
152 869
152 891
152 916
152 941
153 425
153 431
153 481
153 489
153 526
153 545
153 649
153 717
153 776
153 790
153 791
153 792
153 793
153 796
153 798
153 800
153 822
153 841
153 862
153 910
153 928
154 179
154 418
154 444
154 455
154 458
154 493
154 496
154 582
154 605
154 744
154 814
154 901
154 902
154 903
154 906
154 908
154 909
154 910
155 282
155 310
155 458
155 473
155 512
155 517
155 572
155 573
155 574
155 576
155 577
155 578
155 579
155 580
155 588
155 686
155 758
155 822
155 960
156 157
156 159
156 160
156 259
156 295
156 345
156 369
156 377
156 455
156 550
156 634
156 916
156 949
156 958
156 979
156 981
157 159
157 160
157 168
157 245
157 322
157 377
157 454
157 455
157 550
157 655
157 711
157 721
158 220
158 272
158 350
158 353
158 404
158 512
158 589
158 776
158 784
158 789
158 843
158 845
158 848
158 849
158 876
158 990
158 994
159 160
159 225
159 322
159 361
159 377
159 392
159 455
159 483
159 539
159 550
159 564
159 743
159 958
160 240
160 375
160 455
160 481
160 550
160 633
160 692
160 807
160 835
160 841
160 887
160 958
161 321
161 361
161 491
161 492
161 495
161 498
161 500
161 636
161 799
161 919
162 163
162 166
162 167
162 168
162 169
162 170
162 190
162 244
162 260
162 343
162 346
162 498
162 712
162 727
162 785
162 929
163 166
163 167
163 168
163 170
163 241
163 244
163 326
163 343
163 523
163 595
163 620
163 695
163 712
163 736
163 780
163 863
163 915
163 936
163 996
164 385
164 434
164 444
164 511
164 513
164 515
164 516
164 610
164 617
164 731
164 771
164 805
164 846
164 888
165 195
165 218
165 244
165 380
165 564
165 600
165 661
165 691
165 693
165 696
165 698
165 699
165 928
165 929
165 991
166 167
166 168
166 169
166 170
166 244
166 343
166 487
166 645
166 712
166 804
166 928
166 994
167 169
167 170
167 176
167 244
167 343
167 682
167 712
167 718
167 849
168 169
168 170
168 180
168 184
168 208
168 244
168 304
168 320
168 343
168 344
168 464
168 511
168 536
168 655
168 660
168 712
168 723
168 798
168 846
168 855
169 170
169 229
169 244
169 273
169 342
169 343
169 372
169 488
169 528
169 612
169 712
169 840
169 868
169 918
169 940
170 218
170 244
170 295
170 343
170 578
170 637
170 663
170 712
170 757
171 172
171 173
171 177
171 260
171 514
171 525
171 538
171 661
171 761
171 964
171 979
172 173
172 174
172 175
172 177
172 178
172 180
172 394
172 455
172 537
172 575
172 585
172 645
172 668
172 712
172 714
172 861
172 864
172 934
173 174
173 175
173 177
173 178
173 180
173 458
173 473
173 677
173 809
173 991
174 175
174 177
174 178
174 180
174 347
174 613
174 767
174 868
175 177
175 180
175 261
175 325
175 489
175 586
175 754
175 774
175 886
175 915
176 211
176 212
176 225
176 304
176 323
176 345
176 394
176 463
176 465
176 537
176 549
176 574
176 595
176 598
176 665
177 178
177 329
177 693
177 852
177 889
178 291
178 444
178 481
178 589
178 618
178 752
178 850
178 868
179 365
179 391
179 402
179 420
179 450
179 739
179 787
179 821
179 823
179 824
179 825
179 826
179 828
179 829
179 838
179 927
179 985
179 986
180 237
180 368
180 448
180 566
180 650
180 687
180 832
180 931
180 938
181 182
181 183
181 185
181 186
181 187
181 189
181 190
181 205
181 297
181 392
181 417
181 454
181 456
181 579
181 659
181 694
181 860
181 976
182 183
182 185
182 186
182 187
182 189
182 190
182 205
182 297
182 370
182 371
182 375
182 396
182 398
182 448
182 454
182 490
182 513
182 564
182 694
182 695
182 779
182 860
182 986
182 998
183 185
183 186
183 187
183 189
183 190
183 205
183 295
183 297
183 363
183 392
183 427
183 454
183 694
183 697
183 860
183 885
184 360
184 369
184 389
184 470
184 521
184 522
184 523
184 525
184 526
184 527
184 528
184 568
184 598
184 619
184 659
184 728
184 735
184 860
185 186
185 189
185 205
185 296
185 297
185 357
185 358
185 454
185 474
185 556
185 601
185 694
185 853
185 860
185 921
186 189
186 190
186 240
186 297
186 298
186 342
186 392
186 485
186 514
186 694
186 788
186 860
186 925
186 945
187 189
187 190
187 205
187 297
187 357
187 392
187 454
187 497
187 532
187 610
187 652
187 660
187 694
187 769
187 849
187 860
188 277
188 290
188 458
188 513
188 690
188 702
188 727
188 734
188 851
188 854
188 856
188 859
188 874
188 883
188 902
188 961
189 190
189 200
189 203
189 205
189 213
189 269
189 297
189 359
189 418
189 431
189 454
189 694
189 813
189 823
189 859
189 860
190 205
190 270
190 297
190 355
190 363
190 454
190 670
190 694
190 765
190 766
190 860
190 901
190 957
191 228
191 324
191 335
191 402
191 420
191 472
191 569
191 677
191 995
192 362
192 487
192 586
192 648
192 933
192 934
192 935
192 937
192 938
192 940
192 951
193 195
193 197
193 199
193 200
193 313
193 360
193 400
193 568
193 600
193 628
193 632
193 936
193 941
194 195
194 197
194 200
194 388
194 455
194 493
194 611
194 723
194 918
194 996
195 197
195 199
195 200
195 388
195 543
195 710
195 766
195 770
195 783
196 295
196 305
196 458
196 481
196 501
196 601
196 602
196 603
196 605
196 606
196 607
196 608
196 609
196 610
196 751
196 788
196 801
196 810
196 830
196 939
196 997
197 199
197 200
197 232
197 298
197 312
197 344
197 388
197 507
197 615
197 652
197 856
197 886
197 927
197 930
197 967
197 974
197 985
198 231
198 243
198 360
198 370
198 491
198 492
198 559
198 571
198 616
198 686
198 774
198 1000
199 200
199 248
199 388
199 668
199 719
199 842
200 240
200 280
200 343
200 388
200 499
200 803
200 888
200 921
200 922
201 202
201 203
201 206
201 208
201 210
201 227
201 249
201 492
201 545
201 548
201 615
201 623
201 653
201 661
201 676
201 682
201 742
201 753
201 818
201 866
202 203
202 206
202 207
202 208
202 210
202 318
202 394
202 548
202 653
202 676
202 696
202 725
202 753
202 883
202 893
202 933
202 952
202 962
203 207
203 210
203 419
203 548
203 643
203 653
203 676
203 744
203 753
203 779
203 861
204 229
204 621
204 647
204 651
204 657
204 721
204 723
204 724
204 725
204 726
204 727
204 729
204 730
204 746
204 780
204 793
204 870
204 975
205 259
205 283
205 392
205 403
205 452
205 454
205 485
205 538
205 694
205 836
205 860
205 915
206 207
206 208
206 210
206 386
206 440
206 459
206 548
206 676
206 680
206 753
206 759
206 814
206 840
206 878
206 890
207 208
207 210
207 276
207 489
207 492
207 548
207 554
207 601
207 676
207 750
207 847
208 210
208 246
208 264
208 274
208 297
208 374
208 398
208 455
208 486
208 548
208 653
208 657
208 662
208 676
208 715
208 753
208 792
208 891
208 996
209 300
209 323
209 372
209 424
209 433
209 446
209 613
209 652
209 773
209 921
209 923
209 926
209 929
209 948
209 953
210 279
210 514
210 548
210 559
210 562
210 653
210 676
210 762
210 807
210 839
210 919
210 971
210 977
211 212
211 275
211 291
211 324
211 371
211 465
211 481
211 764
211 869
212 217
212 342
212 346
212 393
212 461
212 465
212 477
212 486
212 539
212 625
212 679
212 808
212 844
212 850
212 863
212 896
212 914
212 926
212 933
213 232
213 270
213 449
213 528
213 546
213 667
213 668
213 861
213 997
214 242
214 310
214 451
214 452
214 456
214 460
214 529
214 671
214 878
214 915
214 930
214 940
214 1000
215 303
215 357
215 501
215 535
215 559
215 592
215 594
215 596
215 600
215 673
215 780
215 786
215 878
215 928
216 271
216 272
216 273
216 274
216 276
216 277
216 278
216 279
216 280
216 317
216 514
216 640
216 657
216 749
216 793
216 846
216 935
217 465
217 530
217 604
217 727
217 838
218 231
218 232
218 234
218 236
218 238
218 239
218 240
218 278
218 305
218 446
218 583
218 603
218 685
218 835
218 899
218 980
219 225
219 232
219 237
219 301
219 304
219 305
219 307
219 308
219 309
219 351
219 356
219 473
219 499
219 648
219 675
219 713
219 820
219 825
219 893
219 989
220 252
220 472
220 649
220 716
220 843
220 845
220 848
221 222
221 223
221 225
221 230
221 259
221 281
221 282
221 315
221 494
221 575
221 586
221 593
221 734
221 736
221 737
221 843
221 869
221 872
221 912
222 223
222 224
222 225
222 228
222 230
222 259
222 560
222 586
222 693
222 695
222 757
222 869
222 987
223 224
223 225
223 227
223 228
223 230
223 259
223 268
223 390
223 473
223 491
223 494
223 586
223 781
223 786
223 869
224 230
224 259
224 470
224 494
224 518
224 586
224 657
224 700
224 709
224 804
224 826
224 869
225 230
225 259
225 307
225 315
225 407
225 494
225 586
225 737
225 869
225 911
226 306
226 324
226 391
226 393
226 394
226 395
226 396
226 397
226 666
226 848
226 949
226 994
227 249
227 253
227 255
227 256
227 257
227 311
227 424
227 444
227 460
227 780
227 831
227 844
227 951
228 230
228 259
228 323
228 330
228 365
228 432
228 484
228 494
228 496
228 559
228 568
228 586
228 727
228 735
228 738
228 781
228 813
228 869
228 892
229 325
229 349
229 388
229 441
229 539
229 549
229 595
229 666
229 721
229 723
229 725
229 726
229 727
229 730
229 818
230 234
230 259
230 314
230 386
230 429
230 483
230 494
230 586
230 648
230 788
230 869
231 232
231 234
231 235
231 236
231 238
231 239
231 240
231 263
231 283
231 302
231 361
231 435
231 481
231 530
231 689
231 777
231 835
231 852
231 901
232 234
232 235
232 238
232 239
232 240
232 263
232 822
232 835
232 852
232 932
232 987
233 323
233 354
233 433
233 473
233 501
233 518
233 618
233 711
233 713
233 714
233 715
233 716
233 720
233 730
233 735
233 775
233 804
233 933
234 235
234 236
234 239
234 240
234 263
234 353
234 638
234 670
234 711
234 726
234 820
234 835
234 852
235 236
235 239
235 240
235 256
235 263
235 406
235 704
235 745
235 763
235 835
235 843
235 852
235 873
235 945
235 959
235 964
236 238
236 240
236 263
236 306
236 558
236 650
236 703
236 715
236 835
236 852
236 853
236 870
236 881
236 913
236 975
237 301
237 302
237 304
237 306
237 307
237 308
237 309
237 318
237 326
237 348
237 406
237 473
237 499
237 522
237 559
237 606
237 610
237 931
237 947
238 239
238 240
238 291
238 382
238 522
238 762
238 835
238 852
238 907
238 926
239 240
239 263
239 282
239 293
239 835
239 852
239 879
239 947
239 986
239 988
240 253
240 263
240 281
240 291
240 410
240 425
240 470
240 581
240 591
240 798
240 835
240 838
240 852
240 989
241 254
241 355
241 385
241 400
241 416
241 493
241 553
241 571
241 767
241 859
241 924
241 951
241 952
241 953
241 956
241 957
241 959
241 960
242 243
242 245
242 247
242 248
242 250
242 319
242 363
242 413
242 421
242 825
243 247
243 248
243 250
243 363
243 413
243 443
243 450
243 461
243 505
243 527
243 702
243 804
243 824
244 273
244 336
244 343
244 428
244 712
244 767
244 823
244 837
244 920
244 976
245 247
245 248
245 250
245 281
245 296
245 363
245 413
245 420
245 496
245 624
245 686
245 804
245 816
245 912
246 284
246 286
246 293
246 329
246 368
246 505
246 561
246 562
246 564
246 565
246 566
246 567
246 569
246 642
246 879
246 892
246 918
246 938
246 946
246 988
246 995
247 250
247 316
247 363
247 413
247 609
247 733
247 894
247 895
247 915
248 330
248 339
248 363
248 370
248 413
248 472
248 501
248 622
248 695
248 709
248 781
248 917
248 974
249 253
249 254
249 255
249 256
249 257
249 307
249 358
249 423
249 444
249 509
249 689
249 765
249 835
249 844
250 337
250 363
250 477
250 571
250 633
250 893
251 284
251 320
251 383
251 386
251 391
251 708
251 800
251 886
251 958
252 326
252 362
252 364
252 365
252 367
252 369
252 370
252 385
252 388
252 456
252 480
252 624
252 709
252 710
252 732
252 757
252 763
252 792
252 805
252 897
252 937
252 981
253 255
253 256
253 257
253 258
253 518
253 583
253 641
253 832
253 844
253 901
254 256
254 257
254 258
254 448
254 458
254 492
254 505
254 588
254 648
254 751
254 834
254 841
254 844
254 857
254 859
255 256
255 257
255 258
255 424
255 558
255 591
255 596
255 620
255 742
255 844
255 863
255 916
255 917
255 922
256 258
256 411
256 738
256 844
256 922
256 970
257 258
257 259
257 275
257 340
257 363
257 487
257 528
257 820
257 844
257 872
257 925
257 982
258 274
258 529
258 534
258 553
258 616
258 617
258 621
258 647
258 809
258 844
258 888
259 397
259 425
259 446
259 467
259 494
259 517
259 586
259 758
259 846
259 902
260 379
260 581
260 644
260 671
260 672
260 674
260 678
260 679
260 691
260 807
260 860
260 875
260 907
260 938
261 262
261 265
261 266
261 267
261 268
261 277
261 385
261 534
261 811
261 878
262 264
262 281
262 283
262 285
262 286
262 287
262 288
262 290
262 427
262 489
262 707
262 722
262 776
262 846
262 863
262 873
262 896
262 913
262 964
263 440
263 519
263 835
263 852
263 928
263 961
264 354
264 386
264 387
264 471
264 472
264 474
264 475
264 479
264 480
264 487
264 555
264 583
264 603
264 874
264 876
264 940
265 266
265 267
265 269
265 270
265 272
265 311
265 357
265 559
265 631
265 638
265 731
265 740
265 754
265 866
266 268
266 269
266 270
266 280
266 296
266 304
266 331
266 439
266 445
266 561
266 603
266 670
266 784
266 805
267 268
267 270
267 327
267 350
267 371
267 569
267 663
267 705
267 809
267 841
268 269
268 270
268 281
268 354
268 374
268 439
268 783
268 850
268 868
269 270
269 377
269 383
269 429
269 430
269 439
269 461
269 472
269 566
269 754
269 767
269 817
269 921
269 968
270 318
270 371
270 439
270 593
270 613
270 619
270 773
270 994
271 273
271 275
271 276
271 278
271 279
271 280
271 317
271 337
271 393
271 438
271 478
271 514
271 615
271 625
271 856
271 906
271 933
272 273
272 274
272 275
272 276
272 277
272 278
272 280
272 317
272 405
272 478
272 514
272 655
272 739
272 863
273 275
273 276
273 277
273 278
273 279
273 280
273 317
273 413
273 417
273 418
273 478
273 502
273 514
273 646
273 747
273 780
273 829
274 275
274 276
274 277
274 278
274 279
274 280
274 317
274 350
274 478
274 531
274 559
274 632
274 700
274 803
275 276
275 277
275 278
275 279
275 280
275 317
275 410
275 478
275 514
275 826
275 971
275 978
276 277
276 278
276 279
276 280
276 317
276 320
276 356
276 478
276 487
276 514
276 742
276 841
276 957
277 279
277 280
277 317
277 355
277 451
277 478
277 514
277 646
277 651
277 741
277 774
277 929
277 938
277 951
278 279
278 317
278 340
278 367
278 450
278 478
278 514
278 680
278 712
279 280
279 317
279 340
279 478
279 493
279 509
279 620
279 706
279 708
279 761
280 317
280 325
280 326
280 327
280 472
280 510
280 514
280 651
280 652
280 747
280 870
280 941
281 282
281 283
281 285
281 286
281 288
281 290
281 427
281 463
281 499
281 610
281 670
281 722
281 846
282 283
282 285
282 286
282 287
282 288
282 290
282 430
282 545
282 602
282 675
282 711
282 722
282 846
282 859
283 285
283 286
283 288
283 290
283 379
283 532
283 545
283 549
283 602
283 663
283 722
283 846
283 952
284 286
284 289
284 291
284 469
284 565
284 592
284 721
284 803
284 819
284 914
284 962
285 286
285 287
285 288
285 301
285 323
285 649
285 722
285 826
285 836
285 846
285 853
286 287
286 288
286 290
286 398
286 472
286 499
286 539
286 660
286 722
286 846
286 858
286 883
287 288
287 290
287 337
287 407
287 413
287 443
287 459
287 633
287 674
287 690
287 722
287 823
287 846
287 861
287 886
287 937
288 290
288 337
288 361
288 394
288 395
288 719
288 722
288 755
288 765
288 789
288 812
288 846
288 879
288 972
288 997
289 311
289 313
289 314
289 315
289 316
289 319
289 320
289 324
289 335
289 357
289 471
289 535
289 772
289 850
289 928
290 293
290 412
290 524
290 653
290 709
290 722
290 846
290 940
290 959
291 292
291 293
291 294
291 298
291 300
291 458
291 474
291 580
291 685
291 714
291 816
291 861
292 293
292 294
292 298
292 299
292 300
292 355
292 418
292 551
292 656
292 670
292 789
292 832
292 982
292 990
293 294
293 299
293 300
293 380
293 466
293 599
293 841
294 298
294 300
294 364
294 519
294 587
294 602
294 702
294 756
294 777
294 793
294 841
294 900
294 912
294 960
294 988
295 326
295 377
295 406
295 482
295 485
295 486
295 487
295 488
295 489
295 490
295 786
295 796
295 821
295 914
296 311
296 321
296 333
296 391
296 396
296 419
296 433
296 445
296 506
296 540
296 647
296 667
296 776
296 801
296 802
296 803
296 804
296 809
296 810
296 900
297 366
297 392
297 437
297 454
297 566
297 650
297 658
297 694
297 981
297 991
298 299
298 300
298 387
298 728
298 763
298 803
298 917
298 954
299 300
299 333
299 464
299 543
299 569
299 613
299 720
299 835
299 841
299 930
299 931
300 420
300 545
300 553
300 573
300 650
300 779
300 841
300 957
300 995
301 302
301 304
301 305
301 306
301 308
301 309
301 473
301 499
301 559
301 623
301 662
301 897
302 304
302 305
302 306
302 307
302 308
302 309
302 327
302 410
302 499
302 590
302 961
302 971
303 350
303 394
303 423
303 427
303 441
303 497
303 661
303 662
303 665
303 666
303 668
303 670
303 788
303 799
303 857
303 918
303 956
304 305
304 307
304 308
304 309
304 491
304 499
304 559
304 757
304 763
304 810
304 943
304 944
305 306
305 307
305 308
305 309
305 349
305 392
305 473
305 499
305 551
305 559
305 628
305 788
305 885
306 307
306 309
306 393
306 473
306 499
306 500
306 560
306 668
306 673
306 688
306 712
306 726
306 770
306 839
306 884
306 920
306 943
306 959
307 308
307 309
307 366
307 473
307 559
307 783
307 828
307 876
308 309
308 426
308 473
308 490
308 499
308 590
308 654
308 743
309 374
309 473
309 499
309 504
309 528
309 557
309 559
309 565
309 591
309 622
309 755
309 859
309 925
309 960
309 995
310 413
310 451
310 456
310 459
310 460
310 502
310 914
310 916
310 965
310 996
311 312
311 313
311 314
311 315
311 316
311 318
311 319
311 379
311 610
311 650
311 929
311 993
312 314
312 316
312 319
312 320
312 339
312 397
312 410
312 476
312 726
312 868
312 894
312 919
312 928
313 314
313 315
313 316
313 318
313 319
313 320
313 324
313 359
313 420
313 527
313 570
313 871
313 928
313 979
314 315
314 316
314 318
314 319
314 320
314 444
314 517
314 583
314 715
314 718
314 731
314 809
314 888
314 927
314 928
315 318
315 319
315 320
315 363
315 378
315 482
315 534
315 632
315 749
315 803
315 928
315 929
315 976
316 318
316 319
316 387
316 480
316 561
316 768
316 808
316 858
316 928
317 362
317 368
317 390
317 430
317 478
317 787
317 790
317 811
317 887
318 319
318 320
318 603
318 762
318 817
318 928
318 929
319 392
319 426
319 429
319 672
319 694
319 723
319 754
319 913
319 928
319 936
320 408
320 506
320 639
320 676
320 730
320 758
320 819
320 845
320 851
320 865
320 969
321 366
321 474
321 527
321 575
321 812
321 816
321 818
321 819
321 820
321 888
321 970
321 991
322 323
322 330
322 363
322 411
322 432
322 520
322 613
322 705
322 773
322 837
323 325
323 327
323 328
323 330
323 432
323 481
323 510
323 520
323 529
323 657
323 669
323 718
323 812
323 837
323 854
324 346
324 354
324 359
324 465
324 568
324 641
324 645
324 647
324 649
324 650
324 800
324 921
324 923
324 956
324 973
324 980
325 327
325 328
325 330
325 374
325 390
325 411
325 425
325 432
325 481
325 495
325 512
325 520
325 538
325 651
325 723
325 837
325 842
326 364
326 365
326 366
326 367
326 369
326 370
326 396
326 622
326 683
326 687
326 710
326 788
326 826
326 833
326 964
326 971
326 988
327 330
327 359
327 432
327 435
327 481
327 520
327 657
327 696
327 833
327 837
327 883
327 936
327 945
327 979
327 985
328 330
328 341
328 375
328 432
328 481
328 499
328 564
328 611
328 643
328 837
328 936
329 368
329 525
329 561
329 562
329 564
329 565
329 566
329 570
329 644
329 733
329 841
329 853
329 858
329 892
329 913
329 937
329 995
330 408
330 432
330 473
330 481
330 520
330 541
330 552
330 640
330 781
330 837
330 869
331 333
331 334
331 335
331 338
331 339
331 340
331 423
331 430
331 457
331 578
331 643
331 667
331 678
331 741
331 943
332 333
332 335
332 336
332 337
332 338
332 339
332 340
332 380
332 423
332 430
332 457
332 467
332 489
332 600
332 641
332 684
332 950
332 980
333 335
333 336
333 338
333 339
333 340
333 376
333 423
333 457
333 488
333 518
333 557
333 615
333 763
333 882
333 929
333 968
334 335
334 336
334 338
334 339
334 340
334 377
334 404
334 423
334 430
334 457
334 774
334 938
335 337
335 338
335 339
335 340
335 391
335 423
335 430
335 881
335 922
336 337
336 338
336 339
336 340
336 808
336 842
336 922
336 962
337 340
337 375
337 377
337 379
337 423
337 430
337 449
337 456
337 457
337 597
337 672
337 978
337 983
337 996
338 339
338 340
338 423
338 566
338 684
338 691
338 807
338 883
338 933
338 938
339 340
339 423
339 430
339 566
339 677
339 725
339 797
339 920
340 423
340 430
340 452
340 457
340 630
340 735
340 790
340 943
341 345
341 346
341 348
341 403
341 409
341 418
341 442
341 475
341 553
341 642
341 644
341 830
341 946
341 964
342 344
342 345
342 347
342 349
342 369
342 418
342 430
342 543
342 553
342 576
342 694
342 723
342 789
342 872
343 383
343 559
343 563
343 722
343 835
343 937
344 345
344 346
344 349
344 397
344 418
344 442
344 458
344 553
344 556
344 653
344 804
344 901
344 973
345 347
345 348
345 349
345 418
345 442
345 553
345 616
345 617
345 779
345 782
345 818
345 830
345 950
346 348
346 349
346 418
346 442
346 523
346 553
346 612
346 759
346 809
346 830
346 952
347 348
347 349
347 399
347 418
347 442
347 553
347 570
347 576
347 813
347 830
347 902
348 372
348 418
348 430
348 442
348 544
348 585
348 830
348 860
348 908
348 919
348 921
349 418
349 442
349 464
349 526
349 569
349 578
349 744
349 761
349 812
349 830
350 378
350 475
350 581
350 582
350 584
350 597
350 640
350 669
350 765
350 799
350 890
350 899
350 904
350 938
351 352
351 354
351 355
351 356
351 357
351 358
351 360
351 407
351 502
351 546
351 691
351 834
351 986
352 354
352 355
352 356
352 357
352 358
352 359
352 360
352 371
352 407
352 447
352 514
352 553
352 683
352 722
352 748
352 913
353 423
353 496
353 503
353 548
353 580
353 613
353 696
353 816
353 938
353 981
353 982
353 985
353 987
353 989
354 355
354 356
354 357
354 358
354 359
354 360
354 407
354 415
354 508
354 549
354 587
354 617
354 626
354 739
354 862
354 884
354 930
355 356
355 357
355 359
355 535
355 552
355 596
355 757
355 888
355 946
355 997
356 358
356 359
356 360
356 407
356 555
356 649
356 849
356 917
356 998
357 358
357 359
357 360
357 373
357 407
357 427
357 535
357 542
357 706
357 804
357 830
358 360
358 407
358 507
358 956
359 360
359 586
360 407
360 473
360 481
360 511
360 684
360 909
361 375
361 430
361 491
361 495
361 498
361 500
361 534
361 785
361 799
361 873
361 970
362 364
362 365
362 366
362 367
362 369
362 370
362 622
362 637
362 710
363 469
363 657
363 686
363 938
364 365
364 366
364 367
364 369
364 370
364 671
364 710
364 776
364 869
364 915
364 988
365 366
365 367
365 370
365 527
365 541
365 590
365 622
365 639
365 710
365 788
365 818
365 983
365 988
366 367
366 369
366 370
366 419
366 497
366 504
366 507
366 580
366 622
366 795
366 910
366 988
367 369
367 370
367 578
367 600
367 622
367 681
367 710
367 756
367 822
367 835
367 911
367 988
367 993
368 380
368 416
368 417
368 446
368 561
368 562
368 566
368 567
368 569
368 570
368 653
368 744
368 785
368 850
368 858
368 863
368 892
368 995
369 370
369 376
369 383
369 393
369 495
369 622
369 634
369 710
369 725
369 736
369 820
369 833
369 988
370 476
370 622
370 623
370 710
370 760
370 772
370 988
371 374
371 376
371 378
371 389
371 426
371 451
371 530
371 563
371 735
371 807
371 874
371 888
372 568
372 681
372 682
372 683
372 686
372 687
372 758
372 762
372 863
372 951
373 415
373 470
373 500
373 594
373 604
373 908
373 968
373 984
374 376
374 378
374 450
374 514
374 698
374 776
374 807
374 826
375 399
375 415
375 525
375 560
375 648
375 685
375 779
375 957
375 971
375 994
375 996
375 997
375 998
376 378
376 379
376 443
376 611
377 455
377 482
377 625
377 667
377 749
377 943
378 379
378 618
378 913
379 523
379 526
379 723
379 743
379 807
379 907
380 453
380 456
380 471
380 646
380 647
380 691
380 696
380 698
380 699
380 720
380 725
380 879
380 982
380 983
380 991
381 382
381 384
381 385
381 390
381 525
381 659
381 711
381 783
381 870
382 384
382 385
382 389
382 390
382 520
382 737
382 850
382 870
382 891
383 497
383 564
383 626
383 655
383 721
383 790
383 795
383 886
383 955
384 385
384 386
384 442
384 670
384 888
384 901
384 938
385 386
385 389
385 390
385 397
385 476
385 479
385 620
385 731
385 739
385 862
385 870
385 871
385 991
386 389
386 390
386 518
386 558
386 629
386 719
386 758
386 836
386 871
386 991
387 425
387 471
387 472
387 474
387 476
387 479
387 496
387 509
387 551
387 575
387 790
387 799
387 827
387 881
388 433
388 449
388 583
388 754
388 789
388 853
388 874
389 390
389 663
389 716
389 741
389 769
389 870
390 396
390 538
390 643
390 651
390 745
390 749
390 755
390 759
390 790
390 870
390 932
391 394
391 395
391 396
391 397
391 398
391 450
391 884
391 945
392 413
392 454
392 553
392 666
392 694
392 704
392 847
392 860
392 960
392 989
393 394
393 396
393 397
393 499
393 698
393 893
393 905
393 962
394 396
394 493
394 496
394 540
394 597
394 630
394 690
394 769
394 851
394 899
395 396
395 415
395 450
395 470
395 512
395 570
395 747
395 987
396 397
396 398
396 419
396 675
396 716
396 954
396 984
397 398
397 926
397 943
398 445
398 607
398 689
398 766
398 840
398 909
398 937
399 415
399 460
399 499
399 522
399 525
399 992
399 993
399 994
399 997
399 998
400 416
400 561
400 563
400 595
400 615
400 767
400 786
400 922
400 951
400 952
400 954
400 956
400 960
400 999
401 402
401 403
401 404
401 405
401 408
401 410
401 456
401 871
401 884
401 949
402 403
402 404
402 408
402 453
402 589
402 671
402 880
402 920
402 946
403 404
403 405
403 408
403 410
403 512
403 667
403 809
403 817
403 955
404 405
404 408
404 410
404 455
404 640
404 860
404 995
405 408
405 410
405 454
405 655
405 760
405 785
405 787
405 865
406 482
406 485
406 486
406 487
406 488
406 489
406 490
406 508
406 720
406 767
406 779
406 939
406 974
407 468
407 487
407 600
407 755
407 865
407 994
408 410
408 519
408 548
408 725
408 750
409 596
409 651
409 652
409 654
409 655
409 656
409 657
409 669
409 720
409 810
409 843
409 927
409 936
409 991
410 422
410 507
410 585
411 412
411 414
411 417
411 419
411 425
411 464
411 527
411 710
411 916
412 414
412 417
412 419
412 464
412 492
412 590
412 619
412 621
412 760
412 787
412 916
413 453
413 457
413 548
413 648
413 909
414 419
414 472
414 520
414 592
414 621
414 767
414 916
414 947
415 525
415 699
415 813
415 837
415 862
415 992
415 993
415 994
415 996
415 997
415 998
416 543
416 563
416 767
416 836
416 878
416 951
416 954
416 956
416 959
416 960
416 974
417 419
417 438
417 464
417 516
417 526
417 537
417 580
417 686
417 687
417 727
417 916
417 918
417 942
418 442
418 477
418 489
418 523
418 535
418 550
418 553
418 567
418 785
418 818
418 832
418 923
418 925
419 464
419 529
419 603
419 621
419 628
419 847
419 852
419 958
420 531
420 532
420 533
420 534
420 535
420 723
420 855
420 930
421 441
421 443
421 446
421 447
421 450
421 537
421 542
421 624
421 697
421 717
421 850
421 917
421 947
422 424
422 426
422 427
422 428
422 429
422 533
422 605
422 642
422 679
422 695
423 440
423 457
423 552
423 606
423 631
423 647
423 778
423 913
423 917
424 426
424 427
424 428
424 429
424 542
424 593
424 628
424 652
424 680
424 695
424 702
424 706
424 711
424 772
424 843
425 463
425 590
425 599
425 638
425 666
425 707
425 791
425 792
425 793
425 797
425 798
425 800
426 427
426 428
426 429
426 437
426 505
426 680
426 682
426 695
426 765
426 792
426 938
426 977
426 982
427 428
427 429
427 467
427 486
427 600
427 633
427 645
427 695
428 455
428 547
428 585
428 802
428 803
428 888
428 901
428 918
428 960
429 438
429 619
429 680
429 682
429 763
429 825
430 457
430 518
430 597
430 839
431 458
431 528
431 550
431 791
431 792
431 793
431 794
431 796
431 797
431 798
431 800
431 833
431 837
431 891
432 441
432 481
432 519
432 520
432 542
432 555
432 663
432 684
432 692
432 811
432 887
432 908
432 981
432 991
433 434
433 435
433 436
433 437
433 440
433 537
433 563
433 748
433 915
433 971
434 436
434 437
434 438
434 440
434 533
434 743
434 748
434 788
434 848
434 853
434 935
434 953
435 436
435 437
435 438
435 440
435 474
435 498
435 638
435 703
435 723
435 748
435 788
435 792
435 901
435 904
435 949
436 437
436 440
436 461
436 538
436 539
436 788
436 789
436 925
437 438
437 440
437 523
437 680
437 773
437 840
437 906
437 941
438 440
438 585
438 591
438 731
438 748
438 788
439 631
439 663
439 742
439 799
439 814
439 824
439 844
439 895
439 908
440 456
440 641
440 748
440 753
440 780
440 788
440 864
440 916
440 935
440 957
440 998
441 443
441 446
441 447
441 450
441 477
441 653
441 697
442 480
442 553
442 600
442 771
442 835
442 836
442 986
443 446
443 450
443 697
443 713
443 769
443 807
444 511
444 512
444 515
444 516
444 517
444 617
444 670
444 741
444 786
444 802
444 836
444 930
445 466
445 528
445 586
445 701
445 719
445 733
445 774
445 851
445 861
445 862
445 863
445 864
445 865
445 866
445 867
446 447
446 450
446 516
446 625
446 697
446 827
446 956
446 980
447 450
447 638
447 697
447 700
447 803
447 911
447 926
447 988
448 615
448 746
448 771
448 921
448 926
448 933
448 934
448 935
448 937
448 938
448 940
448 988
449 525
449 689
449 856
449 929
450 473
450 502
450 614
450 697
450 859
450 991
451 452
451 459
451 634
451 731
451 738
451 766
451 793
451 834
451 997
452 456
452 459
452 460
452 510
452 542
452 673
452 716
452 767
452 895
453 462
453 515
453 541
453 554
453 556
453 557
453 558
453 560
453 582
453 662
453 976
453 990
454 463
454 677
454 694
454 707
455 533
455 556
455 615
455 731
455 736
455 791
455 811
455 924
455 958
456 459
456 585
456 622
456 762
457 505
457 635
457 743
457 834
457 902
457 952
458 690
458 725
458 752
458 789
458 851
458 853
458 854
458 859
458 883
458 911
459 460
459 489
459 773
459 775
459 864
460 619
460 639
460 815
461 582
461 593
461 594
461 596
461 600
461 728
461 873
461 880
461 989
462 466
462 467
462 468
462 470
462 593
462 619
463 483
463 677
463 700
463 702
463 732
463 974
464 480
464 502
464 561
464 621
464 670
464 702
464 901
465 475
465 525
465 548
465 620
465 630
465 653
465 687
465 689
465 882
465 971
466 467
466 468
466 470
466 529
466 672
466 735
466 905
466 924
466 942
466 987
467 470
467 529
467 718
467 766
467 813
467 892
468 470
468 529
468 764
469 516
469 581
469 841
469 848
469 967
470 476
470 514
470 529
470 737
470 761
470 828
470 859
470 929
471 475
471 476
471 496
471 794
472 474
472 476
472 479
472 480
472 536
472 548
472 551
472 556
472 900
472 940
472 984
473 488
473 499
473 501
473 548
473 559
473 569
473 574
473 642
473 732
473 956
474 475
474 476
474 479
474 480
474 551
474 589
474 661
474 677
474 706
474 729
474 875
474 877
474 917
474 925
474 927
475 476
475 480
475 616
475 647
475 650
475 800
475 961
475 962
475 966
476 479
476 480
476 526
476 551
476 601
476 784
477 584
477 595
477 678
477 757
477 781
477 782
477 783
477 784
477 786
477 787
477 820
477 966
478 493
478 514
478 542
478 565
478 710
478 791
478 894
478 938
479 480
479 551
479 560
479 699
479 836
479 877
479 933
479 948
480 517
480 551
480 594
480 604
480 663
480 676
480 757
480 804
480 877
481 675
481 726
481 767
481 837
481 847
481 883
481 934
481 976
481 986
482 485
482 487
482 488
482 489
482 580
482 701
482 767
482 774
482 872
482 971
482 979
482 1000
483 539
483 584
483 643
483 718
483 769
483 805
483 859
483 993
484 648
484 702
484 703
484 748
484 939
484 942
485 486
485 487
485 489
485 490
485 525
485 577
485 804
485 860
485 946
485 954
485 969
485 996
486 487
486 488
486 489
486 490
486 568
486 629
486 826
486 866
486 896
487 489
487 490
487 499
487 518
487 632
487 704
487 803
488 490
488 509
488 573
488 687
488 737
488 739
488 844
488 960
488 977
489 490
489 619
489 893
490 599
490 607
490 775
490 856
491 492
491 495
491 498
491 500
491 519
491 543
491 763
491 799
491 946
491 965
491 970
492 495
492 498
492 500
492 559
492 652
492 799
492 888
492 893
492 970
492 993
493 496
493 590
493 686
493 690
493 744
493 901
493 903
493 904
493 908
493 909
493 910
493 970
493 997
494 531
494 607
494 621
494 718
494 798
494 854
494 860
495 498
495 500
495 541
495 724
495 799
495 965
495 970
495 976
495 983
496 568
496 621
496 742
496 772
496 895
496 901
496 902
496 903
496 904
496 906
496 908
496 909
497 611
497 612
497 750
497 754
497 836
497 890
498 500
498 524
498 704
498 799
498 824
498 948
498 970
499 508
499 559
499 576
499 635
499 705
499 739
499 779
499 1000
500 799
500 885
500 954
500 970
500 973
501 502
501 503
501 506
501 510
501 516
501 632
501 684
501 794
501 874
501 897
501 901
502 503
502 505
502 506
502 507
502 510
502 871
502 885
502 897
503 510
503 537
503 615
503 632
503 741
503 878
503 882
503 897
503 951
503 984
504 547
504 631
504 674
504 712
504 733
504 739
504 794
504 845
504 846
504 861
504 862
504 863
504 864
504 865
504 866
504 928
504 989
505 506
505 507
505 510
505 592
505 613
505 632
505 634
505 636
505 763
505 782
505 816
505 892
506 510
506 536
506 551
506 593
506 702
506 733
506 762
506 897
506 935
507 510
507 537
507 579
507 603
507 632
507 664
507 728
507 840
507 897
507 922
508 542
508 551
508 568
508 675
508 685
508 688
508 807
508 868
508 896
508 912
508 941
508 959
509 568
509 616
509 618
509 675
509 739
509 920
509 939
510 605
510 632
510 670
510 699
510 897
510 934
511 512
511 515
511 516
511 518
511 594
511 617
511 843
511 875
511 953
512 513
512 515
512 516
512 517
512 518
512 617
512 632
512 721
512 766
512 904
512 926
513 514
513 515
513 517
513 518
513 617
513 625
513 656
513 736
513 738
513 838
514 590
514 684
514 973
515 516
515 517
515 518
515 601
515 610
515 617
515 621
515 658
515 747
515 941
516 518
516 604
516 617
516 675
516 693
516 719
516 727
516 729
516 749
516 903
516 924
517 617
517 688
517 727
517 775
517 854
517 874
517 916
517 963
518 600
518 640
518 710
518 919
518 979
519 554
519 555
519 556
519 557
519 558
519 560
519 625
519 677
519 752
519 889
519 901
519 990
520 614
520 721
520 762
521 522
521 523
521 524
521 526
521 528
521 648
521 659
521 684
521 728
521 842
521 923
521 934
521 954
521 984
521 1000
522 523
522 524
522 526
522 527
522 528
522 598
522 639
522 645
522 659
522 699
522 728
522 758
522 785
522 872
522 881
522 931
522 958
522 965
522 968
523 524
523 526
523 527
523 659
523 728
523 838
523 842
523 905
523 971
524 527
524 528
524 596
524 598
524 659
524 663
524 681
524 701
524 707
524 842
524 923
525 640
525 747
525 773
525 806
525 880
525 909
525 935
525 992
525 993
525 994
525 998
526 528
526 598
526 711
526 728
526 842
526 861
527 528
527 598
527 722
527 728
527 994
528 598
528 722
528 723
528 728
528 842
528 977
529 617
529 618
529 676
529 714
529 830
529 850
530 547
530 561
530 606
530 724
530 768
530 891
530 894
530 896
530 898
530 899
530 900
530 931
530 957
531 533
531 534
531 535
531 539
531 562
531 608
531 678
531 795
531 846
531 855
531 874
531 890
531 899
531 920
532 533
532 534
532 535
532 539
532 712
532 807
532 855
532 858
532 878
532 883
533 535
533 713
533 768
533 855
533 869
533 888
533 925
534 535
534 539
534 648
534 674
534 730
534 744
534 748
534 855
535 539
535 684
535 733
535 831
536 619
536 643
536 941
536 942
536 943
536 944
536 945
536 947
536 948
536 949
536 950
536 955
537 611
537 709
537 731
537 745
537 872
537 962
537 963
537 964
537 965
537 967
538 809
538 872
538 904
538 921
538 922
538 923
538 924
538 925
538 926
538 930
539 855
540 660
540 667
540 668
540 740
540 776
540 801
540 802
540 803
540 804
540 809
540 810
540 1000
541 542
541 543
541 544
541 545
541 547
541 549
541 737
541 743
541 890
541 928
542 545
542 549
542 635
542 639
542 671
542 731
542 801
542 827
542 853
542 891
543 544
543 545
543 547
543 720
543 743
543 776
543 827
543 924
544 545
544 547
544 549
544 574
544 716
544 743
544 827
545 547
545 549
545 680
545 743
545 827
545 847
545 924
546 662
546 773
546 774
546 778
546 780
546 805
546 983
547 549
547 743
547 827
547 954
547 997
548 554
548 676
548 699
548 753
548 816
548 882
548 916
548 997
548 998
549 596
549 738
549 743
549 744
549 751
549 798
549 823
549 827
549 861
550 552
550 633
550 826
550 845
550 886
550 945
550 958
550 974
551 756
551 802
551 853
551 978
551 994
552 625
552 764
552 821
552 871
552 872
552 873
552 875
552 877
552 879
552 880
553 788
553 792
553 864
554 555
554 556
554 557
554 558
554 560
554 725
554 788
554 824
554 921
555 560
555 599
555 789
555 795
555 819
555 904
555 990
556 557
556 558
556 560
556 589
556 596
556 614
556 683
556 738
556 990
557 558
557 560
557 670
557 699
557 990
558 560
558 644
558 990
559 651
559 665
559 868
559 944
559 972
559 976
559 999
560 589
560 606
560 615
560 639
560 724
560 864
560 895
560 968
560 990
561 562
561 564
561 565
561 566
561 567
561 569
561 570
561 603
561 630
561 651
561 774
561 869
561 892
561 931
561 951
561 981
562 566
562 567
562 569
562 570
562 649
562 731
562 857
562 858
562 892
562 955
562 995
563 753
563 931
563 951
563 952
563 954
563 956
563 960
564 565
564 566
564 567
564 570
564 582
564 749
564 858
564 892
564 995
565 566
565 567
565 569
565 570
565 713
565 719
565 858
565 892
565 955
565 995
566 567
566 569
566 570
566 637
566 858
566 860
566 892
566 953
566 995
567 570
567 681
567 699
567 783
567 819
567 858
567 873
567 894
567 953
567 983
567 991
567 995
568 618
568 675
568 754
568 786
568 836
568 876
568 943
569 570
569 788
569 858
569 892
569 995
569 1000
570 625
570 729
570 797
570 805
570 853
570 892
570 907
570 925
570 995
571 631
571 753
571 771
571 863
571 971
571 972
571 976
571 979
572 573
572 574
572 576
572 577
572 579
572 580
572 758
572 826
572 967
572 973
573 575
573 576
573 577
573 578
573 579
573 580
573 588
573 735
573 758
573 764
573 779
573 823
573 990
574 576
574 577
574 578
574 579
574 580
574 758
574 881
574 919
574 959
575 576
575 577
575 578
575 579
575 580
575 588
575 610
575 731
575 758
575 822
575 831
575 883
576 577
576 578
576 579
576 580
576 768
576 811
576 936
577 578
577 758
577 781
577 841
578 579
578 580
578 588
578 758
578 806
578 885
579 580
579 588
579 758
579 823
579 826
579 879
579 971
579 972
579 980
580 588
580 605
580 644
580 731
580 758
580 789
580 923
581 582
581 583
581 584
581 585
581 587
581 590
581 631
581 646
581 714
581 957
582 583
582 584
582 585
582 587
582 590
582 598
582 845
582 874
582 917
583 584
583 587
583 590
583 711
583 771
583 793
583 851
583 963
583 984
584 585
584 587
584 590
584 698
584 940
584 952
585 587
585 593
585 604
585 780
585 797
586 612
586 670
586 679
586 750
586 777
586 868
586 869
587 590
587 683
587 782
588 625
588 826
588 892
589 684
589 687
589 834
589 848
589 849
589 850
589 896
589 989
590 651
590 919
591 691
591 704
591 806
591 841
592 593
592 594
592 596
592 599
592 600
592 605
592 673
592 719
592 738
592 809
592 1000
593 599
593 600
593 656
593 757
593 878
593 935
594 599
594 600
594 746
594 756
594 878
594 895
595 623
595 624
595 625
595 626
595 627
595 628
595 629
595 630
595 631
595 808
596 599
596 600
596 607
596 657
596 701
596 771
596 773
596 775
596 792
596 825
596 840
596 878
596 963
596 974
597 640
597 724
597 743
597 772
597 773
597 774
597 777
597 778
597 780
597 958
597 983
598 642
598 659
598 728
598 809
598 842
598 902
598 942
599 600
599 777
599 878
600 680
600 708
600 757
600 798
600 878
601 602
601 603
601 605
601 606
601 607
601 608
601 610
601 690
601 716
601 725
601 733
601 751
601 756
601 900
601 978
601 986
602 605
602 606
602 608
602 609
602 610
602 651
602 721
602 729
602 751
602 756
602 892
602 899
602 951
602 989
603 606
603 607
603 609
603 610
603 751
603 756
603 768
603 833
603 939
603 959
604 649
604 724
604 775
604 833
604 966
604 968
604 984
604 991
605 607
605 610
605 661
605 667
605 751
605 756
605 879
605 939
606 607
606 608
606 609
606 610
606 751
606 756
606 788
606 833
606 939
607 608
607 610
607 618
607 627
607 751
607 830
607 892
607 901
607 925
607 933
607 939
608 609
608 751
608 756
608 842
608 854
608 939
609 610
609 751
609 756
609 764
609 781
609 901
609 939
609 995
610 670
610 751
610 756
610 758
610 833
610 876
610 880
611 612
611 616
611 620
611 733
611 764
611 840
611 860
612 615
612 616
612 620
612 702
612 704
612 823
612 843
613 625
613 665
613 680
613 728
613 774
613 869
613 879
613 921
613 958
613 981
613 982
613 985
614 616
614 620
614 684
615 616
615 620
615 666
615 989
616 720
616 795
616 812
616 836
616 848
616 950
617 644
617 883
617 923
617 964
618 637
618 675
618 699
618 726
618 796
618 946
618 992
619 701
619 803
619 826
619 941
619 943
619 944
619 945
619 947
619 948
619 949
619 950
619 955
619 962
619 975
620 674
620 822
620 869
621 676
621 688
621 869
621 942
621 944
622 710
622 754
622 814
622 988
622 995
623 625
623 626
623 627
623 629
623 631
623 677
623 808
623 919
623 931
624 625
624 626
624 627
624 628
624 629
624 630
624 631
624 694
624 716
624 807
624 808
624 912
625 626
625 627
625 628
625 629
625 631
625 808
625 820
625 883
626 629
626 631
626 701
626 737
626 762
626 808
626 825
626 893
627 628
627 629
627 630
627 631
627 808
627 809
627 876
627 900
627 903
628 629
628 643
628 808
628 849
629 630
629 631
629 702
629 739
629 758
629 808
629 910
629 916
630 631
630 760
630 808
630 824
630 874
631 745
631 814
631 889
631 952
631 976
632 719
632 820
632 841
632 875
632 897
633 635
633 636
633 637
633 638
633 639
633 640
633 739
633 757
633 771
633 944
633 956
633 987
634 666
634 692
634 853
634 932
635 636
635 637
635 638
635 639
635 640
635 771
635 864
635 924
636 637
636 638
636 639
636 640
636 670
636 771
636 777
636 785
636 856
636 994
637 638
637 666
637 771
637 934
638 639
638 640
638 652
638 771
638 867
638 951
639 640
639 666
639 748
639 771
639 774
640 771
640 857
641 642
641 644
641 647
641 649
641 697
641 848
641 862
641 973
641 980
642 643
642 644
642 645
642 647
642 649
642 650
642 653
642 769
642 809
642 825
642 925
642 973
642 980
643 644
643 645
643 647
643 649
643 650
643 778
643 961
643 980
643 982
644 645
644 650
644 652
644 973
644 980
645 647
645 649
645 650
645 815
645 852
645 875
645 921
645 973
645 979
645 980
646 691
646 693
646 698
646 699
646 929
646 991
647 649
648 662
648 673
648 688
648 742
648 745
648 746
648 747
648 749
648 750
648 874
648 896
648 917
648 991
649 650
649 740
649 861
649 973
649 980
650 727
650 755
650 872
650 932
650 949
650 973
651 652
651 654
651 655
651 656
651 657
651 660
651 664
651 784
651 787
651 817
651 936
652 654
652 656
652 657
652 658
652 664
652 767
652 807
652 844
652 923
652 936
653 676
653 753
653 783
653 803
653 963
654 658
654 664
654 722
654 764
654 936
655 657
655 664
655 823
655 826
655 833
656 657
656 658
656 660
656 664
656 882
656 928
656 936
656 955
657 658
657 664
657 745
657 754
657 936
658 660
658 664
658 812
658 898
658 936
659 827
659 842
659 886
659 916
659 980
659 989
660 664
660 671
660 775
660 936
661 662
661 663
661 666
661 668
661 670
661 671
661 731
661 737
661 802
661 857
661 945
661 991
662 664
662 665
662 666
662 668
662 669
662 729
662 774
662 856
662 857
662 871
662 946
662 963
662 977
663 665
663 666
663 668
663 669
663 670
663 700
663 775
664 734
664 742
664 746
664 936
665 669
665 836
665 857
665 956
666 668
666 947
667 801
667 802
667 804
667 809
667 810
667 825
667 897
667 918
667 971
667 988
667 1000
668 669
668 724
668 771
668 857
669 670
669 781
669 821
669 928
670 810
670 857
670 893
670 978
670 989
670 1000
671 672
671 674
671 678
671 679
671 782
671 977
671 987
672 674
672 679
672 738
672 828
672 907
673 941
673 942
673 943
673 944
673 945
673 947
673 948
673 949
673 950
673 955
673 960
673 975
673 986
674 678
674 679
674 785
674 907
674 962
675 764
675 801
675 875
676 753
676 989
677 752
677 754
677 759
677 760
677 779
677 876
677 969
678 679
678 727
678 907
679 705
679 861
679 907
680 695
680 715
680 845
680 896
680 952
681 682
681 683
681 684
681 686
681 687
681 688
681 762
681 769
681 851
682 683
682 685
682 686
682 687
682 688
682 689
682 704
682 733
682 977
683 685
683 686
683 687
683 688
683 689
683 827
683 898
683 900
684 686
684 687
684 688
684 689
684 704
684 762
684 883
684 974
685 686
685 688
685 689
685 719
685 762
685 875
686 687
686 688
686 689
686 784
686 877
686 878
686 987
687 688
687 689
687 760
687 762
687 920
687 946
687 987
688 762
688 939
689 725
689 762
689 801
690 784
690 851
690 853
690 854
690 856
690 859
690 883
690 962
690 968
691 693
691 696
691 698
691 699
691 731
691 741
691 832
691 854
691 991
692 716
693 696
693 698
693 699
693 991
694 855
694 892
694 898
694 958
694 990
695 706
695 731
695 740
696 698
696 797
696 844
696 920
696 991
698 728
698 984
698 985
698 991
699 727
699 751
699 991
700 741
700 763
700 764
700 765
700 768
700 769
700 770
701 759
701 881
701 882
701 884
701 887
701 888
701 890
701 893
701 957
702 703
702 704
702 705
702 706
702 708
702 709
702 714
702 733
702 960
702 996
703 705
703 706
703 707
703 708
703 709
703 710
703 788
703 797
703 918
704 793
704 806
705 706
705 707
705 708
705 709
705 834
705 851
705 853
705 938
706 707
706 709
706 765
706 776
706 927
706 956
707 708
707 709
707 732
708 709
708 745
708 754
708 855
708 915
708 984
709 730
709 791
709 814
709 874
710 739
710 801
710 836
710 988
711 713
711 714
711 715
711 716
711 717
711 742
711 747
711 775
711 865
711 962
711 978
712 763
712 835
712 884
712 926
712 939
712 960
713 715
713 716
713 717
713 720
713 759
713 927
713 936
714 716
714 717
714 720
714 775
714 833
714 850
714 864
715 717
715 720
715 753
715 775
715 795
715 965
716 717
716 720
716 721
716 759
716 764
716 899
716 980
717 720
717 845
717 905
718 750
718 757
718 779
718 805
718 845
718 883
718 999
719 738
719 833
719 904
719 949
720 775
721 723
721 724
721 725
721 726
721 727
721 730
721 772
721 806
721 850
721 976
721 994
722 741
722 836
722 856
722 955
722 975
722 989
723 724
723 725
723 726
723 727
723 729
723 730
723 779
723 914
723 979
724 727
724 729
724 730
724 878
724 998
725 727
725 760
725 798
725 817
725 973
725 999
726 727
726 730
726 756
726 801
726 908
726 982
727 730
727 736
728 763
728 786
728 794
728 842
728 844
728 872
728 888
728 940
728 966
728 990
729 730
729 772
729 973
730 849
730 966
730 1000
731 732
731 734
731 735
731 736
731 737
731 738
731 740
731 800
731 871
731 947
732 734
732 735
732 736
732 737
732 740
732 745
732 899
732 964
732 969
733 764
733 861
733 863
733 864
733 865
733 866
733 867
733 920
733 957
734 735
734 736
734 737
734 738
734 740
734 815
734 826
735 737
735 738
735 740
735 837
735 839
736 737
736 740
736 919
737 738
737 740
737 957
737 983
737 997
738 740
739 769
739 821
739 822
739 823
739 824
739 825
739 826
739 829
739 922
739 976
740 791
740 875
740 912
740 923
740 929
740 930
740 983
741 744
741 868
741 912
742 745
742 747
742 749
742 796
742 872
743 880
743 892
743 919
744 809
744 875
744 895
744 901
744 902
744 903
744 908
744 910
745 746
745 747
745 749
745 750
745 841
745 916
745 962
746 747
746 750
746 752
746 859
747 749
747 750
747 851
747 878
747 929
747 965
747 983
748 762
748 788
749 827
749 912
750 762
750 913
751 756
751 788
751 864
751 939
752 755
752 759
752 867
752 938
752 954
752 969
753 834
753 881
754 755
754 760
754 898
754 951
754 969
755 759
755 760
755 779
755 931
755 969
755 975
755 986
756 777
756 819
756 872
756 928
757 781
757 782
757 783
757 785
757 786
757 787
757 789
757 834
757 880
757 922
757 931
758 794
758 938
759 760
759 893
759 949
760 779
760 969
761 763
761 769
761 873
762 805
762 834
763 764
763 765
763 766
763 768
763 769
763 770
763 771
763 882
764 765
764 766
764 768
764 769
764 770
764 817
765 766
765 770
765 773
765 825
765 886
765 889
765 984
766 888
767 787
767 813
767 951
767 952
767 954
767 957
767 959
767 960
768 769
768 821
768 832
768 975
769 770
770 834
770 864
770 977
771 833
771 846
771 863
771 880
771 968
772 773
772 774
772 780
773 774
773 777
773 778
773 780
773 808
773 829
773 938
773 983
774 777
774 778
774 780
774 788
774 793
774 833
774 869
774 983
775 793
775 866
775 938
776 801
776 802
776 803
776 804
776 809
776 810
776 1000
777 778
777 780
777 879
777 942
777 946
777 983
778 828
778 839
778 859
778 983
779 933
779 969
780 858
780 888
780 924
780 941
780 983
780 990
781 783
781 784
781 785
781 786
781 796
781 848
781 958
781 966
782 783
782 784
782 789
782 834
782 927
782 966
783 784
783 785
783 789
783 834
783 966
784 785
784 786
784 787
784 789
784 834
784 921
784 924
784 966
784 994
785 787
785 789
785 811
785 834
785 882
785 966
786 787
786 911
786 933
786 966
786 978
787 789
787 834
787 966
789 966
789 990
790 795
790 812
790 827
790 847
790 886
791 792
791 793
791 794
791 796
791 797
791 798
791 800
792 793
792 797
792 800
792 901
792 906
793 794
793 796
793 797
793 798
793 800
793 910
793 980
794 796
794 798
794 812
794 902
794 952
794 959
794 985
795 818
795 861
795 886
795 895
795 932
795 960
795 996
796 797
796 798
797 798
797 800
797 817
797 889
798 800
798 857
799 855
799 935
799 941
799 970
800 842
800 887
800 922
801 803
801 804
801 809
801 810
801 826
801 888
801 1000
802 803
802 804
802 809
802 810
802 988
802 1000
803 804
803 809
803 810
803 997
803 1000
804 809
804 810
804 833
804 886
804 1000
805 843
805 936
805 999
806 941
807 840
807 867
808 815
808 855
809 810
809 843
809 1000
810 941
810 974
811 812
811 813
811 814
811 815
811 816
811 817
811 818
811 819
811 820
812 813
812 814
812 815
812 816
812 817
812 818
812 820
812 858
812 873
812 875
812 913
812 932
812 958
813 815
813 816
813 817
813 818
813 819
813 820
813 950
813 954
814 815
814 816
814 817
814 818
814 819
814 820
815 816
815 817
815 818
815 819
815 820
815 830
815 832
815 875
815 914
816 817
816 818
816 819
816 820
816 846
816 946
817 818
817 819
817 820
817 833
818 820
818 888
818 954
818 975
818 990
819 820
819 887
819 923
819 995
821 822
821 823
821 824
821 825
821 826
821 828
821 829
821 930
822 823
822 824
822 825
822 826
822 829
822 843
822 953
822 984
823 825
823 826
823 828
823 829
823 863
823 905
823 938
823 995
824 825
824 826
824 829
824 879
825 826
825 828
825 864
825 898
826 828
826 829
826 884
826 940
827 843
828 829
828 833
828 838
828 923
828 959
828 993
829 872
830 833
830 912
830 946
831 832
831 833
831 840
831 910
831 946
832 833
832 836
832 838
832 839
832 840
832 863
832 931
832 946
832 993
833 836
833 838
833 839
833 840
833 860
833 946
833 947
834 847
834 897
834 966
835 852
835 855
835 910
835 995
836 838
836 839
836 840
836 863
837 977
838 839
838 840
838 888
838 946
839 946
840 946
840 952
841 885
841 898
841 907
841 941
842 992
843 845
843 848
843 849
844 847
844 868
844 976
845 849
845 924
845 937
845 948
847 920
848 850
848 864
848 868
848 905
848 934
849 850
849 905
849 915
850 900
850 927
851 853
851 854
851 856
851 859
851 905
853 854
853 859
853 866
853 870
853 874
853 883
854 856
854 883
856 859
856 883
856 899
858 970
858 995
859 883
859 947
861 863
861 864
861 865
861 866
861 867
862 865
862 876
863 864
863 866
863 867
863 922
863 986
864 865
864 867
864 970
865 866
865 867
865 952
865 1000
866 867
867 903
868 912
869 962
869 1000
871 873
871 874
871 875
871 876
871 879
871 880
871 896
872 876
872 877
872 879
872 880
873 874
873 875
873 876
873 877
873 880
873 917
873 925
873 981
873 992
874 876
874 877
874 879
875 876
875 877
875 879
875 880
876 877
876 879
876 880
876 932
877 879
877 880
878 921
878 991
879 880
879 909
880 955
881 882
881 884
881 887
881 888
881 889
881 893
882 884
882 885
882 887
882 888
882 889
882 890
882 893
883 893
883 952
883 988
884 887
884 888
884 890
884 893
884 979
885 888
885 889
885 890
885 893
885 932
885 983
886 989
887 889
887 890
887 893
887 898
887 917
887 948
888 889
888 893
888 976
889 890
889 893
890 904
890 905
890 928
891 894
891 895
891 896
891 898
891 900
891 931
891 983
892 932
892 995
893 918
893 934
894 895
894 898
894 899
894 900
894 970
894 1000
895 896
895 898
895 900
895 931
895 966
896 898
896 900
896 931
896 962
898 900
898 1000
899 900
899 931
899 968
900 931
901 903
901 904
901 908
901 909
901 910
902 903
902 904
902 906
902 909
902 910
902 954
903 904
903 906
903 908
903 909
903 910
903 985
904 906
904 909
904 910
905 911
905 913
905 914
905 915
905 918
905 919
905 920
905 983
906 908
906 909
906 921
907 940
907 984
908 909
908 910
909 937
909 959
910 914
911 915
911 918
911 919
911 920
912 994
913 914
913 915
913 918
913 919
913 920
913 930
913 957
914 917
914 918
915 917
915 919
915 920
916 970
917 918
917 919
917 1000
918 919
918 920
918 992
921 923
921 924
921 925
921 927
921 929
921 930
921 937
921 953
921 978
922 925
922 926
922 927
922 929
922 930
922 938
922 953
922 958
922 966
922 992
922 995
923 925
923 926
923 927
923 929
923 930
923 953
924 925
924 927
924 929
924 930
924 937
924 953
924 954
925 926
925 927
925 930
926 927
926 929
926 930
926 953
926 979
927 929
927 930
927 953
927 978
929 939
929 953
930 953
930 974
931 949
931 968
931 999
933 935
933 938
933 940
934 935
934 938
934 940
934 968
935 937
935 947
937 940
937 974
938 940
938 998
941 942
941 944
941 947
941 950
941 955
941 975
942 943
942 944
942 945
942 947
942 948
942 949
942 950
942 957
942 975
943 944
943 945
943 947
943 948
943 949
943 950
943 974
943 975
943 990
944 947
944 948
944 949
944 950
944 955
944 975
945 947
945 949
945 950
945 957
945 967
945 975
947 949
947 950
947 975
948 949
948 950
948 955
948 975
949 950
949 955
949 975
949 981
949 985
950 955
950 975
951 952
951 954
951 957
951 959
951 960
952 954
952 956
952 957
952 959
952 960
954 956
954 957
954 959
954 960
955 975
956 957
956 960
956 966
957 959
957 960
961 962
961 963
961 964
961 965
961 967
961 986
962 963
962 964
962 965
963 964
963 967
964 965
964 967
965 967
968 984
971 972
971 976
971 978
971 979
972 976
972 978
972 979
976 978
978 998
979 995
980 990
981 982
981 985
982 985
982 986
982 987
982 989
985 986
985 989
986 987
986 989
987 989
990 996
992 997
993 994
993 996
993 997
993 998
994 995
994 996
994 997
994 998
996 997
996 998
997 998
