1000 8778
1 2
1 4
1 5
1 6
1 7
1 8
1 10
1 23
1 118
1 342
1 353
1 367
1 400
1 446
1 460
1 463
1 497
1 548
1 580
1 680
1 690
1 771
1 795
1 825
1 894
1 999
2 5
2 6
2 7
2 8
2 10
2 34
2 118
2 121
2 348
2 497
2 671
2 734
2 900
2 921
3 76
3 141
3 210
3 213
3 247
3 362
3 563
3 648
3 790
3 857
3 909
3 922
3 926
3 928
4 34
4 71
4 83
4 92
4 128
4 163
4 178
4 179
4 221
4 233
4 332
4 333
4 335
4 337
4 338
4 348
4 585
4 911
4 921
5 7
5 118
5 207
5 233
5 328
5 395
5 416
5 497
5 528
5 550
5 560
5 577
5 643
5 691
5 866
5 956
6 7
6 118
6 204
6 206
6 209
6 221
6 223
6 359
6 441
6 451
6 497
6 614
6 717
6 752
6 938
6 995
7 8
7 10
7 118
7 140
7 194
7 242
7 268
7 366
7 497
7 670
8 10
8 21
8 45
8 118
8 242
8 359
8 375
8 413
8 453
8 463
8 497
8 546
8 619
8 631
8 652
8 701
8 897
8 910
8 928
8 981
9 140
9 149
9 246
9 340
9 406
9 472
9 473
9 474
9 475
9 477
9 478
9 666
9 690
9 844
10 118
10 170
10 220
10 227
10 229
10 332
10 356
10 408
10 497
10 565
10 606
10 711
10 776
11 12
11 13
11 14
11 16
11 18
11 19
11 20
11 197
11 275
11 452
11 490
11 652
11 664
11 714
11 737
11 813
11 854
11 978
12 13
12 14
12 18
12 19
12 20
12 168
12 213
12 296
12 431
12 452
12 591
12 652
12 722
12 777
12 813
12 818
12 886
13 14
13 19
13 20
13 78
13 272
13 372
13 378
13 452
13 652
13 834
13 843
13 849
13 862
14 16
14 18
14 20
14 47
14 95
14 106
14 263
14 352
14 452
14 504
14 615
14 652
14 718
14 813
14 816
14 955
15 85
15 173
15 177
15 181
15 221
15 224
15 226
15 227
15 228
15 230
15 248
15 352
15 480
15 535
15 612
15 625
15 630
15 661
15 760
15 925
16 17
16 18
16 19
16 36
16 195
16 368
16 430
16 494
16 589
16 596
16 652
16 813
16 820
17 102
17 183
17 241
17 243
17 244
17 248
17 250
17 327
17 334
17 378
17 444
17 465
17 571
17 624
17 691
17 774
17 963
18 19
18 20
18 206
18 283
18 354
18 364
18 550
18 799
18 813
18 833
18 873
18 921
19 20
19 121
19 171
19 300
19 452
19 466
19 652
19 658
19 813
20 187
20 359
20 452
20 549
20 593
20 614
20 644
20 648
20 652
20 747
20 774
20 798
20 813
20 864
20 974
21 23
21 24
21 26
21 28
21 30
21 53
21 173
21 279
21 302
21 425
21 615
21 671
21 718
21 745
21 931
21 980
22 26
22 28
22 30
22 79
22 245
22 339
22 362
22 382
22 487
22 526
22 590
22 652
22 694
22 745
22 770
22 786
22 980
23 26
23 28
23 30
23 267
23 339
23 377
23 414
23 436
23 508
23 509
23 568
23 601
23 704
23 745
23 977
23 980
23 982
24 26
24 28
24 153
24 339
24 422
24 477
24 483
24 517
24 619
24 645
24 745
24 855
24 901
24 980
24 995
25 98
25 398
25 418
25 448
25 478
25 494
25 512
25 513
25 515
25 516
25 518
25 559
25 586
25 771
25 934
26 28
26 30
26 284
26 289
26 339
26 745
26 897
26 980
27 95
27 115
27 229
27 234
27 383
27 385
27 386
27 388
27 509
27 629
27 670
27 684
27 813
28 30
28 85
28 150
28 245
28 339
28 612
28 745
28 781
28 782
28 859
29 277
29 361
29 420
29 502
29 681
29 683
29 684
29 686
29 688
29 855
29 875
29 919
30 95
30 339
30 435
30 451
30 457
30 522
30 567
30 619
30 712
30 742
30 745
30 840
30 920
30 980
31 32
31 33
31 35
31 36
31 38
31 39
31 346
31 355
31 409
31 549
31 551
31 598
31 744
31 820
31 854
31 980
32 35
32 38
32 39
32 40
32 114
32 155
32 226
32 379
32 403
32 736
32 737
32 749
32 818
32 819
32 854
32 933
33 35
33 36
33 38
33 39
33 40
33 49
33 119
33 272
33 326
33 346
33 391
33 475
33 528
33 553
33 609
33 648
33 854
34 163
34 200
34 264
34 332
34 333
34 335
34 337
34 338
34 414
34 419
34 513
34 603
34 662
34 800
34 918
34 965
35 36
35 38
35 39
35 158
35 169
35 217
35 315
35 342
35 792
35 821
35 854
35 888
35 969
35 983
36 38
36 39
36 40
36 64
36 129
36 332
36 350
36 518
36 528
36 547
36 680
36 713
36 819
36 854
37 89
37 129
37 142
37 437
37 493
37 566
37 596
37 649
37 788
37 813
37 841
37 843
37 844
37 847
37 849
37 850
37 911
37 932
37 988
38 39
38 40
38 321
38 446
38 487
38 532
38 537
38 854
38 975
39 40
39 92
39 134
39 210
39 367
39 380
39 390
39 498
39 576
39 767
39 804
39 827
39 854
39 924
39 992
40 449
40 605
40 666
40 670
40 770
40 772
40 854
40 928
41 43
41 45
41 46
41 48
41 50
41 135
41 266
41 268
41 555
41 569
41 630
41 773
41 927
42 48
42 69
42 160
42 193
42 194
42 195
42 196
42 197
42 200
42 204
42 277
42 282
42 369
42 482
42 512
42 537
42 608
42 677
42 687
42 764
42 766
42 790
42 857
42 874
42 936
43 45
43 46
43 47
43 48
43 175
43 204
43 223
43 265
43 279
43 353
43 393
43 419
43 447
43 494
43 556
43 569
43 593
43 609
43 750
43 805
44 62
44 93
44 106
44 192
44 444
44 561
44 574
44 687
44 901
44 902
44 903
44 905
44 909
45 46
45 48
45 223
45 596
45 820
45 927
46 47
46 48
46 50
46 54
46 166
46 176
46 222
46 306
46 341
46 393
46 476
46 505
46 569
46 789
46 819
46 913
46 927
46 979
47 50
47 67
47 223
47 310
47 367
47 393
47 456
47 485
47 488
47 569
47 664
47 688
47 792
47 836
47 927
47 978
48 153
48 158
48 223
48 255
48 291
48 531
48 813
48 927
49 61
49 62
49 65
49 66
49 67
49 94
49 159
49 220
49 328
49 331
49 476
49 720
49 774
50 145
50 223
50 393
50 467
50 472
50 569
50 826
50 865
50 927
51 169
51 201
51 217
51 347
51 368
51 509
51 614
51 651
51 653
51 654
51 655
51 659
51 660
51 678
51 743
51 744
51 802
51 829
51 830
51 859
51 869
51 873
52 53
52 54
52 56
52 57
52 59
52 60
52 93
52 139
52 164
52 283
52 362
52 383
52 575
52 625
52 630
52 656
52 717
52 887
53 56
53 57
53 59
53 148
53 221
53 407
53 538
53 575
53 586
53 777
53 805
53 837
54 57
54 59
54 60
54 218
54 225
54 227
54 523
54 575
54 819
55 93
55 112
55 113
55 116
55 117
55 130
55 137
55 151
55 168
55 169
55 334
55 428
55 461
55 470
55 471
55 503
55 656
55 769
55 887
55 891
55 925
56 57
56 146
56 155
56 226
56 283
56 291
56 442
56 502
56 525
56 568
56 575
56 589
56 777
56 893
57 59
57 78
57 134
57 141
57 225
57 377
57 475
57 512
57 575
57 714
57 777
57 819
57 925
58 484
58 562
58 565
58 566
58 568
58 649
58 706
58 853
58 881
59 60
59 85
59 229
59 292
59 575
59 679
59 777
59 780
59 829
59 935
60 192
60 296
60 313
60 539
60 575
60 632
60 777
60 793
60 859
60 921
60 947
61 62
61 64
61 65
61 66
61 67
61 292
61 295
61 323
61 328
61 403
61 431
61 496
61 591
61 605
61 746
62 64
62 65
62 66
62 67
62 69
62 77
62 149
62 238
62 297
62 328
62 364
62 618
62 624
62 658
62 984
63 107
63 160
63 191
63 235
63 294
63 308
63 377
63 418
63 977
63 983
63 985
63 988
63 989
64 65
64 66
64 67
64 147
64 323
64 328
64 374
64 649
64 680
64 886
64 967
65 66
65 67
65 106
65 328
65 538
65 673
65 762
65 766
65 778
66 67
66 144
66 263
66 273
66 376
66 393
66 443
66 445
66 488
66 591
66 814
66 922
67 69
67 328
67 407
67 439
67 543
67 620
67 750
67 819
67 840
67 884
68 120
68 279
68 365
68 420
68 481
68 482
68 483
68 484
68 485
68 486
68 488
68 489
68 490
68 532
68 614
68 627
68 969
69 193
69 194
69 195
69 196
69 197
69 198
69 200
69 204
69 330
69 335
69 559
69 597
69 764
69 803
69 847
69 885
69 901
69 927
70 99
70 231
70 235
70 236
70 238
70 292
70 476
70 487
70 541
70 608
70 621
70 623
70 686
70 711
70 722
70 754
70 817
70 839
70 855
70 940
70 1000
71 72
71 163
71 167
71 264
71 332
71 333
71 337
71 338
71 692
71 929
72 73
72 74
72 75
72 77
72 224
72 298
72 299
72 325
72 367
72 528
72 543
72 687
72 692
73 74
73 75
73 76
73 77
73 78
73 80
73 234
73 268
73 392
73 438
73 517
73 646
73 670
73 706
73 751
73 848
73 914
73 967
74 75
74 76
74 77
74 78
74 80
74 104
74 129
74 248
74 346
74 463
74 517
74 579
74 594
74 737
74 782
74 809
74 845
74 891
74 934
75 76
75 80
75 195
75 269
75 420
75 442
75 464
75 517
75 620
75 675
75 715
75 790
75 807
75 844
75 889
76 77
76 78
76 132
76 153
76 174
76 405
76 467
76 477
76 517
76 540
76 586
76 623
76 840
76 881
76 882
76 897
77 78
77 80
77 169
77 247
77 307
77 322
77 380
77 455
77 517
77 592
77 608
77 877
78 80
78 147
78 171
78 278
78 290
78 473
78 517
78 635
78 896
78 939
78 986
79 146
79 206
79 300
79 381
79 404
79 451
79 453
79 454
79 455
79 458
79 459
79 460
79 520
79 548
79 558
79 596
79 936
79 945
79 969
80 83
80 297
80 320
80 437
80 446
80 517
80 534
80 723
80 775
80 807
80 884
80 908
81 82
81 83
81 84
81 85
81 88
81 89
81 90
81 142
81 200
81 266
81 284
81 364
81 517
81 676
81 730
81 759
81 844
82 84
82 88
82 89
82 90
82 180
82 215
82 289
82 340
82 381
82 581
82 662
82 812
82 819
82 873
82 950
82 965
83 118
83 165
83 188
83 523
83 591
83 622
83 625
83 626
83 629
83 630
83 632
83 661
83 699
83 758
83 767
83 794
83 806
83 933
84 86
84 88
84 89
84 90
84 178
84 223
84 258
84 276
84 312
84 553
84 670
84 682
84 742
84 852
84 935
85 88
85 89
85 90
85 292
85 389
85 404
85 478
85 648
85 670
85 780
85 821
85 949
85 988
85 993
86 88
86 90
86 114
86 314
86 511
86 538
86 725
86 744
86 921
87 218
87 341
87 342
87 345
87 346
87 347
87 348
87 425
87 481
87 550
87 621
87 748
87 818
87 834
87 838
87 882
87 898
87 924
87 968
87 1000
88 89
88 90
88 158
88 554
88 670
89 90
89 106
89 213
89 283
89 559
89 584
89 670
89 698
89 708
89 790
89 951
90 197
90 202
90 217
90 275
90 280
90 337
90 440
90 567
90 620
90 746
90 868
91 93
91 94
91 95
91 97
91 99
91 100
91 214
91 360
91 424
91 433
91 466
91 727
91 892
91 923
91 928
92 141
92 159
92 182
92 183
92 186
92 187
92 189
92 299
92 309
92 315
92 416
92 659
92 765
92 847
92 869
92 964
93 94
93 95
93 98
93 99
93 100
93 240
93 272
93 334
93 382
93 413
93 423
93 478
93 518
93 530
93 597
93 711
93 765
93 870
93 892
93 985
93 1000
94 95
94 97
94 98
94 99
94 100
94 180
94 275
94 342
94 394
94 403
94 404
94 436
94 659
94 847
94 915
95 98
95 99
95 100
95 214
95 317
95 574
95 582
95 892
95 949
95 950
96 275
96 344
96 351
96 352
96 356
96 357
96 358
96 359
96 360
96 365
96 477
96 564
96 657
96 666
96 706
97 98
97 100
97 242
97 297
97 473
97 525
97 626
97 693
97 718
97 844
97 869
97 892
97 958
98 99
98 100
98 106
98 117
98 217
98 225
98 364
98 375
98 399
98 428
98 487
98 661
98 856
98 862
98 865
98 892
99 100
99 108
99 128
99 225
99 234
99 297
99 332
99 393
99 451
99 722
99 800
99 837
99 892
100 146
100 212
100 267
100 316
100 446
100 472
100 516
100 551
100 553
100 572
100 607
100 760
100 892
101 102
101 103
101 106
101 108
101 139
101 236
101 487
101 712
101 910
102 103
102 105
102 107
102 108
102 109
102 111
102 163
102 172
102 247
102 270
102 339
102 352
102 417
102 427
102 696
102 703
102 714
102 718
102 746
102 768
102 823
102 875
102 882
102 910
102 911
103 105
103 107
103 108
103 109
103 111
103 160
103 173
103 418
103 433
103 445
103 447
103 643
103 679
103 743
103 747
103 769
103 829
103 857
103 910
104 112
104 162
104 232
104 305
104 383
104 411
104 432
104 442
104 547
104 646
104 678
104 699
104 824
104 848
104 881
104 882
104 883
104 884
104 889
104 890
104 916
104 978
105 108
105 109
105 111
105 137
105 331
105 383
105 571
105 601
105 602
105 653
105 685
105 703
105 733
105 771
105 883
105 910
105 922
105 973
106 107
106 108
106 109
106 111
106 494
106 524
106 566
106 603
106 613
106 635
106 703
106 910
107 109
107 166
107 214
107 250
107 264
107 320
107 327
107 334
107 353
107 413
107 500
107 604
107 703
107 706
107 710
107 773
107 816
107 822
107 910
108 109
108 111
108 186
108 274
108 442
108 465
108 703
108 910
109 111
109 162
109 176
109 363
109 475
109 482
109 497
109 578
109 676
109 703
109 895
109 912
110 123
110 251
110 278
110 347
110 351
110 352
110 356
110 359
110 360
110 384
110 439
110 498
110 514
110 616
110 645
110 757
111 122
111 134
111 458
111 535
111 703
111 900
111 910
112 113
112 116
112 117
112 119
112 120
112 137
112 151
112 158
112 193
112 219
112 274
112 344
112 352
112 378
112 379
112 409
112 602
112 643
112 656
112 684
112 762
112 769
112 792
112 969
113 114
113 116
113 117
113 119
113 137
113 151
113 222
113 492
113 516
113 602
113 656
113 742
113 833
113 841
113 850
113 918
113 977
113 979
114 116
114 119
114 151
114 178
114 181
114 203
114 230
114 332
114 439
114 551
114 563
114 655
114 656
114 769
114 878
114 904
114 910
115 123
115 142
115 153
115 215
115 229
115 234
115 270
115 273
115 276
115 298
115 321
115 382
115 383
115 385
115 386
115 388
115 471
115 499
115 541
115 664
115 682
115 730
115 877
115 903
115 974
116 119
116 137
116 151
116 211
116 252
116 378
116 393
116 430
116 466
116 512
116 534
116 614
116 647
116 656
116 769
116 797
116 826
116 863
116 888
116 904
116 947
117 119
117 137
117 151
117 189
117 242
117 282
117 557
117 559
117 562
117 627
117 656
117 705
117 769
117 979
118 212
118 497
118 688
118 780
118 784
118 898
119 137
119 145
119 151
119 297
119 385
119 611
119 656
119 732
119 855
119 883
120 128
120 160
120 261
120 262
120 263
120 265
120 267
120 268
120 269
120 370
120 530
120 723
120 813
120 831
121 122
121 123
121 124
121 129
121 130
121 194
121 255
121 285
121 301
121 317
121 424
121 449
121 451
121 550
121 577
121 596
121 604
121 680
121 760
121 849
121 873
121 899
121 920
121 921
122 124
122 125
122 129
122 130
122 193
122 212
122 309
122 310
122 363
122 376
122 640
122 680
122 760
122 765
122 783
122 797
122 921
122 959
123 124
123 130
123 560
123 742
123 743
123 759
123 760
123 921
124 129
124 130
124 356
124 665
124 680
124 695
124 729
124 750
124 760
124 808
124 852
124 871
124 915
124 921
125 312
125 313
125 314
125 316
125 318
125 319
125 320
125 363
125 425
125 511
125 558
125 572
125 582
125 599
125 717
125 750
125 751
125 985
126 183
126 185
126 186
126 189
126 190
126 240
126 262
126 299
126 390
126 395
126 426
126 477
126 551
126 621
126 785
126 787
126 869
126 874
126 990
127 233
127 241
127 243
127 244
127 248
127 250
127 275
127 334
127 452
127 580
127 624
127 679
127 683
127 696
127 720
127 782
127 798
127 807
127 868
127 872
127 963
128 186
128 187
128 261
128 262
128 265
128 267
128 269
128 370
128 385
128 472
128 491
128 521
128 530
128 694
129 130
129 169
129 321
129 372
129 398
129 456
129 505
129 520
129 570
129 583
129 645
129 760
129 824
129 865
129 921
129 925
129 991
130 176
130 198
130 281
130 364
130 385
130 436
130 507
130 650
130 734
130 760
130 761
130 842
130 921
131 132
131 133
131 134
131 136
131 138
131 139
131 140
131 152
131 432
131 466
131 586
131 613
131 674
131 727
132 133
132 135
132 136
132 139
132 140
132 142
132 211
132 263
132 466
132 475
132 513
132 556
132 561
132 577
132 811
132 942
132 976
132 986
133 134
133 135
133 136
133 138
133 139
133 140
133 152
133 191
133 251
133 279
133 425
133 466
133 613
133 646
133 673
133 685
133 771
133 782
133 944
134 135
134 136
134 138
134 139
134 205
134 302
134 466
134 541
134 613
134 634
134 716
134 759
134 782
134 839
135 136
135 138
135 139
135 152
135 466
135 678
135 746
135 775
135 860
135 881
135 957
135 996
136 138
136 140
136 152
136 155
136 256
136 296
136 598
136 613
136 679
136 680
136 722
136 742
136 865
136 883
137 357
137 405
137 481
137 656
137 769
137 842
137 871
137 895
138 139
138 140
138 152
138 206
138 397
138 571
139 140
139 152
139 180
139 392
139 400
139 442
139 466
139 486
139 584
139 597
139 613
139 617
139 636
139 684
139 890
139 898
140 152
140 224
140 234
140 285
140 338
140 407
140 613
140 673
140 691
140 744
140 796
140 905
141 161
141 184
141 213
141 247
141 251
141 259
141 352
141 385
141 746
141 747
141 798
141 922
141 926
141 928
142 229
142 234
142 366
142 382
142 384
142 385
142 443
142 451
142 576
142 595
142 895
142 930
143 144
143 145
143 146
143 147
143 149
143 150
143 191
143 221
143 259
143 278
143 319
143 337
143 547
143 576
143 577
143 723
143 734
143 808
143 875
143 915
143 926
144 145
144 147
144 148
144 150
144 458
144 528
144 576
144 808
144 825
144 936
145 150
145 273
145 347
145 493
145 551
145 576
145 599
145 651
145 723
145 782
145 786
145 808
145 846
145 997
146 173
146 381
146 447
146 451
146 453
146 454
146 455
146 458
146 459
146 460
146 474
146 503
146 520
146 527
146 558
146 599
146 606
146 774
146 917
146 936
146 988
147 148
147 150
147 182
147 216
147 279
147 291
147 307
147 337
147 576
147 604
147 615
147 626
147 808
148 149
148 150
148 170
148 271
148 549
148 576
148 602
148 656
148 723
148 808
148 885
148 907
148 953
148 982
149 150
149 227
149 289
149 300
149 533
149 618
149 722
149 723
149 808
149 921
150 202
150 223
150 253
150 457
150 567
150 576
150 678
150 723
150 770
150 798
150 801
150 886
150 948
151 280
151 356
151 382
151 656
151 704
151 769
151 876
151 984
152 163
152 228
152 390
152 419
152 466
152 613
152 832
152 944
152 966
153 214
153 215
153 216
153 219
153 220
153 327
153 380
153 411
153 413
153 480
153 623
153 736
153 932
154 160
154 196
154 344
154 348
154 527
154 553
154 554
154 556
154 557
154 559
154 560
154 769
154 779
154 873
154 937
155 157
155 158
155 159
155 160
155 229
155 275
155 331
155 354
155 399
155 409
155 548
155 557
155 643
155 660
155 819
155 829
155 903
156 157
156 158
156 159
156 160
156 194
156 222
156 374
156 457
156 475
156 520
156 531
156 535
156 548
156 650
156 675
156 813
156 841
156 906
156 912
156 954
157 159
157 160
157 209
157 308
157 324
157 347
157 407
157 457
157 595
157 599
157 668
157 715
158 159
158 193
158 257
158 457
158 465
158 494
158 526
158 530
158 548
158 720
158 799
159 216
159 220
159 433
159 457
159 548
159 618
159 625
159 787
159 930
159 951
160 298
160 343
160 386
160 405
160 457
160 489
160 548
160 684
160 950
161 164
161 166
161 167
161 170
161 185
161 191
161 219
161 333
161 334
161 348
161 468
161 682
161 777
161 825
161 892
162 271
162 317
162 337
162 598
162 718
162 735
162 757
162 821
162 823
162 824
162 826
162 829
162 830
162 839
162 867
162 874
163 206
163 264
163 278
163 332
163 333
163 335
163 337
163 338
163 342
163 479
163 564
163 681
163 734
163 750
163 831
163 915
163 941
164 165
164 166
164 167
164 170
164 468
164 731
164 795
164 825
164 944
164 950
164 961
165 166
165 167
165 222
165 321
165 380
165 468
165 527
165 825
165 943
166 167
166 170
166 382
166 468
166 644
166 694
166 730
166 897
167 206
167 377
167 468
167 658
167 752
167 974
168 176
168 220
168 291
168 341
168 342
168 345
168 346
168 349
168 350
168 374
168 380
168 614
168 675
168 778
168 785
168 818
168 897
168 903
168 941
168 968
169 271
169 284
169 287
169 387
169 424
169 461
169 462
169 463
169 464
169 465
169 470
169 543
169 588
169 663
169 685
169 687
169 707
169 750
169 783
169 909
169 962
169 990
170 286
170 478
170 526
170 603
170 618
170 825
170 851
170 942
171 208
171 524
171 766
171 767
171 783
171 822
171 875
171 876
171 901
171 936
172 173
172 175
172 178
172 179
172 180
172 318
172 456
172 469
172 481
172 621
172 692
172 745
172 795
172 841
172 864
172 957
173 175
173 176
173 178
173 179
173 180
173 219
173 393
173 456
173 469
173 481
173 561
173 681
173 731
173 920
173 929
174 175
174 372
174 394
174 456
174 630
174 676
174 775
174 823
174 873
174 876
174 971
174 973
174 974
174 975
174 977
175 178
175 280
175 382
175 402
175 469
175 504
175 520
175 657
175 729
175 752
175 948
176 178
176 179
176 180
176 296
176 456
176 469
176 648
176 826
176 980
176 996
177 325
177 335
177 439
177 533
177 551
177 623
177 752
177 755
177 795
177 815
177 846
177 928
177 936
177 982
177 991
177 992
177 993
177 994
177 996
177 999
177 1000
178 179
178 180
178 242
178 506
178 699
178 797
178 802
178 867
179 180
179 371
179 456
179 460
179 469
179 531
179 631
179 780
180 265
180 425
180 456
180 711
180 789
181 182
181 185
181 186
181 187
181 299
181 390
181 564
181 605
181 621
181 765
181 869
182 183
182 186
182 187
182 189
182 222
182 299
182 341
182 390
182 515
182 580
182 621
182 624
182 869
182 880
182 989
183 186
183 187
183 190
183 233
183 275
183 280
183 390
183 621
183 625
183 647
183 726
183 765
183 839
183 840
183 869
183 970
184 278
184 384
184 528
184 535
184 596
184 627
184 639
184 760
184 871
184 872
184 875
184 877
184 878
184 879
184 880
184 882
184 930
185 186
185 187
185 189
185 190
185 196
185 276
185 289
185 299
185 390
185 547
185 621
185 681
185 682
185 839
185 869
186 189
186 190
186 236
186 252
186 299
186 390
186 402
186 492
186 504
186 606
186 621
186 765
186 779
186 869
186 962
186 969
187 190
187 245
187 299
187 390
187 522
187 536
187 622
187 630
187 765
187 854
187 869
187 937
187 965
187 968
188 216
188 379
188 520
188 571
188 572
188 573
188 577
188 578
188 579
188 580
188 778
188 809
188 817
188 847
188 859
188 912
188 969
188 981
188 991
189 190
189 216
189 299
189 344
189 361
189 452
189 552
189 605
189 621
189 627
189 721
189 765
189 851
189 864
189 940
189 958
189 985
190 295
190 299
190 390
190 621
190 718
190 721
190 765
190 869
190 897
190 968
191 204
191 432
191 534
191 669
191 733
191 801
191 875
191 895
191 912
191 913
191 914
191 916
191 917
191 918
191 920
191 929
192 210
192 215
192 346
192 360
192 471
192 553
192 605
192 669
192 698
192 901
192 903
193 194
193 195
193 196
193 197
193 198
193 200
193 369
193 483
193 629
193 658
193 772
193 812
193 839
193 872
193 909
193 970
194 195
194 196
194 198
194 200
194 233
194 237
194 369
194 603
194 795
194 866
194 922
195 197
195 198
195 200
195 224
195 369
195 398
195 406
195 416
195 440
195 604
195 653
195 747
195 764
195 765
195 796
195 807
195 872
195 991
196 197
196 198
196 200
196 224
196 250
196 261
196 319
196 369
196 421
196 664
196 685
196 690
196 798
197 198
197 200
197 273
197 320
197 369
197 376
197 764
197 784
197 826
197 845
197 984
198 200
198 369
198 383
198 416
198 510
198 644
198 691
198 809
198 846
198 946
198 967
199 278
199 456
199 484
199 517
199 636
199 672
199 747
199 761
199 801
199 872
199 877
199 878
199 880
199 921
199 930
200 210
200 278
200 279
200 336
200 366
200 369
200 447
200 495
200 690
200 736
200 764
200 775
200 793
201 258
201 280
201 294
201 441
201 466
201 509
201 651
201 653
201 655
201 660
201 676
201 680
201 743
201 745
201 767
202 203
202 205
202 206
202 209
202 210
202 217
202 252
202 332
202 340
202 448
202 504
202 513
202 515
202 908
202 915
202 925
202 930
202 981
203 206
203 209
203 210
203 252
203 336
203 340
203 528
203 542
203 602
203 865
203 890
203 894
203 918
203 925
203 987
204 264
204 305
204 432
204 468
204 485
204 600
204 624
204 658
204 686
204 801
204 912
204 916
204 917
204 918
204 919
204 920
204 946
205 206
205 209
205 210
205 252
205 297
205 320
205 340
205 347
205 471
205 553
205 925
206 209
206 210
206 234
206 252
206 297
206 542
206 822
206 925
206 990
207 301
207 302
207 303
207 304
207 307
207 354
207 509
207 617
207 813
207 841
207 874
208 212
208 214
208 215
208 216
208 219
208 317
208 502
208 625
208 706
208 725
208 842
208 868
208 915
209 210
209 310
209 355
209 376
209 533
209 601
209 633
209 683
209 719
209 895
209 925
210 248
210 252
210 253
210 340
210 500
210 583
210 686
210 776
210 821
210 877
210 925
210 958
211 228
211 239
211 308
211 322
211 424
211 506
211 579
211 580
211 655
211 752
211 782
211 784
211 786
211 787
211 789
211 802
211 816
211 851
211 859
211 904
212 214
212 215
212 216
212 218
212 219
212 220
212 234
212 290
212 433
212 451
212 460
212 558
212 570
212 666
212 708
212 829
212 835
212 842
212 852
212 961
212 987
213 217
213 328
213 338
213 365
213 487
213 508
213 602
213 603
213 604
213 605
213 607
213 609
213 610
213 849
213 858
214 215
214 216
214 218
214 219
214 220
214 257
214 368
214 372
214 403
214 408
214 501
214 638
214 720
214 869
214 986
215 216
215 220
215 354
215 387
215 398
215 483
215 508
215 521
215 547
215 640
215 641
215 842
216 219
216 220
216 339
216 341
216 478
216 584
216 764
216 804
216 835
216 842
216 981
217 520
217 578
217 602
217 604
217 605
217 606
217 609
217 610
217 673
217 961
218 219
218 220
218 373
218 476
218 663
218 704
218 726
218 749
218 755
218 816
218 842
218 859
218 938
219 220
219 251
219 474
219 499
219 507
219 551
219 792
219 842
219 878
219 970
220 309
220 461
220 471
220 544
220 797
220 798
220 842
221 224
221 225
221 226
221 227
221 228
221 230
221 282
221 576
221 818
222 354
222 394
222 423
222 541
222 542
222 543
222 544
222 546
222 547
222 641
222 749
222 774
222 814
222 836
222 923
223 292
223 308
223 393
223 569
223 768
223 927
223 966
224 225
224 227
224 228
224 230
224 414
224 509
224 631
224 660
224 759
224 935
225 226
225 228
225 230
225 319
225 323
225 640
225 661
225 791
226 227
226 228
226 245
226 380
226 661
226 804
226 931
227 228
227 230
227 333
227 360
227 599
227 661
227 764
227 769
227 882
227 888
227 979
228 230
228 334
228 619
228 627
228 661
228 673
228 676
228 725
228 760
228 768
228 786
229 234
229 244
229 350
229 382
229 384
229 385
229 388
229 730
229 738
229 779
230 302
230 661
230 666
230 764
230 876
230 990
231 235
231 236
231 237
231 238
231 240
231 296
231 434
231 438
231 508
231 528
231 608
231 623
231 708
231 797
231 800
231 855
231 877
231 949
231 960
232 252
232 265
232 289
232 464
232 554
232 638
232 678
232 756
232 867
232 881
232 882
232 883
232 884
232 885
232 887
232 912
233 247
233 618
233 662
233 663
233 664
233 665
233 667
233 668
233 669
233 908
234 307
234 316
234 362
234 383
234 384
234 385
234 386
234 388
234 601
234 615
234 632
234 637
234 667
234 711
234 712
234 969
234 993
235 236
235 237
235 238
235 240
235 249
235 315
235 387
235 446
235 487
235 515
235 608
235 623
235 855
235 868
235 913
235 915
235 944
235 960
236 237
236 238
236 240
236 271
236 390
236 434
236 487
236 551
236 608
236 623
236 855
236 912
236 950
236 960
236 975
237 238
237 240
237 353
237 440
237 487
237 550
237 623
237 696
237 855
237 917
237 942
238 240
238 307
238 434
238 487
238 561
238 608
238 618
238 623
238 705
238 855
238 960
238 995
239 426
239 520
239 575
239 740
239 771
239 784
239 785
239 789
239 849
240 359
240 412
240 414
240 420
240 432
240 487
240 493
240 549
240 553
240 623
240 645
240 684
240 694
240 744
240 842
240 855
240 923
240 924
240 960
241 243
241 248
241 250
241 266
241 334
241 351
241 624
241 670
241 743
241 748
241 832
241 929
241 950
241 963
242 246
242 303
242 397
242 422
242 477
242 492
242 534
242 564
242 631
242 632
242 633
242 636
242 637
242 638
242 639
242 640
242 688
242 810
242 814
242 879
242 900
243 244
243 248
243 250
243 293
243 334
243 401
243 417
243 435
243 624
243 679
243 865
243 870
243 923
243 963
244 248
244 250
244 324
244 624
244 662
244 734
244 799
244 812
244 843
245 246
245 355
245 455
245 483
245 637
245 670
245 718
245 735
245 783
245 792
245 793
245 794
245 795
245 796
245 797
245 798
245 800
245 844
245 911
245 925
246 355
246 358
246 495
246 499
246 599
246 647
246 718
246 729
246 735
246 755
246 791
246 792
246 794
246 796
246 797
246 798
246 911
246 918
246 990
247 422
247 467
247 681
247 808
247 922
247 926
247 979
248 250
248 271
248 470
248 506
248 567
248 571
248 597
248 624
248 774
248 860
248 923
248 941
248 963
248 965
248 986
249 274
249 288
249 309
249 339
249 487
249 521
249 523
249 618
249 649
249 731
249 732
249 736
249 738
249 739
249 740
249 773
249 827
249 864
249 943
249 950
249 969
250 307
250 334
250 421
250 544
250 554
250 584
250 624
250 629
250 649
250 658
250 810
250 963
251 254
251 255
251 259
251 396
251 404
251 477
251 499
251 563
251 737
252 278
252 340
252 357
252 374
252 470
252 541
252 685
252 748
252 847
252 915
252 925
252 944
252 990
253 254
253 255
253 256
253 259
253 314
253 326
253 340
253 372
253 506
253 544
253 718
253 729
253 761
253 773
253 987
254 255
254 256
254 259
254 262
254 326
254 435
254 508
254 611
254 633
254 682
254 844
254 949
254 981
255 259
255 326
255 399
255 442
255 453
255 520
255 538
255 540
255 612
255 874
256 259
256 326
256 364
256 470
256 596
256 807
256 823
256 841
256 871
256 883
256 936
257 293
257 442
257 443
257 444
257 446
257 447
257 449
257 450
257 564
257 651
257 672
257 704
257 710
257 813
257 826
257 838
257 886
257 958
257 985
257 990
258 712
258 714
258 716
258 717
258 719
258 723
258 846
258 925
259 326
259 334
259 360
259 460
259 474
259 491
259 499
259 507
259 959
260 288
260 347
260 348
260 366
260 461
260 526
260 641
260 642
260 643
260 644
260 645
260 647
260 648
260 799
260 821
260 915
261 262
261 263
261 267
261 268
261 269
261 370
261 462
261 530
261 647
261 851
261 890
262 263
262 370
262 530
262 611
262 622
262 728
262 928
262 964
263 265
263 267
263 268
263 269
263 370
263 478
263 707
263 768
263 877
263 882
263 973
264 333
264 335
264 337
264 409
264 766
264 821
264 905
265 267
265 268
265 269
265 323
265 353
265 370
265 483
265 489
265 608
265 650
265 846
265 903
265 994
266 322
266 361
266 362
266 366
266 367
266 451
266 501
266 871
266 888
266 949
267 268
267 269
267 370
267 411
267 435
267 521
267 530
267 788
267 861
267 977
267 995
268 269
268 294
268 325
268 370
268 446
268 510
268 530
268 602
268 671
268 696
268 914
269 285
269 352
269 456
269 640
269 768
269 797
269 937
270 391
270 545
270 659
270 712
270 794
270 822
270 856
270 857
270 858
270 864
270 869
271 379
271 415
271 461
271 463
271 464
271 465
271 470
271 606
271 685
271 764
271 848
271 888
271 939
271 959
272 279
272 381
272 473
272 499
272 582
272 584
272 585
272 586
272 587
272 588
272 589
272 647
272 977
273 275
273 276
273 280
273 309
273 323
273 391
273 436
273 453
273 474
273 552
273 875
273 907
273 978
274 307
274 353
274 367
274 516
274 542
274 554
274 680
274 731
274 732
274 734
274 736
274 738
274 739
275 276
275 277
275 280
275 309
275 379
275 427
275 552
275 625
275 661
275 724
275 860
275 907
275 922
275 949
275 978
276 280
276 292
276 305
276 309
276 398
276 434
276 552
276 678
276 700
276 727
276 765
276 978
277 280
277 291
277 293
277 309
277 326
277 426
277 431
277 440
277 445
277 552
277 652
277 776
277 907
277 978
278 330
278 435
278 564
278 627
278 831
278 869
278 875
278 877
278 878
278 880
278 930
279 305
279 402
279 412
279 471
279 481
279 483
279 484
279 486
279 488
279 489
279 490
279 502
279 547
279 594
279 847
279 929
279 949
279 969
279 992
280 520
280 552
280 652
280 661
280 675
280 852
280 907
280 978
281 282
281 283
281 284
281 285
281 287
281 290
281 414
281 504
281 548
281 586
281 618
281 678
281 902
281 946
281 982
282 283
282 284
282 285
282 286
282 287
282 288
282 363
282 424
282 618
282 645
282 714
282 802
282 856
282 984
283 284
283 286
283 288
283 414
283 428
283 618
283 774
283 775
283 868
283 874
284 285
284 286
284 287
284 288
284 289
284 290
284 336
284 365
284 568
284 618
284 620
284 648
284 850
284 977
284 988
285 286
285 287
285 288
285 290
285 363
285 414
285 584
285 618
285 631
285 728
285 780
285 930
286 287
286 288
286 290
286 367
286 414
286 448
286 463
286 686
286 764
286 807
286 883
287 288
287 290
287 414
287 497
287 618
287 716
288 290
288 393
288 414
288 458
288 470
288 561
288 618
288 672
288 708
288 771
288 858
288 895
288 982
289 364
289 455
289 553
289 554
289 556
289 559
289 589
289 640
289 741
289 844
289 888
289 906
289 933
289 937
290 298
290 367
290 521
290 532
290 604
290 618
290 703
290 761
290 786
290 803
290 916
290 995
291 292
291 293
291 297
291 298
291 300
291 437
291 735
291 812
291 870
291 905
291 957
291 969
291 972
292 295
292 296
292 297
292 298
292 300
292 319
292 412
292 503
292 770
292 848
292 972
293 294
293 296
293 298
293 300
293 437
293 449
293 473
293 629
293 816
293 819
293 876
293 912
293 972
294 296
294 297
294 298
294 300
294 437
294 516
294 608
294 742
294 880
294 929
294 948
294 959
294 972
295 296
295 297
295 298
295 300
295 342
295 409
295 437
295 457
295 765
295 972
295 980
296 298
296 300
296 306
296 372
296 407
296 437
296 443
296 547
296 838
296 883
296 971
296 972
297 300
297 367
297 379
297 391
297 437
297 444
297 590
297 648
297 695
297 765
297 777
297 942
297 972
298 300
298 397
298 430
298 437
298 682
298 797
298 848
298 901
298 947
299 314
299 333
299 424
299 602
299 616
299 621
299 765
299 792
299 869
299 959
300 315
300 437
300 523
300 712
300 909
300 972
301 302
301 303
301 306
301 310
301 314
301 398
301 513
301 620
301 651
301 741
301 773
301 926
302 303
302 304
302 305
302 306
302 310
302 367
302 752
302 881
303 304
303 305
303 306
303 307
303 356
303 366
303 409
303 560
303 642
303 891
303 972
303 998
304 305
304 306
304 307
304 310
304 624
304 803
304 935
304 948
304 996
305 306
305 307
305 310
305 311
305 351
305 421
305 544
306 307
306 308
306 310
306 351
306 517
306 531
306 586
306 595
306 621
306 671
306 735
306 845
306 872
306 889
307 310
307 501
307 561
307 562
307 717
307 782
307 919
307 951
308 340
308 377
308 489
308 490
308 656
308 731
308 734
308 764
308 843
308 887
308 913
308 983
308 985
308 986
308 989
309 315
309 394
309 416
309 552
309 570
309 684
309 808
309 907
309 930
309 978
310 326
310 354
310 520
310 548
310 601
310 722
310 763
310 787
310 865
311 326
311 363
311 431
311 433
311 435
311 438
311 440
311 578
311 619
311 711
311 746
311 770
311 776
311 812
311 853
311 855
311 867
312 314
312 320
312 337
312 363
312 657
312 679
312 691
312 719
312 721
312 747
312 750
312 861
313 314
313 316
313 320
313 358
313 363
313 395
313 398
313 400
313 456
313 521
313 604
313 660
313 662
313 671
313 715
313 737
313 750
313 805
313 809
314 316
314 318
314 319
314 363
314 433
314 470
314 608
314 697
314 814
314 862
314 962
315 383
315 419
315 549
315 601
315 624
315 701
315 702
315 704
315 705
315 707
315 708
315 709
315 710
315 819
315 916
316 319
316 320
316 360
316 363
316 405
316 453
316 734
316 750
316 851
317 362
317 393
317 442
317 463
317 527
317 545
317 546
317 622
317 782
317 823
317 824
317 829
317 830
317 839
317 867
317 911
317 953
318 319
318 320
318 363
318 406
318 566
318 579
318 661
318 750
318 853
318 972
319 320
319 363
319 494
319 696
319 750
319 804
319 817
319 886
320 322
320 441
320 448
320 528
320 538
320 663
320 750
320 807
321 349
321 364
321 542
321 563
321 579
321 606
321 631
321 633
321 634
321 652
321 941
321 942
321 944
321 945
321 946
321 947
321 948
321 949
321 950
322 323
322 327
322 329
322 330
322 334
322 368
322 549
322 637
322 698
322 801
322 831
322 906
323 327
323 329
323 330
323 369
323 398
323 402
323 504
323 549
323 704
323 728
323 736
323 801
323 844
323 976
324 621
324 711
324 737
324 753
324 754
324 757
324 759
324 795
324 815
324 836
324 944
324 957
325 345
325 484
325 551
325 636
325 776
325 816
325 905
325 924
325 982
325 992
325 994
325 996
325 999
325 1000
326 478
326 613
326 821
327 329
327 330
327 337
327 383
327 445
327 524
327 549
327 569
327 841
327 844
328 406
328 472
328 526
328 598
328 611
328 615
328 623
328 635
328 830
328 927
329 441
329 549
329 618
329 657
329 753
329 778
329 844
329 851
329 901
330 372
330 409
330 446
330 549
330 618
330 844
331 448
331 503
331 505
331 506
331 507
331 508
331 555
331 562
331 568
331 650
331 671
331 686
331 690
331 860
331 975
332 333
332 335
332 337
332 338
332 368
332 382
332 418
332 442
332 652
332 667
332 762
332 907
332 955
333 462
333 464
333 465
333 478
333 609
333 681
333 750
333 945
334 381
334 397
334 473
334 486
334 624
334 700
334 775
334 778
334 963
334 984
334 986
335 337
335 338
335 899
335 942
335 989
336 408
336 450
336 497
336 521
336 522
336 523
336 524
336 525
336 527
336 528
336 547
336 552
336 583
336 592
336 713
336 734
336 750
336 850
336 873
336 876
336 940
336 968
336 990
337 338
337 577
337 728
338 384
338 421
338 551
338 555
338 565
338 840
338 845
339 353
339 451
339 726
339 728
339 745
339 754
339 948
340 357
340 378
340 391
340 435
340 461
340 534
340 583
340 734
340 925
340 945
340 969
340 973
341 345
341 346
341 347
341 350
341 601
341 622
341 825
341 834
341 856
341 957
341 968
341 995
342 345
342 346
342 347
342 349
342 350
342 630
342 631
342 748
342 778
342 818
342 826
342 834
342 968
343 418
343 483
343 588
343 624
343 677
343 729
343 781
343 815
343 820
343 831
343 833
343 834
343 835
343 837
343 838
343 937
343 944
344 351
344 352
344 357
344 359
344 360
344 383
344 387
344 461
344 739
344 821
344 881
344 918
344 984
345 346
345 347
345 348
345 349
345 350
345 353
345 607
345 712
345 739
345 748
345 778
345 796
345 818
345 826
345 834
345 906
345 968
345 986
346 347
346 348
346 350
346 370
346 494
346 497
346 609
346 616
346 748
346 778
346 803
346 818
346 834
346 968
347 348
347 349
347 350
347 435
347 470
347 471
347 626
347 748
347 778
347 805
347 818
347 820
347 834
348 350
348 392
348 546
348 651
348 818
348 957
348 968
349 350
349 352
349 355
349 433
349 647
349 748
349 761
349 762
349 770
349 778
349 818
349 834
349 936
349 963
349 968
350 362
350 488
350 548
350 580
350 594
350 604
350 778
350 818
350 821
350 968
351 352
351 356
351 358
351 359
351 360
351 474
351 550
351 578
351 712
351 831
351 850
352 358
352 359
352 370
352 411
352 585
352 764
352 775
352 934
353 414
353 468
353 548
353 549
353 731
353 732
353 734
353 736
353 738
353 739
353 740
353 763
353 773
353 912
353 915
353 997
354 374
354 427
354 495
354 541
354 542
354 543
354 544
354 546
354 547
354 550
354 554
354 624
354 746
354 749
354 774
355 375
355 419
355 458
355 468
355 599
355 664
355 678
355 718
355 791
355 792
355 793
355 794
355 795
355 796
355 797
355 800
355 821
355 902
355 911
355 931
356 357
356 358
356 360
356 590
356 741
356 999
357 358
357 359
357 363
357 420
357 491
357 986
358 359
358 360
358 576
358 674
358 721
358 948
358 955
358 990
359 360
359 379
359 455
359 600
359 628
359 895
359 897
360 434
360 444
360 458
360 507
360 763
360 822
360 832
360 940
360 969
360 974
360 998
361 366
361 367
361 413
361 423
361 443
361 501
361 676
361 693
361 806
361 843
361 883
361 888
361 908
361 942
362 366
362 367
362 501
362 502
362 511
362 563
362 811
362 888
362 898
363 410
363 564
363 743
363 750
363 813
363 830
363 855
363 868
364 395
364 430
364 519
364 631
364 644
364 686
364 742
364 781
364 869
364 874
364 877
364 887
364 893
364 941
364 942
364 944
364 945
364 946
364 947
364 948
364 949
364 987
365 481
365 483
365 484
365 485
365 486
365 488
365 489
365 510
365 577
365 579
365 683
365 859
365 969
366 367
366 417
366 420
366 633
366 794
366 803
366 888
366 935
367 403
367 501
367 514
367 554
367 888
367 974
367 977
367 988
368 407
368 441
368 468
368 724
368 737
368 751
368 753
368 754
368 757
368 759
368 842
369 456
369 474
369 764
369 969
370 383
370 412
370 444
370 521
370 530
370 665
370 843
371 372
371 373
371 375
371 376
371 380
371 421
371 468
371 526
371 710
371 715
371 767
371 834
371 974
371 975
372 373
372 376
372 378
372 380
372 382
372 389
372 523
372 564
372 682
372 715
372 836
372 839
372 984
373 374
373 375
373 376
373 378
373 380
373 389
373 421
373 715
373 785
374 375
374 376
374 380
374 391
374 421
374 491
374 515
374 578
374 756
374 790
374 829
374 853
375 378
375 389
375 421
375 644
375 650
375 715
375 811
376 380
376 388
376 421
376 715
376 757
376 782
376 791
377 435
377 477
377 511
377 666
377 701
377 736
377 897
377 924
377 975
377 983
377 986
377 988
377 989
378 380
378 389
378 421
378 426
378 488
378 537
378 578
378 715
378 759
378 849
378 938
379 571
379 572
379 573
379 574
379 578
379 579
379 656
379 817
379 855
379 859
379 940
379 981
380 389
380 499
380 585
380 715
381 453
381 454
381 455
381 458
381 460
381 495
381 520
381 558
381 683
381 716
381 724
381 822
381 925
381 936
381 958
382 383
382 385
382 388
382 403
382 584
382 660
382 691
382 708
382 747
382 775
383 384
383 385
383 386
383 388
383 596
383 606
383 611
383 619
383 726
383 911
384 385
384 386
384 421
384 581
384 625
385 401
385 452
385 659
385 666
385 765
385 770
385 881
385 928
386 665
386 673
386 953
386 955
386 997
387 514
387 527
387 772
387 776
387 779
387 787
387 807
387 864
388 415
388 450
388 729
388 821
388 824
388 879
388 884
389 715
389 829
390 546
390 574
390 621
390 760
390 840
390 853
390 869
390 886
391 392
391 395
391 396
391 399
391 400
391 510
391 605
391 624
391 720
391 750
391 939
392 395
392 396
392 398
392 400
392 413
392 424
392 480
392 615
392 638
392 727
392 754
392 783
392 800
392 867
392 871
392 881
392 912
393 427
393 486
393 569
393 676
393 701
393 703
393 750
393 835
393 882
393 927
393 936
393 945
393 976
394 395
394 396
394 397
394 400
394 549
394 552
394 615
394 753
394 761
395 396
395 397
395 398
395 399
395 400
395 439
395 541
395 573
395 615
395 870
395 962
396 397
396 398
396 399
396 400
396 615
396 644
396 674
396 708
396 887
397 398
397 400
397 430
397 443
397 569
397 572
397 615
397 873
397 916
398 399
398 400
398 403
398 473
398 501
398 607
398 615
398 616
398 677
398 740
398 754
398 908
399 400
399 571
399 648
399 679
399 786
400 405
400 437
400 513
400 615
401 402
401 403
401 404
401 405
401 406
401 407
401 408
401 409
401 410
401 467
401 498
401 598
401 741
401 778
401 806
401 834
402 404
402 406
402 407
402 408
402 410
402 447
402 602
402 632
402 710
402 923
402 949
403 404
403 405
403 406
403 407
403 408
403 409
403 597
403 704
403 705
403 716
403 741
403 806
403 895
403 910
403 918
403 928
404 405
404 406
404 407
404 408
404 409
404 410
404 658
404 681
404 741
404 743
404 806
405 407
405 408
405 409
405 410
405 551
405 564
405 658
405 673
405 768
405 806
405 826
405 845
406 407
406 408
406 409
406 410
406 436
406 524
406 559
406 650
406 658
406 667
406 713
406 716
406 741
406 806
406 816
406 823
406 843
407 409
407 410
407 488
407 658
407 707
407 741
407 806
408 410
408 457
408 658
408 713
408 741
408 766
408 791
408 806
408 866
408 930
408 964
408 990
409 520
409 658
409 741
409 806
409 940
409 950
409 991
410 466
410 493
410 658
410 741
410 806
410 895
410 988
411 412
411 413
411 415
411 416
411 419
411 420
411 480
411 733
411 781
411 959
412 413
412 415
412 416
412 419
412 420
412 469
412 480
412 793
412 857
412 864
412 907
412 970
413 416
413 420
413 461
413 480
413 578
413 733
413 799
413 875
413 923
413 975
414 618
414 657
414 672
414 715
414 793
414 827
415 418
415 419
415 420
415 459
415 501
415 503
415 611
415 733
415 779
416 418
416 420
416 555
416 556
416 684
416 706
416 733
416 734
417 421
417 490
417 491
417 492
417 493
417 494
417 496
417 498
417 549
417 615
417 750
417 783
417 824
417 863
417 967
417 984
418 419
418 437
418 562
418 566
418 608
418 748
419 420
419 480
419 496
419 733
419 936
419 962
420 480
420 530
420 564
420 575
420 643
420 715
420 754
420 877
420 926
420 972
421 643
421 668
421 684
421 715
421 721
421 736
421 858
422 423
422 424
422 425
422 426
422 427
422 428
422 429
422 430
422 490
422 491
422 637
422 666
423 424
423 425
423 428
423 429
423 430
423 496
423 512
423 587
423 610
423 630
423 666
423 768
423 774
423 798
423 857
423 873
424 425
424 426
424 427
424 428
424 429
424 430
424 666
424 671
425 427
425 428
425 622
425 666
425 789
426 427
426 428
426 429
426 430
426 449
426 526
426 583
426 624
426 666
427 428
427 430
427 517
427 772
427 795
428 430
428 525
428 532
428 543
428 619
428 645
428 666
428 703
428 772
428 813
428 831
428 868
428 879
428 931
428 957
429 430
429 541
429 638
429 728
429 742
429 862
429 934
429 988
430 527
430 540
430 602
430 666
430 687
430 824
430 985
431 433
431 435
431 436
431 438
431 440
431 582
431 596
431 711
431 770
432 461
432 558
432 605
432 611
432 698
432 736
432 749
432 781
432 794
432 801
432 848
432 874
432 912
432 913
432 914
432 917
432 918
432 920
432 929
433 435
433 436
433 438
433 440
433 478
433 633
433 711
433 731
433 770
433 819
433 858
434 603
434 608
434 623
434 709
434 829
434 863
434 894
434 955
434 960
435 436
435 438
435 440
435 610
435 711
435 754
435 770
435 870
435 894
436 438
436 476
436 492
436 711
436 750
436 770
436 774
436 782
436 869
436 920
437 465
437 690
438 440
438 677
438 711
438 737
438 770
438 861
438 939
438 995
439 452
439 474
439 485
439 683
439 734
439 749
439 764
439 785
439 797
439 823
439 940
439 951
439 952
439 953
439 955
439 957
439 958
439 979
440 524
440 589
440 695
440 711
440 914
441 508
441 580
441 643
441 737
441 754
441 755
441 757
441 759
441 784
441 792
441 811
441 859
441 933
442 443
442 445
442 449
442 450
442 565
442 589
442 711
442 730
442 793
443 444
443 445
443 446
443 447
443 449
443 450
443 631
443 726
443 966
443 969
444 445
444 446
444 449
444 538
444 566
444 567
444 612
444 741
444 986
445 446
445 448
445 450
445 566
445 662
445 825
445 865
445 976
445 987
446 447
446 449
446 450
446 640
446 737
446 786
446 894
446 922
446 956
446 993
447 449
447 450
447 514
447 576
447 658
447 740
447 835
447 858
447 974
448 479
448 502
448 503
448 505
448 506
448 508
448 510
448 555
448 649
448 717
448 733
448 872
448 919
449 450
449 504
449 777
449 977
450 792
450 902
451 453
451 455
451 458
451 459
451 460
451 495
451 515
451 558
451 719
451 790
451 913
451 936
452 533
452 652
452 813
452 829
453 454
453 455
453 458
453 460
453 495
453 520
453 558
453 613
453 643
453 671
454 455
454 458
454 459
454 460
454 468
454 495
454 520
454 558
454 575
454 771
454 888
454 917
455 458
455 459
455 460
455 485
455 493
455 495
455 558
455 596
455 672
455 780
455 805
455 936
455 950
455 958
456 469
456 532
457 583
457 680
457 684
457 705
457 789
457 836
457 894
457 950
458 459
458 460
458 495
458 520
458 558
458 622
458 696
458 849
458 936
459 460
459 495
459 520
459 529
459 558
459 568
459 772
459 919
459 980
460 477
460 515
460 520
460 558
460 576
460 635
460 744
460 973
461 464
461 465
461 557
461 581
461 617
461 685
461 801
461 941
461 976
461 996
462 463
462 464
462 465
462 470
462 477
462 648
462 685
462 796
463 464
463 465
463 470
463 508
463 555
463 684
463 685
463 725
463 796
464 527
464 572
464 685
464 891
465 533
465 627
465 685
465 740
465 766
465 797
465 827
465 932
466 613
466 757
466 761
466 883
467 531
467 536
467 537
467 538
467 539
467 540
467 635
467 750
467 841
467 860
468 486
468 507
468 570
468 599
468 726
468 825
468 831
469 640
469 712
469 786
469 798
470 540
470 622
470 657
470 661
470 685
470 699
470 759
471 472
471 473
471 474
471 475
471 477
471 478
471 595
471 614
471 681
471 696
471 767
471 841
471 851
471 905
471 914
471 955
472 474
472 475
472 477
472 478
472 479
472 930
472 986
473 474
473 475
473 478
473 479
473 642
473 712
473 744
473 811
473 851
473 978
474 475
474 478
474 544
474 641
474 851
474 853
474 962
474 993
475 477
475 478
475 610
475 611
475 734
475 851
475 882
475 895
476 526
476 619
476 718
476 820
476 825
476 861
476 862
476 864
476 865
476 866
476 868
476 876
476 954
477 478
477 479
477 528
477 592
477 649
477 657
477 711
477 767
477 851
477 871
478 479
478 749
478 832
478 851
478 870
478 945
478 948
479 497
479 539
479 579
479 668
479 770
479 793
480 615
480 700
480 733
480 771
480 817
480 887
480 899
481 482
481 484
481 485
481 486
481 488
481 489
481 490
481 743
481 784
481 969
482 483
482 484
482 485
482 486
482 488
482 489
482 490
482 712
482 759
482 766
482 790
483 485
483 486
483 489
483 490
483 520
483 587
483 660
483 879
483 969
483 975
484 485
484 486
484 488
484 489
484 490
484 590
484 677
484 708
484 800
484 873
484 969
485 486
485 488
485 489
485 490
485 631
485 782
486 488
486 489
486 498
486 557
486 566
486 747
486 909
486 932
486 969
487 503
487 547
487 636
487 641
487 803
487 824
487 841
487 855
487 871
487 960
488 489
488 490
488 518
488 646
488 647
488 674
488 739
488 969
489 490
489 696
489 779
489 836
489 962
489 969
490 540
490 780
490 787
490 813
490 969
491 493
491 494
491 496
491 500
491 502
491 631
491 710
491 762
491 909
491 917
491 984
492 493
492 494
492 496
492 498
492 500
492 524
492 557
492 760
492 885
492 918
492 945
492 953
492 984
493 494
493 496
493 498
493 500
493 510
493 529
493 583
493 646
493 674
493 696
493 705
493 744
494 496
494 500
494 558
494 650
494 746
494 798
494 898
494 903
494 984
495 558
495 580
495 600
495 681
495 780
495 807
495 845
495 854
495 936
495 980
496 498
496 500
496 511
496 515
496 714
496 984
496 992
497 616
497 823
498 500
498 530
498 956
498 967
498 984
499 554
499 581
499 582
499 584
499 585
499 587
499 588
499 589
499 590
499 609
499 727
499 728
499 743
499 758
499 987
499 998
500 567
500 664
500 732
500 790
500 918
500 984
501 554
501 575
501 833
501 888
501 892
501 898
502 503
502 504
502 505
502 506
502 507
502 508
502 510
502 523
502 548
502 555
502 640
502 827
502 889
503 504
503 506
503 507
503 510
503 555
503 611
503 745
503 779
503 827
503 919
504 505
504 506
504 507
504 510
504 555
504 575
504 595
504 652
504 721
504 827
505 506
505 507
505 508
505 510
505 555
505 822
505 827
505 879
505 919
505 991
506 507
506 508
506 510
506 539
506 640
506 643
506 777
506 935
507 508
507 510
507 555
507 557
507 562
507 564
507 651
507 652
507 827
507 830
507 888
508 510
508 520
508 555
508 659
508 671
508 734
508 753
508 827
508 835
508 838
508 905
508 963
509 606
509 615
509 651
509 654
509 655
509 659
509 660
509 745
509 746
509 802
509 935
510 555
510 557
510 615
510 785
510 827
510 908
511 515
511 628
511 681
511 682
511 697
511 719
511 772
511 837
511 843
511 871
511 923
511 983
511 985
511 986
511 989
512 513
512 514
512 515
512 518
512 519
512 540
512 557
512 605
512 635
512 852
512 976
512 977
513 514
513 515
513 516
513 517
513 518
513 519
513 534
513 544
513 611
513 620
513 748
513 800
513 858
513 875
514 515
514 518
514 519
514 583
514 632
514 852
514 863
514 889
514 893
514 954
514 971
515 516
515 519
515 707
515 748
515 782
515 794
515 799
515 852
515 854
515 871
516 519
516 534
516 605
516 623
516 638
516 679
516 687
516 745
516 766
516 908
516 927
516 966
516 998
517 551
517 581
517 597
517 637
517 839
518 519
518 573
518 641
518 779
518 852
518 979
519 608
519 691
519 730
519 772
519 852
519 974
520 558
520 594
520 747
520 866
520 883
520 884
520 936
521 522
521 524
521 525
521 528
521 529
521 592
521 873
521 886
521 905
521 945
521 974
521 982
522 523
522 524
522 525
522 528
522 565
522 592
522 688
522 713
522 731
522 873
522 886
523 524
523 525
523 527
523 528
523 529
523 540
523 590
523 647
523 710
523 725
523 736
523 784
523 797
523 799
523 873
523 886
523 890
524 525
524 527
524 592
524 646
524 706
524 713
524 873
524 893
524 956
525 527
525 528
525 592
525 632
525 663
525 713
525 770
525 776
525 886
526 584
526 641
526 642
526 644
526 645
526 646
526 647
526 648
526 650
526 686
526 799
526 859
526 931
526 951
526 982
526 997
527 528
527 529
527 557
527 617
527 662
527 713
527 873
527 886
527 914
528 578
528 592
528 597
528 713
528 811
528 886
528 887
528 894
528 916
528 939
529 622
529 713
529 777
529 853
529 873
529 886
529 999
530 549
530 554
530 584
530 667
530 677
530 777
530 965
531 532
531 533
531 536
531 538
531 539
531 540
531 550
531 580
531 778
531 962
532 533
532 536
532 537
532 538
532 539
532 576
532 611
532 764
532 953
533 536
533 537
533 538
533 539
533 540
533 593
533 665
533 937
534 544
534 564
534 631
534 632
534 633
534 634
534 636
534 637
534 638
534 639
534 640
534 707
534 725
534 752
534 775
534 810
534 988
535 575
535 681
535 742
535 773
535 893
535 894
535 895
535 896
535 897
535 898
535 899
535 999
536 537
536 538
536 539
536 624
536 661
536 870
536 928
537 539
537 652
537 737
537 938
538 539
538 687
538 846
538 885
538 915
538 929
539 570
539 572
539 590
539 606
539 802
539 904
539 960
540 573
540 637
540 832
540 924
541 542
541 543
541 544
541 546
541 547
541 550
541 572
541 606
541 632
541 749
541 774
541 833
541 836
541 847
541 910
541 928
542 543
542 544
542 546
542 547
542 550
542 618
542 679
542 749
542 774
542 836
542 935
543 546
543 547
543 550
543 749
543 774
543 836
543 917
543 1000
544 546
544 550
544 585
544 617
544 749
544 768
544 774
544 798
544 809
544 836
545 745
545 774
545 783
545 857
545 858
545 860
546 547
546 550
546 579
546 669
546 673
546 735
546 749
546 774
546 799
546 966
547 550
547 677
547 745
547 764
547 774
547 836
547 868
547 903
547 948
548 603
548 859
548 873
548 930
548 957
549 634
549 881
549 973
549 976
550 576
550 749
550 774
550 802
550 834
550 836
550 912
550 960
551 624
551 931
551 937
551 982
551 992
551 993
551 994
551 996
551 999
552 595
552 610
552 725
552 858
552 876
552 907
552 928
552 978
553 554
553 556
553 557
553 559
553 560
553 600
553 655
553 721
553 780
553 884
553 937
553 973
554 556
554 557
554 560
554 566
554 595
554 634
554 649
554 744
554 796
554 932
554 937
555 598
555 827
555 828
555 836
555 881
555 885
556 559
556 560
556 624
556 792
556 837
556 929
556 937
556 999
557 559
557 568
557 593
557 602
557 810
557 937
558 762
558 936
558 955
559 695
559 847
559 937
559 978
560 698
560 822
560 830
560 851
560 931
560 937
561 562
561 563
561 565
561 566
561 567
561 568
561 570
561 612
561 718
561 785
561 831
561 853
561 959
562 565
562 566
562 567
562 568
562 570
562 601
562 612
562 614
562 768
562 853
563 565
563 566
563 568
563 612
563 684
563 704
563 761
563 772
563 853
563 865
563 894
564 631
564 632
564 633
564 634
564 636
564 637
564 638
564 639
564 640
564 731
564 791
564 810
564 841
564 897
564 900
564 942
564 990
565 566
565 567
565 570
565 707
565 796
565 853
565 887
565 994
566 568
566 592
566 821
566 826
566 853
566 925
567 568
567 612
567 701
567 853
567 898
567 911
567 975
568 570
568 612
568 752
568 782
568 853
568 977
569 653
569 665
569 750
569 813
569 895
569 927
570 612
570 748
570 853
570 893
570 904
570 963
570 999
571 572
571 573
571 574
571 577
571 578
571 579
571 580
571 591
571 817
571 859
571 914
572 573
572 574
572 577
572 578
572 579
572 580
572 648
572 725
572 817
572 859
572 871
572 981
573 577
573 578
573 579
573 580
573 746
573 817
573 859
573 860
573 971
573 980
573 981
574 578
574 579
574 630
574 704
574 707
574 791
574 817
574 840
574 859
574 981
575 598
575 630
575 675
575 777
575 882
576 715
576 723
576 808
576 811
576 899
576 941
577 578
577 579
577 580
577 762
577 770
577 817
577 839
577 859
577 981
578 579
578 625
578 725
578 817
578 859
578 969
578 981
579 580
579 598
579 805
579 817
579 818
579 847
579 859
579 940
579 981
580 667
580 706
580 817
580 859
580 971
580 981
581 582
581 584
581 585
581 586
581 587
581 588
581 589
581 590
581 628
581 728
581 795
581 808
581 881
581 968
582 584
582 586
582 587
582 588
582 589
582 590
582 618
582 728
582 801
582 808
582 846
582 856
583 591
583 593
583 596
583 597
583 598
583 650
583 657
583 917
583 935
584 585
584 586
584 587
584 588
584 589
584 590
584 598
584 705
584 720
584 728
584 736
584 772
584 986
584 991
585 586
585 587
585 588
585 589
585 590
585 662
585 716
585 728
585 976
586 587
586 588
586 589
586 590
586 709
586 721
586 728
586 759
586 841
586 870
587 588
587 589
587 636
587 728
587 940
588 589
588 590
588 639
588 666
588 676
588 728
588 979
588 992
589 590
589 661
589 718
589 728
589 816
589 859
589 884
589 948
590 728
591 593
591 594
591 595
591 596
591 597
591 600
591 657
591 698
591 747
591 846
591 872
591 924
591 930
591 935
592 636
592 649
592 752
592 785
592 845
592 873
592 886
592 998
593 594
593 595
593 596
593 597
593 600
593 640
593 657
593 761
593 773
593 822
593 875
593 893
593 935
593 937
593 961
594 596
594 597
594 598
594 657
594 771
594 773
594 839
594 924
594 935
594 953
595 596
595 597
595 598
595 723
595 773
595 850
595 904
595 924
595 935
595 986
596 598
596 600
596 657
596 662
596 669
596 773
596 918
596 924
596 935
596 942
596 953
596 966
596 985
597 598
597 638
597 693
597 773
597 838
597 924
597 935
598 600
598 606
598 657
598 747
598 758
598 765
598 773
598 813
598 819
598 924
598 935
598 961
599 675
599 683
599 718
599 791
599 794
599 795
599 796
599 797
599 798
599 839
599 917
600 601
600 657
600 669
600 751
600 773
600 838
600 897
600 924
600 935
601 663
601 702
601 704
601 705
601 706
601 707
601 708
601 709
602 603
602 605
602 606
602 607
602 608
602 609
602 690
603 604
603 606
603 607
603 609
603 610
603 745
603 834
604 605
604 606
604 609
604 647
604 679
604 746
604 801
604 926
604 986
605 606
605 607
605 609
605 610
605 837
605 896
606 607
606 609
606 610
606 718
607 609
607 610
607 628
607 719
607 721
607 852
608 627
608 629
608 681
608 855
608 960
609 807
609 961
610 708
610 806
610 851
610 947
611 614
611 616
611 617
611 620
611 687
611 798
611 881
611 884
611 961
611 987
612 672
612 717
612 776
612 874
613 738
613 788
614 616
614 617
614 619
614 647
614 650
614 987
615 662
615 761
615 884
615 906
615 913
615 990
616 619
616 646
616 675
616 751
616 956
616 981
616 987
616 988
617 620
617 866
617 938
617 987
618 674
618 675
618 695
618 797
618 819
618 824
619 765
619 826
619 856
619 919
619 977
619 987
620 702
620 761
620 849
620 987
621 765
621 852
621 883
622 625
622 626
622 628
622 629
622 630
622 732
622 758
622 767
622 840
622 943
623 699
623 960
624 649
624 659
624 765
624 792
624 948
624 963
625 628
625 629
625 630
625 699
625 758
625 789
625 928
626 628
626 699
626 758
626 844
626 943
627 799
627 871
627 872
627 877
627 878
627 879
627 880
627 930
627 994
628 629
628 630
628 699
628 758
628 861
628 894
628 943
628 963
629 630
629 685
629 699
629 758
629 815
629 849
629 910
629 943
629 956
630 699
630 732
630 758
630 943
630 946
631 633
631 634
631 636
631 637
631 638
631 639
631 640
631 758
631 810
631 814
631 853
631 862
631 990
632 633
632 634
632 636
632 637
632 638
632 640
632 810
632 814
632 832
632 900
632 990
633 634
633 636
633 638
633 639
633 640
633 648
633 750
633 810
633 814
633 818
633 826
633 827
633 879
633 900
633 990
634 636
634 638
634 639
634 640
634 810
634 814
634 822
634 892
634 900
634 951
634 961
634 990
635 671
635 672
635 673
635 675
635 676
635 677
635 679
635 720
635 752
635 786
636 637
636 638
636 700
636 814
636 900
637 638
637 639
637 698
637 810
637 814
637 823
637 888
637 889
637 900
637 981
637 990
638 639
638 640
638 680
638 777
638 810
638 900
638 990
639 640
639 697
639 810
639 814
639 831
639 900
639 904
639 990
640 717
640 814
640 990
641 642
641 643
641 644
641 645
641 646
641 648
641 650
641 680
641 799
641 809
641 915
641 992
641 997
642 643
642 644
642 645
642 648
642 650
642 686
642 739
642 799
642 813
642 848
642 915
643 644
643 645
643 646
643 647
643 648
643 650
643 799
643 812
643 915
643 997
644 646
644 647
644 650
644 799
644 832
644 844
644 983
644 992
645 646
645 647
645 650
645 656
645 724
645 799
645 823
645 915
645 920
645 997
646 650
646 799
646 802
646 818
646 877
646 997
647 648
647 650
647 679
647 735
647 799
647 888
647 915
647 978
647 997
648 650
648 799
648 915
649 668
649 676
649 753
649 949
649 963
650 799
650 915
650 974
651 653
651 654
651 659
651 660
651 743
651 802
652 672
652 999
653 655
653 660
653 743
653 794
653 802
653 873
654 659
654 660
654 690
654 743
654 802
654 845
654 866
654 979
655 659
655 743
655 802
655 804
655 814
655 869
655 871
655 981
656 769
657 757
657 773
657 871
657 924
657 935
657 995
658 701
658 741
658 806
658 948
659 660
659 674
659 693
659 718
659 743
659 802
659 843
659 871
659 978
660 710
660 743
660 807
661 768
661 827
661 842
661 850
661 858
661 912
661 991
662 665
662 667
662 908
663 664
663 665
663 667
663 668
663 669
663 693
663 908
664 665
664 668
664 669
664 806
664 870
664 881
664 897
664 908
665 667
665 668
665 669
665 702
665 794
665 908
665 942
665 953
667 669
667 804
667 843
667 852
667 908
668 783
668 898
668 908
668 916
668 979
668 997
669 702
669 852
669 908
669 972
670 703
670 784
670 789
670 988
670 992
671 672
671 673
671 674
671 675
671 676
671 677
671 679
671 720
671 752
671 804
671 848
671 879
671 913
671 955
672 673
672 674
672 676
672 677
672 720
672 752
672 797
672 810
672 822
672 848
672 906
672 960
673 674
673 675
673 677
673 679
673 752
673 848
673 906
673 951
673 962
674 677
674 720
674 773
674 848
674 944
675 676
675 677
675 679
675 695
675 752
675 848
675 984
676 677
676 679
676 720
676 747
676 752
676 809
676 817
676 848
676 915
677 679
677 727
677 737
677 752
677 756
677 765
677 778
677 785
677 848
677 906
677 981
678 701
678 704
678 834
678 881
678 885
678 887
678 889
678 890
678 894
678 914
678 966
679 720
679 752
679 784
679 788
679 848
679 876
680 746
680 760
680 864
680 903
680 921
681 682
681 683
681 684
681 686
681 687
681 688
681 689
681 690
681 904
681 980
682 683
682 684
682 686
682 688
682 690
682 693
682 992
683 684
683 686
683 687
683 688
683 689
683 690
683 771
683 910
683 985
684 686
684 687
684 688
684 689
684 723
684 797
684 817
684 828
684 976
686 688
686 690
686 937
687 688
687 689
687 690
687 870
687 976
688 689
688 887
688 918
688 981
689 690
689 787
689 834
689 926
689 942
691 693
691 694
691 695
691 696
691 697
691 698
691 700
691 771
691 772
691 863
691 923
692 693
692 695
692 696
692 697
692 700
692 707
692 775
692 801
692 863
692 923
692 952
693 695
693 698
693 700
693 848
693 863
693 890
693 923
694 695
694 696
694 697
694 698
694 700
694 770
694 863
694 923
694 953
695 696
695 697
695 698
695 700
695 702
695 716
695 762
695 863
695 892
695 923
696 697
696 698
696 700
696 733
696 744
696 852
696 874
696 923
697 698
697 700
697 771
697 853
697 923
698 863
699 827
699 926
699 943
699 977
700 762
700 779
700 812
700 863
700 923
701 704
701 705
701 706
701 707
701 708
701 709
701 710
701 747
701 769
701 793
701 808
701 855
701 964
702 704
702 705
702 706
702 708
702 709
702 791
702 868
703 723
703 801
703 824
703 849
703 910
703 986
704 705
704 706
704 709
704 710
704 791
705 707
705 708
705 709
705 710
705 782
705 855
705 864
705 940
705 954
705 993
706 707
706 708
706 709
706 710
706 839
706 941
706 998
707 708
707 709
707 710
707 730
707 842
707 970
707 972
707 977
708 709
708 710
708 756
708 780
708 842
709 772
709 821
710 823
710 996
711 721
711 835
711 838
711 849
711 887
711 893
711 902
712 714
712 716
712 719
712 846
712 874
713 873
713 886
713 966
714 716
714 717
714 719
714 882
714 885
714 886
714 897
714 910
714 918
714 981
715 749
715 757
715 763
715 949
716 719
716 801
716 804
716 846
716 921
716 938
716 951
716 998
717 764
717 794
717 846
717 898
717 912
717 950
718 722
718 735
718 767
718 792
718 793
718 794
718 797
718 798
718 800
718 869
718 878
718 891
718 911
718 941
719 850
720 752
720 754
720 776
720 848
720 862
720 976
721 722
721 724
721 725
721 726
721 729
721 730
721 794
721 816
721 888
721 939
721 965
722 724
722 725
722 726
722 729
722 730
722 738
722 965
722 969
723 808
724 726
724 729
724 821
724 951
724 959
724 965
725 726
725 729
725 835
725 840
725 858
725 953
725 959
725 965
726 729
726 730
726 753
726 824
726 839
726 891
726 942
726 959
726 970
727 756
727 804
727 805
728 770
728 924
729 730
729 753
729 792
729 918
729 959
729 965
730 734
730 763
730 830
730 880
730 958
730 959
730 965
731 732
731 734
731 736
731 738
731 739
731 740
731 819
731 833
731 927
732 734
732 736
732 738
732 739
732 740
732 836
732 992
733 785
733 994
734 736
734 738
734 739
734 740
734 789
735 767
735 792
735 793
735 794
735 795
735 796
735 797
735 798
735 800
735 828
735 911
735 977
736 738
736 739
736 805
736 899
736 914
736 947
736 987
737 751
737 753
737 754
737 757
737 759
737 790
737 854
737 945
737 981
737 996
738 739
738 740
738 858
739 744
739 893
739 933
740 768
740 812
740 941
741 748
741 806
741 906
742 744
742 746
742 770
742 823
742 898
742 943
743 777
743 802
743 865
743 974
744 747
744 832
744 909
745 749
745 785
745 812
745 832
745 980
746 762
746 832
746 856
746 888
746 965
746 967
746 988
747 832
747 856
747 900
747 914
748 769
748 778
748 818
748 834
748 968
748 985
749 774
749 832
749 841
749 965
750 980
751 754
751 755
751 757
751 759
751 790
751 796
752 794
752 831
752 848
752 906
752 917
753 754
753 755
753 757
753 759
753 789
753 796
753 896
753 929
753 958
753 971
754 755
754 759
754 915
755 757
755 758
755 784
755 833
755 914
756 803
756 804
756 805
756 809
756 969
757 759
757 881
757 966
758 790
758 833
758 943
758 998
759 846
759 942
759 978
759 992
760 781
760 805
760 818
760 921
761 776
761 793
761 811
761 812
761 815
761 816
761 819
761 938
762 763
762 766
762 767
762 768
762 783
762 822
762 868
763 766
763 768
763 783
763 822
763 876
763 972
765 767
765 869
765 976
766 767
766 768
766 783
766 822
766 837
766 876
767 768
767 783
767 822
767 876
767 937
768 783
768 822
768 876
768 880
768 884
768 935
769 912
769 994
770 785
771 772
771 775
771 776
771 780
771 925
772 775
772 776
772 780
772 789
772 869
772 876
772 877
772 954
772 990
772 999
773 903
773 924
773 935
773 941
773 994
774 836
774 852
774 998
775 776
775 779
775 780
775 797
775 807
775 927
776 780
776 807
776 834
776 857
776 935
776 943
777 811
777 860
777 888
777 983
778 788
778 818
778 834
778 968
779 780
779 807
779 843
779 895
779 916
779 932
779 952
780 807
780 948
780 978
780 990
781 861
781 912
781 962
781 964
781 966
781 967
781 998
782 784
782 786
782 787
782 789
782 790
782 904
782 923
782 971
783 876
783 901
783 926
783 938
784 785
784 786
784 787
784 789
784 790
784 904
784 928
785 786
785 787
785 789
785 790
785 815
785 904
785 977
785 989
786 787
786 789
786 790
786 853
786 960
786 969
788 841
788 845
788 847
788 899
788 921
788 946
789 790
789 887
789 904
789 942
790 883
790 904
790 955
791 792
791 793
791 794
791 795
791 796
791 797
791 798
791 800
791 848
791 911
792 793
792 795
792 796
792 797
792 798
792 800
792 911
792 945
793 794
793 795
793 796
793 797
793 798
793 800
793 814
793 911
793 983
793 985
794 796
794 797
794 798
794 800
794 869
794 911
794 953
795 797
795 798
795 911
795 928
795 930
795 944
796 797
796 855
796 911
796 963
797 798
797 800
797 883
797 911
797 920
797 938
798 800
798 865
798 911
799 870
800 911
801 805
801 809
801 912
801 913
801 916
801 917
801 918
801 919
801 920
801 929
801 1000
802 827
802 974
803 804
803 805
803 809
803 848
803 874
803 904
804 805
804 850
805 809
805 823
805 864
806 840
807 972
809 940
810 814
810 817
810 857
810 932
810 937
810 972
810 990
811 812
811 815
811 816
811 818
811 819
812 815
812 819
812 854
812 875
813 977
814 900
814 990
815 819
815 845
815 858
815 889
816 819
816 831
816 836
816 984
817 947
817 981
818 834
818 899
818 904
818 919
818 954
818 968
819 866
819 953
820 857
820 861
820 862
820 864
820 865
820 866
820 868
820 870
820 932
820 954
820 959
820 961
820 974
821 824
821 826
821 828
821 829
821 830
821 839
821 867
821 874
821 946
822 876
822 877
823 826
823 827
823 828
823 829
823 830
823 867
823 874
823 938
823 997
824 826
824 839
824 867
824 874
824 991
825 928
826 830
826 839
826 867
826 870
826 874
826 913
827 863
827 871
827 949
827 984
828 829
828 839
828 854
828 872
828 874
829 839
829 874
830 839
830 874
831 833
831 835
831 838
831 840
831 844
832 998
833 835
833 840
833 846
833 876
833 904
834 910
834 968
835 837
835 838
835 927
835 981
837 838
837 840
837 851
837 896
837 939
838 840
838 910
838 982
839 841
839 874
839 891
840 968
841 843
841 845
841 847
841 849
841 850
841 851
841 862
841 891
841 913
841 970
842 848
842 861
842 930
843 845
843 847
843 849
843 850
843 970
844 851
844 976
844 1000
845 847
846 998
847 849
847 875
847 970
847 997
848 906
848 923
848 947
849 850
849 970
852 958
853 928
853 940
853 963
854 897
855 900
855 940
855 960
855 973
856 857
857 858
857 860
857 897
857 915
858 860
858 948
858 993
859 909
859 921
861 862
861 866
861 870
861 954
862 864
862 865
862 866
862 868
863 892
863 902
863 923
863 963
864 866
864 870
864 954
864 982
865 866
865 868
865 870
865 905
865 954
866 868
866 869
866 954
867 874
868 870
868 915
868 954
869 890
870 943
870 954
871 872
871 875
871 877
871 878
871 879
871 880
871 881
871 930
871 941
871 979
872 877
872 878
872 880
872 930
873 886
874 941
875 877
875 878
875 879
875 880
875 924
875 930
877 878
877 900
877 947
878 879
878 880
878 888
878 917
878 918
879 880
879 930
880 930
880 946
880 963
881 882
881 883
881 884
881 885
881 889
881 890
881 895
881 963
882 883
882 884
882 887
882 889
882 890
882 922
883 884
883 885
883 887
883 889
883 890
883 960
883 989
884 885
884 890
884 986
885 887
885 889
885 890
885 917
886 940
887 889
887 890
887 966
888 945
888 973
888 983
889 997
891 893
891 894
891 895
891 896
891 897
891 898
891 899
891 991
892 902
892 952
893 894
893 896
893 897
893 898
893 899
893 958
894 895
894 896
894 897
894 898
894 899
894 981
894 997
895 896
895 898
895 899
895 944
896 897
896 899
897 898
897 899
898 899
898 925
901 902
901 903
901 909
902 903
902 905
902 909
902 968
902 993
903 905
903 909
903 953
905 909
905 994
907 978
910 963
912 913
912 914
912 916
912 917
912 918
912 919
912 920
912 929
913 917
913 918
913 919
913 920
914 916
914 917
914 918
914 919
914 920
914 921
914 925
914 929
915 920
915 997
916 918
916 920
917 919
917 920
917 928
917 929
917 968
917 972
918 919
918 920
918 929
918 931
918 938
920 951
921 966
921 969
922 928
922 995
923 961
924 935
924 953
927 934
928 993
928 999
931 932
931 933
931 934
931 938
931 939
931 940
931 947
931 992
932 933
932 934
932 938
932 939
932 940
932 963
932 988
933 934
933 938
933 939
933 940
934 939
935 946
936 953
937 975
938 939
939 940
940 956
940 960
941 942
941 943
941 944
941 945
941 946
941 948
941 949
941 950
942 944
942 945
942 946
942 947
942 949
942 950
943 998
944 946
944 947
944 948
944 949
944 950
945 946
945 947
945 948
945 949
945 950
946 947
946 950
947 948
947 949
947 950
948 949
949 950
950 987
950 996
951 952
951 955
951 956
951 958
952 955
952 956
952 957
953 955
953 956
953 957
953 958
955 956
955 957
955 958
956 998
959 965
961 962
961 964
961 966
961 967
961 998
962 964
962 966
962 967
962 998
963 997
964 966
964 967
964 998
966 967
966 998
967 998
969 990
971 973
971 977
971 979
972 983
973 974
973 977
973 979
974 975
974 979
975 979
977 979
979 983
982 991
982 993
982 994
982 996
982 999
982 1000
983 985
983 986
983 988
983 989
985 986
985 989
986 988
986 989
986 996
988 989
991 992
991 993
991 994
991 995
991 996
991 999
991 1000
992 993
992 994
992 995
992 996
992 999
992 1000
993 994
993 996
993 999
993 1000
994 995
994 996
994 999
994 1000
995 996
995 999
995 1000
996 999
999 1000
