30 98
1 3
1 5
1 12
1 15
1 25
2 3
2 7
2 14
2 15
2 19
2 26
2 30
3 7
3 9
3 16
3 21
3 24
3 30
4 7
4 8
4 15
4 16
4 21
4 22
4 25
4 27
4 29
5 7
5 12
5 13
5 15
5 24
6 11
6 12
6 15
6 25
6 29
7 8
7 12
7 17
7 21
7 26
7 30
8 13
8 16
8 21
8 23
9 13
9 14
9 15
9 17
9 21
9 23
9 27
10 15
10 19
10 23
11 12
11 27
11 30
12 20
12 25
12 26
13 20
13 23
14 15
14 19
14 22
14 23
14 24
15 18
15 19
15 20
15 29
16 24
16 25
16 28
17 22
17 25
18 20
18 21
18 23
20 21
20 24
20 28
21 26
22 28
22 29
22 30
23 27
23 28
24 27
25 26
26 27
26 29
26 30
27 28
28 30
