30 103
1 5
1 11
1 25
1 27
2 6
2 10
2 12
2 19
2 25
2 26
2 27
2 29
3 8
3 10
3 13
3 15
3 20
3 21
3 24
3 25
3 27
3 28
4 11
4 12
4 21
4 25
4 27
5 15
5 16
5 17
5 20
5 24
5 25
5 26
5 27
6 11
6 13
6 16
6 17
6 19
6 22
6 26
7 12
7 19
7 20
7 25
7 26
8 12
8 13
8 26
9 15
9 18
9 20
9 24
9 29
10 15
10 21
10 25
11 12
11 13
11 17
11 25
11 30
12 14
12 20
12 23
12 24
12 29
12 30
13 14
13 15
13 16
13 18
13 23
13 25
14 17
14 18
14 23
14 25
15 16
15 17
15 20
15 27
15 30
16 21
16 26
16 27
17 25
17 27
18 27
19 28
19 30
20 23
20 24
20 30
22 24
22 27
23 25
23 26
23 29
24 25
26 27
28 30
