30 99
1 6
1 7
1 8
1 16
1 19
1 22
1 24
2 4
2 7
2 8
2 11
2 15
2 25
2 30
3 7
3 15
3 17
3 23
3 25
4 8
4 11
4 20
4 21
4 23
4 24
4 25
4 29
4 30
5 8
5 10
5 28
6 8
6 14
6 18
6 19
6 30
7 11
7 24
7 29
8 10
8 16
8 20
8 26
9 14
9 19
9 22
9 23
9 27
9 29
10 13
10 15
10 16
10 26
10 27
10 30
11 13
11 22
11 24
11 25
11 28
13 14
14 18
14 21
14 23
14 26
15 27
16 18
16 20
16 22
16 23
16 30
17 23
17 26
18 25
19 20
19 23
19 24
19 26
19 28
19 29
19 30
20 22
20 25
20 30
21 26
21 28
22 23
22 24
22 25
22 26
23 28
23 29
24 28
24 29
24 30
25 26
25 29
26 28
28 30
