30 103
1 5
1 6
1 8
1 17
1 21
1 23
1 25
1 28
1 29
2 3
2 12
2 15
2 19
2 21
2 25
2 26
3 10
3 13
3 23
3 26
4 7
4 9
4 10
4 11
4 13
4 15
4 16
4 17
4 24
4 28
5 13
5 18
5 29
6 11
6 12
6 14
6 18
6 23
6 24
6 25
6 29
7 10
7 17
7 21
8 9
8 11
8 15
8 17
8 21
8 25
9 13
9 14
9 24
9 28
10 12
10 22
10 24
10 25
11 12
11 13
11 20
11 21
11 22
11 23
11 24
12 14
12 18
12 23
13 23
13 24
13 25
13 29
14 17
14 20
14 22
15 29
16 19
17 22
17 23
17 24
17 28
18 25
18 26
18 28
19 20
19 21
19 23
19 24
20 23
20 25
20 26
20 30
21 25
21 28
22 28
23 27
23 28
23 29
24 28
25 27
26 28
28 29
28 30
