30 103
1 3
1 4
1 6
1 9
1 10
1 11
1 16
1 17
1 27
1 30
2 7
2 11
2 15
2 16
2 21
2 22
2 23
2 25
3 5
3 9
3 10
3 15
3 16
3 17
3 23
3 24
4 6
4 9
4 11
4 15
4 23
4 25
4 27
4 28
4 29
5 6
5 10
5 14
5 16
5 18
5 23
5 24
6 10
6 11
6 13
6 14
6 15
6 24
6 26
6 27
7 10
7 19
7 29
8 16
8 17
8 29
9 16
9 23
9 24
10 12
10 14
10 15
10 16
10 18
10 20
10 26
10 27
10 29
11 12
11 14
11 21
12 19
12 21
12 22
12 29
13 19
13 26
14 20
14 23
14 28
14 29
14 30
15 16
15 25
15 29
16 17
16 20
16 25
17 22
17 23
18 29
18 30
19 23
20 21
20 27
20 28
20 30
21 22
22 25
22 30
23 27
24 30
26 30
