30 92
1 5
1 11
1 13
1 16
1 18
1 25
2 3
2 6
2 7
2 14
2 21
2 22
2 26
3 6
3 7
3 8
3 9
3 14
3 15
3 16
3 20
3 24
3 28
4 27
5 7
5 13
5 24
6 7
6 11
6 13
6 25
6 30
7 14
7 20
7 22
7 25
7 27
8 12
8 19
8 22
8 25
8 29
9 12
9 20
9 22
9 24
10 12
10 20
10 23
10 26
10 29
11 18
11 22
11 30
12 16
12 21
12 27
12 28
13 14
13 18
13 19
13 26
13 28
14 17
15 18
15 21
15 25
16 25
17 20
17 22
17 23
17 25
17 26
17 28
18 19
18 21
18 25
18 27
19 20
19 24
19 25
19 28
19 29
20 21
20 29
20 30
21 24
21 28
23 25
24 25
25 29
26 27
