30 96
1 6
1 7
1 9
1 11
1 14
1 17
1 19
1 26
1 29
2 5
2 6
2 24
2 27
2 29
2 30
3 12
3 23
3 29
4 9
4 12
4 13
4 18
4 20
4 22
5 17
5 19
5 21
5 22
5 23
5 30
6 7
6 10
6 26
6 30
7 8
7 12
7 13
7 14
7 20
7 27
7 28
7 30
8 9
8 12
8 13
8 15
8 21
8 25
9 16
9 18
9 21
9 22
9 24
9 25
9 26
10 22
10 23
10 27
11 12
11 13
11 17
11 29
11 30
12 17
12 20
12 22
12 24
12 29
13 17
13 21
13 22
14 15
14 20
14 21
14 23
15 16
16 17
16 21
16 25
17 20
17 22
17 24
17 27
17 28
18 24
18 30
19 20
19 24
19 27
19 28
20 24
20 28
21 23
21 27
21 28
21 30
