30 112
1 3
1 5
1 7
1 9
1 30
2 3
2 5
2 6
2 7
2 8
2 9
2 12
3 6
3 7
3 8
3 9
3 12
3 30
4 13
4 14
4 15
4 16
4 17
4 18
4 20
4 22
4 25
4 27
5 6
5 7
5 8
5 9
5 12
5 30
6 7
6 8
6 9
6 12
6 30
7 8
7 9
7 12
7 30
8 30
9 12
10 11
10 23
10 24
10 26
10 29
11 12
11 19
11 21
11 24
11 26
11 28
11 29
12 27
12 30
13 14
13 15
13 16
13 17
13 18
13 20
13 22
13 25
13 27
14 15
14 16
14 17
14 18
14 20
14 22
14 24
14 25
15 16
15 17
15 18
15 20
16 17
16 20
16 25
16 27
17 18
17 22
17 25
18 20
18 22
18 27
19 21
19 23
19 24
19 26
19 28
19 29
20 27
21 23
21 24
21 26
21 28
21 29
22 25
22 27
23 26
23 28
23 29
24 26
24 28
24 29
25 27
26 28
