30 117
1 2
1 3
1 7
1 8
1 9
1 12
1 13
1 17
1 18
1 24
1 27
2 5
2 7
2 9
2 12
2 13
2 18
2 24
3 5
3 7
3 8
3 9
3 12
3 13
3 24
3 27
4 10
4 21
4 23
4 25
4 28
4 30
5 7
5 8
5 9
5 12
5 18
5 27
6 11
6 12
6 15
6 16
6 20
6 26
7 8
7 9
7 12
7 13
7 24
7 27
8 9
8 12
8 13
8 18
8 24
8 27
9 12
9 13
9 18
9 27
10 21
10 22
10 23
10 25
10 28
10 29
10 30
11 14
11 15
11 16
11 17
11 19
11 20
11 26
12 13
12 24
12 27
13 18
13 24
13 27
14 16
14 17
14 19
14 20
14 26
15 16
15 17
15 19
15 26
16 17
16 18
16 19
16 20
16 26
17 20
17 26
18 24
18 27
19 20
19 26
20 26
21 22
21 23
21 25
21 28
21 29
21 30
22 23
22 28
22 29
23 28
23 29
24 27
25 29
25 30
28 29
29 30
