30 106
1 2
1 9
1 11
1 13
1 28
2 3
2 5
2 8
2 12
2 13
2 14
2 15
2 18
2 24
2 26
3 7
3 11
3 12
3 17
3 20
3 28
4 5
4 6
4 7
4 8
4 11
4 21
4 23
5 8
5 13
5 16
5 23
5 26
6 8
6 9
6 15
6 16
6 18
6 20
6 23
6 25
6 28
6 30
7 20
7 23
7 25
7 30
8 16
8 23
9 11
9 14
9 19
9 28
10 14
10 18
10 20
10 23
10 26
11 14
11 23
11 26
11 27
12 16
12 22
12 26
12 27
13 16
13 24
13 25
13 30
14 18
14 21
14 23
14 25
14 28
14 30
15 19
15 24
15 27
16 22
16 26
16 30
17 22
17 25
18 20
18 28
18 30
19 20
20 21
20 24
20 25
20 26
20 28
21 25
22 23
22 24
22 25
22 29
23 25
23 29
24 27
24 28
25 26
25 27
27 29
27 30
