30 111
1 10
1 12
1 16
1 24
1 25
1 28
1 29
2 3
2 6
2 8
2 9
2 10
2 15
2 16
2 20
2 23
2 24
2 28
3 7
3 14
3 22
3 25
3 28
4 6
4 12
4 13
4 14
4 21
4 23
5 8
5 11
5 12
5 15
5 29
6 13
6 15
6 19
6 22
6 23
6 30
7 8
7 9
7 11
7 12
7 13
7 15
7 16
7 23
8 12
8 16
8 17
8 19
8 21
8 22
9 11
9 13
9 14
9 21
9 26
9 29
10 13
10 15
10 19
10 21
10 23
10 26
11 18
11 19
11 25
12 16
12 22
12 26
13 20
13 25
13 30
14 15
14 16
14 21
14 23
14 24
15 18
15 19
15 26
16 18
16 21
16 27
17 18
17 20
17 22
17 26
19 20
19 22
19 23
19 27
19 28
20 24
20 30
21 25
21 27
21 29
22 27
23 24
23 28
23 29
23 30
24 25
24 27
24 29
27 28
27 29
28 30
