30 111
1 2
1 10
1 11
1 12
1 14
1 15
1 17
1 18
1 22
1 23
1 25
2 3
2 7
2 8
2 11
2 13
2 20
2 26
2 30
3 4
3 8
3 10
3 13
3 14
3 15
3 21
3 29
4 6
4 8
4 15
4 20
4 26
4 29
4 30
5 9
5 12
5 18
5 24
5 27
5 29
6 9
6 22
6 24
6 27
7 10
7 27
7 29
8 12
8 18
8 26
9 10
9 13
9 16
9 17
9 19
9 22
10 15
10 18
10 22
10 25
11 13
11 17
11 18
11 23
11 24
11 25
11 28
11 30
12 19
12 20
12 24
12 25
13 14
13 17
13 21
13 22
14 16
14 21
14 22
14 29
14 30
15 17
15 25
15 29
16 17
16 18
16 20
16 23
16 24
17 18
17 21
17 22
17 27
18 20
18 23
18 26
19 20
19 21
19 22
19 26
19 28
19 29
20 27
21 22
21 23
21 24
22 27
22 28
22 30
25 28
28 30
