100 446
1 8
1 24
1 30
1 40
1 43
1 51
1 57
1 67
1 75
1 79
1 85
1 91
1 94
1 95
2 12
2 16
2 19
2 38
2 39
2 97
3 4
3 7
3 12
3 37
4 12
4 24
4 30
4 40
4 51
4 68
4 74
4 83
5 8
5 22
5 28
5 34
5 40
5 41
5 42
5 70
5 90
6 26
6 36
6 41
6 56
6 59
6 71
6 98
6 100
7 29
7 34
7 58
7 78
7 81
7 96
8 27
8 49
8 61
8 82
8 84
8 97
9 19
9 24
9 37
9 42
9 44
9 64
9 79
9 82
9 89
9 93
10 23
10 29
10 32
10 40
10 47
10 54
10 77
10 100
11 24
11 42
11 74
11 90
11 93
11 98
11 99
12 29
12 80
12 94
13 15
13 32
13 60
13 62
13 66
13 90
14 30
14 33
14 35
14 53
14 72
15 17
15 35
15 54
15 61
15 64
15 81
15 97
16 31
16 54
16 62
16 81
16 85
16 87
17 44
17 53
17 55
17 58
17 72
17 76
17 80
17 91
18 28
18 30
18 32
18 33
18 35
18 63
18 65
18 72
18 76
18 82
18 95
19 39
19 58
19 71
19 74
19 76
20 23
20 24
20 31
20 38
20 40
20 47
20 51
20 63
20 89
20 95
21 36
21 37
21 44
21 45
21 57
21 59
21 84
21 100
22 45
22 65
22 66
22 68
22 77
22 78
22 79
22 81
22 89
22 91
22 98
23 26
23 36
23 45
23 57
23 58
23 61
23 79
23 87
23 90
23 96
24 31
24 43
24 64
24 92
24 99
25 34
25 41
25 60
25 68
25 84
25 97
25 100
26 40
26 50
26 53
26 56
26 59
26 68
27 28
27 35
27 45
27 62
27 77
27 83
27 84
27 86
27 87
27 88
28 47
28 51
28 93
29 30
29 41
29 47
29 60
29 62
29 64
29 70
29 78
30 35
30 49
30 53
30 69
30 73
30 87
30 95
31 59
31 88
31 97
31 99
32 33
32 39
32 45
32 47
32 48
32 55
32 65
32 72
32 79
32 85
32 91
32 94
33 35
33 59
33 60
33 62
33 73
33 94
34 47
34 58
34 61
34 62
34 71
34 87
34 93
35 55
35 63
35 76
36 55
36 64
37 41
37 50
37 52
37 57
37 79
38 58
38 65
38 71
39 50
39 56
39 61
39 65
39 74
39 82
39 89
39 91
39 95
40 47
40 49
40 86
40 91
40 94
41 54
41 59
41 100
42 44
42 46
42 60
42 61
42 65
43 57
43 71
43 74
43 79
43 95
44 59
44 65
44 76
44 79
44 86
44 98
45 53
45 60
45 62
45 68
45 75
45 76
45 80
45 82
45 87
46 65
46 77
46 79
46 81
46 91
46 93
47 55
47 69
47 76
47 87
48 52
48 61
48 63
48 77
48 96
49 60
49 64
49 88
49 94
49 100
50 64
50 65
50 81
50 84
50 88
51 71
51 82
52 65
52 67
52 82
53 61
53 74
53 78
54 56
54 64
54 81
54 97
54 99
55 62
55 65
55 80
55 81
55 96
55 100
56 60
56 65
56 68
56 94
56 95
57 60
57 75
57 86
57 95
58 63
58 68
58 75
58 78
58 83
59 70
59 75
59 76
59 80
59 97
60 80
60 87
60 99
61 69
61 71
61 85
62 76
62 95
62 100
63 64
63 67
63 75
64 88
64 92
64 94
64 100
65 78
65 96
66 67
66 83
66 86
66 93
66 99
67 70
67 75
67 87
68 74
68 85
68 97
69 70
69 89
69 91
69 95
70 95
70 97
70 98
71 74
71 77
71 94
72 79
72 82
72 83
72 86
73 79
74 82
74 90
75 86
75 96
76 83
76 88
76 97
76 100
77 85
77 87
77 89
78 80
79 95
80 83
80 90
80 96
81 91
81 93
82 83
83 90
83 94
85 87
85 93
86 87
86 88
87 91
87 93
89 90
89 91
90 93
94 100
95 97
95 99
