100 448
1 10
1 41
1 53
1 55
1 64
1 71
2 15
2 27
2 30
2 36
2 66
2 73
2 83
2 94
2 98
3 10
3 16
3 25
3 30
3 31
3 41
3 44
3 64
3 66
3 79
3 90
3 95
4 30
4 33
4 34
4 36
4 37
4 53
4 54
4 55
4 57
4 66
4 78
4 80
4 86
4 87
5 15
5 22
5 27
5 36
5 40
5 41
5 54
5 94
6 7
6 16
6 27
6 37
6 39
6 74
7 32
7 39
7 40
7 70
7 96
7 99
8 12
8 36
8 45
8 55
8 59
8 76
8 98
9 19
9 32
9 46
9 47
9 49
9 79
9 90
9 93
9 99
10 43
10 44
10 52
10 80
10 84
10 95
11 18
11 21
11 27
11 74
11 75
11 78
11 89
11 90
11 92
12 17
12 19
12 21
12 32
12 38
12 40
12 46
12 49
12 56
12 57
12 71
12 84
13 28
13 37
13 47
13 52
13 73
13 78
13 90
13 92
14 21
14 44
14 55
14 60
14 73
14 74
14 98
14 99
15 35
15 39
15 60
15 70
15 90
15 94
15 100
16 32
16 61
16 65
16 74
17 29
17 33
17 36
17 40
17 43
17 47
17 52
17 53
17 55
17 62
17 68
17 90
17 93
17 99
18 23
18 39
18 54
18 62
18 67
18 70
18 84
18 99
18 100
19 26
19 27
19 29
19 34
19 37
19 61
19 68
19 71
19 72
19 79
19 81
19 98
20 41
20 46
20 55
20 62
20 83
21 26
21 32
21 39
21 58
21 63
21 64
21 77
21 80
21 81
21 85
21 92
22 24
22 36
22 46
22 50
22 64
22 72
22 75
22 83
22 88
22 92
22 97
23 27
23 43
23 62
23 64
23 66
23 86
23 93
24 39
24 45
24 55
24 57
24 80
24 84
24 94
25 46
25 60
25 76
25 94
26 32
26 41
26 46
26 49
26 61
26 64
26 80
26 81
26 92
27 51
27 71
27 75
28 31
28 33
28 40
28 58
28 75
28 77
28 87
28 97
29 32
29 37
29 42
29 73
29 80
30 32
30 35
30 36
30 53
30 71
30 89
30 100
31 49
31 54
31 55
31 57
31 62
31 67
31 83
32 33
32 65
32 92
33 51
33 55
33 57
33 64
33 75
33 77
33 82
33 84
33 89
33 94
33 99
34 46
34 74
34 90
35 54
35 68
35 91
35 95
35 99
36 44
36 64
36 71
36 95
37 49
37 70
37 74
37 79
37 93
37 94
38 71
38 83
39 50
39 53
39 65
39 70
39 97
40 41
40 50
40 55
40 78
40 80
40 81
40 96
41 70
41 72
41 76
41 85
41 91
41 99
42 61
42 81
42 92
43 49
43 65
43 70
43 91
44 48
44 65
45 59
45 73
45 80
45 89
46 51
46 52
46 75
46 80
46 88
46 91
46 95
46 96
47 49
47 50
47 56
47 82
47 87
47 90
47 99
48 58
48 64
48 75
48 82
48 83
49 60
49 61
49 65
50 52
50 53
50 58
50 60
50 84
50 99
51 64
51 76
51 77
51 90
52 54
52 74
52 76
52 81
52 89
52 97
52 99
53 65
53 72
53 90
53 91
54 59
54 73
54 88
55 62
55 84
56 65
56 98
56 99
57 71
57 79
57 84
57 95
58 64
59 67
59 68
59 87
59 93
60 64
60 71
60 73
60 88
61 78
61 85
61 93
62 70
62 73
62 90
63 78
63 87
63 100
64 78
64 94
65 78
65 93
65 99
66 68
66 80
66 81
67 77
67 82
67 92
67 100
68 97
69 79
69 81
69 84
69 94
69 95
69 100
70 86
71 78
71 84
71 97
72 97
72 99
73 75
73 78
74 77
74 87
74 99
75 89
75 98
76 82
76 85
77 80
77 89
77 91
78 81
78 84
78 94
79 83
79 97
79 98
80 82
80 86
80 88
81 91
82 89
82 91
82 94
84 87
84 92
85 93
85 100
88 95
88 98
89 90
93 96
97 99
