100 479
1 17
1 21
1 27
1 40
1 46
1 72
1 75
1 78
1 81
1 83
1 86
2 4
2 8
2 10
2 11
2 12
2 23
2 48
2 56
2 71
2 78
2 87
3 7
3 18
3 27
3 31
3 48
3 51
3 54
3 69
4 14
4 29
4 61
4 64
4 68
4 79
4 81
4 84
5 60
5 75
5 95
6 9
6 14
6 29
6 32
6 40
6 58
6 60
6 70
6 72
6 89
6 92
7 8
7 11
7 48
7 50
7 51
7 59
7 94
8 10
8 11
8 17
8 26
8 44
8 45
8 49
8 50
8 52
8 59
8 69
8 77
8 84
8 89
9 36
9 38
9 43
9 45
9 55
9 66
9 69
9 76
10 53
10 54
10 56
10 73
10 81
10 98
11 19
11 21
11 31
11 35
11 52
11 56
11 62
11 67
11 71
11 73
11 74
11 78
11 96
11 98
11 99
12 28
12 40
12 41
12 55
12 58
12 59
12 60
12 69
12 79
12 81
13 32
13 36
13 42
13 49
13 98
14 21
14 23
14 29
14 43
14 50
14 53
14 65
14 68
14 70
14 74
14 82
14 94
15 29
15 39
15 41
15 64
15 68
15 73
15 90
15 100
16 18
16 27
16 28
16 38
16 42
16 68
16 73
16 83
17 19
17 20
17 34
17 38
17 85
17 87
18 20
18 91
18 97
19 31
19 40
19 74
19 76
19 86
19 91
20 60
20 74
20 79
21 27
21 28
21 77
21 80
21 90
21 93
22 54
22 57
22 86
22 94
23 41
23 42
23 47
23 52
23 56
23 68
23 69
23 95
24 48
24 55
24 57
24 61
24 78
24 88
24 93
24 95
24 98
25 38
25 41
25 42
25 48
25 77
25 92
25 94
26 34
26 46
26 53
26 72
26 93
27 32
27 34
27 78
28 33
28 53
28 55
28 61
28 68
28 76
28 87
28 89
28 90
28 94
28 96
29 44
29 50
29 55
29 63
29 89
30 36
30 40
30 44
30 45
30 48
30 52
30 78
30 83
30 84
30 91
30 94
30 96
31 47
31 75
31 76
31 79
31 89
32 34
32 51
32 60
32 63
32 71
32 75
32 96
32 99
33 40
33 52
33 60
33 67
33 90
33 91
33 98
34 35
34 49
34 54
34 60
34 64
34 66
34 84
34 89
35 38
35 39
35 40
35 63
35 67
35 69
35 98
36 40
36 52
36 54
36 55
36 56
36 65
36 72
36 77
36 82
36 88
36 98
37 38
37 40
37 46
37 47
37 55
37 60
37 73
37 76
37 86
37 90
37 96
38 53
38 55
38 67
38 69
38 70
38 76
38 87
38 92
38 94
38 99
39 50
39 52
39 56
39 58
39 77
39 81
40 49
40 68
40 87
40 93
41 47
41 63
41 65
41 70
41 81
41 87
41 90
41 96
42 48
42 51
42 58
42 76
42 92
43 47
43 65
43 66
43 67
44 56
44 92
44 93
45 46
45 74
46 68
46 78
46 82
46 98
46 100
47 64
47 67
47 68
47 71
47 76
47 84
48 57
48 65
48 69
48 78
48 93
48 96
48 97
49 63
49 87
50 53
50 58
50 66
50 72
50 75
50 82
51 57
51 62
51 69
51 78
51 87
51 93
52 56
52 67
52 72
52 76
52 80
52 100
53 62
53 84
54 62
54 71
54 75
54 94
55 59
55 78
55 100
56 67
56 69
56 79
56 82
56 90
56 92
57 59
57 67
57 68
57 82
57 89
57 92
57 98
57 99
58 84
58 87
58 89
58 97
58 99
59 61
59 80
59 88
59 99
60 63
60 73
60 76
60 77
60 96
60 98
60 100
61 64
61 74
62 67
62 74
62 86
62 91
63 97
63 99
64 94
65 83
65 88
65 89
65 90
65 97
65 100
66 75
67 68
67 86
67 100
68 82
68 97
69 82
69 88
69 92
69 94
70 73
71 99
72 80
73 74
73 85
73 90
73 93
74 77
74 87
74 95
75 89
75 92
75 100
76 87
76 92
76 93
76 99
77 88
77 89
77 94
77 97
78 82
78 91
80 81
80 85
81 82
81 86
81 88
81 95
83 88
83 92
83 95
84 91
85 88
85 91
85 92
85 100
87 97
88 92
89 92
89 94
89 97
90 94
94 95
95 98
