100 449
1 10
1 19
1 24
1 34
1 39
1 50
1 68
1 94
2 3
2 30
2 49
2 69
2 78
2 92
3 4
3 5
3 24
3 29
3 46
3 52
3 72
3 98
4 8
4 33
4 39
4 51
4 58
4 60
4 64
4 73
4 90
5 12
5 40
5 92
6 30
6 75
6 88
6 92
7 38
7 47
7 54
7 60
7 77
7 94
8 20
8 21
8 25
8 47
8 59
8 61
8 89
9 22
9 30
9 40
9 47
9 60
9 65
10 28
10 34
10 40
10 42
10 49
10 56
10 76
10 91
10 92
10 99
11 17
11 20
11 41
11 52
11 78
11 91
11 94
11 98
12 13
12 17
12 29
12 30
12 78
12 89
12 100
13 14
13 55
13 63
13 68
13 80
13 87
13 88
13 96
14 23
14 30
14 39
14 51
14 63
14 68
14 91
15 50
15 58
15 68
15 87
15 90
16 31
16 43
16 44
16 66
16 75
16 89
16 97
17 22
17 24
17 39
17 42
17 74
17 85
17 95
18 38
18 40
18 48
18 53
18 60
18 64
18 68
19 31
19 41
19 43
19 46
19 57
19 60
19 62
19 69
19 75
19 90
20 25
20 32
20 33
20 52
20 78
20 79
20 99
21 35
21 44
21 51
21 80
21 88
21 90
21 100
22 35
22 39
22 53
22 73
22 74
22 81
22 83
22 89
23 37
23 45
23 49
23 53
23 81
23 90
23 97
23 98
24 25
24 43
24 74
24 75
24 85
24 86
24 92
25 42
25 45
25 46
25 58
25 72
25 95
25 96
26 32
26 43
26 50
26 54
26 65
26 73
26 75
26 78
26 89
26 90
27 29
27 50
27 61
27 69
27 82
27 93
28 40
28 79
29 32
29 47
29 54
29 65
29 77
29 100
30 35
30 55
30 62
30 69
30 89
30 92
31 51
31 55
31 72
31 93
32 35
32 55
32 65
32 72
32 86
32 93
32 100
33 38
33 46
33 51
33 52
33 62
33 63
33 85
33 98
34 51
34 55
34 57
34 60
34 64
34 66
34 72
34 73
34 93
35 50
35 58
35 74
35 78
35 80
36 49
36 55
36 70
36 90
36 91
37 41
37 45
37 52
37 63
37 77
37 90
38 53
38 61
38 67
38 68
38 69
38 95
39 72
39 80
39 84
39 90
39 93
40 41
40 46
40 48
40 60
40 67
40 70
40 71
40 73
40 92
40 98
41 43
41 44
41 50
41 51
41 53
41 54
41 86
41 88
42 47
42 54
42 66
42 91
42 93
42 99
43 52
43 53
43 60
43 77
43 83
43 93
43 98
43 99
44 56
44 59
44 62
44 66
44 79
44 97
45 58
45 62
45 64
45 73
45 77
45 93
46 66
46 91
47 48
47 49
47 55
47 81
47 87
47 95
48 53
48 78
48 80
48 83
49 50
49 54
49 72
49 84
49 86
49 88
49 90
50 64
50 84
50 89
50 92
50 96
51 53
51 68
51 70
51 73
51 76
51 90
51 95
51 99
52 58
52 65
52 67
52 70
52 84
52 89
53 56
53 84
53 85
54 56
54 69
54 70
54 87
55 84
56 59
56 61
56 75
56 81
56 88
56 99
57 59
57 66
57 88
57 90
57 95
58 63
58 66
58 74
58 85
58 87
58 92
58 96
58 98
58 99
59 64
59 86
59 90
60 65
61 77
61 88
61 90
61 93
62 76
62 79
63 68
63 99
64 70
64 74
65 75
65 78
65 84
65 85
65 100
66 69
66 78
66 79
66 86
66 98
67 69
67 70
67 74
67 76
67 85
67 98
67 100
68 71
68 87
68 88
68 93
69 89
70 82
70 84
71 94
71 95
72 94
73 78
73 80
73 84
73 90
73 100
74 92
75 85
76 78
76 94
76 99
77 79
77 83
77 86
77 87
77 91
78 84
78 86
79 82
79 93
80 86
80 87
81 82
81 89
83 94
85 96
86 94
86 99
87 89
87 90
87 96
89 90
90 91
91 96
92 97
96 100
98 100
