100 464
1 11
1 17
1 18
1 22
1 44
1 55
1 59
1 77
1 83
1 96
1 98
2 3
2 5
2 6
2 11
2 24
2 50
2 61
2 72
2 74
2 76
2 85
2 95
3 14
3 37
3 80
3 86
3 88
3 92
4 24
4 25
4 27
4 34
4 35
4 46
4 52
4 61
4 67
4 90
4 95
4 97
5 27
5 28
5 35
5 39
5 46
5 51
5 73
5 75
5 86
6 8
6 36
6 37
6 40
6 54
6 63
6 97
7 14
7 17
7 59
7 64
7 68
7 77
7 84
7 91
7 99
8 19
8 20
8 39
8 43
8 52
8 65
8 70
8 71
8 89
8 92
9 20
9 34
9 37
9 40
9 41
9 49
9 55
9 56
9 86
9 99
10 17
10 32
10 36
10 37
10 41
10 75
11 18
11 37
11 48
11 53
11 58
11 75
11 77
11 84
11 86
12 21
12 40
12 52
12 55
12 83
13 16
13 30
13 62
13 65
13 80
14 20
14 44
14 61
14 73
14 82
14 92
15 18
15 37
15 50
15 66
15 71
15 79
15 98
16 18
16 20
16 38
16 54
16 58
16 79
16 84
16 86
16 89
16 97
17 39
17 42
17 45
17 57
17 78
17 82
17 88
17 93
18 32
18 41
18 42
18 57
18 68
18 69
18 79
18 87
18 90
18 94
19 20
19 24
19 45
19 48
19 69
19 75
19 96
20 24
20 35
20 52
20 54
20 61
20 73
20 85
21 27
21 32
21 42
21 52
21 66
21 85
21 90
21 95
22 28
22 31
22 32
22 55
22 70
22 74
22 78
22 80
22 99
23 36
23 45
23 54
23 71
23 96
24 33
24 60
24 68
24 69
24 78
24 84
25 31
25 33
25 42
25 48
25 67
25 78
25 95
26 38
26 42
26 45
26 56
26 61
26 63
26 69
26 72
26 78
26 86
26 98
26 100
27 34
27 38
27 40
27 48
27 51
27 60
27 82
27 83
27 86
28 43
28 46
28 52
28 53
28 76
28 82
29 30
29 35
29 41
29 51
29 74
30 33
30 37
30 40
30 44
30 80
30 81
30 83
30 88
30 90
30 92
30 96
31 41
31 76
31 84
31 98
32 33
32 38
32 48
32 91
32 97
33 35
33 67
34 50
34 77
34 87
34 89
34 91
35 42
35 49
35 54
35 79
35 96
36 38
36 50
36 54
36 58
36 90
36 97
37 42
37 48
37 59
37 73
37 76
37 95
38 45
38 57
38 65
38 71
38 75
38 79
38 95
39 44
39 47
39 48
39 62
39 64
39 69
39 88
39 95
39 100
40 44
40 58
40 64
40 65
40 76
40 93
41 44
41 47
41 56
41 90
41 93
41 99
42 51
42 60
42 72
42 73
42 94
42 96
43 44
43 56
43 60
43 64
43 66
43 70
43 72
43 76
43 90
43 91
43 92
44 49
44 61
44 69
44 70
44 71
44 72
44 97
45 53
45 71
45 83
46 50
46 70
46 72
46 83
46 87
47 56
47 60
47 88
47 96
48 50
48 58
48 59
48 86
48 87
49 52
49 61
49 76
49 78
49 87
49 96
50 68
50 69
50 80
50 93
51 84
53 59
53 63
53 64
53 65
53 69
54 64
54 66
55 61
55 62
55 63
55 68
55 77
55 82
55 93
56 60
56 67
56 97
57 63
57 69
57 71
57 95
57 99
57 100
58 59
58 68
58 71
58 78
58 81
58 83
58 94
59 64
59 83
59 96
60 61
60 63
60 73
61 75
61 78
61 93
62 63
62 71
62 79
63 67
63 85
63 93
64 65
64 69
64 76
64 92
65 87
65 92
66 70
67 70
67 80
67 85
67 91
68 79
68 92
70 94
71 80
71 91
71 92
71 95
71 96
71 98
72 99
73 78
73 79
73 81
73 83
73 98
74 86
75 94
75 98
76 83
76 93
76 99
77 86
77 92
77 97
78 85
78 87
79 81
79 89
79 90
79 96
80 82
80 94
81 91
81 92
82 92
83 93
84 87
84 94
84 99
85 91
85 93
85 100
86 89
86 93
88 95
88 96
90 91
91 93
92 99
93 99
96 97
