100 475
1 4
1 7
1 11
1 17
1 32
1 50
1 52
1 62
1 77
1 82
1 88
2 25
2 26
2 32
2 42
2 43
2 46
2 58
2 66
2 80
2 85
3 28
3 50
3 58
3 67
3 79
3 82
3 84
4 11
4 14
4 19
4 21
4 38
4 41
4 49
4 55
4 75
4 84
4 85
4 88
4 91
4 95
5 13
5 34
5 65
5 80
6 17
6 35
6 53
6 66
6 85
6 86
7 12
7 52
7 56
7 57
7 64
7 66
7 70
7 79
7 81
7 87
7 96
7 97
8 11
8 19
8 22
8 27
8 30
8 45
8 49
8 59
8 61
8 63
8 74
8 88
9 12
9 22
9 48
9 55
9 59
9 79
9 80
10 18
10 35
10 42
10 51
10 72
10 96
10 97
11 31
11 43
11 45
11 60
11 99
12 16
12 26
12 34
12 42
12 54
12 72
12 79
12 81
13 14
13 15
13 22
13 25
13 34
13 75
13 93
14 34
14 61
14 63
14 74
14 92
14 93
15 20
15 25
15 30
15 47
15 73
15 80
15 95
16 28
16 30
16 36
16 38
16 71
16 72
16 74
16 99
17 20
17 23
17 36
17 51
17 58
17 67
17 68
17 77
17 91
18 31
18 33
18 54
18 59
18 68
18 92
18 95
19 25
19 44
19 52
19 76
19 83
19 89
20 31
20 34
20 37
20 38
20 42
20 45
20 46
20 58
20 72
20 74
20 84
21 22
21 32
21 33
21 43
21 53
21 54
21 60
21 72
21 73
21 92
21 98
22 47
22 51
22 54
22 59
22 73
22 80
22 92
23 30
23 37
23 45
23 71
23 79
23 81
23 87
23 92
24 31
24 45
24 55
24 61
24 79
24 84
24 100
25 35
25 41
25 51
25 56
25 61
25 65
25 75
25 79
25 80
25 91
26 41
26 44
26 58
26 73
26 77
26 81
26 98
27 45
27 65
27 77
27 86
27 89
28 31
28 35
28 48
28 57
28 70
28 78
28 85
28 99
29 51
29 79
29 89
29 90
30 37
30 45
30 70
30 78
31 32
31 58
31 60
31 81
31 96
31 98
32 34
32 39
32 53
32 67
32 87
33 38
33 41
33 54
33 68
33 74
33 84
33 93
34 40
34 50
34 51
34 55
34 67
34 70
34 72
34 79
34 86
34 97
35 40
35 64
35 67
35 69
35 88
35 91
35 96
35 97
36 41
36 45
36 61
36 68
36 70
36 95
37 43
37 50
37 70
37 74
37 83
37 88
38 51
38 57
38 59
38 90
38 94
38 95
39 55
39 75
39 79
39 87
39 97
40 49
40 52
40 54
40 56
40 65
40 67
40 82
40 96
41 42
41 57
41 65
42 66
42 73
42 97
43 55
43 63
43 78
43 84
43 90
43 93
43 94
43 95
44 46
44 48
44 72
44 86
44 88
44 97
45 51
45 52
45 57
45 65
45 72
45 74
45 82
45 89
45 94
46 49
46 50
46 52
46 76
46 79
46 81
46 82
46 84
46 91
46 98
47 54
47 58
47 68
47 71
47 75
47 85
47 92
47 100
48 62
48 67
48 74
48 89
49 50
49 56
49 65
49 70
49 85
49 93
50 57
50 61
50 65
50 93
51 53
51 59
51 70
51 80
51 86
51 98
51 100
52 63
52 71
52 75
52 84
52 85
52 93
52 95
53 63
53 73
53 84
53 100
55 60
55 87
56 65
56 67
56 78
56 87
56 91
56 95
56 100
57 68
58 80
58 85
58 93
58 94
58 97
59 61
59 75
59 78
59 83
59 94
60 70
60 71
60 72
60 86
60 90
60 93
60 99
61 85
62 66
62 73
62 75
63 75
63 82
63 92
63 95
63 96
64 65
65 76
66 69
66 71
66 77
66 80
66 81
66 92
66 99
67 72
67 82
67 90
67 94
68 72
68 79
68 86
69 71
69 72
69 79
69 82
70 77
70 83
70 89
71 82
71 83
71 86
71 92
71 95
72 87
72 91
72 94
74 76
74 78
75 84
75 86
75 93
76 92
77 98
77 100
78 81
80 82
81 82
82 92
82 95
83 91
83 92
84 98
85 91
86 90
86 98
87 96
88 99
90 93
91 94
91 95
91 98
92 96
96 100
