100 475
1 7
1 18
1 20
1 32
1 57
1 74
1 80
1 81
1 82
2 8
2 30
2 34
2 50
2 64
2 69
2 78
2 81
3 15
3 21
3 25
3 27
3 28
3 29
3 34
3 38
3 56
3 69
3 83
3 95
4 33
4 56
4 74
4 81
4 84
4 87
5 7
5 10
5 14
5 16
5 22
5 35
5 40
5 42
5 45
5 50
5 76
5 78
5 89
5 100
6 12
6 71
6 83
6 84
6 85
7 10
7 13
7 16
7 21
7 26
7 29
7 36
7 47
7 50
7 55
7 81
7 85
7 89
7 99
8 16
8 36
8 59
8 69
8 70
8 88
8 99
9 10
9 40
9 62
9 66
9 73
9 75
9 76
9 91
9 96
9 98
10 17
10 53
10 67
10 99
11 12
11 23
11 36
11 59
11 75
11 76
11 77
11 83
12 23
12 39
12 46
12 47
12 57
12 76
12 83
12 85
13 17
13 18
13 41
13 49
13 73
13 77
13 93
13 97
14 19
14 25
14 33
14 54
14 86
14 94
15 16
15 30
15 43
15 48
15 61
15 74
15 82
15 85
16 18
16 22
16 36
16 44
16 58
16 100
17 32
17 33
17 64
17 72
17 74
17 78
17 80
17 81
17 88
17 89
17 93
17 96
18 27
18 31
18 33
18 39
18 79
18 81
18 96
18 98
19 20
19 28
19 38
19 39
19 71
19 79
19 86
19 87
20 27
20 49
20 53
20 76
20 78
20 84
21 22
21 24
21 76
21 99
22 34
22 44
22 46
22 53
22 64
22 91
22 97
23 58
23 66
23 67
23 70
23 75
23 87
24 36
24 55
24 69
24 74
24 81
24 87
24 92
24 93
24 100
25 27
25 46
25 54
25 57
25 70
25 94
25 97
26 31
26 45
26 62
26 77
26 91
26 94
27 29
27 32
27 34
27 38
27 46
27 52
27 53
27 54
27 57
27 64
27 96
28 40
28 44
28 48
28 49
28 55
28 62
28 65
28 66
28 81
28 82
28 85
28 91
29 43
29 54
29 60
29 74
29 83
29 95
30 32
30 50
30 80
30 90
30 92
30 98
30 99
31 69
31 73
31 78
31 80
31 90
31 93
32 56
32 57
32 58
32 84
32 98
33 34
33 61
33 67
33 73
33 75
33 89
33 91
33 93
33 95
34 41
34 51
34 52
34 66
34 76
34 88
34 89
34 94
34 98
35 38
35 47
35 50
35 51
35 59
35 60
35 63
35 72
35 97
36 45
36 50
36 60
36 68
36 90
37 56
37 75
37 82
37 84
38 42
38 52
38 55
38 78
38 91
38 99
39 45
39 55
39 60
39 65
39 67
39 73
39 82
39 85
39 86
39 91
39 99
40 47
40 52
40 64
40 66
40 92
41 65
41 68
41 71
41 85
42 46
42 51
42 52
42 62
42 77
42 83
42 89
42 93
43 56
43 65
43 69
43 75
43 84
44 45
44 53
44 57
44 60
44 88
44 99
45 50
45 73
45 77
45 87
46 59
46 71
46 72
46 75
46 81
46 85
47 49
47 73
47 78
47 89
47 100
48 68
48 87
48 89
48 90
49 64
49 66
49 78
49 89
49 100
50 54
50 55
50 77
50 84
51 52
51 81
51 90
51 92
51 94
52 54
52 60
52 65
52 66
52 72
52 86
52 88
52 93
53 87
53 93
53 96
54 61
54 65
54 81
54 86
54 90
55 62
55 73
55 80
55 82
55 89
55 92
55 96
56 96
57 61
57 64
57 66
57 67
58 90
58 91
59 66
59 74
59 79
60 66
60 74
60 94
61 70
61 79
61 84
62 64
62 66
62 81
62 98
63 78
63 80
63 85
63 86
63 88
64 66
64 84
64 86
64 89
64 93
65 74
65 79
65 80
65 93
66 89
67 80
67 88
67 91
67 96
67 97
68 76
68 82
68 83
68 90
69 76
69 85
69 92
70 75
70 77
70 86
72 85
74 81
75 91
75 97
76 84
76 91
77 81
78 91
78 93
78 95
78 98
78 99
79 86
79 97
79 98
80 95
81 84
81 92
81 95
81 96
82 87
82 93
83 94
84 89
84 91
84 97
86 94
87 92
87 93
88 90
90 98
91 98
92 96
94 96
95 100
