100 468
1 22
1 24
1 27
1 31
1 32
1 42
1 46
1 53
1 69
1 82
1 90
1 100
2 23
2 25
2 31
2 39
2 44
2 49
2 56
2 82
3 22
3 29
3 30
3 35
3 38
3 43
3 49
3 78
3 96
4 11
4 15
4 44
4 57
4 62
4 67
4 70
4 89
5 10
5 22
5 25
5 34
5 35
5 52
5 55
5 58
5 78
5 90
5 98
5 100
6 10
6 34
6 38
6 43
6 56
6 61
6 62
6 65
6 77
6 93
6 98
7 26
7 42
7 44
7 51
7 66
7 71
7 80
7 85
7 92
8 14
8 21
8 22
8 29
8 35
8 58
8 66
8 74
8 75
8 80
9 36
9 77
9 78
9 87
10 21
10 36
10 46
10 54
10 58
10 59
10 64
10 75
10 77
11 15
11 26
11 42
11 47
11 55
11 57
11 66
11 70
11 75
11 82
11 88
11 100
12 19
12 34
12 55
12 63
12 88
12 94
12 99
13 28
13 41
13 42
13 69
13 82
13 88
14 16
14 35
14 36
14 38
14 49
14 64
14 80
14 84
14 92
14 94
15 16
15 18
15 37
15 40
15 42
15 44
15 57
15 65
15 81
15 82
16 18
16 21
16 23
16 32
16 49
16 52
16 53
16 70
16 81
16 82
16 85
16 99
17 36
17 63
17 68
17 76
17 94
18 34
18 37
18 54
18 59
18 65
18 66
18 67
18 70
18 85
18 94
19 24
19 31
19 33
19 38
19 40
19 48
19 53
19 60
19 90
19 91
19 96
19 100
20 46
20 47
20 70
20 79
20 83
21 23
21 35
21 36
21 37
21 38
21 56
21 59
21 63
21 67
21 71
21 73
21 87
21 99
22 43
22 47
22 58
22 74
22 78
22 83
22 87
23 29
23 58
23 91
23 92
23 99
24 29
24 38
24 50
24 55
25 32
25 63
25 69
25 77
25 81
25 82
25 89
26 32
26 34
26 35
26 43
26 50
26 51
26 68
26 96
27 43
27 65
27 77
27 95
27 97
28 31
28 39
28 86
28 88
29 35
29 39
29 59
29 68
29 75
29 76
29 82
29 90
29 95
30 36
30 55
30 59
30 60
30 76
30 77
30 80
30 85
30 89
30 94
31 48
31 53
31 67
31 69
31 70
31 73
31 85
31 92
32 44
32 45
32 63
32 73
32 76
32 87
32 93
32 95
32 99
33 68
33 79
33 81
33 93
34 39
34 57
34 91
34 93
34 95
35 53
35 56
35 59
35 65
35 73
35 80
35 83
35 87
36 40
36 84
36 95
37 42
37 46
37 50
37 56
37 59
37 61
37 90
38 41
38 61
38 64
38 72
38 88
39 41
39 44
39 58
39 63
39 69
39 73
39 79
40 41
40 65
40 75
40 78
40 79
40 82
41 44
41 91
42 45
42 52
42 53
42 71
42 98
43 56
43 73
44 56
44 67
44 71
44 83
44 88
45 49
45 51
45 52
45 55
45 73
45 74
45 77
46 52
46 56
46 64
46 67
46 74
46 75
46 85
46 87
46 92
46 95
47 52
47 55
47 57
47 67
47 84
47 94
48 51
48 85
49 55
49 61
49 74
49 86
49 95
50 53
50 65
50 75
50 82
50 85
50 90
51 55
51 82
52 60
52 64
52 66
52 87
52 92
52 97
52 98
53 57
53 62
53 69
53 86
53 89
53 95
54 56
54 60
54 84
55 82
56 58
56 86
57 61
57 76
57 79
57 85
58 72
58 73
58 77
58 85
58 86
58 90
59 62
59 75
59 80
59 93
59 96
60 85
61 69
61 81
61 91
61 100
62 64
62 66
62 67
62 68
62 69
62 85
62 89
63 87
64 67
64 74
64 85
64 93
64 99
65 89
66 68
67 85
68 83
68 90
69 92
70 78
70 79
70 82
70 93
71 74
71 88
73 79
74 75
74 76
74 78
74 88
75 76
75 94
75 96
75 97
76 81
76 90
77 89
77 91
77 94
78 79
78 97
78 99
79 93
79 96
80 95
82 88
83 91
83 93
83 94
84 96
84 97
85 91
86 92
86 98
86 99
89 97
90 92
90 96
90 98
91 97
93 95
93 98
