100 416
1 14
1 25
1 37
1 55
1 65
1 80
2 8
2 42
2 70
2 82
2 83
2 88
2 94
2 97
3 40
3 68
3 94
3 100
4 8
4 19
4 36
4 52
4 61
4 63
4 66
4 73
4 75
4 85
4 94
5 17
5 19
5 20
5 29
5 44
5 46
6 10
6 11
6 37
6 46
6 54
6 60
6 65
6 66
6 79
6 96
7 32
7 37
7 45
7 67
7 69
7 80
7 87
8 16
8 28
8 31
8 33
8 37
8 61
8 66
8 75
8 77
8 81
8 84
9 19
9 24
9 28
9 34
9 43
9 51
9 78
9 100
10 13
10 16
10 32
10 37
10 44
10 46
10 59
10 66
10 89
10 99
11 15
11 20
11 45
11 56
11 67
11 84
11 89
12 45
12 58
13 19
13 26
13 29
13 37
13 42
13 45
13 50
13 53
13 59
13 72
13 76
13 85
13 98
14 17
14 23
14 27
14 29
14 38
14 70
14 73
14 74
14 82
15 27
15 34
15 40
15 59
15 61
15 65
15 88
15 93
15 96
16 24
16 49
16 53
16 58
16 63
16 70
16 79
16 85
16 90
17 30
17 36
17 40
17 43
17 53
17 57
17 65
17 76
17 77
17 96
18 20
18 30
18 42
18 70
18 91
18 93
18 99
19 28
19 57
19 77
19 88
19 92
19 94
20 35
20 39
20 47
20 62
20 70
20 71
21 31
21 37
21 39
21 42
21 46
21 50
21 56
21 59
21 99
21 100
22 40
22 55
22 64
22 74
22 90
22 93
22 96
23 37
23 42
23 53
23 57
23 63
23 85
23 93
24 25
24 28
24 39
24 41
24 45
24 47
24 61
24 63
24 65
24 76
24 91
25 53
25 83
25 88
25 90
26 36
26 54
26 58
26 70
26 74
26 77
26 78
26 92
26 95
27 55
27 58
27 65
27 67
27 78
27 100
28 60
28 64
28 66
28 75
28 84
28 99
29 51
29 59
29 68
29 77
29 80
29 93
30 47
30 85
31 39
31 55
31 59
31 71
31 85
31 86
32 36
32 38
32 41
32 43
32 48
32 98
32 100
33 39
33 50
33 56
33 60
33 63
33 67
33 71
33 82
34 36
34 54
34 75
34 77
34 86
34 93
35 54
35 62
35 63
35 71
35 94
35 97
36 47
36 53
36 78
36 100
37 42
37 55
37 56
37 78
38 40
38 51
38 100
39 52
39 71
39 91
39 95
39 100
40 61
40 71
40 78
40 88
41 52
42 45
42 56
42 65
42 81
42 82
42 94
42 96
42 100
43 47
43 50
43 51
43 53
43 78
43 82
43 88
43 90
43 94
43 96
44 52
44 54
44 55
45 51
45 70
45 77
45 87
46 53
46 73
46 77
46 81
46 99
47 52
47 65
47 76
47 98
48 54
48 63
48 65
48 68
48 80
48 89
48 90
49 69
49 94
50 56
50 59
50 88
50 94
51 68
51 77
52 54
52 55
52 64
52 75
52 80
52 84
52 86
52 87
52 89
53 59
53 65
53 66
53 71
54 61
54 80
54 89
55 68
56 65
56 78
56 87
57 96
58 61
58 99
59 65
59 68
59 87
59 88
59 96
60 66
60 96
60 100
61 86
62 76
63 90
63 97
64 65
64 85
65 82
65 96
66 75
66 90
67 80
67 89
68 80
68 82
68 84
69 75
69 80
69 83
69 90
69 98
70 81
70 84
70 99
71 85
71 89
71 93
71 97
72 77
72 99
74 84
74 98
74 100
75 91
76 82
77 92
77 96
78 81
78 88
80 88
80 93
81 91
81 95
81 100
82 92
82 96
83 89
84 98
85 95
85 100
90 92
91 93
91 97
91 99
92 97
95 100
