100 453
1 35
1 63
1 64
1 66
1 76
1 89
1 92
2 13
2 23
2 39
2 58
2 71
2 76
3 32
3 34
3 37
3 52
3 66
3 67
3 75
3 81
3 85
3 87
3 97
4 9
4 18
4 25
4 39
4 62
4 64
4 67
4 88
4 89
5 15
5 40
5 51
5 57
5 72
5 82
6 16
6 29
6 39
6 71
6 77
6 79
6 85
6 92
7 14
7 46
7 61
7 68
7 73
7 93
7 95
7 97
8 29
8 37
8 42
8 88
8 94
9 13
9 17
9 19
9 28
9 40
9 50
9 52
9 66
9 72
9 76
10 21
10 27
10 37
10 38
10 42
10 58
10 65
10 67
11 25
11 54
11 57
11 60
11 73
11 77
12 22
12 36
12 45
12 49
12 53
12 54
12 66
12 67
12 71
12 72
12 79
12 86
12 100
13 14
13 22
13 27
13 35
13 40
13 45
13 55
13 57
13 59
13 66
14 37
14 43
14 51
14 77
15 41
15 53
15 73
15 94
16 38
16 49
16 61
16 62
16 78
16 81
16 88
16 89
16 90
16 100
17 22
17 24
17 52
17 55
17 85
17 92
17 98
18 21
18 28
18 29
18 39
18 40
18 41
18 67
18 70
18 72
18 82
18 85
19 28
19 43
19 50
19 75
19 89
20 27
20 35
20 41
20 50
20 56
20 74
20 88
20 97
20 100
21 24
21 33
21 35
21 37
21 60
21 65
21 85
21 90
21 91
21 98
21 100
22 31
22 32
22 34
22 37
22 38
22 57
22 78
22 89
22 93
23 31
23 40
23 50
23 83
23 86
23 89
23 93
24 40
24 75
24 81
24 92
25 39
25 91
26 35
26 38
26 53
26 56
26 63
26 74
26 77
27 33
27 36
27 37
27 43
27 48
27 85
27 93
27 94
28 54
28 55
28 62
28 63
28 65
28 71
28 79
28 91
29 30
29 34
29 44
29 46
29 52
29 84
29 88
29 94
30 34
30 59
30 60
30 71
30 87
31 34
31 45
31 52
31 68
31 84
31 93
32 62
32 72
32 73
32 74
32 80
32 93
33 50
33 70
34 51
34 70
34 79
34 83
34 97
35 48
35 49
35 66
35 73
35 92
35 93
35 94
36 41
36 60
37 80
37 84
37 87
38 40
38 49
38 56
38 72
38 85
38 86
38 90
38 92
38 96
38 98
39 50
39 51
39 53
39 57
39 59
39 70
39 72
39 80
39 88
39 96
40 49
40 50
40 59
40 60
40 65
40 66
40 86
40 96
40 99
41 53
41 57
41 90
42 57
42 64
42 88
42 89
43 61
43 65
44 50
44 55
44 61
44 67
44 88
45 49
45 53
45 83
45 87
45 100
46 58
46 78
46 86
46 94
46 99
47 82
47 86
47 94
48 51
48 81
48 85
49 56
49 86
49 88
49 94
49 98
50 59
50 68
50 70
50 100
51 55
51 58
51 69
51 73
51 77
51 79
51 80
51 87
52 54
52 56
52 64
52 73
52 78
52 83
52 90
52 96
53 55
53 65
53 67
53 89
53 93
54 58
54 59
54 91
54 93
55 58
55 63
55 68
55 70
55 75
55 78
55 90
55 99
56 70
56 86
56 88
56 93
57 87
57 94
58 59
58 61
58 65
58 67
58 82
58 98
59 68
59 83
59 94
60 62
60 75
60 84
60 95
61 73
61 79
61 83
62 68
62 69
62 82
62 99
63 80
64 68
64 74
64 75
64 81
65 71
65 76
65 80
65 84
65 88
66 71
66 74
66 100
67 73
68 85
68 95
68 100
69 71
69 73
69 91
69 95
69 98
69 100
70 78
70 93
71 80
72 76
72 77
72 79
73 75
73 76
74 80
74 82
74 98
75 81
75 93
75 95
75 98
76 90
77 99
78 88
79 82
79 85
79 89
79 90
79 92
79 93
79 98
81 86
81 92
81 95
82 87
82 93
82 98
83 88
83 90
84 98
86 91
86 97
86 100
87 89
89 94
90 95
90 97
90 99
92 97
92 98
92 99
93 97
