30 104
1 2
1 4
1 5
1 6
1 7
1 8
1 10
2 3
2 4
2 5
2 6
2 8
2 9
2 10
3 4
3 5
3 6
3 7
3 9
3 10
4 5
4 6
4 7
4 8
4 10
5 6
5 8
5 9
5 10
6 8
6 9
6 10
7 8
7 9
7 10
9 10
11 13
11 14
11 15
11 16
11 17
11 18
11 19
11 20
12 15
12 16
12 18
12 19
12 20
13 14
13 15
13 18
13 19
13 20
14 15
14 16
14 17
14 18
14 19
14 20
15 16
15 17
15 18
15 19
16 19
16 20
17 18
17 19
18 19
18 20
19 20
21 22
21 24
21 25
21 26
21 27
21 28
21 29
22 23
22 25
22 26
22 27
22 29
22 30
23 24
23 25
23 26
23 27
23 28
23 29
24 25
24 27
24 28
25 26
25 27
25 30
26 28
26 29
26 30
27 28
27 29
28 29
28 30
29 30
