1000 8453
1 3
1 4
1 5
1 6
1 7
1 8
1 9
1 146
1 162
1 244
1 644
1 704
1 809
2 3
2 5
2 6
2 7
2 8
2 10
2 49
2 67
2 318
2 341
2 431
2 527
2 562
2 578
2 636
2 685
2 804
2 949
3 4
3 5
3 7
3 9
3 10
3 587
3 733
3 756
3 917
4 7
4 9
4 10
4 157
4 301
4 353
4 373
4 374
4 543
4 660
4 671
4 994
5 6
5 7
5 8
5 10
5 46
5 204
5 244
5 350
5 377
5 410
5 544
5 560
5 582
5 626
5 629
5 634
6 7
6 8
6 10
6 14
6 163
6 168
6 434
6 445
6 515
6 547
6 610
6 667
6 683
6 860
7 8
7 10
7 83
7 91
7 99
7 154
7 361
7 469
7 630
7 760
8 9
8 10
8 470
8 576
8 627
9 10
9 294
9 408
9 884
9 912
9 922
9 930
9 937
10 127
10 448
10 517
10 630
10 647
10 724
10 769
10 822
10 855
11 12
11 13
11 14
11 15
11 16
11 17
11 87
11 276
11 432
11 521
11 802
11 833
11 917
11 942
12 13
12 15
12 16
12 17
12 18
12 19
12 20
12 286
12 353
12 633
12 803
12 824
13 14
13 15
13 16
13 17
13 18
13 19
13 110
13 123
13 184
13 284
13 345
13 672
13 746
13 775
13 851
13 888
13 899
13 980
14 16
14 17
14 18
14 19
14 322
14 401
14 506
14 588
14 664
14 965
14 975
14 983
15 16
15 17
15 18
15 163
15 304
15 540
15 775
16 17
16 18
16 20
16 82
16 152
16 583
16 623
16 824
17 18
17 20
17 97
17 145
17 432
17 605
17 662
17 666
17 772
17 933
17 959
18 19
18 20
18 103
18 256
18 396
18 604
18 694
18 712
18 867
18 885
19 20
19 32
19 93
19 257
19 292
19 631
19 740
19 801
20 67
20 100
20 231
20 265
20 348
20 351
20 466
20 642
20 692
20 752
20 889
21 22
21 23
21 24
21 25
21 26
21 27
21 28
21 29
21 48
21 226
21 425
21 496
21 535
21 548
21 619
21 769
21 855
21 926
21 985
22 23
22 25
22 27
22 28
22 29
22 30
22 159
22 330
22 579
23 24
23 25
23 26
23 27
23 30
23 217
23 251
23 368
23 378
23 451
23 723
23 821
23 875
23 964
23 987
24 25
24 26
24 27
24 28
24 29
24 30
24 103
24 135
24 155
24 470
24 568
24 773
25 27
25 28
25 29
25 30
25 37
25 260
25 374
25 489
25 574
25 749
25 773
25 865
26 27
26 28
26 29
26 30
26 342
26 441
26 579
26 612
26 819
27 28
27 29
27 183
27 405
27 467
27 587
27 589
27 651
27 706
27 797
27 852
27 857
28 460
28 480
28 523
28 642
28 690
28 692
28 707
28 768
28 816
28 821
28 904
29 30
29 191
29 257
29 313
29 327
29 340
29 360
29 572
29 600
29 672
29 725
29 742
29 873
29 882
29 934
30 38
30 46
30 81
30 87
30 124
30 206
30 471
30 568
30 626
30 638
31 32
31 33
31 34
31 35
31 36
31 37
31 38
31 39
31 40
31 45
31 113
31 312
31 355
31 414
31 438
31 494
31 758
31 889
31 915
32 33
32 34
32 35
32 36
32 37
32 40
32 201
32 264
32 340
32 350
32 503
32 539
32 668
33 34
33 35
33 37
33 38
33 40
33 52
33 82
33 264
33 281
33 637
33 648
33 709
33 803
34 35
34 36
34 37
34 38
34 39
34 40
34 279
34 488
34 517
34 627
34 668
34 685
34 940
35 36
35 37
35 39
35 59
35 321
35 352
35 384
35 407
35 495
35 721
35 778
35 783
36 37
36 38
36 199
36 244
36 253
36 393
36 459
36 651
36 721
36 868
37 39
37 170
37 517
37 841
37 931
38 39
38 40
38 43
38 124
38 207
38 356
38 446
38 451
38 629
38 833
38 858
39 40
39 53
39 92
39 124
39 131
39 227
39 266
39 310
39 325
39 481
39 505
39 613
39 914
40 319
40 510
40 514
40 536
40 610
40 666
40 678
40 687
40 778
40 803
40 940
41 42
41 43
41 44
41 45
41 46
41 47
41 48
41 49
41 50
41 170
41 332
41 513
41 727
41 965
42 43
42 45
42 46
42 47
42 48
42 50
42 105
42 126
42 217
42 231
42 402
42 559
42 571
42 573
43 45
43 46
43 48
43 49
43 50
43 51
43 206
43 212
43 256
43 293
43 308
43 472
43 809
43 872
43 975
44 46
44 47
44 48
44 49
44 50
44 112
44 140
44 234
44 281
44 396
44 484
44 773
44 919
44 994
45 46
45 48
45 49
45 54
45 432
45 486
45 575
45 577
45 635
45 738
45 954
45 991
46 47
46 48
46 49
46 50
46 158
46 162
46 523
46 734
46 956
47 48
47 49
47 50
47 145
47 221
47 265
47 366
47 499
47 833
47 904
47 987
48 49
48 83
48 140
48 216
48 222
48 287
48 340
48 498
48 624
48 721
48 800
48 848
48 859
48 948
48 957
49 50
49 146
49 317
49 555
49 680
49 792
49 838
49 914
49 969
50 265
50 270
50 276
50 305
50 326
50 431
50 524
50 525
50 576
50 792
50 829
50 904
50 952
51 54
51 56
51 57
51 58
51 59
51 60
51 74
51 212
51 460
51 542
51 555
51 610
51 640
51 766
51 856
52 53
52 54
52 55
52 56
52 57
52 58
52 59
52 60
52 120
52 129
52 163
52 238
52 301
52 316
52 430
52 539
52 731
52 764
52 788
52 862
52 872
53 54
53 55
53 56
53 57
53 58
53 59
53 60
53 138
53 153
53 155
53 487
53 554
53 646
53 810
53 825
53 851
54 56
54 57
54 59
54 60
54 66
54 86
54 531
54 620
54 661
54 700
54 726
54 942
55 56
55 57
55 58
55 59
55 60
55 90
55 173
55 277
55 436
55 457
55 563
55 635
56 58
56 59
56 60
56 105
56 218
56 270
56 381
56 454
56 570
56 628
56 685
56 836
56 887
56 929
56 957
56 961
57 58
57 59
57 60
57 108
57 204
57 394
57 480
57 489
57 572
57 632
58 60
58 197
58 231
58 253
58 353
58 656
58 956
58 964
58 974
58 978
59 60
59 124
59 313
59 453
59 458
59 505
59 578
59 905
60 63
60 140
60 158
60 235
60 238
60 311
60 336
60 421
60 463
60 726
60 754
60 863
60 947
60 972
61 62
61 63
61 64
61 65
61 66
61 67
61 68
61 69
61 70
61 262
61 356
61 391
61 420
61 428
61 531
61 548
61 732
61 948
61 987
62 63
62 64
62 65
62 66
62 67
62 69
62 70
62 360
62 394
62 674
62 680
62 698
62 797
62 968
63 64
63 65
63 66
63 67
63 68
63 69
63 70
63 181
63 295
63 462
63 551
63 778
63 846
64 66
64 67
64 69
64 70
64 299
64 324
64 392
64 493
64 594
64 600
64 869
65 66
65 69
65 70
65 108
65 170
65 260
65 282
65 313
65 539
65 624
65 676
65 813
65 835
66 67
66 68
66 69
66 70
66 75
66 118
66 161
66 165
66 290
66 396
66 439
66 474
66 484
66 522
66 562
66 594
66 727
66 752
66 863
66 879
67 68
67 69
67 97
67 156
67 290
67 310
67 429
67 563
67 570
67 720
67 843
68 69
68 70
68 143
68 147
68 229
68 271
68 620
68 677
68 768
68 780
68 791
68 886
68 923
68 952
69 573
69 658
69 662
69 745
69 746
69 795
69 989
70 134
70 157
70 277
70 304
70 413
70 558
70 564
70 658
70 708
70 733
70 824
70 892
70 915
71 72
71 73
71 74
71 75
71 78
71 80
71 155
71 171
71 343
71 565
71 571
71 604
71 776
71 863
72 74
72 75
72 76
72 77
72 80
72 116
72 348
72 513
72 597
72 687
72 711
73 74
73 75
73 76
73 77
73 79
73 80
73 115
73 149
73 208
73 209
73 306
73 327
73 388
73 730
73 763
73 778
74 75
74 76
74 77
74 114
74 194
74 310
74 493
74 533
74 561
74 711
74 792
74 922
74 977
75 76
75 77
75 78
75 79
75 80
75 216
75 229
75 256
75 346
75 387
75 436
75 460
75 482
75 972
76 78
76 79
76 80
76 115
76 477
76 610
76 943
77 78
77 79
77 80
77 190
77 394
77 505
77 769
77 860
77 862
77 879
77 886
78 79
78 218
78 233
78 275
78 303
78 370
78 448
78 835
78 871
78 929
79 80
79 487
79 648
79 873
80 87
80 135
80 335
80 428
80 592
80 935
80 999
81 82
81 83
81 85
81 86
81 87
81 88
81 89
81 90
81 116
81 135
81 144
81 236
81 360
81 411
81 563
81 693
81 724
81 788
81 805
81 853
82 83
82 84
82 85
82 86
82 87
82 88
82 89
82 90
82 91
82 93
82 116
82 186
82 344
82 457
82 511
82 561
82 606
82 765
82 768
82 937
83 85
83 87
83 88
83 89
83 90
83 248
83 378
83 473
83 582
83 641
83 919
84 85
84 86
84 87
84 88
84 89
84 224
84 386
84 668
84 870
84 880
84 919
85 87
85 88
85 89
85 90
85 181
85 248
85 319
85 320
85 386
85 478
85 495
85 603
86 87
86 88
86 90
86 92
86 172
86 181
86 345
86 372
86 424
86 455
86 546
86 639
86 657
86 730
86 899
87 90
87 131
87 324
87 336
87 426
87 450
87 474
87 671
87 706
87 765
87 788
87 875
87 897
87 920
87 989
88 90
88 137
88 142
88 192
88 215
88 334
88 417
88 498
88 564
88 683
88 771
88 821
89 90
89 512
89 569
89 576
89 767
89 862
89 893
90 162
90 210
90 298
90 410
90 539
90 556
90 879
90 899
91 92
91 93
91 94
91 95
91 96
91 98
91 99
91 100
91 143
91 185
91 360
91 376
91 455
91 610
91 633
91 705
91 712
91 862
91 911
92 93
92 94
92 98
92 99
92 100
92 161
92 219
92 668
92 674
92 685
92 691
92 703
92 740
92 771
92 823
92 840
92 841
92 990
93 94
93 96
93 97
93 98
93 99
93 100
93 109
93 256
93 321
93 543
93 680
93 714
93 810
93 820
93 824
93 880
93 946
93 967
94 95
94 97
94 99
94 100
94 228
94 240
94 303
94 437
94 725
94 768
94 788
94 867
95 96
95 97
95 98
95 99
95 100
95 116
95 127
95 200
95 385
95 403
95 417
95 561
95 735
95 742
95 778
95 788
95 898
95 917
95 926
95 929
95 942
96 98
96 99
96 100
96 123
96 227
96 248
96 259
96 458
96 570
96 974
97 98
97 100
97 478
97 497
97 528
97 599
97 667
97 750
97 964
98 99
98 100
98 115
98 161
98 198
98 351
98 366
98 517
98 860
98 945
98 956
98 995
98 996
99 100
99 241
99 277
99 327
99 342
99 526
99 550
99 555
99 708
99 710
99 712
99 803
99 826
99 870
100 153
100 340
100 360
100 393
100 394
100 495
100 679
100 727
100 749
100 750
100 769
100 776
100 957
100 991
100 997
101 103
101 104
101 105
101 107
101 108
101 109
101 204
101 385
101 445
101 815
101 865
101 881
101 974
102 103
102 104
102 105
102 106
102 107
102 108
102 109
102 110
102 475
102 502
102 514
102 602
102 728
102 839
102 927
103 104
103 105
103 106
103 108
103 109
103 110
103 169
103 227
103 249
103 273
103 305
103 366
103 375
103 495
103 533
104 105
104 106
104 108
104 109
104 110
104 202
104 450
104 561
104 689
104 845
104 977
104 992
105 106
105 107
105 108
105 109
105 110
105 132
105 186
105 235
105 256
105 461
105 621
105 781
105 950
106 107
106 108
106 109
106 110
106 137
106 194
106 231
106 624
106 652
106 894
107 108
107 109
107 313
107 438
107 444
107 448
107 639
107 717
107 738
107 807
107 963
108 109
108 110
108 235
108 311
108 555
108 737
108 829
108 854
108 991
109 110
109 552
109 668
109 702
109 852
109 885
109 996
110 155
110 163
110 209
110 231
110 273
110 452
110 565
110 591
110 700
110 753
110 815
110 821
110 952
111 113
111 115
111 116
111 117
111 119
111 120
111 129
111 147
111 255
111 525
111 686
111 719
111 793
111 799
111 843
112 113
112 114
112 117
112 118
112 119
112 281
112 350
112 432
112 467
112 475
112 634
112 751
112 818
112 943
113 114
113 116
113 119
113 120
113 131
113 279
113 449
113 568
113 674
113 806
113 955
113 976
114 115
114 117
114 118
114 154
114 272
114 288
114 294
114 341
114 344
114 483
114 539
114 832
114 957
115 116
115 117
115 118
115 119
115 176
115 198
115 361
115 396
115 532
115 902
115 922
115 926
115 992
116 117
116 118
116 119
116 173
116 217
116 329
116 734
116 759
116 771
116 810
116 827
116 952
116 985
117 118
117 119
117 213
117 289
117 310
117 352
117 482
117 889
118 119
118 188
118 329
118 627
118 797
118 925
118 931
118 944
119 120
119 180
119 410
119 415
119 479
119 497
119 520
119 527
119 568
119 634
119 727
120 220
120 294
120 363
120 481
120 568
120 619
120 810
120 975
120 982
121 122
121 123
121 124
121 125
121 126
121 127
121 128
121 129
121 130
121 170
121 233
121 333
121 339
121 367
121 394
121 468
121 517
121 588
121 632
121 775
121 876
121 983
122 124
122 125
122 126
122 127
122 128
122 129
122 130
122 233
122 379
122 598
122 650
122 708
122 750
122 769
122 800
122 816
123 124
123 125
123 126
123 127
123 129
123 279
123 353
123 612
123 833
123 904
123 920
124 125
124 126
124 127
124 128
124 129
124 130
124 178
124 226
124 272
124 292
124 325
124 346
124 417
124 520
124 683
125 126
125 127
125 128
125 129
125 265
125 377
125 428
125 526
125 597
125 644
125 724
125 746
125 898
126 127
126 128
126 129
126 130
126 135
126 247
126 404
126 528
126 657
126 678
126 680
126 696
126 852
126 893
127 128
127 129
127 130
127 199
127 351
127 400
127 416
127 519
127 602
127 613
127 660
127 730
127 796
127 985
128 129
128 154
128 203
128 352
128 427
128 507
128 527
128 585
129 130
129 246
129 249
129 262
129 551
129 711
129 788
129 817
129 997
130 206
130 394
130 581
130 851
130 976
131 133
131 134
131 135
131 136
131 137
131 138
131 139
131 140
131 146
131 340
131 521
131 765
131 795
131 882
131 890
131 948
132 133
132 135
132 136
132 137
132 138
132 139
132 140
132 424
132 470
132 603
132 619
132 709
132 847
133 134
133 136
133 137
133 140
133 340
133 348
133 502
133 558
133 682
133 988
134 135
134 136
134 138
134 139
134 140
134 257
134 429
134 609
134 910
134 938
134 971
135 136
135 137
135 138
135 140
135 141
135 214
135 250
135 329
135 493
135 500
135 612
135 620
135 642
135 709
135 803
135 824
135 988
136 138
136 139
136 140
136 260
136 428
136 702
136 742
136 778
136 844
136 857
136 999
137 138
137 139
137 140
137 189
137 278
137 568
137 703
137 815
137 842
137 957
138 139
138 140
138 548
138 606
138 704
138 793
139 140
139 164
139 219
139 257
139 281
139 295
139 372
139 376
139 408
139 413
139 457
139 489
139 525
139 659
139 660
139 826
140 247
140 288
140 416
140 556
140 566
140 710
140 854
141 143
141 144
141 146
141 147
141 149
141 150
141 186
141 301
141 384
141 903
142 144
142 145
142 146
142 147
142 149
142 150
142 205
142 383
142 440
142 850
142 898
142 905
143 145
143 146
143 147
143 148
143 149
143 150
143 202
143 215
143 327
143 332
143 764
143 887
143 945
143 966
144 146
144 147
144 148
144 149
144 150
144 332
144 356
144 370
144 409
144 617
144 691
144 712
144 774
144 869
144 915
145 146
145 147
145 148
145 149
145 154
145 336
145 431
145 532
145 604
145 706
145 787
145 794
145 812
145 819
146 147
146 148
146 149
146 150
146 295
146 307
146 331
146 357
146 776
146 788
146 791
146 955
147 148
147 149
147 150
147 231
147 327
147 375
147 446
147 658
147 784
147 786
147 861
147 917
147 919
147 965
148 149
148 150
148 474
148 581
148 730
148 758
149 246
149 283
149 732
150 267
150 497
150 609
150 699
150 808
150 813
150 952
150 964
151 152
151 153
151 155
151 157
151 158
151 159
151 160
151 253
151 326
151 686
151 767
151 846
151 891
151 924
151 993
152 153
152 154
152 155
152 156
152 157
152 158
152 159
152 234
152 281
152 303
152 322
152 339
152 408
152 532
152 577
152 612
152 742
152 745
152 875
152 989
153 156
153 157
153 159
153 160
153 241
153 271
153 395
153 496
153 503
153 523
153 849
153 911
154 155
154 156
154 157
154 158
154 160
154 319
154 403
154 543
154 578
154 636
154 747
154 766
154 863
154 868
154 999
155 156
155 157
155 158
155 159
155 160
155 194
155 199
155 303
155 399
155 528
155 700
155 820
155 827
155 829
155 999
156 157
156 158
156 159
156 160
156 168
156 198
156 243
156 336
156 387
156 415
156 446
156 483
156 524
156 586
156 639
156 798
157 158
157 160
157 259
157 303
157 523
157 556
157 711
157 753
157 906
157 992
158 159
158 160
158 184
158 237
158 243
158 258
158 271
158 273
158 291
158 417
158 547
158 565
158 600
158 604
158 690
158 727
158 762
158 802
158 831
159 239
159 261
159 274
159 281
159 532
159 537
159 569
159 788
160 170
160 380
160 385
160 399
160 417
160 525
160 579
160 636
160 723
160 867
160 879
160 894
160 915
161 162
161 163
161 164
161 165
161 168
161 169
161 170
161 287
161 499
161 777
161 801
161 890
161 907
161 935
161 966
162 163
162 164
162 165
162 166
162 167
162 168
162 170
162 171
162 275
162 311
162 475
162 786
162 845
162 982
163 164
163 165
163 166
163 167
163 168
163 212
163 214
163 375
163 419
163 562
163 800
163 916
163 969
164 165
164 166
164 169
164 170
164 173
164 258
164 306
164 344
164 365
164 419
164 537
164 648
164 798
164 806
164 867
164 984
165 167
165 168
165 169
165 170
165 221
165 507
165 523
165 637
165 714
165 735
166 167
166 168
166 169
166 170
166 206
166 248
166 436
166 463
166 465
166 522
166 752
166 855
166 917
166 988
166 990
167 168
167 169
167 170
167 345
167 580
167 760
167 776
167 831
167 867
168 170
168 325
168 427
168 480
168 554
168 748
168 764
169 170
169 262
169 471
169 628
169 630
169 633
169 637
169 677
169 777
169 806
169 859
169 897
170 339
170 455
170 757
171 172
171 173
171 174
171 175
171 176
171 178
171 179
171 180
171 251
171 297
171 338
171 456
171 645
172 174
172 175
172 176
172 177
172 178
172 179
172 204
172 227
172 253
172 635
172 756
172 791
172 956
173 174
173 176
173 177
173 178
173 179
173 180
173 190
173 373
173 409
173 612
173 642
173 681
173 845
173 898
173 925
173 965
173 970
173 980
173 984
174 175
174 176
174 178
174 180
174 231
174 249
174 323
174 388
174 760
174 810
174 975
175 176
175 177
175 179
175 180
175 192
175 388
175 421
175 435
175 436
175 960
175 998
176 178
176 179
176 180
176 324
176 325
176 437
176 776
176 832
176 842
177 178
177 179
177 257
177 348
177 367
177 403
177 652
177 656
177 728
177 747
177 892
178 179
178 180
178 184
178 235
178 267
178 521
178 644
178 841
179 180
179 243
179 343
179 766
179 792
180 305
180 414
180 467
180 479
180 586
180 711
180 970
181 182
181 185
181 186
181 187
181 188
181 189
181 191
181 716
181 727
181 771
182 183
182 184
182 185
182 186
182 187
182 188
182 190
182 231
182 305
182 370
182 446
182 898
183 184
183 185
183 186
183 187
183 188
183 189
183 190
183 246
183 257
183 297
183 393
183 410
183 437
183 509
183 538
183 546
183 847
183 877
183 972
184 185
184 187
184 188
184 190
184 231
184 293
184 414
184 716
184 778
184 863
185 186
185 187
185 188
185 189
185 190
185 213
185 219
185 325
185 412
185 564
185 604
185 634
185 790
186 187
186 188
186 189
186 190
186 316
186 345
186 360
186 458
186 549
186 942
187 188
187 189
187 190
187 215
187 339
187 342
187 345
187 462
187 660
187 868
187 933
188 189
188 190
188 349
188 401
188 435
188 485
188 514
188 752
189 190
189 233
189 322
189 427
189 709
189 817
189 853
189 856
189 903
190 298
190 791
190 819
190 891
190 905
191 192
191 193
191 194
191 195
191 196
191 197
191 199
191 200
191 246
191 327
191 436
191 485
191 535
191 556
191 723
191 762
191 931
191 993
192 193
192 195
192 196
192 197
192 198
192 200
192 410
192 534
192 537
192 637
192 731
192 883
192 983
193 194
193 195
193 196
193 197
193 198
193 199
193 206
193 228
193 348
193 419
193 453
193 581
194 195
194 196
194 197
194 198
194 199
194 200
194 223
194 240
194 310
194 388
194 415
194 422
194 452
194 454
194 467
195 197
195 198
195 199
195 200
195 313
195 378
195 663
195 776
195 812
195 824
195 843
195 909
195 993
196 197
196 198
196 199
196 251
196 320
196 501
196 510
196 569
196 616
196 650
196 719
196 867
196 875
196 888
196 962
196 970
197 198
197 199
197 200
197 409
197 470
197 650
197 700
197 723
197 799
197 989
197 992
198 199
198 249
198 268
198 296
198 537
198 597
198 682
198 933
199 200
199 407
199 413
199 658
199 699
199 980
200 307
200 354
200 476
200 521
200 548
200 787
200 803
201 202
201 203
201 204
201 205
201 206
201 207
201 208
201 209
201 237
201 657
201 785
201 883
201 949
201 989
202 203
202 204
202 205
202 206
202 207
202 208
202 209
202 210
202 260
202 413
202 480
202 482
202 549
202 621
202 860
202 867
202 893
202 979
203 204
203 205
203 207
203 208
203 210
203 220
203 398
203 496
203 531
203 734
203 791
203 804
203 810
203 858
203 887
204 208
204 209
204 210
204 227
204 337
204 516
204 570
204 610
204 696
204 761
204 829
204 890
204 911
204 999
205 207
205 208
205 209
205 235
205 275
205 280
205 343
205 467
205 854
205 893
206 210
206 240
206 509
206 649
206 667
206 803
207 208
207 209
207 210
207 248
207 289
207 431
207 655
207 683
207 760
207 848
207 860
208 209
208 210
208 297
208 418
208 581
208 619
208 677
208 715
208 761
208 787
209 210
209 320
209 407
209 450
209 506
209 592
209 611
209 623
209 647
209 763
209 866
209 930
210 276
210 328
210 377
210 641
211 213
211 214
211 215
211 216
211 217
211 219
211 220
211 233
211 289
211 499
211 554
211 644
211 689
211 757
211 905
212 213
212 215
212 216
212 217
212 218
212 219
212 220
212 316
212 385
212 501
212 698
212 789
212 878
212 991
213 214
213 216
213 217
213 218
213 219
213 270
213 526
213 717
213 745
214 215
214 216
214 217
214 218
214 220
214 346
214 542
214 587
214 614
214 659
214 728
214 811
214 859
214 960
215 217
215 218
215 220
215 322
215 342
215 368
215 426
215 533
215 586
215 634
216 217
216 218
216 219
216 383
216 635
216 728
216 732
217 219
217 220
217 221
217 256
217 348
217 371
217 454
217 697
217 709
217 770
217 809
217 900
217 918
218 219
218 220
218 240
218 408
218 808
218 809
218 856
218 874
218 900
218 991
218 993
219 230
219 253
219 313
219 415
219 432
219 618
219 625
219 642
219 682
219 880
219 899
219 977
219 981
220 283
220 525
220 703
220 815
220 845
221 222
221 223
221 224
221 225
221 229
221 230
221 404
221 514
221 575
221 578
221 788
222 223
222 224
222 225
222 226
222 227
222 228
222 229
222 230
222 245
222 390
222 422
222 521
222 545
222 557
222 563
222 637
222 638
222 938
223 225
223 226
223 227
223 228
223 229
223 230
223 318
223 474
223 606
223 711
223 853
223 929
223 939
223 963
224 225
224 226
224 227
224 228
224 229
224 230
224 358
224 366
224 436
224 510
224 694
224 893
225 226
225 227
225 228
225 229
225 230
225 269
225 387
225 394
225 485
225 679
225 759
225 762
225 919
226 227
226 228
226 229
226 230
226 250
226 262
226 789
226 861
226 876
226 980
227 228
227 229
227 230
227 235
227 263
227 394
227 458
227 779
227 851
227 869
227 962
227 996
228 229
228 230
228 274
228 276
228 373
228 433
228 445
228 512
228 659
228 947
229 230
229 256
229 487
229 626
229 739
229 851
230 266
230 273
230 376
230 624
230 689
230 696
230 754
230 798
230 986
231 233
231 234
231 236
231 237
231 238
231 239
231 240
231 271
231 285
231 368
231 562
231 599
231 805
231 931
231 934
231 946
232 233
232 234
232 236
232 239
232 240
232 337
232 392
232 808
232 821
232 849
232 883
232 889
232 891
232 968
232 972
232 991
233 234
233 235
233 236
233 237
233 238
233 239
233 417
233 465
233 480
233 553
233 768
233 975
234 235
234 236
234 237
234 239
234 240
234 269
234 345
234 446
234 517
234 528
234 608
234 629
234 979
235 236
235 238
235 240
235 261
235 358
235 427
235 458
235 692
235 730
235 925
235 930
235 942
235 943
236 237
236 238
236 239
236 324
236 481
236 600
236 640
236 657
236 692
236 719
236 863
236 876
236 940
236 955
237 238
237 239
237 240
237 531
237 555
237 662
237 809
237 878
237 960
238 239
238 240
238 257
238 293
238 335
238 336
238 376
238 460
238 498
238 548
238 579
238 581
238 701
238 730
238 810
238 897
238 990
239 437
239 489
239 648
239 721
239 771
239 800
239 858
240 414
240 650
240 737
240 831
240 980
240 985
241 243
241 244
241 245
241 247
241 249
241 250
241 326
241 490
241 526
241 600
241 666
241 781
242 243
242 244
242 245
242 246
242 247
242 249
242 250
242 300
242 422
242 448
242 483
242 572
242 638
242 669
242 695
242 774
242 855
242 998
243 245
243 247
243 248
243 249
243 250
243 299
243 370
243 385
243 500
243 798
243 883
243 890
243 931
243 978
243 998
244 245
244 246
244 249
244 250
244 268
244 380
244 444
244 507
244 618
244 716
245 246
245 247
245 248
245 249
245 250
245 307
245 558
245 664
245 856
246 248
246 250
246 421
246 496
246 601
246 773
246 920
247 249
247 317
247 335
247 399
247 417
247 489
247 498
247 713
247 980
248 249
248 250
248 270
248 500
248 511
248 533
248 622
248 658
248 712
248 751
248 791
248 841
248 875
248 966
249 250
249 376
249 434
249 558
249 724
249 757
249 949
250 374
250 458
250 522
250 533
250 700
251 252
251 254
251 255
251 257
251 259
251 260
251 261
251 312
251 407
251 457
251 492
251 526
251 720
251 781
251 918
251 951
251 981
252 254
252 255
252 256
252 257
252 258
252 260
252 307
252 462
252 479
252 566
252 737
252 766
253 254
253 255
253 256
253 257
253 258
253 259
253 260
253 306
253 420
253 492
253 574
253 577
253 596
253 657
254 256
254 257
254 258
254 259
254 260
254 320
254 396
254 440
254 512
254 533
254 835
255 256
255 258
255 260
255 356
255 420
255 782
255 795
255 896
255 964
255 983
256 257
256 258
256 259
256 260
256 382
256 409
256 420
256 469
256 770
256 801
257 258
257 259
257 669
257 688
257 984
258 259
258 260
258 563
258 577
258 608
258 618
258 642
258 695
258 729
258 740
259 260
259 558
259 637
259 833
259 840
259 965
260 494
260 544
260 932
261 262
261 267
261 268
261 269
261 270
261 458
261 482
261 558
261 577
261 631
261 700
261 770
261 771
261 796
261 940
262 263
262 264
262 265
262 266
262 267
262 268
262 269
262 416
262 489
262 492
262 579
262 885
262 941
263 264
263 265
263 266
263 267
263 268
263 269
263 270
263 335
263 369
263 638
263 687
263 698
263 713
263 777
263 988
264 265
264 266
264 267
264 268
264 270
264 311
264 390
264 399
264 434
264 439
264 634
264 706
264 722
264 730
264 943
265 266
265 267
265 268
265 269
265 270
265 296
265 322
265 422
265 585
265 651
265 818
265 949
266 268
266 269
266 270
266 319
266 426
266 543
266 670
266 748
266 986
267 269
267 270
267 298
267 450
267 474
267 513
267 737
267 978
268 270
268 410
268 440
268 688
268 708
269 270
269 512
269 597
269 653
269 692
269 804
269 860
269 966
270 341
270 399
270 437
270 474
270 506
270 702
270 717
270 732
270 752
271 272
271 274
271 275
271 276
271 277
271 279
271 280
271 467
271 559
271 881
271 894
272 273
272 274
272 275
272 276
272 277
272 278
272 279
272 280
272 538
272 736
272 906
272 954
272 963
273 274
273 275
273 276
273 277
273 278
273 279
273 280
273 303
273 553
273 580
273 612
273 826
273 833
273 856
273 939
273 945
273 960
274 275
274 276
274 277
274 278
274 279
274 460
274 577
274 927
275 276
275 277
275 278
275 279
275 280
275 350
275 439
275 443
275 518
275 824
275 877
276 278
276 279
276 280
276 305
276 335
276 339
276 360
276 382
276 469
276 560
276 573
276 588
276 701
276 909
276 946
277 278
277 279
277 280
277 694
277 771
277 776
277 949
277 989
278 279
278 280
278 373
278 374
278 609
278 617
278 676
278 941
279 302
279 402
279 487
279 564
279 786
279 806
280 322
280 439
280 441
280 746
280 749
280 797
281 282
281 286
281 288
281 289
281 290
281 295
281 402
281 670
281 776
281 885
281 917
282 283
282 284
282 285
282 287
282 288
282 289
282 290
282 406
282 407
282 573
282 635
282 686
282 781
282 868
282 985
283 285
283 287
283 288
283 289
283 290
283 305
283 344
283 625
283 642
283 935
283 968
284 285
284 286
284 287
284 288
284 289
284 290
284 449
284 570
284 591
284 597
284 605
284 858
284 919
284 981
285 286
285 287
285 288
285 289
285 290
285 311
285 327
285 414
285 474
285 491
285 588
285 722
285 863
285 865
285 955
286 287
286 289
286 290
286 345
286 494
286 552
286 826
287 288
287 290
287 333
287 416
287 439
287 517
287 601
287 624
287 700
287 758
287 872
287 919
287 996
288 289
288 290
288 515
288 687
288 754
289 290
289 439
289 481
289 485
289 745
289 796
289 808
289 822
289 845
290 306
290 311
290 411
290 504
290 577
290 592
290 667
290 948
291 293
291 296
291 297
291 298
291 299
291 300
291 359
291 387
291 404
291 580
291 672
291 792
292 293
292 294
292 295
292 296
292 297
292 299
292 300
292 573
292 601
292 808
292 909
292 923
293 295
293 296
293 297
293 299
293 480
293 485
293 500
293 661
293 923
293 958
294 296
294 297
294 298
294 299
294 356
294 378
294 394
294 436
294 459
294 703
294 705
294 999
295 296
295 297
295 298
295 299
295 300
295 395
295 488
295 528
295 557
295 819
295 827
295 868
295 940
295 972
296 297
296 298
296 328
296 527
296 563
296 617
296 674
296 878
296 934
297 298
297 299
297 300
297 406
297 468
297 529
297 574
297 682
297 940
297 954
298 299
298 361
298 374
298 456
298 516
298 615
298 783
298 984
299 300
299 379
299 428
299 462
299 807
299 959
300 306
300 368
300 628
300 835
300 884
300 901
300 933
301 303
301 304
301 305
301 306
301 307
301 308
301 309
301 310
301 512
301 697
301 761
301 774
301 875
301 899
302 303
302 304
302 305
302 306
302 307
302 308
302 310
302 388
302 406
302 455
302 727
302 971
302 981
303 304
303 305
303 306
303 307
303 308
303 309
303 310
303 502
303 549
303 800
303 918
303 950
304 306
304 307
304 309
304 310
304 389
304 697
304 737
304 795
304 810
304 835
305 306
305 308
305 309
305 310
305 315
305 323
305 500
305 610
305 771
305 780
305 855
305 856
305 866
305 867
305 979
306 307
306 308
306 309
306 340
306 350
306 419
306 427
306 577
306 689
306 747
306 813
306 979
307 308
307 309
307 310
307 467
307 582
307 593
307 673
307 732
307 889
307 946
308 309
308 310
308 314
308 351
308 772
309 310
309 339
309 508
309 680
309 698
309 749
309 861
309 912
310 404
310 456
310 488
310 656
310 931
310 955
311 312
311 313
311 314
311 315
311 318
311 319
311 320
311 646
311 692
311 911
311 984
312 314
312 315
312 316
312 317
312 318
312 319
312 320
312 357
312 534
312 539
312 794
312 845
312 954
312 957
313 315
313 316
313 318
313 319
313 320
313 330
313 626
313 631
313 760
313 776
313 781
313 797
313 905
313 981
314 315
314 316
314 317
314 318
314 319
314 320
314 412
314 465
314 487
314 507
314 549
314 709
314 724
314 805
314 934
314 953
315 316
315 317
315 318
315 330
315 486
315 491
315 522
315 618
315 763
315 847
315 874
316 317
316 318
316 320
316 385
316 482
316 528
316 622
316 741
316 758
316 998
317 318
317 319
317 320
317 349
317 467
317 713
317 762
317 775
317 780
317 862
317 869
317 997
318 320
318 398
318 540
318 646
318 690
318 946
318 971
318 979
319 320
319 368
319 488
319 873
320 454
320 493
320 528
320 795
320 808
320 927
320 991
321 322
321 323
321 324
321 325
321 327
321 328
321 330
321 374
321 426
321 433
321 588
321 804
321 899
322 324
322 325
322 326
322 327
322 329
322 330
322 405
322 406
322 507
322 822
322 915
323 325
323 327
323 328
323 330
323 542
323 577
323 625
323 706
323 727
323 746
323 855
324 325
324 326
324 327
324 328
324 329
324 330
324 435
324 457
324 463
324 488
324 692
324 793
324 803
324 805
324 997
325 326
325 329
325 330
325 544
325 692
325 777
325 870
325 886
325 930
325 959
326 327
326 328
326 330
326 332
326 489
326 553
326 683
326 699
326 784
327 328
327 329
327 351
327 690
327 718
327 764
327 788
327 789
327 829
327 943
328 330
328 345
328 406
328 417
328 522
328 820
329 330
329 365
329 393
329 421
329 799
329 906
329 992
330 438
330 654
330 993
331 333
331 335
331 336
331 338
331 365
331 568
331 638
331 870
331 900
332 334
332 337
332 339
332 340
332 349
332 556
332 622
332 713
332 750
332 807
332 957
333 335
333 336
333 337
333 338
333 339
333 340
333 423
333 451
333 544
333 590
333 674
333 785
334 336
334 337
334 338
334 340
334 460
334 512
334 534
334 623
334 723
334 738
334 862
334 959
335 337
335 338
335 339
335 340
335 398
335 608
335 616
335 657
335 942
335 962
336 337
336 338
336 339
336 340
336 442
336 493
336 519
336 534
336 676
336 757
336 840
336 878
336 888
337 338
337 339
337 363
337 384
337 504
337 511
337 645
337 844
337 933
337 939
338 339
338 340
338 415
338 441
338 620
338 784
338 851
338 890
338 984
339 340
339 342
339 398
339 458
339 632
339 701
339 866
339 923
339 966
340 364
340 708
340 757
340 793
340 820
340 833
340 857
340 863
340 895
340 925
341 342
341 343
341 344
341 345
341 346
341 347
341 348
341 350
341 479
341 575
341 752
341 824
341 853
341 894
342 343
342 344
342 346
342 349
342 350
342 402
342 534
342 705
342 766
342 783
342 797
342 903
342 931
342 938
343 344
343 345
343 346
343 347
343 348
343 350
343 379
343 491
343 803
343 875
343 894
343 917
344 345
344 346
344 348
344 396
344 419
344 523
344 722
344 848
344 981
344 999
345 347
345 371
345 425
345 436
345 458
345 502
345 557
345 639
345 668
345 684
345 745
345 767
346 347
346 350
346 370
346 373
346 403
346 418
346 511
346 564
346 733
346 762
346 815
346 857
347 348
347 349
347 350
347 442
347 620
347 737
347 741
347 752
347 760
347 773
348 349
348 350
348 453
348 807
348 910
348 938
348 945
348 957
349 559
349 616
349 648
349 686
349 699
349 743
349 829
349 865
349 961
349 987
350 351
350 422
350 454
350 555
350 689
350 749
350 766
351 352
351 353
351 354
351 356
351 357
351 358
351 359
351 360
351 378
351 443
351 518
351 646
351 835
352 353
352 354
352 355
352 357
352 358
352 359
352 360
352 459
352 467
352 772
352 911
352 958
353 354
353 355
353 356
353 357
353 358
353 359
353 466
353 484
353 504
353 782
353 849
353 929
354 355
354 356
354 358
354 359
354 360
354 375
354 376
354 453
354 479
354 632
354 715
354 878
354 910
354 987
355 356
355 357
355 358
355 359
355 360
355 392
355 857
355 888
356 357
356 358
356 359
356 360
356 446
356 561
356 702
356 763
356 785
356 963
357 358
357 359
357 360
357 411
357 709
357 739
357 798
357 844
358 359
358 360
358 432
358 484
358 512
358 535
358 552
358 633
358 655
358 803
358 932
358 939
359 360
359 370
359 445
359 446
359 502
359 541
359 614
359 618
359 701
359 740
359 755
359 817
359 833
359 938
360 453
360 474
360 597
360 616
360 919
360 930
361 362
361 363
361 364
361 365
361 366
361 367
361 368
361 370
361 612
361 906
361 927
361 960
361 988
362 364
362 366
362 367
362 368
362 369
362 370
362 383
362 408
362 422
362 506
362 547
362 812
362 967
363 364
363 365
363 366
363 367
363 369
363 370
363 568
363 626
363 664
363 846
363 877
363 898
363 909
363 956
363 973
364 365
364 366
364 367
364 368
364 369
364 370
364 546
364 560
364 656
364 828
364 830
364 924
365 366
365 368
365 370
365 593
365 670
365 721
365 824
365 832
365 949
365 989
366 367
366 369
366 370
366 413
366 511
366 625
366 673
366 762
366 899
366 930
366 981
367 368
367 384
367 434
367 793
367 841
368 369
368 370
368 423
368 709
368 770
369 370
369 555
369 582
369 745
370 501
370 817
370 832
370 880
370 915
370 952
371 372
371 374
371 375
371 376
371 378
371 379
371 380
371 408
371 433
371 589
371 608
371 709
371 891
372 373
372 374
372 375
372 377
372 378
372 379
372 380
372 394
372 415
372 537
372 667
372 858
372 920
372 997
373 374
373 375
373 376
373 377
373 378
373 379
373 380
373 386
373 390
373 394
373 396
373 559
373 567
373 693
373 701
373 718
373 739
373 914
373 962
374 375
374 376
374 377
374 378
374 635
374 653
374 664
374 676
374 830
374 971
375 377
375 379
375 428
375 440
375 737
375 807
375 975
376 380
376 429
376 574
376 826
376 993
377 378
377 379
377 416
377 465
377 772
378 379
378 380
378 392
378 406
378 449
378 651
378 720
378 741
378 973
378 975
379 380
379 408
379 780
379 829
379 840
379 951
380 727
380 770
380 771
380 913
380 931
381 382
381 383
381 385
381 386
381 387
381 388
381 389
381 390
381 562
381 676
381 928
381 984
382 383
382 384
382 385
382 386
382 388
382 389
382 390
382 495
382 575
382 577
382 819
382 971
383 386
383 387
383 388
383 389
383 390
383 471
383 891
383 913
383 945
384 385
384 386
384 387
384 388
384 389
384 390
384 454
384 462
384 660
384 678
384 768
384 840
384 935
385 388
385 389
385 390
385 423
385 529
385 566
385 573
385 611
385 618
385 641
385 656
385 872
385 913
386 387
386 388
386 389
386 390
386 396
386 485
386 566
386 622
386 684
386 706
386 957
386 981
386 991
387 390
387 427
387 541
387 584
387 605
387 696
387 753
387 893
387 913
388 389
388 809
388 906
389 409
389 658
389 733
389 748
389 831
390 457
390 570
390 574
390 665
390 719
390 876
390 897
391 392
391 394
391 395
391 398
391 400
391 507
391 539
391 667
391 673
391 812
391 828
391 910
392 393
392 394
392 395
392 396
392 397
392 399
392 400
392 417
392 442
392 566
392 574
392 619
392 713
392 930
393 394
393 395
393 396
393 397
393 398
393 399
393 400
393 416
393 564
393 625
393 871
393 903
393 936
393 955
394 395
394 396
394 399
394 400
394 477
394 544
394 804
394 954
394 958
394 959
395 396
395 397
395 398
395 399
395 400
395 506
395 878
395 944
396 397
396 399
396 400
396 476
396 505
396 506
396 557
396 799
396 854
396 883
396 895
396 936
396 940
397 398
397 399
397 400
397 458
397 472
397 522
397 541
397 578
397 614
397 960
398 501
398 516
398 577
398 636
398 779
398 817
398 819
398 836
398 845
398 967
398 977
399 400
399 487
399 633
399 664
399 715
399 763
399 764
399 829
399 869
399 979
400 410
400 715
400 884
400 921
401 404
401 406
401 407
401 408
401 409
401 507
401 570
401 684
401 879
402 403
402 405
402 408
402 409
402 653
402 665
402 780
402 931
403 404
403 405
403 406
403 407
403 408
403 409
403 410
403 426
403 467
403 505
403 568
403 643
403 707
403 717
403 830
403 947
404 405
404 406
404 407
404 408
404 409
404 410
404 582
404 907
404 949
404 969
405 408
405 410
405 459
405 675
405 791
405 840
405 927
406 407
406 408
406 409
406 429
406 463
406 575
406 641
406 811
406 951
407 408
407 409
407 410
407 539
407 647
407 970
407 985
408 633
408 656
408 995
409 410
409 454
409 726
409 757
410 588
410 613
410 815
410 910
410 959
410 982
411 412
411 413
411 418
411 420
411 476
411 756
411 800
411 844
412 413
412 414
412 415
412 416
412 417
412 418
412 419
412 420
412 603
412 671
412 838
413 415
413 416
413 417
413 418
413 419
413 420
413 497
413 565
413 585
413 600
413 655
413 853
413 904
413 914
414 415
414 417
414 418
414 419
414 496
414 687
414 714
414 828
414 845
414 976
415 416
415 417
415 418
415 419
415 420
415 493
415 519
415 597
415 737
415 758
415 795
415 885
415 897
416 417
416 418
416 419
416 420
416 547
416 640
416 736
416 952
417 418
417 419
417 420
417 487
417 497
417 592
417 642
417 834
417 896
417 916
417 918
417 957
417 986
417 1000
418 419
418 420
418 733
418 843
418 882
418 885
418 942
418 953
419 420
419 495
419 546
419 589
419 604
419 626
419 677
419 819
419 934
420 422
420 694
420 729
420 773
420 839
420 855
421 423
421 424
421 425
421 426
421 427
421 429
421 430
421 445
421 507
421 525
421 606
421 617
421 720
421 743
421 798
422 423
422 424
422 425
422 426
422 427
422 428
422 429
422 430
422 510
422 760
422 946
422 948
423 424
423 425
423 427
423 428
423 429
423 430
423 471
423 549
423 597
423 679
423 745
423 821
423 939
423 985
424 426
424 427
424 428
424 429
424 430
424 491
424 585
424 704
424 787
424 871
425 426
425 427
425 428
425 429
425 430
425 682
425 779
425 799
425 830
426 427
426 428
426 429
426 430
426 483
426 792
426 845
426 892
427 428
427 429
427 430
427 497
427 663
427 720
427 759
427 866
428 429
428 430
428 433
428 445
428 713
428 722
428 724
428 726
428 749
429 430
429 451
429 475
429 548
429 552
429 560
429 693
429 697
429 841
429 927
429 981
430 497
430 659
430 968
431 432
431 433
431 434
431 435
431 436
431 437
431 439
431 440
431 495
431 573
431 760
431 922
432 433
432 434
432 435
432 436
432 437
432 439
432 440
432 540
432 570
432 754
432 848
433 434
433 436
433 437
433 439
433 440
433 669
433 705
433 777
433 840
433 877
433 914
434 436
434 437
434 438
434 439
434 440
434 513
434 832
435 437
435 438
435 439
435 440
435 547
435 581
435 602
435 763
435 775
435 901
436 437
436 438
436 439
436 440
436 461
436 671
436 757
436 842
436 905
436 911
437 438
437 439
437 440
437 488
437 541
437 642
437 665
437 697
437 882
437 1000
438 439
438 440
438 558
438 748
438 975
439 440
439 495
439 560
439 628
439 715
439 901
440 503
440 525
440 645
440 657
440 771
441 443
441 444
441 445
441 446
441 448
441 449
441 450
441 462
441 596
441 692
441 743
441 780
441 784
442 444
442 445
442 446
442 447
442 449
442 450
442 557
442 689
442 695
442 748
443 444
443 445
443 446
443 447
443 448
443 449
443 450
443 470
443 561
443 585
443 704
443 743
443 994
444 445
444 446
444 447
444 448
444 450
444 464
444 522
444 616
444 685
444 825
445 448
445 449
445 485
445 560
445 597
445 998
446 447
446 448
446 449
446 450
446 597
446 768
446 785
446 880
446 882
447 448
447 449
447 450
447 470
447 575
447 897
448 449
448 613
448 643
448 680
449 450
449 604
449 723
449 725
450 734
450 918
450 972
451 452
451 453
451 454
451 455
451 456
451 457
451 458
451 459
451 460
451 560
451 704
451 740
451 747
451 784
451 846
452 453
452 454
452 455
452 456
452 457
452 459
452 460
452 701
452 903
453 454
453 455
453 456
453 457
453 458
453 459
453 674
453 780
453 898
453 987
454 455
454 456
454 457
454 458
454 459
454 626
454 628
454 649
454 896
454 941
454 982
455 456
455 457
455 458
455 459
455 460
455 619
455 677
455 741
455 781
455 986
456 457
456 459
456 460
456 660
456 675
456 802
456 970
456 993
457 458
457 459
457 460
457 462
457 663
457 669
457 844
458 460
458 613
458 631
458 690
458 904
458 913
458 954
458 999
459 460
459 473
459 547
459 565
459 580
459 601
459 801
460 566
460 575
460 579
460 590
460 609
460 642
460 872
460 972
461 462
461 463
461 465
461 467
461 469
461 470
461 565
461 591
461 828
461 899
461 950
462 463
462 464
462 465
462 466
462 467
462 468
462 469
462 470
462 521
462 548
462 723
462 741
462 742
462 782
462 841
463 464
463 465
463 468
463 469
463 470
463 502
463 709
463 731
463 899
463 969
464 465
464 466
464 467
464 468
464 469
464 470
464 567
464 575
464 645
464 923
465 467
465 468
465 470
465 662
465 678
465 710
465 711
465 726
465 801
465 971
465 993
466 467
466 468
466 469
466 470
466 726
466 735
466 749
467 469
467 470
467 507
467 617
467 670
467 899
467 965
467 998
468 469
468 470
468 479
468 489
468 490
468 528
468 548
468 745
469 470
469 654
469 659
469 666
469 724
469 780
469 920
470 586
470 661
470 733
470 834
470 864
470 876
470 879
470 891
471 472
471 473
471 474
471 476
471 477
471 479
471 480
471 529
471 603
471 705
471 869
471 877
471 979
472 474
472 475
472 477
472 478
472 479
472 480
472 832
473 474
473 475
473 476
473 477
473 479
473 480
473 486
473 509
473 540
473 588
473 671
473 958
473 963
473 970
474 475
474 476
474 477
474 479
474 480
474 608
474 611
474 617
474 691
474 804
474 825
474 830
474 990
475 476
475 477
475 478
475 479
475 480
475 577
475 762
476 477
476 478
476 479
476 480
476 570
476 589
476 657
476 676
476 800
476 818
476 821
476 840
476 899
477 478
477 479
477 480
477 585
477 693
477 717
477 775
477 994
478 479
478 480
478 630
478 771
479 480
479 506
479 565
479 634
479 647
479 659
479 668
479 700
479 752
480 496
480 526
480 760
480 829
480 847
480 861
480 936
481 482
481 484
481 486
481 487
481 488
481 489
481 490
481 544
481 587
481 667
481 672
481 944
482 483
482 484
482 485
482 486
482 489
482 490
482 592
482 674
482 679
482 696
482 919
482 979
483 484
483 487
483 488
483 489
483 490
483 517
483 625
483 720
483 762
483 770
483 812
483 844
483 943
484 485
484 486
484 487
484 488
484 489
484 490
484 549
484 787
484 859
484 964
484 983
485 486
485 487
485 489
485 490
485 533
485 566
485 572
485 594
485 614
485 803
485 814
485 839
485 865
485 927
485 966
485 1000
486 487
486 488
486 489
486 684
486 737
486 842
486 870
486 959
487 488
487 490
487 498
487 732
487 740
487 814
487 880
487 881
487 912
487 977
487 984
488 489
488 490
488 619
488 733
488 829
488 908
488 914
488 931
489 553
489 573
489 760
489 822
489 949
490 557
490 688
490 736
490 986
491 492
491 493
491 494
491 495
491 496
491 498
491 499
491 500
491 565
491 586
491 660
491 677
491 764
491 987
492 493
492 494
492 495
492 497
492 498
492 499
492 500
492 585
492 653
492 662
492 825
493 495
493 496
493 497
493 498
493 500
493 513
493 554
493 583
493 596
493 975
494 495
494 496
494 498
494 516
494 553
494 731
494 764
494 770
494 843
494 870
494 987
494 988
494 994
495 496
495 497
495 498
495 499
495 638
495 639
495 800
496 497
496 498
496 499
496 500
496 795
496 870
496 905
496 969
497 498
497 500
497 764
497 829
498 499
498 500
498 594
498 605
498 747
498 880
498 971
499 500
499 564
499 995
500 506
500 552
500 733
500 745
500 761
500 816
500 875
501 502
501 503
501 506
501 507
501 508
501 509
501 510
501 517
501 704
501 745
501 757
501 816
501 970
501 973
501 979
502 503
502 504
502 505
502 507
502 508
502 509
502 510
502 518
502 621
502 641
502 756
502 895
503 505
503 506
503 508
503 509
503 514
503 608
503 609
503 627
503 673
503 740
503 826
503 899
504 505
504 506
504 507
504 508
504 510
504 588
504 663
504 664
504 680
504 735
504 798
504 915
505 506
505 508
505 509
505 510
505 809
505 873
506 508
506 509
506 510
506 615
506 769
507 508
507 509
507 617
507 765
507 915
508 510
508 601
508 910
508 952
508 975
509 510
509 592
509 647
509 770
509 938
509 950
510 540
510 614
510 839
510 976
510 982
511 512
511 513
511 514
511 516
511 520
511 532
511 646
511 687
511 943
512 513
512 514
512 515
512 516
512 518
512 519
512 520
512 636
512 652
512 766
512 773
512 884
512 961
513 514
513 515
513 516
513 517
513 518
513 519
513 641
513 819
513 870
513 899
513 947
513 955
514 515
514 516
514 518
514 519
514 520
514 591
514 610
514 629
514 647
514 801
514 900
515 518
515 519
515 520
515 626
515 701
515 751
515 820
515 965
516 517
516 518
516 519
516 520
516 533
516 687
516 898
516 959
517 518
517 519
517 627
517 750
517 797
517 952
518 519
518 520
518 525
518 542
518 543
518 609
518 667
518 901
519 528
519 626
519 642
519 650
519 853
519 934
519 976
520 763
520 769
520 878
521 522
521 523
521 524
521 526
521 527
521 528
521 529
521 730
521 914
522 523
522 524
522 527
522 529
522 530
522 604
522 651
522 827
522 836
523 524
523 525
523 527
523 528
523 529
523 530
523 604
523 712
523 809
523 885
523 910
523 967
524 526
524 527
524 529
524 530
524 562
524 694
524 736
524 847
524 866
524 877
524 990
524 999
525 528
525 530
525 586
525 759
525 815
525 884
525 911
525 941
526 527
526 528
526 529
526 530
526 548
526 622
526 649
526 718
526 727
526 821
527 529
527 530
527 559
527 741
527 764
527 787
527 815
527 825
527 853
527 961
528 529
528 530
528 581
528 586
528 753
528 950
529 530
529 610
529 797
530 572
530 603
530 750
530 854
530 886
530 901
530 907
530 953
530 961
531 532
531 534
531 536
531 537
531 539
531 540
531 692
531 826
531 943
531 966
531 978
532 533
532 534
532 535
532 536
532 537
532 538
532 539
532 540
532 611
532 732
532 776
532 866
533 534
533 535
533 536
533 537
533 539
533 582
533 623
533 915
534 537
534 538
534 539
534 540
534 567
534 725
534 916
535 536
535 537
535 538
535 539
535 540
535 577
535 659
535 726
535 873
535 950
535 977
536 537
536 538
536 539
536 540
536 906
536 946
537 538
537 539
537 540
537 559
537 570
537 589
537 663
537 763
537 798
537 823
538 540
538 574
538 591
538 690
538 734
538 822
539 540
539 557
539 685
539 845
539 859
539 924
539 980
539 990
540 555
540 733
540 868
541 542
541 544
541 545
541 546
541 547
541 548
541 549
541 550
541 824
542 544
542 545
542 546
542 549
542 550
542 568
542 615
542 650
542 667
542 715
542 912
542 954
543 544
543 545
543 546
543 548
543 549
543 550
543 590
543 606
543 703
543 739
543 744
543 854
543 890
543 903
543 970
543 989
544 546
544 548
544 549
544 550
544 558
545 546
545 548
545 549
545 550
545 592
545 877
545 887
545 904
546 547
546 548
546 550
546 655
546 829
546 969
547 548
547 549
547 550
547 629
547 639
547 728
547 803
547 868
548 549
548 550
548 590
548 660
548 832
548 932
548 940
549 550
549 561
549 637
549 800
549 846
550 632
550 645
550 672
550 882
550 983
551 552
551 553
551 554
551 555
551 557
551 559
551 560
551 597
551 719
551 781
551 784
551 853
551 869
552 554
552 555
552 556
552 558
552 559
552 560
552 623
552 843
552 860
552 874
553 554
553 555
553 557
553 559
553 633
553 779
553 837
553 871
553 911
554 555
554 556
554 558
554 559
554 560
554 567
554 590
554 596
554 725
554 729
554 904
555 556
555 557
555 558
555 559
555 560
555 596
555 770
555 926
556 557
556 558
556 559
556 560
556 728
556 749
556 910
556 943
557 558
557 928
558 560
558 708
558 775
558 841
559 560
559 711
559 962
560 567
560 623
560 657
560 778
560 832
560 860
561 563
561 564
561 565
561 567
561 568
561 569
561 570
561 832
561 841
561 850
561 912
561 957
561 972
562 563
562 564
562 565
562 566
562 567
562 569
562 570
562 821
563 564
563 565
563 566
563 567
563 568
563 569
563 570
563 611
563 651
563 991
564 565
564 566
564 567
564 568
564 569
564 621
564 678
564 906
564 944
565 566
565 567
565 568
565 569
565 570
565 637
565 721
565 730
565 732
565 756
565 758
565 843
565 900
566 567
566 568
566 646
566 664
566 754
566 950
567 568
567 569
567 570
567 586
567 678
567 817
567 941
568 569
568 763
568 796
568 906
568 915
569 570
569 744
569 838
570 584
570 746
570 750
570 798
570 970
571 572
571 573
571 574
571 575
571 576
571 577
571 578
571 579
571 609
571 613
571 621
571 720
571 760
571 833
571 981
572 573
572 574
572 575
572 577
572 579
572 580
572 619
572 686
572 713
572 715
572 741
573 574
573 575
573 576
573 577
573 579
573 591
573 630
573 737
573 749
573 772
574 575
574 577
574 578
574 579
574 580
574 923
575 576
575 577
575 578
575 579
575 580
575 660
575 671
575 743
575 843
576 577
576 578
576 579
576 580
576 606
576 659
576 913
576 932
577 578
577 579
577 580
577 676
577 735
577 894
578 579
578 580
578 608
578 660
578 785
578 834
578 931
578 990
579 580
579 755
579 866
580 615
580 643
580 693
580 747
580 757
580 767
580 941
581 582
581 583
581 584
581 586
581 587
581 588
581 589
581 730
581 737
581 769
581 851
581 888
581 904
582 583
582 584
582 585
582 586
582 587
582 588
582 589
582 590
582 621
582 727
582 782
583 584
583 585
583 586
583 587
583 588
583 589
583 590
583 660
583 674
583 911
584 586
584 587
584 589
584 590
584 606
584 857
584 899
584 933
585 586
585 587
585 588
585 589
585 590
585 822
585 837
585 859
585 954
585 987
586 587
586 588
586 590
586 746
586 789
586 869
586 912
586 916
587 588
587 590
587 604
587 671
587 745
587 836
588 590
588 604
588 610
588 612
588 869
588 880
589 590
589 758
589 853
589 957
590 668
590 686
590 810
590 818
590 837
590 990
591 592
591 593
591 594
591 595
591 596
591 597
591 599
591 600
591 840
591 875
591 952
591 962
592 593
592 594
592 596
592 597
592 598
592 599
592 600
592 625
592 721
592 732
592 775
592 949
593 595
593 596
593 597
593 599
593 738
593 783
593 999
594 595
594 596
594 597
594 598
594 599
594 686
594 864
594 992
595 596
595 597
595 599
595 600
595 612
595 683
595 776
595 849
596 597
596 598
596 599
596 620
596 654
596 720
596 949
597 598
597 600
597 637
597 659
597 673
597 758
597 762
597 867
598 599
598 600
598 754
598 832
599 753
599 804
599 896
599 939
599 947
599 998
600 710
600 712
601 602
601 603
601 604
601 605
601 606
601 607
601 608
601 609
601 610
601 657
601 683
601 763
601 779
601 823
601 945
602 603
602 605
602 606
602 607
602 610
602 697
602 740
602 742
602 778
602 914
602 919
602 922
603 604
603 605
603 606
603 607
603 608
603 609
603 610
603 670
603 736
603 869
603 954
604 605
604 606
604 607
604 608
604 609
604 610
604 849
605 606
605 607
605 608
605 609
605 610
605 696
605 779
605 831
605 859
606 607
606 609
606 610
606 813
606 826
606 870
606 910
607 608
607 610
608 609
608 628
608 859
608 905
609 610
609 683
609 727
609 760
609 779
609 875
610 823
610 851
610 861
610 889
611 613
611 618
611 619
611 620
611 679
611 781
611 974
612 613
612 614
612 615
612 616
612 617
612 618
612 619
612 813
612 823
612 906
612 994
613 614
613 615
613 616
613 618
613 619
613 620
613 681
613 861
614 615
614 617
614 618
614 619
614 658
614 687
614 811
615 616
615 618
615 619
615 717
615 749
615 781
615 914
615 949
616 617
616 618
616 619
616 620
616 644
616 698
616 736
616 776
616 792
617 618
617 619
617 620
617 713
617 947
617 956
617 979
618 619
618 657
618 691
618 769
618 842
618 944
618 959
619 620
619 826
619 838
619 868
619 873
620 710
620 911
620 937
620 969
621 622
621 624
621 626
621 627
621 629
621 630
621 788
621 951
622 623
622 624
622 625
622 626
622 627
622 628
622 629
622 630
622 774
622 828
622 870
622 893
623 627
623 628
623 629
623 630
623 689
623 796
623 954
623 994
624 625
624 626
624 627
624 628
624 629
624 630
624 722
624 772
624 777
624 924
624 994
625 627
625 628
625 629
625 630
625 707
625 785
626 627
626 628
626 629
626 630
626 676
626 789
626 819
626 832
626 918
627 628
627 629
627 630
627 752
627 922
628 630
628 788
628 959
629 630
629 756
629 758
629 789
630 689
630 912
631 632
631 633
631 634
631 635
631 636
631 637
631 638
631 639
631 640
631 842
631 886
631 927
632 633
632 634
632 635
632 636
632 637
632 638
632 639
632 640
632 762
632 778
632 916
632 998
633 635
633 636
633 637
633 638
633 639
633 640
633 791
633 844
633 865
634 635
634 638
634 639
634 640
634 663
634 934
635 636
635 637
635 638
635 639
635 640
635 787
636 637
636 638
636 639
636 640
636 642
636 736
636 993
636 997
637 638
637 640
637 683
637 741
637 794
638 639
638 640
638 679
638 716
638 718
638 837
638 956
638 991
639 667
639 716
639 724
639 880
640 702
640 988
641 642
641 643
641 645
641 646
641 647
641 650
641 868
641 995
642 643
642 645
642 647
642 648
642 649
642 733
642 789
642 808
642 816
643 645
643 647
643 648
643 649
643 650
643 656
643 735
643 776
644 645
644 646
644 647
644 648
644 649
644 650
644 751
644 854
645 647
645 649
645 650
645 662
645 704
645 761
645 908
646 647
646 648
646 649
646 650
646 725
646 822
646 844
647 648
647 649
647 650
647 810
647 950
647 983
647 990
648 650
648 719
648 722
648 983
649 660
649 732
649 808
649 884
649 912
649 923
649 964
649 970
649 983
650 747
650 790
650 976
651 652
651 655
651 656
651 657
651 658
651 659
651 660
651 764
652 653
652 654
652 656
652 657
652 658
652 659
652 660
652 700
652 752
652 777
653 655
653 656
653 657
653 658
653 659
653 660
653 681
653 683
653 791
653 881
653 927
653 969
654 655
654 656
654 657
654 658
654 659
654 660
654 691
654 911
655 656
655 657
655 658
655 659
655 660
655 771
655 868
656 657
656 658
656 659
656 660
656 790
656 799
656 807
657 658
657 660
657 726
657 764
657 911
657 973
658 659
658 660
658 820
658 843
658 915
658 993
659 703
659 742
659 774
659 800
659 984
659 997
660 708
660 786
660 841
660 900
660 927
660 954
661 663
661 664
661 665
661 666
661 668
661 670
661 691
661 743
661 815
661 981
662 663
662 665
662 666
662 668
662 683
662 799
662 835
662 858
663 664
663 665
663 667
663 668
663 669
663 911
663 978
664 665
664 666
664 667
664 668
664 669
664 670
664 792
664 942
664 950
665 666
665 667
665 668
665 669
665 670
665 679
665 699
665 717
665 737
665 744
665 777
665 845
665 864
665 910
666 669
666 670
666 760
666 949
667 668
667 669
667 670
667 756
667 818
668 669
668 670
668 685
668 903
668 948
668 956
668 961
669 670
669 829
669 959
669 998
670 800
670 804
670 879
670 910
671 672
671 673
671 674
671 675
671 676
671 677
671 678
671 679
671 680
671 733
672 675
672 676
672 677
672 678
672 679
672 753
672 793
672 865
672 983
673 674
673 675
673 676
673 678
673 679
673 680
673 870
673 877
673 980
673 981
674 676
674 678
674 680
675 676
675 677
675 678
675 679
675 974
676 677
676 679
676 680
676 813
676 834
677 678
677 679
677 680
677 681
677 686
677 837
678 679
678 680
678 766
678 770
679 680
679 715
679 718
679 788
679 847
679 896
679 928
679 937
679 958
679 966
681 683
681 684
681 685
681 686
681 687
681 688
681 689
681 690
681 786
681 987
682 684
682 685
682 686
682 687
682 688
682 689
682 690
682 897
682 924
683 684
683 685
683 686
683 687
683 688
683 689
683 690
683 881
683 931
683 963
683 989
684 685
684 686
684 687
684 688
684 689
684 814
684 828
685 686
685 688
685 689
685 690
685 862
685 982
686 687
686 688
686 689
686 690
686 729
687 688
687 702
687 744
687 864
687 945
687 964
688 690
688 794
688 912
688 995
689 690
689 741
689 964
690 773
690 788
690 876
691 692
691 693
691 694
691 696
691 697
691 698
691 700
691 768
691 788
691 873
691 876
692 693
692 694
692 695
692 696
692 700
692 756
692 887
692 956
693 694
693 695
693 696
693 697
693 698
693 699
693 700
693 783
693 796
693 969
694 695
694 696
694 697
694 698
694 699
694 700
694 755
694 841
694 982
695 696
695 697
695 698
695 699
695 700
695 704
695 728
695 736
695 879
695 976
696 698
696 699
696 700
696 824
697 698
697 699
697 700
697 892
697 941
698 699
698 700
698 725
698 805
698 850
699 700
699 761
699 819
699 885
699 956
700 770
700 894
701 702
701 703
701 704
701 705
701 706
701 707
701 709
701 710
701 785
701 803
701 846
701 922
702 703
702 704
702 705
702 706
702 707
702 708
702 709
702 710
702 738
702 931
703 704
703 706
703 709
703 726
703 738
703 898
703 994
704 705
704 706
704 707
704 709
704 710
704 867
705 706
705 707
705 708
705 709
705 710
705 815
705 863
705 938
706 707
706 708
706 709
706 710
706 721
706 878
706 900
706 963
707 708
707 709
707 710
707 726
707 885
707 958
707 971
708 709
708 710
708 885
709 710
709 781
709 986
710 961
710 975
711 712
711 713
711 714
711 715
711 716
711 717
711 719
711 720
711 965
712 713
712 714
712 715
712 718
712 719
712 783
712 832
713 714
713 715
713 718
713 747
713 758
713 766
713 783
713 819
713 913
714 716
714 717
714 718
714 719
714 720
714 767
714 797
714 798
714 832
714 920
715 716
715 718
715 719
715 720
715 898
715 927
716 717
716 718
716 720
716 769
716 874
716 977
717 718
717 719
717 825
718 719
718 720
718 746
718 802
718 803
718 907
718 969
719 720
719 868
719 880
720 831
720 916
721 722
721 723
721 724
721 725
721 726
721 727
721 728
721 729
721 730
722 723
722 724
722 725
722 727
722 728
722 729
722 730
722 767
722 901
722 936
722 938
723 724
723 725
723 726
723 727
723 728
723 729
723 730
723 736
723 779
723 834
723 967
724 725
724 726
724 727
724 728
724 729
724 730
724 924
724 950
725 726
725 727
725 728
725 729
725 730
725 906
725 961
725 992
726 727
726 728
726 729
726 730
726 850
726 868
726 878
727 728
727 730
727 744
727 985
728 729
728 730
728 845
728 886
728 944
729 730
729 755
729 902
730 939
730 988
731 732
731 733
731 734
731 735
731 736
731 737
731 738
731 739
731 740
731 815
732 734
732 735
732 737
732 738
732 739
732 740
732 843
732 997
733 735
733 738
733 745
733 903
733 968
733 988
734 735
734 736
734 737
734 738
734 740
734 954
734 991
735 736
735 738
736 737
736 738
736 739
736 740
736 919
737 738
737 740
737 770
737 800
737 952
738 739
738 760
738 827
739 740
739 759
739 977
740 761
740 986
741 742
741 743
741 745
741 746
741 747
741 748
741 749
741 750
741 795
741 807
741 874
741 917
742 743
742 744
742 745
742 746
742 747
742 748
742 749
742 750
743 744
743 745
743 746
743 748
743 749
743 750
743 934
743 947
744 745
744 746
744 747
744 749
744 750
744 827
744 871
744 931
745 746
745 747
745 748
745 749
745 750
745 854
745 860
745 950
746 747
746 748
746 749
746 750
746 937
747 748
747 749
747 750
747 778
747 857
747 896
748 750
748 925
749 750
750 823
750 866
751 752
751 753
751 756
751 757
751 760
751 772
751 799
751 863
752 753
752 754
752 755
752 756
752 757
752 758
752 760
752 761
752 777
752 924
753 754
753 755
753 756
753 757
753 758
753 759
753 760
753 985
754 755
754 756
754 757
754 758
754 759
754 760
754 982
755 756
755 757
755 758
755 759
755 760
755 953
756 757
756 758
756 759
756 760
756 769
756 981
757 760
757 860
757 984
758 759
758 785
758 841
759 760
759 798
760 801
761 762
761 763
761 764
761 765
761 766
761 767
761 768
761 769
761 770
761 820
761 835
761 837
762 763
762 765
762 766
762 768
762 770
762 951
762 976
763 764
763 765
763 766
763 768
763 769
763 770
763 819
763 898
764 765
764 766
764 767
764 769
764 770
764 903
764 996
765 766
765 767
765 770
765 793
765 796
766 768
766 769
766 770
766 857
767 769
767 770
767 802
767 928
768 769
768 770
768 821
768 860
768 919
769 826
769 893
769 896
769 957
770 794
770 805
770 823
770 879
771 772
771 773
771 774
771 775
771 777
771 778
771 779
771 780
771 868
771 996
772 776
772 777
772 778
772 779
772 780
773 774
773 776
773 778
773 780
773 839
774 775
774 776
774 777
774 778
774 779
774 780
774 931
775 776
775 777
775 778
775 780
775 946
776 777
776 778
776 779
776 780
776 911
776 974
777 778
777 779
777 780
777 797
777 814
777 840
777 964
778 780
778 797
778 834
778 841
778 953
779 780
779 829
779 904
779 953
780 791
780 854
780 878
781 782
781 783
781 784
781 785
781 786
781 787
781 788
781 789
781 790
781 910
782 783
782 785
782 788
782 789
782 790
782 791
782 857
782 872
782 978
783 784
783 785
783 786
783 788
783 789
783 790
783 816
783 828
783 871
783 962
784 785
784 786
784 787
784 788
784 789
784 790
784 974
785 786
785 787
785 788
785 789
785 792
786 788
786 789
786 790
787 788
787 789
787 790
788 789
788 790
788 973
788 979
789 790
789 836
789 854
789 893
789 966
789 971
789 982
789 1000
791 792
791 793
791 794
791 795
791 796
791 797
791 798
791 799
791 800
791 839
792 793
792 794
792 795
792 796
792 797
792 798
792 799
792 899
792 901
792 992
793 794
793 796
793 797
793 799
793 859
793 881
793 890
793 978
793 991
794 795
794 797
794 800
794 849
794 938
794 941
794 942
794 989
795 798
795 799
795 800
795 851
795 928
795 976
796 797
796 798
796 799
796 800
797 798
797 799
797 892
797 901
797 940
798 799
798 800
798 812
798 845
798 939
799 800
799 893
800 855
800 912
800 920
801 802
801 803
801 804
801 807
801 808
801 809
801 810
801 955
802 803
802 804
802 805
802 807
802 809
802 810
802 848
802 956
803 804
803 806
803 807
803 808
803 809
803 931
803 973
804 805
804 807
804 808
804 810
804 895
804 902
804 910
804 961
805 806
805 807
805 808
805 809
805 810
805 939
806 807
806 810
806 949
806 966
806 986
807 809
807 810
807 885
808 809
808 810
808 885
808 892
808 906
809 863
809 879
809 930
809 947
809 967
809 989
810 834
811 812
811 813
811 814
811 815
811 816
811 817
811 819
811 820
811 950
812 813
812 814
812 815
812 816
812 817
812 818
812 819
812 820
812 887
812 940
812 972
813 816
813 818
813 819
813 820
813 890
814 815
814 816
814 817
814 818
814 819
814 823
814 975
815 816
815 817
815 818
815 819
815 820
816 818
816 819
816 820
816 868
817 818
817 819
817 820
818 820
818 832
818 922
820 821
820 935
820 963
821 823
821 824
821 826
821 827
821 912
822 823
822 824
822 825
822 826
822 827
822 829
823 824
823 826
823 827
823 829
823 830
823 864
823 945
824 825
824 828
824 829
824 830
824 873
824 883
825 826
825 827
825 828
825 829
825 830
825 890
825 985
826 827
826 828
826 829
826 830
826 888
826 915
827 828
827 829
827 830
828 829
828 830
828 957
828 996
829 949
830 949
831 833
831 834
831 835
831 837
831 838
831 840
831 870
831 975
832 833
832 834
832 837
832 838
832 839
832 840
833 834
833 835
833 836
833 837
833 838
833 839
833 840
833 856
833 917
833 930
833 968
833 999
834 835
834 836
834 839
834 840
834 926
834 966
835 837
835 838
835 940
835 959
836 837
836 838
836 839
836 840
836 912
836 953
836 981
837 838
837 839
837 840
838 839
838 840
838 853
838 946
839 840
839 932
839 961
839 991
840 933
841 842
841 843
841 844
841 845
841 846
841 847
841 848
841 850
841 963
842 843
842 844
842 846
842 847
842 848
842 849
842 850
842 903
843 844
843 845
843 847
843 848
843 849
843 850
843 984
844 845
844 846
844 847
844 848
844 849
844 850
844 873
844 888
844 889
844 895
844 905
844 977
844 994
845 846
845 847
845 849
845 853
846 847
846 849
846 850
846 965
846 977
846 998
847 849
847 850
847 969
848 850
848 891
848 896
848 934
848 971
849 850
850 886
850 906
850 911
850 940
851 852
851 854
851 855
851 856
851 858
851 859
851 860
851 878
851 928
851 989
851 991
852 853
852 854
852 855
852 856
852 857
852 858
852 859
852 860
852 867
852 926
853 854
853 855
853 856
853 859
853 860
853 877
853 918
853 985
854 855
854 857
854 858
854 910
854 924
855 857
855 890
856 857
856 858
856 860
856 901
856 955
857 858
857 860
858 859
858 860
858 939
859 902
860 926
861 864
861 865
861 866
861 867
861 868
861 869
861 870
862 864
862 867
862 868
862 869
862 887
863 865
863 867
863 868
863 869
863 947
864 865
864 867
864 868
864 869
864 870
864 928
864 957
865 866
865 867
865 868
865 870
865 979
866 868
866 869
866 871
867 868
867 869
867 870
867 951
868 870
868 875
868 910
869 870
869 951
869 996
870 887
871 872
871 873
871 874
871 875
871 876
871 878
871 879
871 880
871 916
871 936
872 873
872 874
872 875
872 876
872 877
872 878
872 879
872 880
872 932
873 874
873 875
873 876
873 877
873 878
873 879
873 880
873 947
873 980
874 875
874 876
874 878
874 879
874 880
874 943
875 876
875 877
875 878
875 879
875 880
875 955
875 968
876 877
876 878
876 880
877 878
877 879
878 879
878 880
878 920
878 937
878 945
880 953
880 977
881 882
881 883
881 884
881 885
881 887
881 888
881 889
881 890
882 884
882 886
882 889
882 890
882 992
883 884
883 885
883 886
883 888
883 889
883 988
884 885
884 886
884 887
884 888
884 889
884 890
884 917
885 886
885 887
885 888
885 889
885 890
885 910
886 887
886 888
886 890
887 888
887 928
888 889
888 890
889 890
889 987
889 1000
890 891
891 892
891 893
891 895
891 896
891 897
891 899
891 900
891 925
891 931
891 962
892 893
892 894
892 895
892 896
892 897
892 899
892 900
892 976
893 894
893 895
893 897
893 898
893 900
894 895
894 896
894 897
894 898
894 900
894 947
895 898
895 899
895 900
895 957
896 898
896 899
896 900
897 899
897 900
897 951
898 899
898 900
899 900
899 937
899 945
899 956
901 902
901 903
901 904
901 905
901 906
901 910
902 903
902 904
902 905
902 907
902 908
902 909
902 910
903 904
903 905
903 906
903 907
903 908
903 909
903 910
903 941
904 905
904 907
904 908
904 909
905 907
905 909
905 910
906 907
906 908
906 909
906 910
907 908
907 909
907 910
907 988
908 909
908 910
909 910
911 913
911 914
911 915
911 917
911 918
911 920
912 916
912 918
912 919
912 920
912 994
913 914
913 915
913 916
913 917
913 918
913 919
913 920
914 915
914 916
914 917
914 918
914 919
914 920
914 991
915 916
915 917
915 918
915 919
915 920
915 943
915 947
915 994
916 919
916 920
916 929
916 933
917 920
918 919
918 920
918 980
919 920
919 943
921 922
921 923
921 924
921 925
921 926
921 928
921 929
921 930
922 923
922 924
922 925
922 926
922 927
922 928
922 929
922 930
923 924
923 925
923 926
923 928
923 929
923 930
923 943
924 925
924 926
924 927
924 928
924 930
925 926
925 927
925 928
925 929
925 951
926 928
926 930
926 964
927 928
927 929
927 930
928 929
928 930
928 967
928 981
930 968
931 934
931 936
931 937
931 938
931 939
931 940
931 946
932 933
932 934
932 935
932 936
932 938
932 939
932 961
933 934
933 935
933 937
933 938
933 939
933 940
933 958
933 990
934 935
934 936
934 937
934 938
934 939
934 940
935 936
935 937
935 938
935 939
935 940
935 985
935 996
936 937
936 938
936 939
936 940
937 938
937 940
938 939
938 940
938 981
938 998
939 940
941 942
941 943
941 944
941 945
941 946
941 947
941 949
941 950
942 943
942 944
942 946
942 947
942 949
942 980
943 944
943 945
943 946
943 947
943 949
943 950
944 945
944 947
944 948
944 949
944 950
944 996
945 946
945 947
945 948
945 949
945 971
946 947
946 948
946 949
946 950
947 948
947 949
947 950
947 988
948 949
948 950
949 950
951 952
951 953
951 955
951 956
951 957
951 959
951 960
952 954
952 955
952 956
952 958
952 959
952 960
953 954
953 956
953 957
953 958
953 959
953 960
954 955
954 956
954 957
954 959
954 960
954 988
955 957
955 958
955 959
955 960
955 996
956 957
956 958
956 959
956 960
957 960
958 959
958 960
961 963
961 964
961 965
961 966
961 967
961 968
961 969
961 970
962 963
962 964
962 965
962 966
962 967
962 968
962 969
963 964
963 968
963 969
963 970
963 1000
964 965
964 967
964 969
964 970
965 967
965 968
965 970
966 967
966 968
966 969
966 995
967 968
967 969
967 970
967 971
968 969
968 970
968 978
970 975
971 972
971 973
971 974
971 976
971 978
971 979
971 980
972 976
972 977
972 978
972 979
972 980
973 974
973 976
973 978
973 979
973 980
974 975
974 976
974 977
974 979
974 980
975 976
975 977
975 978
975 979
975 980
976 977
976 978
976 979
976 980
977 978
977 979
978 979
978 980
978 1000
981 982
981 983
981 984
981 986
981 987
981 988
981 989
981 990
982 984
982 986
982 987
982 988
982 989
982 990
983 986
983 988
984 985
984 986
984 987
984 989
984 990
985 987
985 988
985 989
985 990
986 988
986 989
986 990
987 988
988 989
988 990
989 990
991 992
991 993
991 994
991 995
991 996
991 998
991 1000
992 994
992 995
992 996
992 997
992 998
992 999
992 1000
993 994
993 995
993 996
993 997
993 999
993 1000
994 996
994 997
994 998
994 999
994 1000
995 996
995 997
995 998
995 999
995 1000
996 997
996 998
996 999
997 998
997 1000
998 1000
999 1000
