1000 8518
1 3
1 5
1 6
1 7
1 8
1 9
1 10
1 26
1 151
1 211
1 485
1 775
1 896
1 992
2 3
2 6
2 7
2 8
2 9
2 10
2 20
2 69
2 116
2 198
2 393
2 565
2 696
2 738
3 5
3 6
3 7
3 8
3 9
3 10
3 60
3 70
3 176
3 223
3 249
3 253
3 401
3 419
3 443
3 777
3 790
3 928
3 949
4 6
4 7
4 8
4 10
4 146
4 147
4 161
4 199
4 438
4 472
4 552
4 556
4 825
4 833
4 849
4 967
5 6
5 7
5 8
5 10
5 137
5 157
5 710
5 791
5 823
6 9
6 10
6 14
6 126
6 471
6 695
6 731
6 770
6 888
7 8
7 9
7 10
7 182
7 243
7 250
7 279
7 320
7 481
7 494
7 524
7 556
7 578
7 593
7 960
8 10
8 166
8 171
8 227
8 304
8 349
8 432
8 452
8 465
8 539
8 675
8 956
9 179
9 332
9 438
10 26
10 265
10 444
10 579
10 792
10 878
10 896
10 955
11 14
11 15
11 16
11 17
11 18
11 19
11 20
11 247
11 251
11 405
11 440
11 516
11 599
11 636
11 789
11 834
12 13
12 14
12 15
12 16
12 17
12 19
12 20
12 61
12 107
12 259
12 298
12 360
12 430
12 515
12 773
12 878
13 15
13 16
13 17
13 18
13 19
13 20
13 152
13 172
13 255
13 300
13 368
13 564
13 669
13 880
13 906
13 986
14 16
14 17
14 18
14 19
14 20
14 56
14 113
14 146
14 354
14 447
14 509
14 556
14 717
14 787
14 810
14 875
14 932
15 16
15 20
15 97
15 147
15 179
15 230
15 282
15 541
15 583
15 691
15 772
15 798
16 17
16 18
16 20
16 66
16 117
16 182
16 191
16 297
16 300
16 311
16 396
16 539
16 570
16 886
16 900
16 953
17 18
17 19
17 20
17 253
17 381
17 505
17 641
17 651
17 803
17 949
17 967
18 20
18 370
18 433
18 437
18 814
18 818
19 20
19 100
19 549
19 646
19 684
19 975
20 170
20 302
20 416
20 469
20 547
20 609
20 626
20 673
20 950
20 997
21 22
21 23
21 24
21 25
21 26
21 27
21 28
21 29
21 30
21 58
21 123
21 237
21 297
21 577
21 612
21 620
21 811
21 885
21 903
22 23
22 25
22 27
22 28
22 29
22 30
22 45
22 158
22 168
22 193
22 249
22 351
22 365
22 413
22 549
22 670
22 724
22 845
22 861
22 903
22 909
22 910
22 935
23 24
23 25
23 26
23 27
23 28
23 108
23 418
23 584
23 762
23 994
24 25
24 26
24 27
24 28
24 29
24 30
24 77
24 185
24 306
24 320
24 363
24 561
24 816
24 956
24 976
25 26
25 27
25 28
25 29
25 30
25 63
25 174
25 209
25 346
25 400
25 406
25 593
25 733
25 857
25 866
25 869
26 27
26 28
26 32
26 128
26 226
26 252
26 369
26 400
26 459
26 545
26 546
26 571
26 743
26 837
26 871
26 943
26 963
26 990
27 28
27 29
27 76
27 118
27 136
27 224
27 242
27 274
27 408
27 410
27 522
27 595
27 761
27 908
28 30
28 233
28 295
28 498
28 690
28 865
28 953
28 955
28 996
29 30
29 68
29 132
29 237
29 399
29 469
29 577
29 972
30 206
30 257
30 279
30 287
30 431
30 654
30 747
30 790
30 808
30 873
31 32
31 33
31 34
31 35
31 36
31 37
31 39
31 40
31 82
31 536
31 635
31 642
31 668
31 816
31 996
31 1000
32 33
32 34
32 35
32 36
32 37
32 38
32 39
32 40
32 265
32 281
32 353
32 362
32 549
32 634
32 828
33 34
33 35
33 36
33 37
33 38
33 39
33 40
33 229
33 301
33 326
33 329
33 331
33 435
33 474
33 562
33 811
33 831
33 888
33 963
34 35
34 37
34 38
34 39
34 178
34 220
34 244
34 341
34 376
34 393
34 428
34 441
34 535
34 861
34 926
34 935
35 36
35 37
35 38
35 39
35 40
35 87
35 112
35 285
35 302
35 361
35 614
35 617
35 646
35 652
35 894
36 37
36 38
36 40
36 41
36 61
36 95
36 379
36 531
36 664
36 669
36 716
37 38
37 39
37 40
37 170
37 242
37 301
37 422
37 461
37 474
37 648
37 775
37 851
37 940
38 39
38 40
38 48
38 74
38 85
38 519
38 727
38 771
38 947
39 40
39 179
39 184
39 232
39 273
39 442
39 766
39 923
39 930
40 46
40 208
40 425
40 453
40 609
40 809
40 817
40 849
41 44
41 45
41 46
41 48
41 50
41 254
41 399
41 462
41 733
41 999
42 43
42 44
42 45
42 47
42 48
42 49
42 50
42 108
42 358
42 359
42 526
42 616
42 698
42 738
42 747
43 44
43 45
43 47
43 48
43 49
43 70
43 175
43 352
43 414
43 721
43 769
43 815
43 822
43 928
44 45
44 46
44 47
44 48
44 49
44 77
44 216
44 360
44 368
44 530
44 685
44 696
44 743
44 746
44 801
44 886
44 920
45 48
45 50
45 434
45 514
45 522
45 524
45 531
45 600
45 669
45 671
45 731
45 751
45 959
46 47
46 48
46 50
46 77
46 81
46 98
46 272
46 305
46 490
46 526
46 629
46 722
46 736
46 749
46 789
46 927
46 988
47 48
47 49
47 50
47 277
47 371
47 454
47 625
47 851
47 995
48 140
48 152
48 158
48 195
48 216
48 318
48 531
48 538
48 586
48 953
49 143
49 278
49 647
49 750
49 779
49 814
49 986
50 135
50 246
50 351
50 508
50 622
50 711
50 734
50 756
50 771
50 891
51 52
51 53
51 54
51 55
51 56
51 57
51 58
51 59
51 60
51 74
51 134
51 318
51 356
51 361
51 415
51 628
51 831
51 969
52 53
52 54
52 55
52 56
52 58
52 59
52 60
52 341
52 389
52 436
52 439
52 504
52 550
52 635
52 643
52 843
52 880
52 936
52 953
52 983
53 54
53 56
53 57
53 58
53 59
53 124
53 138
53 190
53 240
53 326
53 387
53 773
53 834
53 976
54 55
54 57
54 60
54 282
54 311
54 321
54 323
54 334
54 595
54 698
54 783
54 837
54 856
55 56
55 57
55 58
55 59
55 60
55 295
55 360
55 462
55 988
55 995
56 57
56 58
56 59
56 157
56 289
56 388
56 474
56 526
56 576
56 595
56 815
56 826
56 879
57 58
57 59
57 60
57 127
57 278
57 326
57 431
57 553
57 663
57 671
57 788
57 880
57 936
58 59
58 60
58 149
58 310
58 585
58 649
58 690
58 780
58 899
59 60
59 117
59 177
59 223
59 240
59 335
59 401
59 474
59 752
59 863
59 894
59 903
60 83
60 97
60 112
60 176
60 376
60 564
60 630
61 62
61 64
61 65
61 66
61 67
61 68
61 70
61 119
61 169
61 224
61 436
61 773
61 837
62 63
62 64
62 65
62 67
62 68
62 69
62 70
62 94
62 267
62 278
62 293
62 445
62 467
62 473
62 570
62 624
62 637
62 676
62 754
62 999
63 65
63 66
63 67
63 68
63 69
63 70
63 142
63 254
63 263
63 343
63 347
63 472
63 518
63 637
63 644
63 688
63 729
63 785
63 822
64 65
64 66
64 67
64 68
64 69
64 70
64 108
64 242
64 505
64 876
65 66
65 68
65 69
65 70
65 394
65 419
65 477
65 481
65 526
65 560
65 623
65 736
65 861
65 865
65 913
66 67
66 69
66 70
66 799
67 68
67 69
67 70
67 83
67 95
67 102
67 161
67 198
67 225
67 373
67 862
67 868
67 898
67 904
68 69
68 70
68 438
68 462
68 488
68 497
68 535
68 664
68 695
68 699
68 946
68 959
69 70
69 160
69 314
69 829
69 975
70 317
70 388
70 434
70 641
70 647
70 706
70 822
70 836
71 72
71 73
71 74
71 75
71 76
71 77
71 78
71 79
71 80
71 88
71 912
71 952
72 73
72 74
72 75
72 76
72 77
72 78
72 79
72 80
72 303
72 316
72 389
72 470
72 474
72 577
72 693
72 711
72 809
72 921
72 964
73 75
73 76
73 80
73 245
73 318
73 490
73 624
73 689
73 697
74 75
74 79
74 80
74 126
74 131
74 153
74 180
74 224
74 356
74 455
74 505
74 625
74 800
75 76
75 77
75 79
75 80
75 83
75 100
75 104
75 162
75 174
75 354
75 415
75 497
75 644
75 852
75 930
75 934
75 993
75 994
76 77
76 78
76 79
76 80
76 125
76 648
76 759
76 828
77 78
77 79
77 80
77 86
77 244
77 298
77 302
77 305
77 306
77 465
77 740
77 752
77 813
77 856
77 970
77 994
78 79
78 80
78 163
78 603
78 645
78 761
78 903
78 961
79 80
79 87
79 160
79 320
79 497
79 550
79 553
79 599
79 670
79 699
79 769
79 784
79 808
79 884
79 903
79 952
79 968
80 163
80 207
80 325
80 363
80 435
80 436
80 448
80 587
80 762
81 82
81 83
81 84
81 85
81 86
81 87
81 88
81 89
81 90
81 248
81 261
81 315
81 336
81 413
81 585
81 623
81 656
81 679
81 742
81 964
82 83
82 85
82 86
82 87
82 88
82 108
82 152
82 363
82 371
82 391
82 635
83 86
83 87
83 88
83 89
83 90
83 95
83 96
83 160
83 305
83 318
83 339
83 354
83 372
83 494
83 543
83 623
83 633
83 828
83 850
83 874
84 85
84 87
84 88
84 89
84 194
84 200
84 248
84 298
84 522
84 549
84 637
84 697
84 709
84 783
84 920
85 87
85 88
85 89
85 90
85 152
85 260
85 323
85 379
85 397
85 632
85 717
85 967
85 976
86 88
86 89
86 90
86 121
86 188
86 210
86 217
86 419
86 614
86 673
86 691
86 695
86 747
86 854
87 89
87 90
87 336
87 382
87 402
87 576
87 606
87 646
87 765
87 853
87 912
87 973
88 89
88 173
88 325
88 455
88 759
88 765
88 865
88 965
88 979
89 90
89 165
89 322
89 433
89 616
89 828
89 855
89 861
89 923
90 327
90 406
90 493
90 724
90 739
90 743
90 765
90 792
90 835
90 886
90 971
91 92
91 93
91 94
91 95
91 96
91 97
91 99
91 100
91 297
91 673
91 724
91 766
91 917
91 936
92 94
92 95
92 96
92 98
92 99
92 100
92 102
92 600
92 607
92 631
92 656
92 679
92 693
92 717
92 739
92 771
93 94
93 95
93 96
93 97
93 98
93 99
93 100
93 193
93 309
93 480
93 689
93 719
93 836
93 950
94 96
94 98
94 99
94 100
94 118
94 323
94 427
94 629
94 666
94 859
94 888
95 96
95 98
95 99
95 100
95 186
95 201
95 276
95 540
95 574
95 584
95 613
95 629
95 651
95 655
95 688
95 729
95 752
95 760
95 830
95 954
95 961
96 97
96 98
96 99
96 100
96 104
96 141
96 152
96 244
96 263
96 445
96 529
96 584
96 621
96 900
96 968
96 997
97 98
97 99
97 100
97 147
97 406
97 568
97 735
97 771
97 862
97 918
97 962
97 974
98 100
98 183
98 212
98 233
98 301
98 552
98 585
98 614
98 668
98 802
98 964
98 970
99 155
99 206
99 293
99 401
99 562
99 730
99 767
99 876
99 895
100 152
100 205
100 329
100 486
100 650
100 703
100 716
101 102
101 105
101 106
101 107
101 108
101 180
101 200
101 261
101 273
101 539
101 573
101 592
101 696
101 699
101 799
101 818
101 935
102 103
102 104
102 106
102 107
102 109
102 110
102 140
102 234
102 262
102 448
102 449
102 463
102 544
102 862
102 952
102 954
102 968
103 104
103 105
103 106
103 109
103 110
103 280
103 422
103 535
103 813
103 877
104 105
104 107
104 109
104 110
104 238
104 271
104 321
104 348
104 354
104 404
104 406
104 491
104 496
104 499
104 507
104 514
104 595
104 609
104 643
104 724
105 106
105 107
105 108
105 109
105 162
105 175
105 187
105 237
105 339
105 354
105 451
105 864
105 978
106 107
106 108
106 109
106 110
106 219
106 247
106 250
106 489
106 548
106 584
106 679
106 953
107 108
107 109
107 287
107 682
107 714
107 883
107 949
108 109
108 110
108 221
108 304
108 308
108 582
109 110
109 134
109 474
109 651
109 859
109 941
109 986
110 143
110 199
110 338
110 415
110 590
110 634
110 795
110 860
111 112
111 113
111 114
111 115
111 116
111 119
111 120
111 149
111 167
111 341
111 375
111 467
111 544
111 597
111 693
111 696
111 700
111 726
112 113
112 114
112 115
112 116
112 117
112 118
112 120
112 271
112 330
112 386
112 476
112 487
112 507
112 523
112 643
112 729
112 945
113 114
113 115
113 116
113 117
113 118
113 119
113 120
113 252
113 351
113 424
113 534
113 541
113 609
113 722
113 985
114 115
114 116
114 118
114 120
114 202
114 435
114 528
115 116
115 117
115 118
115 119
115 120
115 537
115 730
115 900
115 931
116 118
116 119
116 120
116 272
116 274
116 392
116 417
116 466
116 555
116 761
116 834
116 848
116 866
116 879
117 119
117 120
117 190
117 315
117 361
117 740
117 799
117 899
117 942
117 944
117 994
118 119
118 120
118 127
118 201
118 281
118 710
119 120
119 259
119 296
119 325
119 463
119 520
119 705
119 904
120 183
120 198
120 222
120 262
120 340
120 505
120 594
120 653
120 759
120 770
120 886
120 975
120 977
121 122
121 124
121 125
121 126
121 128
121 129
121 156
121 269
121 278
121 303
121 328
121 465
121 646
121 821
121 822
121 937
122 123
122 124
122 125
122 126
122 127
122 129
122 130
122 150
122 187
122 196
122 260
122 312
122 429
122 498
122 531
122 655
122 685
122 722
122 780
122 1000
123 124
123 125
123 126
123 128
123 130
123 210
123 235
123 246
123 355
123 484
123 524
123 681
123 705
123 770
123 773
123 894
123 965
123 982
124 125
124 126
124 127
124 128
124 129
124 170
124 171
124 434
124 478
124 479
124 612
124 628
124 679
124 696
124 759
124 768
124 816
124 883
124 927
125 126
125 127
125 128
125 129
125 130
125 257
125 370
125 428
125 433
125 471
125 477
125 526
125 657
125 679
125 854
126 127
126 128
126 129
126 135
126 351
126 529
126 565
126 584
126 883
126 997
127 128
127 129
127 130
127 151
127 275
127 287
127 313
127 446
127 452
127 629
127 737
127 762
127 896
127 912
127 993
127 994
128 189
128 765
128 843
128 866
128 885
128 940
128 944
129 130
129 262
129 350
129 351
129 470
129 525
129 749
129 944
130 437
130 502
130 522
130 656
130 677
130 689
130 700
130 803
130 818
130 908
130 950
131 132
131 133
131 134
131 135
131 136
131 138
131 139
131 143
131 168
131 303
131 432
131 449
131 519
131 526
131 716
131 809
131 852
131 898
131 931
131 945
131 974
132 133
132 134
132 136
132 138
132 139
132 178
132 217
132 230
132 271
132 377
132 526
132 544
132 573
132 711
132 720
132 775
132 801
132 819
132 841
132 887
133 134
133 135
133 136
133 137
133 138
133 139
133 140
133 331
133 380
133 459
133 516
134 135
134 136
134 137
134 139
134 277
134 304
134 447
134 811
134 813
135 136
135 137
135 140
135 248
135 287
135 493
135 542
135 629
135 647
135 741
135 763
135 916
135 949
135 968
135 990
136 137
136 138
136 139
136 140
136 252
136 365
136 872
137 138
137 140
137 157
137 228
137 263
137 314
137 525
137 624
137 682
137 826
137 846
137 990
137 997
138 139
138 140
138 411
138 527
138 679
138 689
139 140
139 235
139 384
139 518
139 871
139 886
140 223
140 276
140 313
140 355
140 370
140 385
140 419
140 489
140 695
140 780
140 840
141 142
141 143
141 144
141 145
141 146
141 148
141 150
141 186
141 217
141 467
141 525
141 584
141 712
141 724
141 753
141 782
141 909
141 977
142 143
142 144
142 150
142 162
142 201
142 253
142 319
142 337
142 347
142 489
142 660
142 744
142 818
142 897
143 144
143 146
143 147
143 148
143 149
143 150
143 155
143 218
143 235
143 286
143 358
143 360
143 938
143 942
143 982
144 145
144 146
144 147
144 148
144 149
144 150
144 198
144 234
144 384
144 487
144 530
144 684
144 906
144 941
145 146
145 147
145 148
145 270
145 285
145 341
145 384
145 441
145 461
145 539
145 543
145 562
145 756
145 790
145 871
145 897
145 898
146 147
146 148
146 149
146 150
146 283
146 306
146 342
146 361
146 367
146 532
146 597
146 646
146 719
146 878
146 917
146 932
146 964
146 969
147 149
147 150
147 242
147 529
147 602
147 632
147 709
147 774
147 826
147 918
148 150
148 181
148 358
148 460
148 516
149 150
149 271
149 340
149 371
149 492
149 508
149 613
149 693
150 245
150 295
150 378
150 428
150 536
150 558
150 572
150 638
150 679
150 853
150 856
151 154
151 155
151 156
151 157
151 158
151 159
151 160
151 259
151 264
151 266
151 308
151 362
151 660
151 757
151 796
151 935
151 981
152 153
152 154
152 155
152 156
152 158
152 159
152 160
152 261
152 342
152 345
152 372
152 858
152 871
152 978
153 154
153 156
153 157
153 158
153 159
153 160
153 164
153 271
153 428
153 530
153 742
153 815
154 155
154 158
154 159
154 248
154 255
154 493
154 554
154 586
154 692
154 739
154 745
154 832
154 836
154 897
155 156
155 157
155 159
155 160
155 317
155 400
155 407
155 617
155 639
155 644
155 723
155 825
155 847
155 850
156 157
156 158
156 159
156 160
156 169
156 189
156 210
156 253
156 260
156 485
156 810
157 159
157 160
157 183
157 221
157 340
157 542
157 620
157 701
157 752
157 826
157 828
157 837
157 931
157 949
157 954
158 198
158 609
158 626
158 636
158 792
158 992
159 160
159 341
159 350
159 396
159 425
159 490
159 634
159 784
160 235
160 272
160 422
160 436
160 446
160 695
160 717
160 882
160 952
160 980
161 162
161 163
161 164
161 165
161 166
161 167
161 168
161 169
161 170
161 251
161 261
161 312
161 495
161 636
161 938
162 163
162 164
162 165
162 166
162 167
162 169
162 170
162 294
162 315
162 469
162 542
162 560
162 575
162 641
162 677
162 773
163 164
163 166
163 167
163 168
163 169
163 170
163 245
163 469
163 485
163 537
163 559
163 653
163 729
163 911
163 939
163 957
164 165
164 166
164 167
164 168
164 169
164 170
164 218
164 251
164 435
164 449
164 545
164 548
164 656
164 676
164 736
164 857
164 914
164 934
165 166
165 167
165 168
165 169
165 170
165 218
165 240
165 307
165 354
165 473
165 488
165 570
165 622
166 167
166 255
166 471
166 495
166 569
166 601
166 655
166 723
166 832
166 922
166 995
167 168
167 170
167 221
167 279
167 311
167 465
167 519
167 646
167 723
167 759
167 893
167 908
167 981
168 170
168 200
168 219
168 338
168 429
168 715
168 867
168 874
168 894
169 170
169 182
169 238
169 337
169 344
169 384
169 411
169 760
169 782
169 905
169 920
169 953
170 184
170 210
170 369
170 379
170 595
170 873
170 994
171 172
171 173
171 174
171 175
171 176
171 177
171 179
171 190
171 198
171 257
171 267
171 307
171 371
171 378
171 479
171 582
171 743
171 837
172 173
172 174
172 176
172 177
172 179
172 180
172 568
172 611
172 781
172 805
172 810
172 820
173 174
173 175
173 177
173 178
173 179
173 180
173 276
173 302
173 407
173 455
173 551
173 557
173 580
173 883
174 175
174 176
174 178
174 179
174 180
174 425
174 620
174 959
175 176
175 177
175 178
175 179
175 180
175 206
175 257
175 286
175 330
175 352
175 381
175 403
175 415
175 424
175 463
175 742
175 776
176 178
176 180
176 213
176 306
176 492
176 604
176 912
177 178
177 179
177 180
177 250
177 433
177 557
177 668
177 709
177 767
177 876
177 885
177 910
177 972
177 995
177 1000
178 180
178 487
178 494
178 676
178 729
178 735
178 740
179 180
179 207
179 675
179 786
179 809
179 861
179 977
179 988
180 182
180 191
180 207
180 355
180 375
180 389
180 543
180 585
180 742
180 916
180 993
181 183
181 184
181 185
181 186
181 187
181 188
181 189
181 190
181 607
181 669
181 898
182 183
182 184
182 185
182 186
182 187
182 188
182 190
182 296
182 803
183 184
183 185
183 186
183 188
183 189
183 190
183 277
183 407
183 441
183 477
183 679
183 728
183 944
184 185
184 186
184 187
184 189
184 190
184 459
184 666
184 676
184 690
184 757
184 904
185 186
185 187
185 189
185 190
185 197
185 235
185 249
185 298
185 303
185 349
185 559
185 656
185 841
185 847
186 189
186 190
186 204
186 246
186 259
186 382
186 431
186 468
186 527
186 703
186 722
186 862
186 901
187 188
187 189
187 190
187 407
187 666
188 190
188 203
188 268
188 324
188 451
188 463
188 583
188 602
188 625
188 659
188 831
188 979
189 190
189 246
189 277
189 460
189 486
189 746
189 814
189 892
189 931
189 997
190 193
190 211
190 218
190 287
190 314
190 359
190 408
190 445
190 517
190 527
190 627
190 977
191 192
191 193
191 194
191 195
191 199
191 200
191 280
191 304
191 364
191 380
191 480
191 848
191 872
191 902
191 930
192 194
192 195
192 196
192 197
192 198
192 199
192 200
192 554
192 564
192 580
192 600
192 628
192 635
192 697
192 719
192 785
192 822
192 938
192 943
193 194
193 197
193 199
193 327
193 396
193 448
193 910
193 959
194 195
194 196
194 197
194 198
194 199
194 200
194 245
194 301
194 343
194 459
194 670
194 688
194 899
195 196
195 197
195 198
195 199
195 396
195 530
195 596
195 706
195 982
196 198
196 199
196 200
196 310
196 466
196 487
196 492
196 531
196 561
196 746
196 812
196 826
196 832
196 842
196 912
196 913
197 199
197 200
197 361
197 417
197 503
197 580
197 759
197 861
197 938
197 958
198 200
198 212
198 235
198 314
198 499
198 551
198 653
198 714
198 740
198 948
199 200
199 260
199 397
199 521
199 537
199 562
199 598
199 699
199 782
199 790
199 890
199 962
200 224
200 263
200 298
200 317
200 342
200 473
200 503
200 519
200 532
200 536
200 613
200 680
200 853
200 909
200 976
201 202
201 203
201 204
201 205
201 206
201 207
201 209
201 210
201 478
201 577
201 673
202 203
202 204
202 205
202 206
202 207
202 208
202 209
202 210
202 288
202 292
202 296
202 581
202 611
202 634
202 666
202 757
202 793
202 939
202 951
203 204
203 205
203 206
203 207
203 208
203 209
203 300
203 507
203 934
204 205
204 206
204 209
204 217
204 242
204 286
204 361
204 641
204 703
204 746
204 765
204 799
204 945
205 207
205 208
205 209
205 210
205 362
205 649
205 665
205 819
205 888
206 209
206 210
206 276
206 295
206 425
206 495
206 515
206 687
206 732
206 866
206 911
207 208
207 209
207 210
207 375
207 562
207 613
207 664
207 667
207 740
207 871
208 210
208 304
208 360
208 386
208 402
208 442
208 506
208 516
208 551
208 600
208 731
208 760
208 842
208 891
208 955
209 210
209 251
209 269
209 362
209 420
209 455
209 570
209 598
209 600
209 679
209 792
209 833
209 857
209 891
209 903
209 917
209 995
210 240
210 365
210 509
210 644
210 697
210 753
210 786
210 818
211 212
211 213
211 214
211 215
211 216
211 217
211 218
211 219
211 220
211 308
211 326
211 490
211 578
211 723
211 731
211 883
211 909
212 213
212 214
212 215
212 216
212 217
212 220
212 455
212 693
212 900
212 955
212 979
213 214
213 215
213 216
213 217
213 218
213 219
213 220
213 275
213 346
213 377
213 404
213 468
213 617
213 624
213 641
213 894
213 955
213 956
213 967
214 215
214 216
214 220
214 407
214 475
214 564
214 598
214 675
214 927
214 940
215 216
215 217
215 220
215 235
215 409
215 490
215 558
215 612
215 986
216 217
216 218
216 219
216 220
216 236
216 346
216 373
216 460
216 484
216 514
216 823
216 976
216 997
217 218
217 219
217 220
217 230
217 236
217 365
217 408
217 468
217 473
217 491
217 639
217 696
218 219
218 220
218 311
218 583
218 600
218 675
218 678
218 712
218 911
219 366
219 517
219 619
219 864
220 289
220 323
220 338
220 544
220 787
220 962
220 981
221 222
221 223
221 224
221 225
221 226
221 227
221 228
221 229
221 257
221 295
221 415
221 437
221 617
221 655
221 661
221 679
221 777
221 817
221 847
222 223
222 224
222 225
222 226
222 228
222 230
222 701
222 719
222 890
223 226
223 227
223 228
223 229
223 230
223 241
223 336
223 347
223 361
223 521
223 574
223 684
223 692
223 760
224 225
224 226
224 227
224 228
224 229
224 230
224 318
224 330
224 334
224 549
224 622
224 705
224 756
224 776
224 876
224 896
225 226
225 227
225 228
225 229
225 230
225 649
225 662
225 716
225 800
225 994
226 227
226 228
226 230
226 268
226 455
226 610
226 652
226 866
226 976
227 228
227 230
227 250
227 370
227 402
227 448
227 567
227 777
227 968
228 229
228 230
228 275
228 383
228 557
228 574
228 705
228 738
228 857
228 963
229 315
229 316
229 385
229 484
229 506
229 547
229 744
229 797
229 832
229 942
230 239
230 282
230 533
230 652
230 664
230 690
230 812
231 232
231 233
231 234
231 237
231 238
231 239
231 240
231 245
231 399
231 449
231 559
232 234
232 235
232 236
232 237
232 238
232 282
232 322
232 386
232 388
232 476
232 517
232 541
232 552
232 582
232 620
232 665
232 689
232 857
232 865
232 927
232 996
233 234
233 235
233 237
233 238
233 239
233 240
233 344
233 594
233 637
233 705
233 711
233 721
233 759
233 882
233 889
233 974
233 978
234 237
234 238
234 239
234 240
234 335
234 386
234 417
234 433
234 452
234 756
234 808
235 237
235 238
235 239
235 240
235 256
235 509
235 745
235 786
235 825
235 897
236 237
236 238
236 239
236 240
236 280
236 314
236 364
236 668
236 677
236 746
236 784
236 852
237 238
237 239
237 309
237 618
237 646
237 683
237 863
237 984
238 239
238 240
238 286
238 542
238 700
239 240
239 301
239 345
239 377
239 477
239 630
239 773
239 970
240 274
240 386
240 423
240 643
240 858
241 242
241 243
241 244
241 245
241 246
241 247
241 248
241 249
241 250
241 364
241 712
241 806
241 818
241 820
241 887
241 974
241 988
242 243
242 246
242 247
242 248
242 249
242 250
242 370
242 574
242 740
242 838
242 840
243 244
243 245
243 246
243 247
243 248
243 250
243 469
243 571
243 611
243 699
243 751
243 826
243 873
243 910
243 914
244 245
244 246
244 247
244 248
244 249
244 250
244 279
244 477
244 495
245 246
245 248
245 249
245 250
245 289
245 342
245 411
245 476
245 477
245 594
245 601
245 681
245 689
245 992
245 995
246 247
246 248
246 249
246 250
246 504
246 547
246 852
246 949
247 248
247 249
247 250
247 603
247 687
247 785
247 943
248 250
248 281
248 534
248 556
248 631
248 719
248 901
248 918
248 940
248 950
249 386
249 399
249 472
249 543
249 720
249 802
249 927
250 302
250 309
250 330
250 351
250 542
250 759
250 773
250 932
251 252
251 253
251 255
251 257
251 258
251 259
251 311
251 325
251 425
251 438
251 496
251 746
251 865
251 868
251 909
251 944
252 254
252 255
252 256
252 257
252 258
252 259
252 260
252 679
252 690
252 721
252 784
252 900
252 996
253 254
253 255
253 256
253 258
253 259
253 260
253 280
253 315
253 371
253 540
253 548
253 639
253 798
253 804
253 884
253 931
254 255
254 256
254 257
254 258
254 259
254 260
254 270
254 368
254 450
254 457
254 549
254 556
254 712
254 969
255 256
255 257
255 258
255 259
255 260
255 367
255 429
255 487
255 748
255 907
255 921
255 986
256 257
256 259
256 260
256 271
256 408
256 512
256 660
256 700
256 758
256 890
256 901
256 930
257 258
257 260
257 484
257 611
257 612
257 718
257 801
257 828
257 929
258 502
258 673
258 798
258 873
259 260
259 264
259 325
259 344
259 347
259 395
259 425
259 499
259 528
259 605
259 612
259 647
259 711
259 752
259 755
259 839
260 416
260 446
260 515
260 656
260 856
260 880
260 977
261 262
261 263
261 264
261 265
261 266
261 267
261 268
261 269
261 270
261 346
261 389
261 403
261 455
261 547
261 551
261 767
261 851
261 869
262 264
262 265
262 266
262 268
262 269
262 270
262 345
262 349
262 388
262 505
262 518
262 530
262 567
262 570
262 859
262 882
262 915
262 959
262 976
263 264
263 265
263 267
263 268
263 269
263 510
263 536
264 265
264 266
264 268
264 269
264 270
264 272
264 352
264 531
264 647
264 890
264 941
265 266
265 267
265 268
265 269
265 283
265 379
265 416
265 427
265 513
265 630
265 913
265 997
266 267
266 268
266 269
266 270
266 328
266 512
266 720
266 770
266 869
266 877
266 900
266 919
266 948
267 268
267 269
267 270
267 280
267 304
267 361
267 396
267 510
267 609
267 693
267 735
267 934
268 269
268 270
268 285
268 312
268 619
268 885
269 270
269 297
269 352
269 353
269 427
269 498
269 641
270 430
270 455
270 463
270 615
270 700
270 745
270 832
270 944
271 273
271 274
271 275
271 276
271 277
271 279
271 280
271 529
271 772
271 1000
272 273
272 274
272 275
272 276
272 279
272 280
272 376
272 407
272 422
272 575
272 636
272 848
272 912
272 920
273 274
273 275
273 276
273 277
273 279
273 280
273 400
273 660
273 684
273 750
273 867
274 277
274 279
274 280
274 510
274 650
274 703
275 276
275 277
275 278
275 279
275 280
275 392
275 593
275 603
275 652
275 776
275 823
276 277
276 278
276 279
276 280
276 343
276 390
276 392
276 567
276 616
276 839
277 278
277 279
277 280
277 337
277 496
277 642
277 713
277 740
277 998
278 279
278 280
278 510
278 658
278 724
278 779
278 816
278 899
278 916
279 280
279 452
279 460
279 565
279 626
279 889
280 354
280 467
280 471
280 720
280 770
280 969
280 976
281 282
281 283
281 284
281 285
281 286
281 287
281 288
281 289
281 290
281 318
281 372
281 488
281 514
281 556
281 620
281 694
282 283
282 284
282 285
282 286
282 287
282 288
282 289
282 290
282 609
282 656
282 740
282 993
283 284
283 285
283 286
283 287
283 288
283 289
283 290
283 655
283 743
283 885
283 926
284 285
284 286
284 287
284 288
284 290
284 341
284 548
284 712
284 729
284 776
284 902
285 286
285 287
285 288
285 289
285 290
285 459
285 490
285 660
285 904
286 287
286 288
286 289
286 290
286 521
286 642
286 678
286 838
286 845
286 907
286 922
287 288
287 289
287 290
287 497
287 589
287 594
287 680
288 289
288 290
288 301
288 528
288 559
288 599
288 605
288 661
288 691
289 290
289 348
289 360
289 458
289 531
289 549
289 569
289 592
289 711
289 788
289 817
289 844
289 850
290 369
290 374
290 380
290 429
290 805
290 817
290 871
290 899
291 293
291 294
291 295
291 296
291 297
291 300
291 515
291 545
291 549
291 720
292 293
292 294
292 295
292 296
292 297
292 298
292 299
292 306
292 313
292 467
292 717
292 779
292 788
292 842
292 977
293 294
293 295
293 296
293 297
293 298
293 299
293 300
293 351
293 802
293 803
293 806
293 959
293 974
294 295
294 297
294 298
294 299
294 300
294 334
294 408
294 446
294 453
294 457
294 728
294 752
294 878
294 880
294 910
294 937
295 297
295 298
295 299
295 300
295 459
295 497
295 624
295 671
295 771
295 852
295 931
295 934
295 981
296 297
296 298
296 299
296 352
296 361
296 569
297 298
297 299
297 441
297 452
297 477
297 639
297 748
297 822
297 965
297 978
298 299
298 300
298 344
298 414
298 464
298 485
298 575
298 686
298 961
298 980
299 413
299 466
299 561
299 572
299 705
299 775
299 843
299 923
300 303
300 438
300 826
300 888
301 302
301 303
301 304
301 305
301 306
301 307
301 308
301 309
301 766
302 303
302 304
302 305
302 306
302 307
302 308
302 310
302 389
302 475
302 598
302 662
302 821
302 886
302 913
303 304
303 305
303 306
303 307
303 308
303 310
303 463
303 485
303 488
303 641
303 691
303 706
303 730
303 793
303 857
303 871
303 952
304 305
304 306
304 307
304 309
304 310
304 381
304 394
304 689
304 713
304 755
304 866
305 306
305 307
305 308
305 309
305 366
305 387
305 416
305 469
305 517
305 650
305 690
305 715
305 828
305 896
306 308
306 309
306 310
306 321
306 438
306 459
306 541
306 872
306 954
306 978
307 308
307 310
307 528
307 593
307 653
307 768
307 810
307 925
308 310
308 314
308 470
308 582
308 640
308 746
308 751
308 819
308 836
308 899
309 331
309 460
309 514
309 661
309 669
309 705
309 883
309 889
310 322
310 325
310 534
310 668
310 685
310 696
310 879
311 312
311 314
311 315
311 316
311 317
311 318
311 319
311 320
311 581
311 634
311 654
311 661
311 699
311 857
311 915
311 931
311 943
312 313
312 314
312 315
312 316
312 317
312 318
312 319
312 384
312 471
312 509
312 512
312 527
312 602
312 618
312 661
312 847
312 921
312 926
313 314
313 315
313 316
313 317
313 318
313 319
313 320
313 531
313 684
313 992
314 315
314 316
314 317
314 318
314 319
314 379
314 428
314 438
314 440
314 566
314 677
314 702
314 704
314 708
314 717
314 745
314 770
314 924
314 981
315 316
315 317
315 319
315 510
315 573
315 574
315 652
315 672
315 926
315 975
316 317
316 318
316 319
316 320
316 410
316 442
316 499
316 598
316 1000
317 318
317 319
317 320
317 462
317 478
317 615
317 634
318 319
318 320
318 734
318 893
319 320
319 323
319 405
319 486
319 598
319 615
320 379
320 418
320 703
320 833
321 323
321 324
321 325
321 326
321 327
321 328
321 330
321 565
321 569
321 587
321 718
321 732
321 917
322 323
322 324
322 325
322 326
322 327
322 330
322 417
322 523
322 741
322 767
322 811
322 847
323 324
323 325
323 326
323 328
323 329
323 330
323 442
323 466
323 782
324 326
324 328
324 330
324 389
324 472
324 554
324 667
324 726
324 764
324 789
324 805
324 882
324 938
324 967
325 326
325 328
325 329
325 330
325 335
325 377
325 397
325 562
325 731
326 329
326 330
326 367
326 368
326 426
326 441
326 478
326 646
326 876
326 904
326 986
327 328
327 329
327 330
327 369
327 393
327 474
327 487
327 541
327 615
327 863
328 329
328 330
328 530
328 601
328 650
328 954
329 330
329 364
329 416
329 579
329 588
329 695
329 938
329 945
330 336
330 341
330 347
330 635
330 672
330 817
330 831
330 849
330 900
330 982
331 334
331 335
331 337
331 340
331 362
331 418
331 556
331 739
331 741
331 793
331 874
331 903
332 333
332 334
332 335
332 336
332 338
332 339
332 340
332 360
332 407
332 610
332 736
332 753
332 796
332 907
332 985
333 334
333 335
333 336
333 339
333 340
333 387
333 548
333 647
333 776
333 797
333 836
333 961
334 336
334 337
334 338
334 339
334 340
334 477
334 478
334 533
334 569
334 794
334 796
334 900
335 337
335 339
335 568
335 717
335 793
335 937
336 337
336 338
336 339
336 340
336 466
336 719
336 723
336 859
336 920
337 338
337 339
337 340
337 344
337 356
337 467
337 493
337 761
337 813
337 817
337 915
337 946
337 956
338 339
338 439
338 558
338 602
338 781
338 818
339 340
339 356
339 372
339 425
339 432
339 809
339 920
340 375
340 386
340 903
340 928
340 968
341 342
341 343
341 344
341 345
341 346
341 347
341 348
341 350
341 470
341 483
341 562
341 636
342 343
342 344
342 347
342 348
342 349
342 350
342 386
342 752
342 968
343 344
343 345
343 347
343 348
343 349
343 350
343 468
343 504
343 641
343 687
343 723
343 778
343 834
343 946
343 956
343 999
344 346
344 347
344 348
344 349
344 350
344 370
344 386
344 401
344 551
344 683
344 726
344 762
344 806
345 346
345 347
345 348
345 349
345 350
345 539
345 712
345 971
346 350
346 431
346 507
346 597
346 720
346 730
346 887
346 897
346 919
347 349
347 350
347 385
347 579
347 599
347 604
347 856
347 913
348 349
348 589
348 610
348 708
348 775
348 827
348 849
348 946
348 966
349 350
349 357
349 398
349 454
349 508
349 519
349 671
350 359
350 438
350 649
350 718
350 855
350 919
350 941
350 956
350 967
351 352
351 353
351 354
351 355
351 357
351 358
351 359
351 360
351 416
351 902
352 354
352 356
352 357
352 358
352 359
352 360
352 363
352 536
352 550
352 603
352 795
353 354
353 355
353 357
353 358
353 360
353 400
353 409
353 562
353 622
353 666
353 907
354 355
354 356
354 357
354 359
354 460
354 501
354 515
354 564
354 616
354 632
354 679
354 683
354 753
354 946
354 951
355 356
355 357
355 358
355 359
355 360
355 718
355 730
355 958
356 358
356 359
356 360
356 461
356 491
356 796
356 881
356 893
356 971
357 358
357 359
357 360
357 534
357 684
357 751
357 854
357 872
357 880
357 997
358 360
358 439
358 480
358 619
358 944
359 360
359 408
359 539
359 650
359 767
359 920
360 462
360 631
360 634
360 775
360 800
360 833
360 990
361 362
361 363
361 364
361 365
361 366
361 368
361 369
361 523
361 578
361 637
361 731
361 846
361 917
362 363
362 364
362 365
362 366
362 367
362 370
362 404
362 444
362 541
362 695
362 722
362 727
362 774
362 996
363 365
363 367
363 368
363 369
363 676
363 680
363 687
363 786
363 879
364 365
364 366
364 367
364 368
364 369
364 370
364 432
364 602
364 724
364 746
364 921
365 366
365 367
365 369
365 370
365 420
365 469
365 485
365 576
365 616
365 783
365 899
366 367
366 368
366 369
366 370
366 427
366 562
366 595
366 707
366 721
366 732
366 824
366 838
366 926
366 962
367 368
367 371
367 438
367 468
367 478
367 564
367 602
367 754
367 975
368 369
368 370
368 647
368 735
368 811
368 818
368 858
368 961
369 382
369 436
369 456
369 572
369 689
369 754
369 755
369 865
370 445
370 671
370 785
371 372
371 373
371 374
371 375
371 376
371 377
371 379
371 380
371 848
372 373
372 374
372 375
372 376
372 377
372 378
372 380
372 709
373 374
373 375
373 376
373 377
373 379
373 380
373 489
373 519
373 523
373 536
373 591
373 662
373 694
373 719
373 747
373 752
373 794
373 850
373 852
373 919
374 375
374 376
374 377
374 378
374 379
374 407
374 411
374 437
374 508
374 562
374 673
374 795
374 826
374 977
375 377
375 379
375 380
375 511
375 564
375 679
375 829
375 916
376 378
376 379
376 380
376 533
376 590
376 911
376 968
376 992
377 378
377 379
377 571
377 801
377 917
377 984
378 380
378 604
378 653
378 745
378 770
379 534
379 546
379 791
379 906
379 924
380 474
380 497
380 530
380 568
380 579
380 735
380 789
380 808
380 838
381 382
381 383
381 384
381 385
381 386
381 387
381 389
381 405
381 485
381 550
381 627
381 710
381 746
381 768
381 904
382 383
382 384
382 385
382 386
382 387
382 389
382 390
382 565
382 566
382 629
382 788
382 834
382 983
382 994
383 384
383 385
383 386
383 387
383 388
383 389
383 390
383 481
383 520
383 560
383 565
383 593
383 887
383 908
384 385
384 387
384 388
384 389
384 390
384 628
384 658
384 802
385 387
385 389
385 390
385 684
385 839
385 859
386 389
386 390
386 459
386 488
386 541
386 557
386 767
386 931
386 994
387 388
387 389
387 390
387 439
387 529
387 547
387 599
387 653
387 655
387 719
387 744
387 796
387 959
387 981
388 389
388 432
388 603
388 645
388 952
389 528
389 621
389 807
389 861
389 864
389 990
389 998
390 599
390 685
390 894
390 947
391 393
391 394
391 395
391 396
391 397
391 398
391 400
391 549
391 629
391 792
391 927
391 982
391 1000
392 393
392 394
392 395
392 396
392 399
392 400
392 452
392 497
392 701
392 733
393 394
393 396
393 397
393 399
393 400
393 431
393 432
393 471
393 575
393 828
393 858
393 955
393 962
393 993
394 395
394 396
394 397
394 400
394 413
394 495
394 892
394 909
394 941
394 979
395 396
395 397
395 398
395 399
395 400
395 754
395 969
396 397
396 398
396 400
396 562
396 764
396 828
396 860
396 866
396 893
396 982
397 399
397 400
397 418
397 455
397 543
397 633
397 693
397 704
397 724
397 782
397 818
397 853
397 964
398 400
398 489
398 514
398 691
398 795
398 834
398 857
399 400
399 550
399 602
399 633
399 642
399 709
399 873
400 410
400 417
400 425
400 432
400 435
400 464
400 513
400 522
400 888
400 894
400 945
400 963
401 402
401 404
401 405
401 406
401 407
401 408
401 409
401 557
401 638
401 722
401 801
401 829
402 403
402 404
402 405
402 406
402 408
402 410
402 550
402 665
402 709
402 744
402 752
402 911
403 404
403 405
403 406
403 407
403 408
403 409
403 410
403 572
403 830
403 882
403 967
403 986
404 405
404 406
404 407
404 408
404 410
404 441
404 486
404 489
404 539
404 543
404 577
404 597
404 737
404 821
404 891
404 989
404 992
405 406
405 407
405 408
405 409
405 410
405 457
405 554
405 636
405 660
405 698
405 807
406 407
406 408
406 409
406 410
406 574
406 627
406 643
406 737
406 815
406 931
406 932
407 410
407 739
407 898
407 899
408 409
408 410
408 623
408 836
408 935
409 410
409 459
409 492
409 498
409 507
409 578
409 583
409 599
409 616
409 761
409 796
410 820
410 895
411 412
411 414
411 415
411 416
411 417
411 418
411 419
411 420
411 514
411 532
411 625
411 692
412 413
412 414
412 415
412 416
412 417
412 418
412 419
412 420
412 427
412 491
412 539
412 578
412 651
412 741
412 755
412 791
412 931
412 940
412 994
413 414
413 415
413 417
413 418
413 419
413 420
413 427
413 564
413 597
413 851
413 951
413 970
414 415
414 416
414 417
414 418
414 419
414 420
414 602
414 717
414 728
414 792
414 884
414 964
414 976
414 988
414 999
415 417
415 418
415 419
415 420
415 599
415 800
415 801
415 831
415 884
415 910
415 941
415 964
416 417
416 418
416 419
416 420
416 426
416 436
416 463
416 506
416 529
416 592
416 640
416 749
416 904
416 917
416 929
417 418
417 420
417 521
417 526
417 756
417 903
417 973
417 993
417 999
418 419
418 420
418 476
418 526
418 726
418 774
418 799
418 923
418 956
418 969
419 420
419 864
419 956
420 492
420 770
420 776
420 789
420 873
420 918
421 422
421 423
421 424
421 425
421 426
421 427
421 428
421 430
421 451
421 656
422 423
422 424
422 425
422 426
422 427
422 428
422 430
422 791
422 883
422 935
423 425
423 426
423 427
423 428
423 429
423 430
423 532
423 654
423 964
423 968
423 975
424 425
424 427
424 430
424 434
424 525
424 579
424 695
424 698
424 850
424 906
424 981
425 426
425 428
425 429
425 430
425 471
425 523
425 528
425 590
425 624
425 634
425 788
425 796
425 835
426 427
426 428
426 429
426 430
426 473
426 637
426 718
427 428
427 429
427 484
427 501
427 536
427 611
427 666
427 731
427 837
427 843
427 950
428 429
428 430
428 461
428 478
428 621
428 765
428 819
428 873
428 893
428 906
428 917
428 924
428 962
428 975
429 430
429 460
429 509
429 519
429 563
429 581
429 864
429 1000
430 507
430 578
430 749
430 843
430 957
431 432
431 433
431 434
431 436
431 437
431 438
431 439
431 440
431 458
431 500
431 574
431 648
431 695
431 758
431 788
431 844
431 913
431 981
432 433
432 434
432 435
432 436
432 437
432 438
432 439
432 546
432 651
432 727
432 750
432 762
432 967
433 434
433 435
433 436
433 437
433 440
433 475
433 491
433 590
433 600
433 959
434 435
434 439
434 440
434 508
434 610
434 644
434 706
434 775
435 436
435 438
435 440
435 464
435 812
435 838
435 952
436 437
436 438
436 439
436 440
436 505
436 506
436 661
436 942
436 948
437 438
437 440
437 526
437 607
437 715
437 906
438 439
438 440
438 448
438 452
438 698
438 749
438 872
438 915
439 440
439 457
439 715
439 745
439 770
439 850
439 857
439 880
439 964
440 501
440 670
440 694
441 442
441 443
441 446
441 447
441 448
441 449
441 450
441 527
441 673
441 748
441 892
442 446
442 447
442 448
442 449
442 514
442 565
442 591
442 656
442 711
442 746
442 911
442 990
443 444
443 446
443 447
443 491
443 740
443 796
443 825
443 843
443 951
443 961
444 445
444 446
444 447
444 448
444 449
444 450
444 451
444 494
444 538
444 846
444 914
445 447
445 448
445 449
445 450
445 477
445 575
445 604
445 638
445 662
445 688
445 718
445 835
445 893
445 982
446 447
446 449
446 450
446 536
446 640
446 738
446 891
446 894
446 975
447 448
447 449
447 476
447 645
447 762
447 868
448 449
448 450
448 594
448 802
448 875
448 909
448 964
449 450
449 485
449 725
449 753
449 764
449 810
449 856
450 527
450 571
450 651
450 685
450 773
450 779
450 795
450 884
450 976
451 453
451 454
451 455
451 456
451 457
451 458
451 459
451 641
451 830
451 882
452 454
452 456
452 457
452 458
452 460
452 555
452 722
452 822
452 883
453 455
453 456
453 457
453 458
453 459
453 460
453 527
453 600
453 742
453 924
453 943
453 951
454 456
454 458
454 459
454 460
454 529
454 668
455 456
455 457
455 458
455 459
455 460
455 620
455 683
455 721
455 991
456 457
456 459
456 460
456 482
456 578
456 747
456 840
456 920
457 458
457 459
457 460
457 606
457 730
457 739
457 773
457 790
457 831
457 919
457 990
458 459
458 480
458 550
458 676
458 678
459 460
459 513
459 632
459 692
459 774
459 790
460 552
460 602
460 673
461 463
461 464
461 465
461 466
461 467
461 468
461 469
461 470
461 711
461 800
461 846
461 847
462 463
462 464
462 466
462 467
462 469
462 470
462 593
462 764
462 776
462 800
462 950
463 464
463 465
463 466
463 469
463 494
463 505
463 580
463 762
463 838
463 1000
464 466
464 467
464 468
464 469
464 470
464 540
464 565
464 849
465 466
465 467
465 468
465 469
465 470
465 524
465 699
465 768
465 881
465 911
465 966
465 980
466 467
466 468
466 469
466 470
466 481
466 538
466 778
466 867
466 899
467 468
467 469
467 470
467 570
467 574
467 591
467 631
467 694
467 708
467 794
467 888
467 966
467 979
468 469
468 470
468 518
468 624
468 873
469 731
469 792
469 936
470 512
470 747
470 763
470 829
470 890
471 473
471 474
471 475
471 476
471 478
471 479
471 569
471 642
471 973
472 473
472 474
472 475
472 476
472 477
472 478
472 479
472 518
472 561
472 595
472 608
472 698
472 749
472 753
472 792
472 846
472 867
472 910
473 474
473 475
473 476
473 477
473 478
473 479
473 480
473 721
473 933
474 475
474 476
474 478
474 480
474 492
474 803
474 896
474 903
474 976
475 477
475 478
475 480
475 482
475 777
475 831
475 960
476 477
476 478
476 480
476 556
476 855
477 478
477 480
477 611
477 746
477 773
477 789
477 947
478 479
478 480
478 618
478 791
478 951
479 480
479 505
479 597
479 626
479 718
479 875
480 556
480 664
480 752
480 776
480 868
480 911
481 482
481 483
481 484
481 485
481 487
481 488
481 489
481 490
481 634
481 657
481 810
481 816
481 865
481 884
481 981
482 484
482 485
482 487
482 488
482 489
482 490
482 687
482 734
482 772
482 783
482 792
482 911
482 936
482 937
483 484
483 485
483 486
483 487
483 488
483 489
483 499
483 532
483 590
483 609
483 894
484 485
484 486
484 487
484 488
484 489
484 740
484 918
484 945
485 486
485 487
485 488
485 489
485 490
485 642
485 673
485 674
485 779
485 817
485 941
485 1000
486 487
486 488
486 489
486 490
486 552
486 655
486 774
486 945
487 488
487 489
487 640
487 650
487 838
487 970
487 976
488 489
488 490
488 495
488 654
488 819
488 834
488 877
488 908
488 966
488 998
489 490
489 622
489 637
489 717
489 799
489 923
490 539
490 565
490 790
490 898
491 493
491 494
491 495
491 496
491 497
491 498
491 499
491 500
491 589
491 615
491 626
491 720
491 832
491 870
491 996
492 493
492 494
492 495
492 497
492 498
492 499
492 500
492 542
492 565
492 625
492 630
492 724
492 842
492 981
493 494
493 495
493 496
493 497
493 498
493 500
493 554
493 614
493 664
493 847
493 849
493 955
493 992
494 495
494 496
494 498
494 499
494 500
494 511
494 540
495 496
495 497
495 498
495 500
495 532
495 688
495 710
495 799
495 915
496 498
496 798
496 880
496 992
497 498
497 499
497 500
497 661
497 674
497 726
497 834
498 499
498 500
498 560
498 672
499 500
499 508
499 556
499 592
499 738
500 661
500 884
500 968
501 502
501 503
501 504
501 506
501 507
501 508
501 509
501 510
501 563
501 594
501 605
502 503
502 505
502 506
502 507
502 508
502 509
502 529
502 611
502 634
502 792
502 820
502 849
503 504
503 506
503 507
503 569
503 608
503 616
503 676
503 719
503 722
503 735
503 744
503 765
503 897
503 898
503 936
503 944
504 505
504 506
504 507
504 508
504 509
504 510
504 577
504 640
504 741
504 866
505 506
505 509
505 510
505 695
505 738
505 751
505 810
506 507
506 508
506 509
506 683
507 508
507 509
507 510
507 540
507 603
507 627
507 668
507 780
507 838
507 866
507 934
508 510
508 556
508 756
508 807
508 842
508 866
508 889
508 944
509 553
509 606
509 686
509 713
509 752
509 851
509 973
510 521
510 585
510 723
510 861
511 512
511 513
511 514
511 515
511 517
511 518
511 519
511 568
511 840
511 882
511 929
512 513
512 514
512 515
512 516
512 517
512 518
512 519
512 520
512 533
512 764
512 774
512 872
512 887
512 963
512 996
513 515
513 517
513 518
513 519
513 520
513 576
513 584
513 638
513 651
513 706
513 769
513 890
513 906
514 515
514 516
514 517
514 519
514 520
514 543
514 587
514 711
514 811
514 827
515 516
515 517
515 518
515 519
515 520
515 624
515 653
515 655
515 687
516 518
516 520
516 613
516 907
516 967
516 973
517 518
517 519
517 520
517 718
517 974
517 980
517 988
517 989
518 519
518 520
518 553
518 767
518 787
518 941
519 528
519 560
519 624
519 692
519 858
519 880
519 965
520 525
520 767
520 829
520 963
521 522
521 523
521 525
521 527
521 528
521 529
521 530
521 546
521 587
521 588
521 833
522 523
522 524
522 525
522 526
522 527
522 528
522 529
522 625
522 760
522 948
522 990
523 524
523 525
523 527
523 529
523 530
523 552
523 561
523 579
523 653
523 654
523 966
523 971
524 525
524 526
524 527
524 528
524 529
524 530
524 596
524 676
524 809
524 815
524 899
524 945
524 961
525 526
525 527
525 528
525 529
525 744
525 745
526 527
526 528
526 529
526 584
526 982
527 528
527 529
527 569
527 711
527 716
527 879
527 920
528 529
528 530
528 684
528 690
528 868
529 530
529 720
529 814
529 820
529 836
529 923
530 599
530 751
530 783
530 910
531 532
531 533
531 534
531 535
531 536
531 538
531 540
531 602
531 610
531 638
531 701
531 757
531 930
531 940
532 533
532 534
532 537
532 538
532 539
532 540
532 660
532 693
532 784
532 785
532 791
532 803
532 823
532 895
533 534
533 535
533 538
533 539
533 540
533 610
533 621
533 732
533 846
533 920
533 1000
534 535
534 537
534 538
534 540
534 587
534 595
534 736
534 934
534 941
535 536
535 537
535 538
535 539
535 540
535 629
535 776
535 961
535 977
535 985
536 538
536 539
536 602
536 702
536 791
536 966
536 978
537 538
537 539
537 540
537 600
537 756
537 776
538 539
538 540
538 837
538 897
538 921
538 937
538 954
538 978
539 540
539 596
539 730
539 757
539 879
539 953
540 642
540 743
540 934
541 542
541 543
541 544
541 545
541 546
541 547
541 550
541 560
541 569
541 630
541 770
541 812
542 543
542 545
542 546
542 549
542 550
542 854
542 981
543 544
543 546
543 547
543 549
543 550
543 707
543 717
543 736
543 818
543 930
544 546
544 547
544 548
544 549
544 641
544 731
544 950
544 998
545 548
545 549
545 550
545 747
545 782
545 925
545 993
546 547
546 548
546 569
546 856
546 873
546 879
546 891
546 957
547 550
547 603
547 695
547 811
547 839
547 941
548 550
548 721
548 884
548 972
549 571
549 709
549 784
549 865
549 918
549 960
550 866
550 975
551 553
551 554
551 555
551 558
551 559
551 629
551 687
551 728
551 747
551 751
551 768
551 777
551 860
551 903
551 942
551 989
552 554
552 555
552 558
552 559
552 560
552 564
552 566
552 624
552 634
552 898
553 555
553 557
553 558
553 560
553 772
553 814
553 849
553 882
553 909
554 555
554 558
554 559
554 560
554 630
554 673
555 556
555 558
555 559
555 869
555 922
555 961
556 557
556 559
556 560
556 593
556 795
556 851
557 558
557 562
557 584
557 611
557 647
557 796
557 895
557 900
557 971
558 559
558 560
558 586
558 662
558 667
558 878
559 560
559 598
559 602
559 625
559 706
559 796
559 808
559 989
560 693
560 702
560 718
560 842
560 943
560 986
560 997
561 562
561 564
561 565
561 567
561 568
561 569
561 570
561 606
561 696
561 746
561 991
562 564
562 565
562 566
562 567
562 568
562 569
562 570
562 634
562 668
562 736
562 946
562 981
562 984
563 564
563 567
563 568
563 569
563 570
563 575
563 754
563 872
563 880
563 922
564 566
564 567
564 568
564 569
564 570
564 632
564 797
565 566
565 567
565 568
565 569
565 570
565 696
565 780
565 885
566 567
566 570
566 613
566 641
566 777
566 836
566 864
566 952
567 568
567 569
567 570
567 579
567 590
567 596
567 603
567 732
567 746
567 771
567 865
567 994
568 569
568 570
568 604
568 724
568 758
568 775
568 789
568 992
569 596
569 699
569 752
569 880
569 913
569 985
570 698
570 823
570 858
571 572
571 574
571 575
571 576
571 577
571 601
571 662
571 716
571 723
571 754
572 573
572 574
572 575
572 576
572 577
572 578
572 579
572 736
572 806
573 574
573 575
573 576
573 577
573 705
573 872
573 889
573 898
574 575
574 576
574 577
574 578
574 579
574 580
574 615
574 737
574 750
574 753
574 804
574 983
575 576
575 577
575 578
575 579
575 580
575 697
575 718
575 761
575 874
575 903
576 577
576 578
576 579
576 595
576 823
576 886
576 892
577 578
577 580
577 671
577 968
578 579
578 580
578 592
579 658
579 804
579 908
579 923
579 925
580 605
580 709
580 941
580 989
581 582
581 584
581 585
581 586
581 587
581 588
581 589
581 590
581 765
581 795
581 890
582 583
582 584
582 585
582 587
582 588
582 589
582 780
582 810
582 917
583 584
583 585
583 587
583 588
583 589
583 590
583 653
583 666
583 950
583 978
584 585
584 587
584 588
584 589
584 590
584 602
584 804
584 960
585 586
585 587
585 588
585 589
585 590
585 677
585 767
585 812
585 858
586 587
586 588
586 589
586 590
586 720
586 839
586 932
586 952
587 588
587 589
587 590
587 607
587 686
587 744
587 755
587 799
588 589
588 590
588 639
588 644
588 882
588 916
588 983
589 590
589 597
589 648
589 733
589 783
590 634
590 663
590 666
590 673
590 698
590 784
590 798
590 860
590 890
590 899
590 930
591 594
591 595
591 597
591 598
591 599
591 600
591 617
591 706
591 743
591 770
591 835
591 904
591 941
591 954
591 963
591 996
592 593
592 595
592 596
592 597
592 599
592 600
592 891
592 932
593 594
593 595
593 596
593 597
593 598
593 599
593 600
593 732
593 939
594 595
594 596
594 597
594 598
594 599
594 600
594 635
594 819
595 596
595 597
595 598
595 600
595 873
596 597
596 598
596 600
596 733
596 944
596 957
597 598
597 599
597 600
597 712
597 719
597 791
597 863
597 867
597 896
597 998
598 599
598 600
598 613
598 639
598 691
598 697
598 859
598 890
598 949
599 600
599 933
599 966
600 640
600 707
600 749
600 962
601 602
601 603
601 604
601 605
601 606
601 607
601 608
601 609
601 610
601 694
601 803
601 813
601 847
602 603
602 604
602 605
602 606
602 607
602 608
602 609
602 610
602 614
602 618
602 991
603 604
603 605
603 606
603 607
603 608
603 610
603 616
603 662
603 716
603 965
604 605
604 608
604 609
604 610
604 628
604 682
604 685
604 787
605 606
605 607
605 609
605 610
605 857
606 608
606 609
606 610
606 625
606 683
606 684
606 830
606 933
606 936
607 608
607 609
607 610
607 791
607 977
608 609
608 896
609 610
609 705
609 832
609 876
609 926
609 929
609 941
610 748
610 754
610 810
610 860
611 613
611 614
611 615
611 616
611 617
611 618
611 619
611 704
611 744
611 809
612 613
612 614
612 615
612 616
612 617
612 618
612 619
612 620
612 698
612 799
612 911
612 921
612 936
612 964
613 614
613 615
613 617
613 618
613 619
613 620
613 719
613 765
613 888
613 925
614 616
614 619
614 620
614 787
615 616
615 617
615 618
615 619
615 643
615 652
615 737
615 786
615 862
616 617
616 618
616 619
616 620
616 673
616 714
616 725
616 928
617 618
617 619
617 620
617 659
617 702
617 734
617 940
617 944
617 964
617 982
618 619
618 620
618 669
618 709
618 732
618 752
618 815
619 620
619 677
619 747
619 868
620 636
620 647
620 806
620 823
620 934
621 622
621 623
621 624
621 625
621 626
621 629
621 630
621 684
621 767
621 918
622 623
622 624
622 625
622 626
622 628
622 629
622 630
622 672
622 693
622 916
622 980
622 998
623 624
623 625
623 626
623 627
623 628
623 629
623 630
623 764
623 765
623 783
623 845
623 906
624 625
624 626
624 627
624 629
624 630
625 626
625 629
625 640
625 805
625 854
625 860
626 627
626 628
626 629
626 630
626 758
626 789
626 856
626 937
626 949
627 628
627 629
627 637
627 643
627 697
628 639
628 747
628 823
629 675
629 785
629 805
629 964
630 646
630 688
630 830
630 861
630 885
630 967
631 632
631 633
631 634
631 636
631 637
631 638
631 796
631 943
632 633
632 634
632 635
632 636
632 637
632 639
632 640
632 853
633 635
633 636
633 637
633 638
633 639
633 696
634 635
634 636
634 637
634 639
634 640
634 745
634 750
634 790
634 800
634 904
635 637
635 638
635 639
635 640
636 637
636 638
636 639
636 640
636 709
636 721
636 780
636 959
637 638
637 811
637 843
637 969
638 639
638 880
638 938
638 945
639 707
639 742
640 658
640 868
640 904
640 945
641 642
641 644
641 645
641 646
641 647
641 648
641 649
641 650
641 728
641 903
642 643
642 645
642 646
642 647
642 649
642 650
642 702
642 814
642 815
642 835
643 645
643 646
643 647
643 648
643 649
643 650
643 705
643 880
644 647
644 649
644 826
645 646
645 647
645 648
645 650
645 774
645 845
645 880
645 994
646 648
646 649
646 650
646 664
646 705
646 741
646 830
646 844
646 998
647 648
647 649
647 650
647 822
647 931
647 946
647 978
647 990
648 649
648 650
648 688
648 981
649 650
649 766
649 776
649 943
650 652
650 811
651 652
651 653
651 655
651 657
651 659
651 660
651 821
651 906
652 653
652 654
652 655
652 658
652 660
652 702
652 759
652 760
652 790
652 829
652 837
652 851
652 895
652 958
652 981
653 654
653 656
653 657
653 658
653 694
653 715
653 880
654 655
654 657
654 658
654 660
654 723
654 815
654 941
655 657
655 658
655 659
655 763
655 815
655 883
656 657
656 658
656 659
656 860
656 951
656 971
657 658
657 659
657 660
657 681
657 761
657 804
657 958
657 981
658 659
658 682
658 708
658 780
658 825
658 887
659 660
659 661
659 838
659 851
659 876
659 895
659 955
660 761
660 865
660 961
660 991
661 662
661 663
661 664
661 665
661 666
661 667
661 668
661 670
661 746
661 835
661 843
661 982
662 663
662 664
662 665
662 666
662 667
662 668
662 669
662 670
662 876
662 956
662 968
663 664
663 665
663 666
663 667
663 668
663 669
663 670
663 776
663 873
663 941
664 665
664 667
664 668
664 669
664 670
664 690
664 899
664 987
665 666
665 667
665 668
665 670
665 693
665 757
665 781
665 891
666 667
666 668
666 669
666 670
667 669
667 688
667 800
667 875
667 989
668 669
668 670
668 680
668 753
668 884
668 914
668 955
669 670
669 675
669 681
669 752
669 861
670 729
670 906
671 672
671 673
671 674
671 675
671 676
671 678
671 679
671 680
671 872
671 880
672 673
672 675
672 677
672 679
672 680
672 982
673 674
673 675
673 676
673 677
673 679
673 680
673 731
673 770
673 790
673 891
674 675
674 677
674 678
674 679
674 680
674 754
674 811
674 846
674 897
675 676
675 677
675 678
675 679
675 680
675 782
675 796
675 841
676 677
676 679
676 680
677 678
677 680
678 679
678 680
678 791
678 927
679 680
679 861
680 730
680 740
680 832
681 682
681 683
681 685
681 686
681 687
681 689
681 690
681 804
681 843
681 887
681 893
681 938
681 973
682 683
682 684
682 686
682 687
682 688
682 690
682 701
682 720
682 732
683 684
683 686
683 687
683 689
683 690
683 713
683 731
683 883
684 685
684 686
684 689
684 690
684 743
684 823
684 826
685 686
685 687
685 688
685 689
685 690
685 919
685 927
686 687
686 688
686 689
686 690
686 862
687 688
687 689
687 690
687 738
687 739
687 762
687 943
687 956
688 689
688 690
688 703
688 709
688 762
688 860
689 690
689 856
690 699
690 778
690 796
690 875
690 885
690 967
691 692
691 693
691 694
691 696
691 697
691 698
691 699
691 722
691 843
691 898
691 934
692 693
692 694
692 695
692 696
692 697
692 699
692 700
692 852
692 998
693 694
693 695
693 696
693 697
693 698
693 699
694 695
694 696
694 697
694 698
694 699
694 700
694 775
694 874
694 988
695 696
695 697
695 892
696 697
696 698
696 699
696 700
696 727
696 805
696 902
697 698
697 700
697 710
697 796
697 965
698 699
698 700
698 818
698 833
698 947
699 700
699 734
699 751
699 785
699 832
700 746
700 952
701 704
701 706
701 707
701 708
701 709
701 710
701 729
701 768
701 786
701 835
701 968
701 992
702 704
702 706
702 707
702 708
702 709
702 710
702 812
702 850
702 989
702 994
703 704
703 705
703 706
703 707
703 708
703 709
703 710
703 816
704 705
704 706
704 707
704 708
704 709
704 710
704 739
704 807
704 997
705 706
705 707
705 708
705 709
705 710
705 890
705 914
705 951
705 998
706 811
706 909
707 708
707 710
707 867
707 968
708 709
708 767
708 800
708 968
708 991
709 781
709 890
709 897
709 920
709 944
710 726
710 762
711 712
711 713
711 714
711 715
711 716
711 717
711 718
711 719
711 720
711 783
711 905
711 949
711 982
712 713
712 715
712 716
712 717
712 718
712 719
712 720
713 714
713 715
713 716
713 717
713 718
713 719
713 720
714 716
714 717
714 718
714 719
714 720
714 926
714 983
715 716
715 717
715 718
715 719
715 738
715 909
716 717
716 718
716 719
716 720
716 862
716 878
716 906
717 719
717 720
718 719
718 723
719 720
719 864
719 927
719 967
720 761
720 784
721 722
721 723
721 724
721 725
721 726
721 727
721 728
721 729
721 730
721 872
722 723
722 724
722 725
722 726
722 727
722 728
722 730
722 759
722 912
722 957
723 724
723 726
723 727
723 728
723 730
723 756
723 818
723 861
723 868
723 873
723 899
723 995
724 726
724 727
724 728
724 729
724 730
724 746
724 773
724 834
724 851
725 727
725 728
725 729
725 730
725 790
725 832
725 902
726 727
726 729
726 730
726 893
726 966
727 728
727 730
727 904
727 932
727 954
728 730
728 767
728 790
728 795
728 947
729 730
729 872
729 945
730 853
730 925
731 732
731 733
731 734
731 735
731 737
731 738
731 739
731 740
731 765
732 734
732 735
732 736
732 737
732 738
732 739
732 740
733 735
733 736
733 737
733 739
733 740
733 837
733 883
734 735
734 738
734 739
734 740
734 778
734 791
734 914
734 963
735 736
735 737
735 738
735 739
735 740
735 845
735 847
736 737
736 738
736 739
736 740
736 801
736 921
737 738
737 739
737 740
737 749
738 739
738 740
738 772
738 907
738 956
738 974
739 740
739 785
739 821
739 972
740 790
740 959
741 742
741 743
741 744
741 747
741 748
741 750
741 830
741 833
741 908
742 743
742 744
742 745
742 746
742 747
742 748
742 749
742 981
743 744
743 745
743 746
743 748
743 750
743 988
744 745
744 746
744 747
744 748
744 749
744 750
744 796
744 890
745 746
745 747
745 748
745 749
745 750
745 771
745 941
745 988
746 747
746 748
746 749
746 750
746 756
746 780
746 889
746 963
747 748
747 750
747 775
747 806
747 842
747 874
747 884
748 749
748 750
748 809
748 840
748 857
748 910
748 970
749 750
749 897
749 924
750 762
750 766
750 905
750 965
751 752
751 754
751 755
751 756
751 757
751 758
751 760
751 767
751 831
751 923
751 955
752 753
752 754
752 755
752 756
752 757
752 758
752 759
752 760
752 771
752 823
753 754
753 755
753 756
753 758
753 759
753 894
754 756
754 757
754 758
754 759
754 760
755 756
755 758
755 759
755 760
755 785
755 790
755 799
756 757
756 758
756 759
756 760
757 759
757 760
757 778
758 759
758 927
759 760
759 781
760 788
760 880
760 882
760 994
761 762
761 763
761 764
761 766
761 767
761 769
761 859
761 963
762 763
762 764
762 765
762 767
762 768
762 769
762 770
762 822
762 827
762 917
763 764
763 765
763 766
763 768
763 770
763 806
763 986
764 765
764 768
764 769
764 770
765 767
765 768
765 867
765 875
765 964
766 770
766 893
766 915
766 972
766 994
767 770
767 842
767 993
768 769
768 770
768 771
769 770
769 872
769 979
770 905
770 982
771 772
771 773
771 774
771 775
771 776
771 778
771 779
771 780
771 876
771 921
771 989
772 773
772 775
772 777
772 780
772 825
772 998
773 775
773 776
773 777
773 778
773 779
773 938
773 963
773 980
774 776
774 777
774 778
774 779
774 780
774 920
774 958
775 776
775 778
775 779
775 805
775 819
775 918
775 966
775 988
776 777
776 778
776 779
776 780
776 997
777 778
777 779
777 780
777 784
777 965
778 779
778 780
778 829
778 838
778 915
779 780
779 891
779 975
780 803
780 872
780 969
781 782
781 783
781 784
781 785
781 787
781 788
781 790
781 795
781 918
782 784
782 785
782 786
782 787
782 788
782 789
782 790
782 812
782 819
783 784
783 785
783 786
783 787
783 788
783 789
783 790
783 798
783 856
783 957
783 987
783 995
784 785
784 786
784 787
784 789
784 790
784 913
784 941
784 963
785 786
785 788
785 789
785 790
785 954
786 787
786 788
786 789
786 790
786 985
787 788
787 789
787 790
788 789
788 790
788 828
789 790
789 822
789 962
789 969
790 791
790 829
791 792
791 794
791 795
791 796
791 797
791 799
791 946
792 793
792 794
792 795
792 796
792 797
792 798
792 799
792 800
793 794
793 795
793 796
793 797
793 798
793 799
793 838
793 871
793 883
794 796
794 797
794 799
794 842
794 844
794 957
794 962
795 797
795 798
795 799
795 800
795 872
795 994
796 797
796 798
796 800
796 970
796 991
797 798
797 800
797 983
797 991
798 799
798 800
798 811
798 898
799 800
800 929
800 958
801 803
801 804
801 806
801 807
801 808
801 809
801 810
801 894
801 910
801 975
801 985
802 803
802 804
802 805
802 807
802 808
802 810
802 816
802 897
803 804
803 805
803 807
803 808
803 810
803 816
803 918
804 806
804 807
804 808
804 809
804 810
804 816
804 826
804 882
804 976
805 806
805 807
805 808
805 809
805 810
805 997
806 807
806 809
806 810
806 838
806 977
807 808
807 809
807 811
807 947
808 809
808 810
808 819
808 827
808 849
808 914
808 972
809 810
809 907
810 848
810 855
810 856
811 812
811 815
811 816
811 817
811 818
811 819
812 813
812 814
812 815
812 816
812 817
812 818
812 819
812 820
812 940
813 814
813 815
813 816
813 817
813 819
813 820
813 875
813 903
813 923
814 815
814 816
814 817
814 818
814 820
814 850
814 858
815 816
815 817
815 818
815 819
815 820
815 907
815 946
816 817
816 818
816 819
816 820
816 888
816 890
816 941
817 818
818 820
818 907
818 984
820 890
820 921
821 824
821 825
821 826
821 827
821 828
821 906
822 823
822 824
822 825
822 826
822 828
822 829
822 833
823 824
823 825
823 826
823 827
823 901
823 930
823 952
824 825
824 826
824 828
824 829
824 830
824 892
824 948
824 975
824 995
825 826
825 827
825 828
825 846
825 902
826 827
826 828
826 830
826 892
826 933
827 830
827 949
828 829
828 830
828 944
829 830
829 842
829 849
830 984
831 832
831 833
831 835
831 836
831 839
831 840
831 963
832 833
832 834
832 835
832 836
832 837
832 839
832 840
833 834
833 835
833 836
833 837
833 838
833 839
833 840
834 835
834 836
834 837
834 838
834 839
834 840
834 862
834 895
835 836
835 837
835 838
835 840
836 840
836 877
836 923
836 991
837 839
837 840
837 845
838 840
838 925
841 842
841 843
841 845
841 846
841 848
841 850
841 880
841 982
842 843
842 844
842 847
842 848
842 849
842 850
842 857
843 844
843 845
843 846
843 847
843 848
843 849
843 850
843 968
844 845
844 847
844 848
844 849
844 850
844 913
844 978
845 846
845 847
845 848
845 849
845 850
845 861
846 847
846 849
846 850
846 949
847 848
847 849
847 850
847 891
848 850
848 876
848 952
849 850
849 906
850 872
851 852
851 853
851 856
851 858
851 859
851 860
851 964
852 853
852 854
852 855
852 856
852 857
852 858
852 859
852 860
853 855
853 857
853 858
853 860
854 855
854 856
854 858
854 860
854 966
855 856
855 857
855 858
855 859
855 860
855 967
856 857
856 858
856 859
856 860
856 909
856 989
857 858
857 859
858 859
858 872
858 935
859 860
859 890
860 914
860 941
860 965
861 862
861 863
861 864
861 865
861 866
861 867
861 868
861 870
862 863
862 864
862 865
862 866
862 867
862 869
862 870
862 916
862 966
862 991
863 864
863 865
863 866
863 867
863 868
863 870
864 865
864 866
864 867
864 868
864 869
864 870
865 866
865 867
865 868
865 869
865 870
865 882
866 867
866 869
866 870
866 875
866 934
866 965
866 976
866 984
866 987
867 868
867 869
867 870
867 881
867 991
868 869
868 870
869 870
869 906
871 875
871 876
871 878
871 879
871 880
871 973
872 873
872 874
872 875
872 876
872 877
872 878
872 879
872 880
872 908
873 874
873 876
873 877
873 878
873 879
873 880
873 899
873 961
874 875
874 876
874 877
874 878
874 879
874 880
875 876
875 880
876 877
876 878
877 879
877 880
878 880
878 945
879 951
879 959
881 882
881 883
881 885
881 886
881 887
881 888
881 889
881 890
881 918
881 973
882 883
882 885
882 886
882 887
882 888
882 890
882 973
883 884
883 885
883 886
883 887
883 888
883 889
884 885
884 886
884 887
884 888
884 889
884 890
884 961
885 886
885 887
885 888
885 889
885 890
885 915
885 956
886 887
886 889
886 890
887 888
887 889
888 889
888 890
888 917
888 993
889 890
889 924
889 999
890 933
891 892
891 893
891 895
891 898
891 899
891 902
891 992
892 893
892 895
892 896
892 897
892 898
892 899
893 894
893 895
893 898
893 900
893 904
894 895
894 896
894 902
894 995
895 896
895 898
895 900
895 944
896 897
896 899
896 900
896 914
896 990
897 898
897 899
897 900
898 899
898 900
898 918
899 900
901 902
901 903
901 904
901 905
901 906
901 907
901 908
901 909
901 910
902 903
902 904
902 907
902 908
902 909
902 910
902 985
903 904
903 905
903 908
903 909
903 910
903 911
904 905
904 906
904 907
904 908
904 910
904 942
905 906
905 907
905 908
905 909
905 910
906 907
906 908
906 909
906 910
907 908
907 909
907 942
907 945
907 952
908 909
908 910
909 910
909 926
910 957
910 991
911 912
911 913
911 914
911 915
911 916
911 918
911 985
912 913
912 914
912 916
912 917
912 918
912 920
913 915
913 916
913 917
913 918
913 919
913 920
914 916
914 918
914 919
914 920
914 990
915 916
915 917
915 918
915 919
915 920
916 917
916 918
916 919
916 973
916 998
917 918
917 919
917 920
918 920
918 925
918 939
918 974
919 920
919 972
920 957
921 922
921 923
921 924
921 925
921 927
921 930
921 951
922 923
922 924
922 925
922 927
922 928
922 929
922 930
923 924
923 925
923 926
923 929
923 930
924 925
924 927
924 928
924 930
925 927
925 928
925 929
925 930
926 927
926 928
926 930
926 946
927 928
927 929
927 930
928 929
928 930
929 930
931 932
931 933
931 934
931 935
931 936
931 937
931 939
931 943
931 983
932 933
932 934
932 935
932 937
932 939
932 940
933 934
933 936
933 937
933 938
933 939
933 940
933 966
934 935
934 937
934 939
934 940
935 936
935 937
935 938
935 939
935 940
936 938
936 939
936 940
937 938
937 939
937 940
939 940
939 995
940 971
941 942
941 943
941 944
941 946
941 947
941 948
941 950
942 944
942 945
942 946
942 947
942 948
942 949
942 950
943 944
943 945
943 947
943 948
943 949
944 945
944 946
944 947
944 948
944 950
944 956
944 966
944 990
945 946
945 948
945 949
946 947
946 948
946 949
946 950
947 950
948 949
948 950
950 973
951 952
951 953
951 954
951 955
951 956
951 957
951 959
951 973
951 977
952 953
952 954
952 958
952 959
952 960
953 954
953 957
953 958
953 959
953 960
953 980
954 955
954 957
954 958
954 959
954 960
954 967
954 989
954 992
955 958
955 959
955 960
956 957
956 959
956 960
957 959
957 960
958 959
958 960
959 960
961 962
961 963
961 964
961 966
961 967
961 968
961 970
962 963
962 964
962 965
962 966
962 967
962 968
962 969
962 970
963 964
963 966
963 967
963 969
963 970
964 966
964 968
964 969
964 970
965 967
965 968
965 969
966 967
966 968
966 970
967 968
967 969
967 970
968 969
969 970
970 978
971 972
971 973
971 974
971 975
971 976
971 977
971 978
971 979
971 980
972 973
972 974
972 975
972 976
972 977
972 978
972 979
972 980
973 974
973 975
973 976
973 977
973 978
973 979
973 980
974 975
974 976
974 977
974 978
974 979
974 980
974 993
975 976
975 978
975 979
976 979
976 980
976 987
977 978
977 979
977 980
978 979
978 980
978 988
979 980
981 982
981 983
981 984
981 985
981 987
981 988
981 989
981 990
981 998
982 983
982 984
982 985
982 986
982 989
982 990
983 984
983 985
983 986
983 987
983 988
983 989
983 990
984 985
984 986
984 987
984 988
984 989
984 990
985 987
985 988
985 989
986 987
986 988
986 990
987 988
987 989
987 990
988 989
988 990
989 990
991 992
991 993
991 994
991 995
991 996
991 997
991 998
991 999
991 1000
992 993
992 994
992 995
992 996
992 998
992 999
992 1000
993 994
993 995
993 996
993 997
993 999
993 1000
994 995
994 997
994 998
994 999
994 1000
995 996
995 997
995 998
995 999
995 1000
996 997
996 998
996 1000
997 998
997 999
997 1000
998 999
998 1000
