1000 8525
1 2
1 3
1 4
1 6
1 8
1 9
1 10
1 48
1 56
1 129
1 142
1 147
1 209
1 267
1 280
1 452
1 468
1 773
1 837
2 3
2 4
2 5
2 6
2 8
2 10
2 160
2 180
2 186
2 252
2 364
2 408
2 414
2 588
2 634
2 659
3 4
3 5
3 7
3 8
3 9
3 10
3 22
3 28
3 142
3 159
3 176
3 196
3 380
3 632
3 712
3 919
3 994
4 5
4 6
4 7
4 8
4 9
4 10
4 396
4 436
4 528
4 619
4 680
4 914
5 6
5 7
5 8
5 9
5 275
5 652
5 662
5 718
5 948
5 952
5 988
6 7
6 8
6 10
6 113
6 154
6 166
6 204
6 381
6 397
6 923
7 8
7 10
7 230
7 420
7 515
7 588
7 626
7 651
7 795
7 880
7 922
7 937
8 10
8 142
8 216
8 243
8 309
8 432
8 445
8 466
8 481
8 741
9 10
9 61
9 71
9 167
9 180
9 357
9 386
9 484
9 545
9 551
9 717
10 20
10 33
10 257
10 291
10 376
10 822
10 994
11 13
11 14
11 15
11 16
11 17
11 18
11 19
11 20
11 117
11 370
11 421
11 481
11 575
11 777
11 917
11 925
11 981
12 13
12 14
12 16
12 17
12 18
12 19
12 20
12 148
12 231
12 232
12 443
12 452
12 547
12 559
12 566
12 576
12 642
12 770
12 777
12 840
12 882
12 920
12 975
13 14
13 16
13 18
13 19
13 20
13 287
13 338
13 508
13 675
13 829
13 856
13 873
13 960
14 15
14 17
14 19
14 20
14 249
14 329
14 360
14 460
14 553
14 595
14 611
14 676
14 703
14 870
15 16
15 17
15 18
15 19
15 72
15 122
15 217
15 394
15 399
15 415
15 419
15 539
15 607
16 17
16 19
16 20
16 222
16 369
16 563
16 676
16 723
16 990
17 18
17 19
17 20
17 80
17 135
17 464
17 640
17 641
17 838
17 927
18 19
18 20
18 43
18 107
18 214
18 267
18 270
18 292
18 354
18 466
18 808
18 978
19 20
19 82
19 94
19 296
19 324
19 325
19 662
19 706
19 798
20 46
20 101
20 151
20 253
20 299
20 428
20 683
20 704
20 908
20 913
20 967
21 22
21 23
21 24
21 27
21 28
21 29
21 30
21 76
21 197
21 308
21 495
21 498
21 543
21 748
21 883
21 920
22 23
22 24
22 26
22 27
22 29
22 58
22 73
22 92
22 179
22 181
22 235
22 284
22 398
22 568
22 681
22 776
22 894
22 924
22 954
23 24
23 26
23 27
23 28
23 29
23 30
23 271
23 468
23 547
23 598
23 801
23 826
24 25
24 26
24 27
24 28
24 30
24 64
24 140
24 275
24 465
24 683
24 800
24 854
24 950
25 26
25 27
25 28
25 29
25 30
25 53
25 167
25 231
25 347
25 355
25 623
25 653
25 810
25 829
26 27
26 28
26 29
26 30
26 131
26 218
26 289
26 317
26 507
26 669
26 811
26 915
26 920
27 28
27 29
27 30
27 139
27 382
27 568
27 621
27 650
27 753
27 757
27 789
27 819
27 874
28 29
28 32
28 382
28 403
28 868
28 882
28 961
28 979
29 30
29 49
29 178
29 303
29 334
29 514
29 632
29 676
29 694
29 778
29 888
29 915
30 64
30 272
30 329
30 379
30 415
30 433
30 545
30 651
30 677
30 862
30 871
30 998
31 32
31 33
31 34
31 35
31 36
31 37
31 38
31 39
31 41
31 62
31 128
31 247
31 272
31 391
31 406
31 422
31 478
31 591
31 620
31 798
31 993
32 34
32 35
32 37
32 38
32 39
32 256
32 363
32 383
32 657
32 741
32 787
32 848
32 945
32 977
33 34
33 35
33 36
33 37
33 39
33 40
33 107
33 133
33 179
33 183
33 323
33 334
33 411
33 474
33 546
33 679
33 692
33 964
34 35
34 36
34 37
34 38
34 39
34 40
34 234
34 246
34 476
34 516
34 540
34 599
34 646
34 807
34 869
34 953
35 36
35 39
35 110
35 358
35 373
35 466
35 574
35 694
35 699
35 736
35 930
35 948
36 37
36 38
36 40
36 100
36 475
36 752
36 803
36 935
37 38
37 96
37 135
37 168
37 213
37 496
37 627
37 726
37 951
38 39
38 40
38 242
38 272
38 306
38 469
38 509
38 552
38 619
38 859
38 922
38 951
39 40
39 184
39 304
39 500
39 537
39 911
39 943
40 141
40 268
40 284
40 380
40 633
40 751
40 807
40 928
40 985
40 998
41 42
41 43
41 45
41 46
41 49
41 74
41 204
41 235
41 241
41 468
41 561
41 848
41 886
41 894
42 43
42 44
42 45
42 46
42 47
42 49
42 99
42 107
42 113
42 260
42 297
42 376
42 466
42 506
42 751
42 752
42 785
42 860
42 974
43 44
43 45
43 46
43 47
43 48
43 49
43 189
43 194
43 272
43 298
43 350
43 383
43 534
43 717
43 849
43 861
43 881
43 883
44 45
44 46
44 47
44 48
44 49
44 50
44 84
44 87
44 195
44 339
44 585
44 632
44 730
44 767
44 851
45 47
45 48
45 49
45 50
45 304
45 390
45 484
45 534
45 896
46 48
46 49
46 76
46 163
46 295
46 449
46 494
46 556
46 764
46 839
47 48
47 49
47 93
47 300
47 304
47 391
47 488
47 543
47 663
48 49
48 50
48 263
48 382
48 418
48 471
48 614
48 868
49 50
49 114
49 334
49 640
49 737
50 61
50 71
50 197
50 287
50 303
50 401
50 537
50 598
50 780
50 834
51 52
51 53
51 54
51 55
51 56
51 58
51 59
51 60
51 73
51 141
51 185
51 223
51 572
51 591
51 684
51 706
51 801
52 53
52 56
52 57
52 58
52 59
52 60
52 195
52 286
52 455
52 628
52 781
52 885
52 891
53 54
53 55
53 56
53 57
53 58
53 59
53 72
53 89
53 297
53 370
53 493
53 516
53 579
53 621
53 622
53 832
53 893
53 951
54 55
54 56
54 57
54 58
54 59
54 60
54 74
54 625
54 631
54 651
54 663
54 832
54 958
55 56
55 57
55 58
55 59
55 134
55 189
55 378
55 454
55 544
55 582
55 623
55 633
55 668
55 714
55 875
55 912
56 57
56 58
56 59
56 174
56 200
56 358
56 445
56 591
56 617
56 756
56 822
56 892
57 58
57 59
57 60
57 279
57 412
57 572
57 635
57 858
57 905
57 976
58 59
58 60
58 146
58 155
58 403
58 492
58 597
58 693
58 749
58 840
58 854
58 897
59 60
59 156
59 308
59 681
59 749
59 797
59 896
59 897
60 87
60 157
60 268
60 398
60 443
60 450
60 480
60 663
60 716
60 813
60 844
60 920
60 957
61 62
61 63
61 64
61 65
61 66
61 67
61 68
61 69
61 70
61 490
61 717
61 783
61 905
61 919
62 63
62 64
62 65
62 67
62 68
62 69
62 84
62 142
62 218
62 257
62 295
62 561
62 668
62 873
62 932
62 990
63 64
63 65
63 66
63 68
63 69
63 129
63 148
63 286
63 515
63 516
63 738
63 848
63 886
63 958
64 65
64 66
64 67
64 69
64 176
64 406
64 447
64 452
64 948
64 949
64 961
65 66
65 69
65 70
65 90
65 140
65 186
65 237
65 315
65 661
65 789
65 796
65 958
65 960
66 67
66 68
66 69
66 70
66 188
66 193
66 532
66 601
66 669
66 726
66 755
66 854
67 69
67 70
67 343
67 676
67 782
67 790
67 798
67 799
67 835
67 844
67 914
68 69
68 70
68 117
68 200
68 284
68 326
68 537
68 589
68 711
68 764
68 844
68 957
69 70
69 126
69 175
69 224
69 272
69 278
69 463
69 759
69 824
69 937
69 948
69 952
69 986
70 232
70 259
70 279
70 568
70 584
70 685
70 767
70 967
71 73
71 74
71 75
71 77
71 78
71 79
71 80
71 225
71 516
71 585
71 684
71 685
71 719
71 743
71 833
71 904
72 73
72 74
72 75
72 76
72 77
72 78
72 79
72 80
72 194
72 284
72 404
72 629
72 640
73 74
73 75
73 76
73 77
73 79
73 80
73 263
73 401
73 473
73 606
73 740
73 756
73 884
73 922
74 75
74 77
74 78
74 79
74 80
74 204
74 270
74 274
74 313
74 428
74 508
74 599
74 625
74 782
74 844
74 869
74 959
75 76
75 77
75 78
75 79
75 80
75 115
75 127
75 273
75 350
75 532
75 551
75 763
75 766
75 920
76 77
76 78
76 80
76 101
76 321
76 373
76 450
76 579
76 602
76 731
76 746
76 776
76 821
76 896
77 78
77 79
77 80
77 108
77 293
77 308
77 351
77 391
77 405
77 506
77 566
77 686
77 766
77 784
77 822
77 895
77 908
77 956
78 79
78 80
78 98
78 202
78 326
78 373
78 478
78 657
78 706
78 878
78 934
79 80
79 212
79 355
79 506
79 652
79 828
79 840
79 866
79 890
79 924
80 86
80 118
80 213
80 239
80 494
80 675
80 869
80 897
80 958
81 82
81 83
81 85
81 87
81 88
81 90
81 205
81 322
81 489
82 83
82 84
82 85
82 86
82 90
82 96
82 123
82 179
82 232
82 447
82 641
82 654
82 683
82 697
82 829
82 942
82 965
82 967
83 85
83 86
83 87
83 88
83 89
83 181
83 326
83 402
83 509
83 598
83 667
83 845
83 904
84 85
84 87
84 88
84 89
84 90
84 96
84 113
84 171
84 190
84 261
84 346
84 423
84 459
84 598
84 861
85 87
85 88
85 89
85 90
85 112
85 149
85 267
85 500
85 507
85 515
85 584
85 588
85 648
85 744
85 856
86 88
86 89
86 90
86 249
86 544
86 563
86 575
86 651
86 667
86 695
86 745
87 88
87 89
87 90
87 357
87 458
87 466
87 505
87 550
87 620
87 629
87 633
87 680
87 769
87 831
87 897
88 89
88 90
88 174
88 182
88 208
88 223
88 350
88 415
88 616
88 785
88 838
88 900
88 948
89 90
89 98
89 243
89 297
89 390
89 441
89 465
89 568
89 596
89 724
89 782
89 806
90 119
90 304
90 429
90 585
90 823
90 831
90 863
91 92
91 93
91 94
91 95
91 96
91 97
91 98
91 99
91 100
91 104
91 129
91 208
91 248
91 344
91 433
91 544
91 778
91 781
91 835
92 94
92 95
92 96
92 98
92 99
92 100
92 507
93 94
93 96
93 97
93 98
93 225
93 267
93 358
93 463
93 519
93 736
93 751
93 759
93 918
94 95
94 96
94 97
94 98
94 99
94 143
94 194
94 259
94 300
94 394
94 403
94 473
94 729
94 734
94 794
94 814
94 868
94 949
95 98
95 99
95 174
95 314
95 369
95 504
95 568
95 788
95 795
95 845
96 98
96 99
96 100
96 122
96 268
96 400
96 609
96 639
96 715
96 827
96 846
96 854
97 98
97 99
97 183
97 429
97 486
97 529
97 568
97 636
97 649
97 672
97 715
97 718
97 827
97 829
97 906
98 99
98 100
98 170
98 179
98 289
98 361
98 395
98 587
98 783
98 874
98 988
99 100
99 150
99 347
99 367
99 373
99 438
99 519
99 736
99 778
99 786
99 943
99 949
99 952
100 263
100 393
100 452
100 473
100 523
100 617
100 689
100 744
100 825
100 946
101 102
101 103
101 106
101 107
101 108
101 109
101 156
101 392
101 402
101 516
101 625
101 683
101 695
102 104
102 105
102 106
102 107
102 108
102 161
102 220
102 273
102 284
102 294
102 338
102 442
102 524
102 655
102 805
102 865
103 104
103 105
103 106
103 109
103 110
103 145
103 210
103 279
103 358
103 421
103 723
103 758
103 773
103 816
103 836
103 970
103 991
104 107
104 110
104 182
104 331
104 452
104 480
104 523
104 556
104 767
104 826
105 106
105 107
105 109
105 110
105 314
105 513
105 585
105 769
105 781
105 796
105 863
105 901
105 932
105 974
106 107
106 108
106 109
106 110
106 464
106 517
106 558
106 676
106 690
106 703
106 712
106 760
106 916
107 108
107 109
107 152
107 275
107 318
107 425
107 579
107 677
107 735
107 769
107 871
108 109
108 203
108 323
108 373
108 378
108 518
108 576
108 577
108 579
108 625
108 641
108 813
108 843
109 110
109 314
109 383
109 406
109 453
109 608
109 723
109 766
109 774
109 930
109 959
110 134
110 165
110 183
110 298
110 426
110 473
110 506
110 540
110 658
110 885
111 114
111 115
111 116
111 119
111 120
111 496
111 594
111 598
111 710
111 820
111 829
111 905
111 942
112 113
112 114
112 115
112 116
112 117
112 118
112 119
112 120
112 204
112 360
112 594
112 596
112 663
113 114
113 115
113 116
113 117
113 118
113 362
113 428
113 455
113 572
113 704
113 764
113 782
113 989
114 116
114 118
114 119
114 120
114 402
114 480
114 645
114 762
114 898
115 116
115 118
115 119
115 120
115 435
115 503
115 518
115 655
115 723
115 851
116 118
116 120
116 193
116 245
116 261
116 482
116 723
116 746
116 852
116 893
117 119
117 120
117 452
117 514
117 640
117 711
117 884
117 899
117 904
117 963
118 120
118 215
118 309
118 466
118 499
118 629
119 120
119 241
119 249
119 436
119 546
119 647
119 948
120 141
120 299
120 444
120 469
120 503
120 573
120 804
120 811
120 862
120 895
121 122
121 123
121 124
121 126
121 127
121 128
121 129
121 130
121 178
121 185
121 245
121 291
121 317
121 463
121 813
121 825
121 929
122 123
122 125
122 126
122 127
122 128
122 129
122 130
122 143
122 173
122 500
122 563
122 573
122 579
122 648
122 650
122 878
122 931
123 124
123 126
123 127
123 128
123 129
123 130
123 220
123 308
123 362
123 380
123 466
123 601
123 643
123 793
123 922
123 998
123 999
124 126
124 127
124 128
124 129
124 130
124 168
124 429
124 476
124 520
124 555
124 598
124 643
124 646
124 764
124 812
124 823
124 895
124 985
125 126
125 127
125 128
125 129
125 130
125 319
125 427
125 446
125 523
125 524
125 583
125 630
125 768
125 790
125 843
125 916
126 127
126 128
126 130
126 388
126 393
126 505
126 658
126 760
126 845
126 894
126 991
127 128
127 130
127 210
127 859
127 869
128 129
128 266
128 281
128 600
128 724
128 761
128 803
128 889
128 957
128 989
129 356
129 375
129 381
129 543
129 571
129 698
129 975
130 140
130 147
130 239
130 282
130 581
130 681
130 752
130 768
130 786
130 811
131 132
131 134
131 135
131 136
131 137
131 138
131 140
131 294
131 327
131 410
131 558
131 655
131 810
131 896
131 930
132 133
132 134
132 135
132 139
132 140
132 595
132 914
133 134
133 135
133 136
133 137
133 138
133 139
133 308
133 495
133 512
133 665
133 860
133 878
133 892
133 920
134 135
134 136
134 138
134 140
134 367
134 611
134 624
134 654
134 836
134 955
135 137
135 138
135 139
135 140
135 179
135 211
135 321
135 770
136 137
136 139
136 140
136 207
136 309
136 369
136 444
136 447
136 468
136 645
136 772
136 844
136 862
136 864
136 937
137 138
137 139
137 205
137 215
137 248
137 372
137 435
137 884
137 891
137 928
138 139
138 214
138 283
138 313
138 331
138 383
138 423
138 430
138 586
138 686
138 687
138 692
138 907
138 912
138 924
138 927
139 140
139 175
139 400
139 483
139 631
139 795
139 908
139 935
139 957
140 643
140 799
140 849
140 925
141 142
141 143
141 147
141 148
141 149
141 150
141 271
141 644
141 677
141 928
141 945
141 960
142 143
142 144
142 145
142 146
142 147
142 148
142 149
142 150
142 183
142 441
142 477
142 500
142 541
142 654
142 770
142 844
142 986
143 145
143 147
143 148
143 149
143 150
143 196
143 300
143 405
143 647
143 649
143 891
143 918
143 927
143 986
144 146
144 147
144 148
144 149
144 187
144 404
144 470
144 503
144 574
144 586
144 604
144 663
144 781
144 819
144 956
144 958
145 147
145 148
145 150
145 455
145 616
145 721
145 803
145 849
146 148
146 149
146 150
146 174
146 307
146 321
146 651
146 662
146 754
146 804
146 971
147 148
147 149
147 150
147 283
147 290
147 319
147 336
147 424
147 558
147 859
147 929
148 149
148 150
148 174
148 189
148 262
148 345
148 389
148 542
148 589
148 623
148 704
148 736
148 877
148 924
148 935
149 161
149 168
149 504
149 982
150 215
150 311
150 438
150 512
150 633
150 661
150 822
150 826
150 999
150 1000
151 152
151 153
151 154
151 155
151 156
151 157
151 159
151 160
151 170
151 198
151 764
151 800
151 891
152 153
152 154
152 155
152 156
152 157
152 158
152 159
152 164
152 195
152 236
152 335
152 451
152 484
152 533
152 608
152 612
152 634
152 673
152 686
152 731
152 738
152 740
153 154
153 155
153 156
153 157
153 158
153 159
153 160
153 204
153 236
153 466
153 559
153 702
153 703
153 733
153 784
153 840
153 947
154 157
154 158
154 159
154 183
154 289
154 325
154 353
154 457
154 483
154 560
154 569
154 644
154 736
154 769
154 839
155 156
155 157
155 158
155 159
155 160
155 163
155 324
155 365
155 524
155 624
155 781
155 976
156 157
156 158
156 159
156 176
156 286
156 489
156 498
156 542
156 577
156 607
156 621
156 626
156 788
156 854
156 950
157 158
157 159
157 160
157 355
157 507
157 551
157 556
157 557
157 620
157 653
157 726
157 840
157 936
158 159
158 264
158 411
158 568
158 664
158 688
158 804
158 871
158 876
158 916
159 160
159 336
159 702
159 711
159 952
159 992
160 181
160 207
160 225
160 242
160 264
160 304
160 603
160 768
161 162
161 163
161 164
161 166
161 167
161 168
161 169
161 289
161 394
161 455
161 490
161 515
161 529
161 623
161 644
161 710
161 880
162 163
162 164
162 165
162 166
162 167
162 168
162 169
162 170
162 186
162 193
162 546
162 573
162 576
162 717
163 164
163 165
163 167
163 178
163 245
163 273
163 332
163 606
163 770
163 808
163 913
164 165
164 166
164 167
164 168
164 169
164 170
164 428
164 449
164 615
164 808
164 918
164 938
164 957
165 166
165 167
165 169
165 170
165 245
165 257
165 286
165 324
165 361
165 456
165 490
165 501
165 509
165 526
165 598
165 790
165 993
166 167
166 168
166 169
166 170
166 314
166 538
166 639
166 688
166 953
167 169
167 170
167 206
167 251
167 382
167 392
167 507
167 531
167 664
167 762
167 767
167 829
167 882
167 970
168 170
168 242
168 288
168 380
168 667
168 720
168 753
168 805
168 1000
169 170
169 345
169 379
169 386
169 397
169 583
169 614
169 791
169 817
169 876
169 898
170 285
170 367
170 383
170 596
170 743
170 751
170 801
170 849
170 882
170 992
171 172
171 173
171 174
171 177
171 178
171 180
171 210
171 291
171 330
171 348
171 412
171 600
171 633
171 779
171 923
171 945
172 173
172 175
172 176
172 177
172 178
172 179
172 180
172 300
172 311
172 616
172 633
172 654
172 845
172 848
172 952
172 984
173 174
173 175
173 176
173 177
173 178
173 179
173 198
173 261
173 439
173 717
173 736
173 795
173 798
174 176
174 177
174 178
174 179
174 180
174 198
174 233
174 323
174 342
174 371
174 469
174 496
174 505
174 512
174 569
174 580
174 642
174 716
174 926
175 176
175 177
175 178
175 180
175 370
175 508
175 554
175 659
175 665
175 773
175 821
175 856
176 177
176 178
176 179
176 180
176 385
176 403
176 411
176 459
176 528
176 613
176 623
176 662
176 696
176 698
176 705
176 738
176 756
176 796
176 858
176 869
176 962
176 978
177 178
177 179
177 180
177 238
177 322
177 363
177 401
177 505
177 513
177 789
177 801
177 930
177 978
178 179
178 228
178 271
178 304
178 644
178 657
178 854
178 975
179 180
179 187
179 221
179 319
179 571
179 701
179 853
180 209
180 219
180 292
180 655
180 659
180 671
180 681
180 765
180 772
180 839
181 182
181 184
181 186
181 187
181 188
181 190
181 227
181 241
181 287
181 338
181 570
181 575
181 615
181 720
181 766
181 774
181 863
181 914
182 183
182 184
182 186
182 187
182 188
182 189
182 190
182 239
182 287
182 432
182 774
182 784
182 867
182 896
183 184
183 186
183 187
183 189
183 190
183 276
183 315
183 332
183 410
183 801
183 952
184 185
184 186
184 188
184 189
184 190
184 219
184 716
184 768
184 898
184 994
185 186
185 188
185 189
185 190
185 301
185 707
185 777
186 187
186 189
186 190
186 477
186 587
186 952
186 997
187 188
187 189
187 278
187 329
187 345
187 398
187 400
187 488
187 678
187 700
187 800
187 876
187 986
188 190
188 233
188 375
188 502
188 542
188 582
188 657
188 781
188 829
188 847
188 851
189 190
189 482
189 508
189 509
189 585
189 688
190 257
190 293
190 308
190 332
190 436
190 563
190 663
190 716
190 790
190 819
191 192
191 193
191 194
191 196
191 197
191 199
191 243
191 289
191 322
191 387
191 430
191 465
191 835
191 890
191 935
191 939
191 970
191 977
191 993
192 194
192 195
192 196
192 197
192 198
192 199
192 200
192 206
192 292
192 338
192 386
192 523
192 556
192 651
192 829
193 194
193 195
193 197
193 198
193 199
193 416
193 575
194 195
194 196
194 199
194 200
194 223
194 406
194 727
194 748
194 862
194 975
195 196
195 197
195 198
195 199
195 200
195 248
195 438
195 443
195 896
195 931
195 985
196 197
196 198
196 199
196 284
196 293
196 311
196 475
196 481
196 571
196 702
196 753
196 785
196 804
197 198
197 199
197 200
197 226
197 267
197 282
197 285
197 286
197 289
197 608
197 663
197 675
197 735
197 775
197 915
197 987
198 199
198 200
198 219
198 470
198 776
198 830
198 853
198 930
199 424
199 441
199 563
199 593
199 667
199 797
199 856
200 223
200 354
200 565
200 709
200 833
200 924
201 203
201 205
201 208
201 209
201 210
201 223
201 284
201 349
201 394
201 443
201 523
201 525
201 569
201 592
201 654
201 716
201 722
201 761
201 850
202 203
202 204
202 205
202 206
202 207
202 208
202 210
202 364
202 398
202 484
202 542
202 593
202 614
202 627
202 642
202 833
202 923
203 204
203 205
203 207
203 209
203 210
203 310
203 366
203 549
203 650
203 687
203 772
204 205
204 206
204 208
204 224
204 234
204 409
204 427
204 486
204 632
204 639
204 671
204 710
204 730
205 207
205 208
205 209
205 210
205 337
205 340
205 368
205 552
205 640
205 694
205 745
206 207
206 208
206 210
206 220
206 226
206 248
206 332
206 370
206 386
206 393
206 539
206 564
206 572
206 586
206 646
206 756
206 852
206 887
206 930
206 933
206 937
207 209
207 210
207 234
207 270
207 354
207 411
207 551
207 678
207 874
207 876
207 938
207 959
207 979
208 210
208 291
208 370
208 422
208 451
208 457
208 524
208 578
208 611
208 666
209 210
209 372
209 396
209 439
209 504
209 533
209 707
209 817
209 843
209 895
210 316
210 412
210 526
210 614
210 945
211 212
211 213
211 215
211 216
211 218
211 219
211 220
211 308
211 611
211 876
211 893
212 213
212 214
212 215
212 217
212 218
212 219
212 220
212 308
212 328
212 410
212 465
212 481
212 542
212 605
212 607
212 897
213 214
213 215
213 216
213 217
213 218
213 219
213 220
213 512
213 523
213 619
213 818
213 967
214 215
214 216
214 217
214 218
214 219
214 220
214 559
214 694
214 696
214 698
215 216
215 217
215 218
215 219
215 220
215 308
215 316
215 390
215 431
215 471
215 573
215 579
215 626
215 758
215 783
215 798
215 908
216 217
216 218
216 219
216 220
216 262
216 264
216 358
216 469
216 867
216 969
217 219
217 310
217 417
217 459
217 536
217 678
217 709
217 729
217 785
217 795
217 810
217 836
217 876
217 951
217 999
218 220
218 306
218 402
218 517
218 737
218 859
218 919
218 940
219 220
219 243
219 289
219 373
219 569
219 806
219 889
219 894
219 996
220 374
220 517
220 614
220 679
220 704
220 758
220 816
220 873
220 906
220 939
221 222
221 223
221 225
221 226
221 227
221 228
221 229
221 230
221 300
221 438
221 458
221 466
221 539
221 575
221 779
221 823
221 956
222 223
222 224
222 227
222 228
222 229
222 230
222 269
222 315
222 642
222 685
222 723
222 790
222 907
223 224
223 226
223 227
223 228
223 230
223 262
223 532
223 688
223 831
223 991
224 225
224 226
224 227
224 228
224 229
224 230
224 395
224 401
224 500
224 766
224 840
225 227
225 228
225 229
225 230
225 295
225 338
225 354
225 803
225 825
225 895
225 981
226 227
226 229
226 230
226 234
226 248
226 308
226 482
226 497
226 543
226 876
226 892
226 900
227 228
227 229
227 230
227 232
227 385
227 623
227 664
227 698
227 770
227 965
228 229
228 230
228 397
228 611
228 683
228 817
228 843
229 370
229 422
229 515
229 563
229 606
229 711
229 713
229 814
229 821
229 871
229 946
230 280
230 445
230 476
230 583
230 603
230 607
230 611
230 943
230 956
230 981
230 982
230 985
231 232
231 233
231 234
231 235
231 236
231 238
231 239
231 240
231 294
231 331
231 507
231 631
231 644
231 645
231 693
231 829
232 233
232 235
232 236
232 237
232 240
232 576
232 660
232 785
232 864
232 871
232 872
232 883
233 234
233 235
233 236
233 237
233 238
233 239
233 240
233 253
233 297
233 573
233 878
234 235
234 237
234 239
234 240
234 399
234 523
234 869
234 886
234 889
234 913
235 236
235 238
235 239
235 240
235 549
235 667
235 753
235 818
235 954
235 960
236 237
236 238
236 239
236 240
236 379
236 460
236 492
236 500
236 548
236 586
236 598
236 653
236 833
236 892
237 238
237 239
237 249
237 347
237 446
237 458
237 549
237 550
237 561
237 849
237 896
238 239
238 351
238 602
238 758
238 938
238 975
239 240
239 263
239 318
239 412
239 550
239 691
240 245
240 341
240 436
240 458
240 494
240 543
240 544
240 627
240 634
240 727
240 918
241 242
241 243
241 244
241 247
241 248
241 249
241 250
241 316
241 336
241 348
241 439
241 468
241 618
241 779
241 953
242 243
242 244
242 247
242 248
242 249
242 264
242 388
242 425
242 477
242 625
242 642
242 707
242 751
242 754
242 826
243 244
243 245
243 246
243 248
243 249
243 250
243 261
243 485
243 656
243 834
243 851
244 245
244 246
244 247
244 248
244 249
244 250
244 330
244 441
244 643
244 866
244 891
244 935
244 980
245 246
245 249
245 250
245 286
245 446
245 523
245 568
245 687
245 704
245 743
245 762
245 969
246 248
246 249
246 250
246 253
246 383
246 450
246 528
246 790
247 248
247 249
247 250
247 330
247 366
247 563
247 678
247 948
248 249
248 250
248 299
248 445
248 623
248 640
248 724
248 730
248 805
248 925
249 281
249 402
249 654
249 757
249 767
249 770
249 776
249 968
250 310
250 359
250 602
250 677
250 895
250 965
250 988
250 990
250 994
251 252
251 253
251 254
251 255
251 256
251 257
251 259
251 460
251 462
251 484
251 518
251 521
251 548
251 712
251 741
251 785
251 837
251 848
251 902
251 909
251 949
251 969
252 253
252 254
252 256
252 257
252 258
252 259
252 260
252 394
252 460
252 469
252 592
252 647
252 648
252 744
252 762
252 799
252 804
252 887
252 941
253 256
253 257
253 258
253 259
253 260
253 336
253 493
253 574
253 592
253 680
253 713
253 755
253 840
254 255
254 257
254 258
254 259
254 260
254 461
254 709
254 740
254 799
254 806
254 947
255 256
255 257
255 258
255 259
255 260
255 365
255 391
255 394
255 432
255 458
255 556
255 630
255 875
256 257
256 259
256 260
256 419
256 435
256 595
256 670
256 752
256 774
256 778
256 859
257 258
257 259
257 275
257 338
257 376
257 385
257 386
257 399
257 503
257 511
257 946
258 259
258 260
258 296
258 443
258 596
258 633
258 696
258 890
258 918
259 335
259 477
259 587
259 610
259 843
259 927
260 346
260 627
260 816
260 905
260 908
261 262
261 263
261 265
261 266
261 269
261 270
261 272
261 327
261 349
261 360
261 448
261 499
261 631
261 654
261 665
261 892
262 263
262 264
262 266
262 267
262 268
262 269
262 613
262 693
262 830
263 264
263 266
263 268
263 269
263 410
263 471
263 980
264 265
264 266
264 267
264 268
264 269
264 270
264 284
264 336
264 454
264 463
264 594
264 611
264 752
264 754
264 762
264 806
264 871
265 266
265 267
265 268
265 269
265 270
265 278
265 299
265 361
265 501
265 566
265 608
265 695
265 968
266 268
266 269
266 270
266 285
266 331
266 373
266 374
266 455
266 458
266 515
266 523
266 630
266 709
266 774
267 268
267 269
267 399
267 432
267 646
267 674
267 939
267 950
267 971
268 269
268 270
268 582
268 739
268 815
268 985
269 270
269 391
269 554
269 581
269 601
269 615
269 661
269 677
269 833
269 836
269 876
269 891
270 291
270 380
270 450
270 478
270 654
270 745
270 811
270 842
270 844
271 272
271 273
271 275
271 276
271 277
271 278
271 279
271 373
271 414
271 438
271 637
271 684
271 913
271 995
272 273
272 274
272 275
272 276
272 277
272 279
272 280
272 342
272 349
272 471
272 481
272 821
272 846
272 884
272 937
272 953
272 984
273 274
273 276
273 277
273 278
273 279
273 280
273 284
273 306
273 378
273 489
273 511
273 549
273 630
273 641
273 688
273 868
273 872
274 276
274 277
274 278
274 279
274 345
274 372
274 469
274 523
274 605
274 889
274 914
275 276
275 277
275 278
275 279
275 280
275 366
275 434
275 457
275 560
275 692
275 751
275 794
275 953
275 998
276 277
276 280
276 321
276 503
276 653
276 799
276 876
276 911
277 278
277 279
277 280
277 351
277 353
277 595
277 704
277 865
277 937
278 279
278 280
278 317
278 334
278 450
278 453
278 530
278 554
278 595
278 786
278 887
279 280
279 510
279 627
279 708
279 756
279 784
279 886
280 289
280 353
280 382
280 518
280 636
280 651
280 833
280 919
281 284
281 285
281 286
281 288
281 289
281 290
281 308
281 311
281 424
281 430
281 565
281 672
282 283
282 285
282 288
282 289
282 290
282 295
282 318
282 355
282 369
282 388
282 703
282 757
282 962
283 284
283 285
283 287
283 289
283 290
283 294
283 321
283 435
283 456
283 461
283 489
283 504
283 754
283 765
283 793
284 285
284 286
284 287
284 288
284 356
284 423
284 439
284 517
284 557
284 648
284 675
285 286
285 287
285 288
285 289
285 290
285 418
285 420
285 456
285 560
285 600
285 865
285 965
286 287
286 288
286 290
286 384
286 410
286 590
286 770
286 783
286 803
286 804
286 817
286 830
286 861
286 863
286 909
287 288
287 290
287 425
287 557
287 570
287 654
287 673
287 714
287 751
288 289
288 290
288 331
288 419
288 487
288 496
288 570
288 620
288 739
288 742
289 346
289 356
289 442
289 575
289 757
289 808
289 877
290 333
290 335
290 581
290 687
290 790
290 906
290 975
290 987
291 292
291 293
291 294
291 296
291 300
291 444
291 512
291 541
291 618
291 625
291 742
292 293
292 294
292 295
292 296
292 297
292 299
292 346
292 485
292 486
292 494
292 558
292 621
292 778
292 980
293 294
293 295
293 296
293 299
293 300
293 442
293 484
293 520
293 634
293 685
293 815
293 882
294 296
294 298
294 299
294 300
294 454
294 533
294 592
295 296
295 297
295 298
295 299
295 331
295 401
295 403
295 490
295 555
295 603
295 659
295 725
295 859
295 918
295 940
296 297
296 298
296 299
296 300
296 328
296 401
296 420
296 615
296 854
296 967
297 298
297 299
297 300
297 421
297 582
297 588
297 637
297 718
297 797
297 889
297 941
298 299
298 316
298 393
298 549
298 644
298 651
298 682
298 762
298 784
298 882
299 300
299 387
299 567
299 593
299 654
299 771
299 812
300 304
300 353
300 387
300 414
300 703
300 714
300 759
300 951
301 303
301 304
301 305
301 307
301 308
301 309
301 310
301 651
301 835
301 854
301 998
302 303
302 304
302 306
302 307
302 308
302 309
302 310
302 411
302 542
302 632
302 642
302 681
302 725
302 736
302 829
302 883
303 304
303 305
303 306
303 308
303 309
303 310
303 537
303 563
303 660
303 725
303 733
303 797
303 823
303 829
303 886
303 920
303 940
304 306
304 307
304 308
304 310
304 405
304 513
304 565
304 720
304 796
304 802
304 920
305 306
305 307
305 308
305 417
305 532
305 631
305 682
305 700
305 748
305 761
305 787
305 792
305 866
305 884
305 941
306 307
306 308
306 309
306 310
306 332
306 366
306 466
306 483
306 487
306 518
306 627
306 768
306 822
307 308
307 309
307 310
307 355
307 595
307 657
307 841
307 913
308 309
308 310
308 339
308 443
308 615
308 871
308 872
308 877
309 310
309 332
309 349
309 378
309 398
309 467
309 485
309 541
309 676
309 698
309 715
309 817
310 311
310 354
310 488
310 605
310 784
311 312
311 313
311 314
311 315
311 317
311 320
311 425
311 639
311 731
311 825
311 861
312 314
312 315
312 316
312 317
312 318
312 319
312 320
312 346
312 489
312 555
312 649
312 656
312 715
312 726
312 897
312 954
313 314
313 316
313 319
313 427
313 609
313 842
313 956
314 315
314 316
314 318
314 319
314 320
314 333
314 388
314 414
314 435
314 735
314 864
314 951
315 316
315 317
315 318
315 319
315 320
315 337
315 353
315 482
315 612
315 654
315 754
315 786
315 912
316 318
316 319
316 355
316 464
316 629
316 806
316 810
316 840
316 942
317 318
317 319
317 320
317 529
317 537
317 590
317 655
317 672
317 683
317 788
317 986
318 319
318 320
318 510
318 525
318 566
318 603
318 757
318 923
318 958
319 320
319 486
319 634
319 699
319 860
319 967
320 329
320 489
320 524
320 543
320 588
320 723
320 990
321 322
321 323
321 324
321 325
321 328
321 364
321 444
321 484
321 494
321 524
321 614
321 771
322 323
322 325
322 327
322 328
322 476
322 545
322 652
322 685
322 766
323 324
323 325
323 327
323 328
323 342
323 529
323 552
323 571
323 595
323 648
323 710
323 857
323 870
323 887
323 890
324 325
324 326
324 327
324 328
324 329
324 330
324 352
324 644
324 731
324 786
324 813
324 827
324 890
324 986
325 327
325 328
325 329
325 330
325 466
325 841
325 934
326 328
326 329
326 330
326 509
326 560
326 777
326 883
326 922
326 971
327 329
327 330
327 404
327 472
327 500
327 522
327 543
327 632
327 671
327 674
327 730
327 746
327 941
327 979
328 329
328 330
328 362
328 557
328 571
328 582
328 606
328 620
328 786
328 861
328 872
328 997
329 330
329 385
329 447
329 475
329 731
329 773
329 783
329 822
329 846
329 918
329 962
330 331
330 575
330 596
330 858
330 871
330 916
330 920
330 948
331 332
331 333
331 334
331 335
331 336
331 337
331 338
331 339
331 340
331 373
331 414
331 580
331 608
331 620
331 726
331 860
331 903
332 334
332 335
332 336
332 337
332 338
332 339
332 340
332 349
332 412
332 415
332 491
332 595
332 647
332 798
332 879
332 881
333 334
333 335
333 338
333 339
333 340
333 408
333 617
333 666
333 728
333 752
333 984
333 989
333 997
334 335
334 336
334 337
334 338
334 340
334 389
334 452
334 494
334 507
334 613
334 626
334 698
334 802
334 807
335 336
335 337
335 338
335 339
335 682
335 853
335 924
335 925
335 962
336 338
336 339
336 340
336 659
336 840
336 949
336 980
336 993
337 338
337 339
337 340
337 411
337 466
337 501
337 640
337 684
337 844
337 884
337 910
337 994
338 339
338 340
338 345
338 489
338 572
338 721
338 971
338 975
339 340
339 421
339 548
339 559
339 604
339 617
339 633
339 721
339 740
339 762
339 793
339 854
339 899
340 355
340 373
340 434
340 455
340 534
340 624
340 656
340 737
340 766
340 811
341 342
341 343
341 346
341 347
341 348
341 350
341 427
341 434
341 481
341 580
341 938
342 343
342 344
342 345
342 347
342 348
342 349
342 350
342 375
342 482
342 707
342 710
342 806
342 961
343 345
343 346
343 347
343 348
343 470
343 483
343 776
343 803
343 846
343 887
343 888
344 346
344 347
344 349
344 350
344 695
344 748
344 764
344 804
344 829
344 917
345 346
345 349
345 350
345 360
345 376
345 432
345 658
345 745
345 787
345 890
345 912
345 926
346 347
346 349
346 350
346 460
346 518
346 596
346 798
347 349
347 350
347 687
347 844
348 349
348 350
348 691
348 799
348 978
349 488
349 536
349 602
349 675
349 910
349 931
349 945
350 519
350 614
350 620
350 649
350 719
350 723
350 734
350 893
350 998
351 352
351 353
351 354
351 355
351 356
351 357
351 358
351 360
351 428
351 512
351 697
351 712
351 741
351 836
351 846
351 883
352 353
352 355
352 356
352 357
352 358
352 359
352 360
352 545
352 549
352 708
353 355
353 356
353 357
353 358
353 359
353 360
353 461
353 526
353 757
353 803
354 355
354 357
354 358
354 365
354 490
354 522
354 581
354 633
354 693
354 855
355 356
355 357
355 358
355 359
355 492
355 495
355 534
355 598
355 677
355 858
355 873
355 906
355 945
355 957
356 359
356 360
356 554
356 602
356 749
356 887
356 894
356 954
357 358
357 359
357 360
357 525
357 545
357 635
357 721
357 852
358 359
358 363
358 412
358 553
358 838
359 360
359 365
359 385
359 414
359 625
359 996
360 389
360 443
360 485
360 502
360 618
360 639
360 762
360 915
360 993
361 363
361 364
361 365
361 366
361 368
361 370
361 596
361 600
361 664
361 735
361 810
361 854
361 868
361 936
361 992
362 363
362 364
362 365
362 366
362 367
362 368
362 369
362 370
362 538
362 588
362 665
362 722
362 748
362 754
362 830
362 903
362 959
362 972
362 995
363 364
363 365
363 366
363 367
363 368
363 370
363 518
363 563
363 617
363 707
363 786
363 925
363 931
364 365
364 366
364 367
364 368
364 369
364 370
364 499
364 985
365 367
365 369
365 370
365 485
365 493
365 530
365 687
365 789
365 883
366 367
366 369
366 370
366 581
366 654
366 709
366 777
367 368
367 369
367 370
367 390
367 392
367 552
367 779
367 855
368 369
368 370
368 419
368 427
368 468
368 535
368 542
368 553
368 576
368 817
368 833
368 844
368 960
369 370
369 572
369 691
369 737
369 795
370 617
370 682
370 847
370 958
371 372
371 373
371 375
371 377
371 378
371 379
371 380
371 422
371 636
371 641
371 866
371 915
371 968
371 989
372 374
372 375
372 376
372 377
372 378
372 379
372 380
372 640
372 653
372 760
372 784
372 796
372 986
373 375
373 376
373 378
373 380
373 442
373 574
373 661
373 709
373 910
374 375
374 376
374 377
374 378
374 379
374 380
374 388
374 532
374 554
374 651
374 805
374 880
374 933
374 978
374 987
375 377
375 379
375 380
375 633
375 763
375 802
375 962
376 378
376 658
377 378
377 379
377 380
377 571
377 595
377 625
377 653
377 749
377 781
377 838
378 379
378 459
378 612
378 771
378 882
378 913
378 972
379 380
379 432
379 529
379 601
379 618
379 717
379 842
379 856
380 512
380 544
380 594
380 601
380 757
380 814
380 860
380 985
381 383
381 384
381 386
381 387
381 390
381 406
381 473
381 548
381 592
381 605
381 616
381 798
381 952
381 988
381 997
382 383
382 385
382 386
382 387
382 388
382 389
382 390
382 397
382 481
382 491
382 498
382 499
382 548
382 612
382 695
382 776
382 944
382 981
383 384
383 385
383 386
383 388
383 390
383 702
383 717
383 764
383 787
383 801
383 975
384 385
384 386
384 387
384 388
384 389
384 390
384 438
384 695
384 862
385 386
385 387
385 389
385 390
385 529
385 644
385 686
385 695
385 789
385 809
385 877
385 925
385 939
386 387
386 388
386 390
386 487
386 517
386 544
386 651
386 725
386 848
386 852
386 887
386 925
386 930
387 388
387 389
387 390
387 471
387 477
387 781
387 943
387 954
388 389
388 390
388 463
388 473
388 648
388 695
388 817
388 837
388 959
389 425
389 499
389 541
390 586
391 392
391 393
391 394
391 396
391 397
391 400
391 450
391 774
391 822
391 910
392 393
392 394
392 395
392 396
392 400
392 427
392 873
392 972
392 981
393 394
393 395
393 396
393 397
393 398
393 399
393 406
393 657
393 684
393 861
393 993
394 395
394 396
394 397
394 398
394 399
394 400
394 429
394 616
394 790
394 950
395 396
395 397
395 398
395 399
395 400
395 446
395 667
395 767
395 782
395 789
395 819
395 940
395 959
396 397
396 398
396 399
396 400
396 479
396 612
396 626
396 675
396 757
396 871
396 895
397 398
397 399
397 400
397 437
397 506
397 694
397 716
397 789
398 399
398 400
398 507
398 532
398 642
398 771
398 842
398 918
399 400
399 414
399 547
399 752
400 491
400 625
400 721
400 763
400 956
401 402
401 403
401 404
401 405
401 406
401 407
401 408
401 409
401 410
401 665
401 735
401 761
401 788
401 943
402 403
402 404
402 405
402 406
402 408
402 409
402 444
402 506
402 614
402 767
402 906
403 404
403 405
403 407
403 408
403 409
403 410
403 491
403 638
403 655
403 725
403 770
403 939
403 974
404 406
404 407
404 408
404 409
404 410
404 545
404 601
404 869
405 407
405 408
405 409
405 437
405 442
405 536
405 656
405 700
405 733
405 783
405 835
405 900
405 922
405 952
406 407
406 408
406 410
406 447
406 491
406 605
406 796
406 888
406 975
406 987
407 408
407 410
407 594
407 638
407 650
407 714
408 409
408 410
408 514
408 622
408 638
408 689
408 779
409 464
409 742
409 758
409 821
409 966
410 468
410 497
410 669
410 848
410 924
410 940
410 948
410 963
410 966
410 973
411 412
411 413
411 414
411 418
411 419
411 420
411 956
412 413
412 414
412 415
412 416
412 418
412 419
412 420
412 479
412 511
412 520
412 536
412 537
412 635
412 762
412 863
412 919
413 414
413 418
413 419
413 420
413 426
413 437
413 494
413 596
413 906
414 415
414 416
414 418
414 575
414 680
414 806
414 846
415 416
415 417
415 418
415 473
415 988
416 418
416 419
416 420
416 442
416 449
416 505
416 565
416 697
417 418
417 419
417 420
417 678
417 802
417 940
417 961
418 419
418 420
418 479
418 522
418 738
418 771
418 838
418 925
418 928
419 420
419 509
419 548
419 563
419 598
419 706
419 755
419 812
419 825
419 829
419 851
420 462
420 718
420 739
420 860
420 882
420 991
421 422
421 423
421 424
421 425
421 426
421 427
421 428
421 429
421 430
421 577
421 890
421 917
422 423
422 424
422 425
422 426
422 429
422 430
422 525
422 548
422 638
422 716
422 773
422 922
422 989
423 424
423 426
423 427
423 429
423 430
423 579
423 763
424 425
424 428
424 429
424 430
424 474
424 481
424 578
424 668
424 755
424 824
424 957
424 975
425 426
425 427
425 428
425 429
425 607
425 926
426 427
426 428
426 429
426 430
426 442
426 465
426 706
426 842
427 428
427 429
427 430
427 437
427 477
427 519
427 568
427 667
427 689
427 766
427 817
428 429
428 432
428 496
428 524
428 541
428 584
428 605
428 703
428 765
428 823
428 855
428 950
429 481
429 505
429 606
429 677
429 948
430 476
430 481
430 659
430 681
430 715
430 736
430 783
430 841
430 845
430 890
431 432
431 433
431 434
431 436
431 437
431 438
431 439
431 440
431 452
431 693
431 699
432 433
432 434
432 435
432 436
432 437
432 438
432 439
432 477
432 623
432 938
433 434
433 435
433 436
433 437
433 438
433 439
433 440
433 510
433 550
433 681
433 806
433 818
433 922
434 435
434 436
434 437
434 438
434 440
434 528
434 552
434 583
434 627
435 436
435 437
435 438
435 439
435 440
435 665
435 719
435 720
435 910
435 928
435 969
436 437
436 438
436 439
436 493
436 546
436 627
436 669
436 857
436 885
436 899
436 957
437 438
437 439
437 440
437 514
437 547
437 635
437 887
437 955
438 439
438 440
438 483
438 514
438 532
438 539
438 575
438 593
438 636
438 724
438 856
439 440
439 617
439 675
439 880
439 900
440 522
440 532
440 549
440 581
440 762
440 998
441 442
441 443
441 445
441 446
441 447
441 448
441 450
441 526
441 747
441 762
441 920
442 443
442 444
442 445
442 446
442 447
442 448
442 449
442 450
442 544
442 589
442 713
442 850
442 866
442 929
443 444
443 445
443 446
443 447
443 448
443 449
443 510
443 720
443 995
444 446
444 447
444 449
444 463
444 592
444 597
444 849
444 938
445 446
445 447
445 449
445 457
445 482
445 625
445 670
445 703
445 774
446 447
446 448
446 449
446 536
446 682
446 817
446 926
446 933
447 449
447 450
447 461
447 579
447 806
447 845
447 929
448 449
448 450
448 494
448 638
448 755
448 894
448 943
449 450
449 508
449 514
449 528
449 599
449 602
449 923
449 998
450 810
450 993
451 452
451 453
451 454
451 455
451 456
451 458
451 460
451 482
451 546
451 614
451 617
451 623
451 678
451 738
452 454
452 455
452 457
452 458
452 459
452 477
452 635
452 681
452 828
452 887
452 936
453 455
453 456
453 458
453 460
453 485
453 490
453 515
453 540
453 557
453 589
453 656
453 798
453 841
453 887
453 985
454 456
454 457
454 458
454 459
454 460
454 475
454 524
454 535
454 576
454 729
454 745
454 855
454 932
454 933
455 456
455 457
455 458
455 459
455 460
455 764
455 870
456 458
456 459
456 460
456 501
456 761
456 819
457 458
457 459
457 470
457 507
457 533
457 846
457 853
457 931
457 936
457 953
457 956
458 460
458 581
458 624
458 627
458 662
458 720
458 745
458 830
458 987
459 460
459 692
459 736
460 510
460 575
460 878
460 922
460 926
461 462
461 463
461 464
461 465
461 468
461 470
461 487
461 594
461 626
461 628
461 649
461 976
462 466
462 467
462 468
462 469
462 470
462 721
462 848
463 465
463 466
463 468
463 469
463 470
463 486
463 554
463 678
464 465
464 467
464 469
464 541
464 571
464 953
465 466
465 467
465 468
465 469
465 470
465 690
465 860
465 920
466 467
466 468
466 470
466 495
466 591
466 644
467 468
467 470
467 510
467 631
468 469
468 470
468 504
468 825
469 470
469 730
470 858
470 999
471 472
471 473
471 474
471 475
471 476
471 477
471 478
471 479
471 480
471 739
471 978
472 473
472 474
472 475
472 476
472 477
472 478
472 479
472 480
472 500
472 587
472 637
472 731
472 782
472 852
472 968
473 475
473 476
473 477
473 479
473 480
473 486
473 631
473 765
473 772
474 475
474 477
474 478
474 479
474 480
474 721
474 743
474 817
475 476
475 477
475 478
475 479
475 480
475 681
475 683
475 870
475 897
476 477
476 478
476 479
476 519
476 667
476 745
476 861
477 478
477 479
477 480
477 570
477 589
477 670
477 795
477 852
477 993
478 479
478 480
478 539
478 646
478 870
478 969
479 480
479 496
479 738
479 758
479 759
479 900
479 996
480 543
480 817
480 850
481 482
481 484
481 485
481 486
481 487
481 488
481 489
481 490
481 578
481 581
481 641
481 703
481 820
481 882
481 997
482 483
482 485
482 486
482 487
482 488
482 489
482 490
482 723
482 905
482 907
482 927
483 484
483 485
483 486
483 487
483 489
483 853
483 928
484 485
484 486
484 487
484 488
484 489
484 490
484 850
484 888
485 486
485 487
485 488
485 490
485 630
485 661
485 675
485 794
485 806
485 893
485 957
486 488
486 489
486 490
486 596
486 670
486 791
486 913
487 488
487 489
487 490
487 678
487 867
487 914
487 977
487 991
488 489
488 497
488 502
488 608
488 689
488 795
488 911
489 490
489 495
489 640
489 724
489 785
489 848
490 774
490 788
490 791
490 817
490 892
490 903
490 925
490 927
491 492
491 493
491 494
491 495
491 496
491 497
491 499
491 590
491 663
491 785
491 973
492 493
492 494
492 495
492 496
492 497
492 498
492 499
492 500
492 627
492 680
492 865
492 873
492 979
493 494
493 495
493 496
493 497
493 498
493 499
493 609
493 707
493 730
493 834
493 840
493 846
493 940
493 979
494 495
494 496
494 497
494 498
494 499
494 500
494 534
494 613
494 801
494 822
494 894
494 911
495 496
495 497
495 498
495 499
495 500
495 649
495 691
495 893
495 986
496 497
496 498
496 499
496 500
496 545
496 763
496 895
496 912
497 499
497 733
497 868
497 896
497 906
497 910
497 955
497 974
498 500
498 512
498 549
498 559
498 641
498 657
498 689
498 700
498 702
498 719
498 899
499 500
499 526
499 570
499 701
499 751
499 785
499 805
499 931
499 947
499 967
499 985
500 535
500 648
500 765
500 812
501 502
501 503
501 504
501 505
501 506
501 507
501 508
501 509
501 510
501 891
501 905
501 914
502 503
502 504
502 505
502 506
502 508
502 509
502 532
502 639
502 707
502 774
502 887
502 965
503 504
503 505
503 507
503 508
503 509
503 574
503 615
503 711
503 838
503 914
503 985
504 505
504 506
504 507
504 508
504 509
504 510
504 578
505 506
505 507
505 508
505 509
505 554
505 563
505 567
505 603
505 796
505 901
505 907
506 507
506 508
506 510
506 528
506 652
506 722
506 975
507 508
507 509
507 615
507 641
507 693
507 738
507 901
508 509
508 601
508 610
508 651
508 753
508 825
508 911
509 510
509 512
509 637
509 751
509 981
510 523
510 594
510 609
510 679
510 746
510 753
510 935
510 944
510 985
511 512
511 513
511 516
511 517
511 518
511 519
511 520
511 766
511 882
511 911
512 513
512 514
512 516
512 517
512 518
512 519
512 520
512 702
512 721
512 723
512 727
512 777
512 866
513 515
513 516
513 517
513 518
513 519
513 520
513 648
513 925
514 515
514 516
514 517
514 518
514 519
514 520
514 577
514 607
514 622
514 761
515 516
515 519
515 520
515 533
515 559
515 636
515 946
516 517
516 518
516 519
516 520
516 522
516 523
516 527
516 633
516 764
516 955
517 518
517 519
517 520
517 583
517 741
518 519
518 520
518 557
518 759
518 760
518 910
518 918
518 997
519 520
519 820
519 839
520 632
520 721
520 858
520 881
520 998
521 522
521 523
521 524
521 525
521 526
521 527
521 528
521 529
521 530
521 547
521 637
521 783
521 789
521 989
521 992
522 523
522 524
522 525
522 526
522 528
522 530
522 551
522 936
522 941
523 524
523 525
523 526
523 527
523 528
523 529
523 597
523 600
523 684
523 795
523 821
523 928
524 525
524 527
524 528
524 587
524 589
524 628
524 664
524 676
524 811
524 960
525 526
525 527
525 528
525 529
525 530
525 640
525 654
525 722
525 727
525 803
525 869
525 903
525 907
525 981
526 527
526 528
526 529
526 655
526 838
526 989
527 528
527 529
527 530
527 764
527 798
527 867
527 913
527 919
527 925
527 934
527 944
528 529
528 564
528 565
528 640
528 656
528 814
528 830
528 871
528 938
528 977
528 986
528 994
529 530
529 612
529 914
529 985
530 679
530 686
530 972
531 532
531 533
531 534
531 535
531 536
531 537
531 539
531 601
531 716
531 904
531 912
531 953
532 534
532 535
532 537
532 539
532 540
532 579
532 612
532 765
532 896
532 912
533 534
533 535
533 537
533 590
533 839
533 862
533 872
534 536
534 537
534 539
534 540
534 548
534 700
534 755
534 809
535 536
535 537
535 539
535 540
535 560
535 765
535 773
535 797
536 537
536 538
536 539
536 540
536 552
536 746
536 949
536 959
537 538
537 539
537 540
537 548
537 598
537 624
537 723
537 842
538 539
538 540
538 675
538 678
538 687
538 714
538 731
538 763
538 839
538 969
538 1000
539 540
539 602
539 667
539 784
539 793
539 917
540 546
540 628
540 947
541 542
541 543
541 544
541 545
541 546
541 547
541 549
541 569
541 684
541 746
541 768
541 785
541 849
541 879
541 950
541 975
542 544
542 546
542 549
542 550
542 577
542 595
542 962
543 545
543 546
543 547
543 548
543 549
543 550
543 563
543 712
543 736
543 813
543 990
544 545
544 546
544 547
544 548
544 549
544 550
544 706
544 729
544 828
544 970
545 546
545 547
545 549
545 550
545 746
545 870
545 872
545 906
545 962
546 547
546 548
546 550
546 599
546 602
546 611
546 623
546 649
547 548
547 549
547 550
547 749
547 761
547 962
548 549
548 550
548 688
548 880
548 949
549 550
549 716
549 821
549 869
550 612
550 630
550 839
550 857
550 982
551 552
551 553
551 554
551 555
551 556
551 557
551 558
551 559
551 560
551 607
551 951
552 553
552 554
552 555
552 556
552 558
552 559
552 560
552 698
552 802
552 909
553 554
553 555
553 557
553 559
553 560
553 601
553 749
553 848
554 555
554 557
554 558
554 559
554 934
555 557
555 558
555 560
555 596
555 772
555 832
555 845
556 557
556 558
556 560
556 621
556 640
556 690
556 729
556 737
556 755
557 558
557 559
557 560
557 621
557 632
557 779
557 896
557 946
558 559
558 560
558 606
558 608
558 822
558 835
558 874
559 560
559 674
559 788
559 965
559 986
560 592
560 604
560 666
560 671
560 681
560 788
561 564
561 565
561 566
561 567
561 569
561 570
561 653
561 899
562 563
562 564
562 565
562 566
562 567
562 569
562 570
562 795
562 872
562 897
562 949
563 564
563 566
563 568
563 569
563 647
563 744
563 751
563 823
563 879
563 967
564 567
564 569
564 570
564 580
564 628
564 631
564 702
564 720
565 566
565 567
565 568
565 570
565 611
565 702
566 567
566 569
566 682
566 727
566 800
566 825
566 851
567 568
567 569
567 570
567 696
567 726
567 831
568 569
568 570
568 619
568 666
568 734
568 814
569 570
569 722
569 730
569 805
569 871
570 598
570 653
570 781
571 572
571 573
571 574
571 575
571 576
571 577
571 578
571 579
571 580
571 636
571 654
571 704
571 718
571 755
571 927
571 941
572 573
572 574
572 577
572 578
572 579
572 580
572 721
572 880
572 919
572 929
573 575
573 576
573 577
573 578
573 579
573 580
573 610
573 773
573 848
573 970
574 575
574 577
574 579
574 614
574 660
574 665
574 679
574 804
575 576
575 577
575 578
575 579
575 580
575 827
576 577
576 580
576 611
576 615
576 649
576 796
576 949
576 952
577 578
577 579
577 680
578 580
578 596
578 649
578 667
578 795
579 676
580 651
580 733
580 822
580 862
580 886
580 920
581 582
581 583
581 584
581 585
581 587
581 589
581 590
581 678
581 845
581 896
581 904
581 929
582 583
582 584
582 585
582 586
582 587
582 588
582 590
582 630
582 867
582 970
583 584
583 585
583 587
583 588
583 589
583 590
583 915
584 585
584 586
584 587
584 588
584 589
584 590
584 667
584 775
584 888
585 586
585 587
585 588
585 589
585 590
585 837
585 901
585 957
586 587
586 588
586 589
586 590
586 859
587 588
587 589
587 590
587 595
587 717
587 724
587 834
587 945
587 997
587 998
588 589
588 590
588 674
588 949
588 998
589 590
589 651
589 654
589 657
589 954
589 972
590 666
590 892
590 981
591 592
591 593
591 594
591 595
591 596
591 597
591 598
591 599
591 600
591 628
591 866
592 593
592 595
592 596
592 597
592 599
592 712
592 826
592 975
593 594
593 596
593 597
593 598
593 600
593 675
593 778
593 924
594 595
594 596
594 597
594 598
594 599
594 600
594 603
594 689
594 718
594 756
594 823
594 845
594 881
595 596
595 597
595 598
595 599
595 600
595 643
595 659
595 723
595 780
595 814
595 845
595 875
595 887
596 597
596 598
596 600
596 695
596 703
596 745
596 797
596 902
597 599
597 600
597 604
597 631
597 632
597 640
597 733
597 792
597 934
598 599
598 600
598 723
598 736
598 884
598 956
598 983
599 600
599 824
600 802
600 833
601 603
601 604
601 607
601 608
601 609
601 610
601 647
601 661
601 689
602 604
602 605
602 607
602 608
602 609
602 610
602 886
603 604
603 605
603 606
603 607
603 608
603 609
603 610
603 696
603 772
603 792
603 944
604 605
604 606
604 607
604 609
604 610
604 627
604 691
604 792
604 993
605 606
605 607
605 608
605 609
605 610
605 691
605 834
606 607
606 608
606 609
606 610
606 864
606 896
607 608
607 609
607 610
607 613
607 921
608 609
608 661
608 738
608 792
608 827
608 955
608 976
609 610
609 631
609 716
609 749
609 813
609 911
610 869
610 958
611 612
611 614
611 615
611 616
611 618
611 619
611 620
611 653
611 818
611 948
612 615
612 618
612 619
612 620
612 857
613 614
613 615
613 616
613 619
613 659
613 662
613 906
613 937
614 616
614 617
614 619
614 620
614 789
615 616
615 617
615 619
615 620
615 662
615 712
615 835
615 854
615 933
615 953
615 975
616 617
616 619
616 620
616 708
616 727
616 863
616 904
616 973
617 618
617 619
617 620
617 627
617 660
617 686
618 619
618 620
618 641
618 651
618 694
618 919
618 977
619 620
619 735
619 743
619 810
619 831
619 904
620 637
620 650
620 752
620 837
620 908
621 622
621 624
621 625
621 627
621 628
621 629
621 630
621 877
621 961
621 975
622 623
622 624
622 626
622 627
622 629
622 630
622 911
623 624
623 625
623 626
623 628
623 629
623 630
623 664
623 748
623 816
623 852
623 937
623 969
624 625
624 626
624 627
624 628
624 661
624 834
624 959
624 966
625 626
625 627
625 628
625 630
625 881
625 886
625 979
626 627
626 628
626 629
626 702
626 709
626 745
626 814
627 628
627 629
627 630
627 634
627 914
627 924
627 932
628 630
628 661
628 678
628 861
628 883
628 947
628 964
629 630
629 643
629 677
629 738
629 751
629 860
629 994
630 654
630 661
630 666
630 727
630 836
630 861
630 895
631 632
631 634
631 637
631 638
631 639
631 640
631 714
631 800
632 633
632 634
632 635
632 637
632 639
632 640
632 738
632 799
632 866
632 914
633 634
633 635
633 636
633 637
633 638
633 639
633 640
633 681
633 722
633 860
634 635
634 636
634 637
634 639
634 640
634 642
634 709
634 802
634 849
635 640
635 775
635 821
635 855
635 892
635 948
636 637
636 639
636 640
636 659
636 767
636 849
636 892
636 908
636 963
636 997
637 639
637 640
637 703
637 823
637 874
637 907
638 639
638 640
638 642
638 723
638 738
638 812
638 865
639 640
639 746
639 784
640 656
640 756
640 804
640 834
640 897
641 642
641 643
641 646
641 648
641 649
641 697
641 758
641 770
641 871
642 643
642 644
642 645
642 646
642 648
642 649
642 650
642 811
643 644
643 645
643 646
643 647
643 648
643 649
643 650
643 856
643 885
644 645
644 646
644 648
644 649
644 650
644 729
644 733
645 646
645 647
645 648
645 649
645 650
645 708
645 733
645 916
645 921
645 990
646 648
646 649
646 650
646 839
646 851
647 648
647 668
647 842
647 868
648 666
648 899
648 950
649 650
649 687
649 830
649 989
650 740
650 748
650 776
650 824
651 652
651 653
651 655
651 656
651 657
651 658
651 659
651 735
651 756
651 774
652 653
652 655
652 656
652 657
652 660
652 678
652 734
652 833
652 855
652 872
652 897
652 922
652 926
653 654
653 655
653 656
653 658
653 659
653 660
653 836
653 874
653 995
654 655
654 657
654 658
654 659
654 660
654 769
654 867
654 891
654 918
654 963
654 985
655 656
655 658
655 659
655 660
655 708
655 812
655 842
655 988
656 657
656 659
656 660
656 688
656 874
656 988
657 658
657 660
657 796
657 834
657 892
657 951
658 659
658 808
659 660
659 724
659 738
660 708
660 773
660 793
660 818
661 662
661 663
661 664
661 665
661 666
661 667
661 668
661 669
661 670
661 898
661 930
661 975
661 981
662 663
662 664
662 665
662 666
662 668
662 670
662 822
662 850
662 919
662 942
663 664
663 666
663 667
663 669
663 670
663 728
663 732
663 798
663 869
663 927
664 665
664 666
664 667
664 668
664 669
664 670
664 712
665 667
665 668
665 669
665 670
665 720
665 800
665 842
666 667
666 668
666 670
666 704
666 813
666 835
666 846
666 946
666 949
666 960
667 668
667 669
667 715
668 669
668 701
668 753
668 790
668 849
669 670
669 743
669 854
669 915
669 949
670 883
671 672
671 674
671 675
671 676
671 677
671 679
671 680
671 779
671 844
671 939
671 940
672 673
672 674
672 675
672 676
672 678
672 679
672 680
672 681
672 726
672 765
672 860
672 904
673 674
673 675
673 677
673 678
673 679
673 680
673 794
673 801
674 675
674 676
674 677
674 678
674 679
674 759
674 775
674 789
674 817
674 940
675 676
675 677
675 678
675 679
675 680
675 695
675 990
676 677
676 678
676 680
676 761
676 779
676 813
677 678
677 679
677 680
677 698
677 731
677 818
677 924
678 679
678 680
679 680
679 732
679 854
679 902
679 922
680 773
680 834
680 930
680 951
680 960
680 969
680 976
681 684
681 685
681 686
681 689
681 690
681 787
681 881
682 683
682 684
682 685
682 686
682 687
682 688
682 689
682 690
682 819
682 974
682 983
683 684
683 685
683 686
683 688
683 689
683 690
683 787
683 957
684 685
684 686
684 687
684 688
684 689
684 690
684 717
684 799
684 844
684 869
684 874
685 686
685 687
685 688
685 689
685 690
685 719
685 864
685 941
686 688
686 689
686 690
686 698
686 994
687 688
687 689
687 690
687 817
687 879
687 917
688 689
688 690
688 734
688 754
688 799
689 703
689 733
689 760
689 918
689 922
689 924
690 834
690 842
690 894
690 918
690 996
691 693
691 694
691 695
691 696
691 697
691 698
691 699
691 700
691 853
691 871
692 693
692 694
692 696
692 697
692 698
692 699
692 756
692 978
693 694
693 695
693 696
693 697
693 698
693 699
693 700
694 695
694 696
694 697
694 698
694 699
694 700
694 756
694 861
694 890
694 903
694 905
695 696
695 697
695 698
695 700
695 715
695 729
695 841
695 927
696 697
696 698
696 700
696 833
696 835
697 698
697 699
697 700
697 817
697 843
698 699
698 700
698 805
699 700
699 781
699 817
699 833
699 873
699 967
700 733
700 977
700 978
700 996
701 702
701 703
701 704
701 705
701 706
701 707
701 708
701 710
701 731
701 859
702 703
702 704
702 705
702 706
702 708
702 710
702 725
702 880
702 939
703 704
703 705
703 707
703 709
703 710
703 939
703 945
704 705
704 706
704 708
704 709
704 719
704 736
704 798
704 817
704 828
704 981
704 988
705 706
705 707
705 708
705 709
705 710
705 977
706 707
706 708
706 709
706 710
706 738
706 743
706 807
706 867
706 936
706 977
707 708
707 709
707 710
707 804
707 841
708 710
708 723
708 727
708 798
708 852
708 942
709 710
709 732
709 763
709 902
709 924
709 956
711 712
711 714
711 716
711 718
711 719
711 720
711 750
711 886
711 888
712 713
712 715
712 716
712 717
712 719
712 830
713 714
713 715
713 716
713 717
713 718
713 719
713 720
713 874
714 715
714 716
714 719
714 720
714 816
714 921
714 923
715 716
715 717
715 719
715 720
715 944
716 717
716 718
716 720
716 731
716 788
716 805
716 984
717 718
717 719
717 829
718 719
718 720
718 815
718 827
718 946
718 975
719 720
719 760
719 795
719 934
720 741
720 818
720 935
720 996
720 1000
721 722
721 724
721 725
721 726
721 728
721 729
721 821
721 862
722 723
722 724
722 725
722 727
722 728
722 729
722 730
722 762
722 875
722 905
722 949
722 963
722 972
723 724
723 726
723 727
723 728
723 729
723 730
723 799
723 825
723 861
723 939
723 946
724 725
724 727
724 728
724 729
724 730
724 765
724 830
724 842
724 937
725 726
725 727
725 728
725 729
725 988
726 727
726 729
726 730
726 780
726 981
726 997
727 728
727 729
727 730
727 805
727 878
727 985
728 729
728 730
728 744
728 746
729 910
729 964
730 767
731 732
731 736
731 737
731 738
731 740
731 801
731 854
731 905
731 981
732 733
732 734
732 735
732 736
732 738
732 740
732 893
732 925
732 963
733 734
733 736
733 737
733 738
733 740
733 835
733 901
733 966
733 987
734 735
734 736
734 737
734 738
734 739
734 740
734 837
734 961
735 737
735 738
735 740
735 781
735 854
735 960
736 737
736 739
736 740
736 755
737 738
737 739
737 740
737 744
737 831
738 739
738 740
738 742
738 911
738 955
739 740
739 790
739 847
739 889
739 965
740 868
740 875
740 910
740 961
741 742
741 743
741 744
741 745
741 746
741 747
741 748
741 749
741 750
741 824
741 829
741 984
742 743
742 744
742 745
742 746
742 748
742 797
742 819
742 930
743 744
743 745
743 746
743 748
743 749
743 750
743 839
744 748
744 749
744 750
744 755
744 764
744 842
745 746
745 747
745 749
745 940
745 976
746 747
746 748
746 749
746 750
746 788
746 872
746 928
747 750
747 753
748 749
748 750
748 907
749 750
749 783
749 887
750 803
750 860
750 961
750 974
751 752
751 753
751 754
751 755
751 756
751 757
751 758
751 759
751 836
751 945
752 753
752 754
752 755
752 758
752 759
752 760
752 911
752 948
753 754
753 756
753 757
753 758
753 759
753 760
753 814
753 904
754 756
754 757
754 760
754 778
754 901
754 948
754 961
755 756
755 758
755 760
755 792
755 954
755 960
755 973
756 757
756 758
756 759
756 760
756 783
756 810
756 874
757 758
757 759
757 760
757 772
757 821
757 836
757 918
757 925
757 968
758 760
759 760
759 761
759 941
759 990
760 908
760 924
760 978
761 763
761 764
761 765
761 766
761 767
761 768
761 769
761 770
761 809
761 826
761 941
762 763
762 766
762 767
762 768
762 769
762 770
762 773
762 828
762 934
763 764
763 765
763 766
763 767
763 768
763 769
763 843
764 765
764 766
764 767
764 768
764 769
764 830
764 881
764 966
764 980
764 996
765 766
765 767
765 768
765 770
766 767
766 768
766 770
766 776
766 959
767 768
767 769
767 770
767 876
767 899
767 901
768 769
768 770
768 783
768 922
768 926
768 962
769 770
769 997
771 772
771 774
771 776
771 777
771 778
771 779
771 925
771 953
772 774
772 775
772 777
772 778
772 779
772 780
773 774
773 775
773 776
773 777
773 778
773 780
773 894
773 982
774 775
774 777
774 778
774 779
774 780
774 781
774 808
774 897
774 950
774 951
774 966
774 972
775 776
775 778
775 779
775 780
775 833
775 861
775 979
776 777
776 778
776 779
776 780
776 792
776 855
776 887
777 779
777 780
777 896
778 780
778 969
779 780
779 926
780 852
781 783
781 784
781 787
781 789
781 790
781 856
782 783
782 784
782 785
782 786
782 787
782 788
782 789
782 790
783 785
783 786
783 787
783 788
783 789
783 790
783 956
784 788
784 790
784 875
785 788
785 789
785 844
785 859
785 872
785 892
785 893
785 918
786 787
786 788
786 789
786 802
786 804
786 810
786 897
787 788
787 790
787 940
787 981
788 790
788 889
789 790
789 929
789 945
789 973
790 884
790 899
791 793
791 794
791 795
791 796
791 797
791 798
791 799
791 800
791 984
792 793
792 794
792 796
792 798
792 799
792 800
792 858
792 979
793 794
793 795
793 796
793 797
793 798
793 799
793 866
793 901
793 986
794 795
794 796
794 797
794 798
794 799
794 800
794 870
794 918
795 796
795 797
795 903
796 797
796 798
796 799
796 800
796 825
796 839
796 862
796 881
796 948
797 800
797 938
797 948
798 799
798 800
798 844
798 950
798 953
798 964
799 800
799 802
799 841
799 950
799 990
800 901
801 803
801 804
801 805
801 806
801 807
801 808
801 809
801 878
801 912
802 803
802 805
802 807
802 808
802 809
802 810
802 895
802 924
802 934
802 974
803 804
803 806
803 807
803 808
803 809
803 810
803 907
803 938
803 970
804 805
804 806
804 807
804 808
804 809
804 810
804 946
804 982
804 996
805 806
805 807
805 808
805 809
805 810
805 839
805 935
805 993
806 807
806 810
806 860
806 993
807 809
807 810
807 830
808 809
808 810
808 848
808 862
808 930
809 810
809 841
809 871
809 919
810 882
811 812
811 813
811 814
811 815
811 816
811 817
811 819
811 820
811 880
811 924
811 943
812 813
812 816
812 817
812 818
812 850
812 925
813 814
813 815
813 816
813 817
813 818
813 819
813 820
814 815
814 816
814 817
814 818
814 819
814 947
815 817
815 818
815 819
815 820
815 831
815 899
815 935
816 817
816 819
816 884
817 819
817 820
817 917
817 932
818 819
818 820
818 899
819 899
819 911
820 882
820 947
821 824
821 825
821 827
821 828
821 829
821 830
821 889
821 900
822 823
822 824
822 826
822 827
822 828
822 830
822 966
823 824
823 826
823 829
823 830
823 927
824 826
824 827
824 828
824 829
824 918
825 826
825 827
825 829
825 830
825 903
825 962
826 827
826 828
826 830
826 942
828 829
828 830
829 830
830 936
830 944
830 948
830 993
830 999
831 832
831 833
831 834
831 836
831 837
831 838
831 840
832 833
832 834
832 835
832 836
832 837
832 838
832 840
832 859
832 985
833 834
833 835
833 836
833 837
833 838
833 840
833 865
833 894
833 898
833 950
834 835
834 836
834 837
834 839
834 840
834 861
834 965
835 836
835 837
835 838
835 839
835 936
835 989
836 837
836 838
836 840
836 1000
837 838
837 839
837 840
837 841
837 878
838 839
838 840
838 900
838 967
839 840
840 925
840 999
841 843
841 844
841 845
841 846
841 847
841 848
841 849
841 850
842 843
842 844
842 845
842 846
842 847
842 848
842 849
842 970
843 844
843 847
843 848
843 849
843 850
843 878
843 913
843 988
844 845
844 846
844 848
844 849
844 850
844 941
844 958
844 973
844 976
845 846
845 847
845 848
845 849
845 850
846 847
846 848
846 849
847 848
847 850
847 893
848 850
848 986
849 850
850 892
850 907
851 852
851 853
851 855
851 856
851 857
851 858
851 859
851 911
852 853
852 854
852 855
852 856
852 858
852 859
852 860
852 972
852 978
852 986
853 854
853 855
853 856
853 858
853 859
853 860
853 868
853 927
854 855
854 856
854 857
854 859
854 942
855 856
855 857
855 858
855 859
855 860
855 995
856 858
856 860
857 858
857 925
857 983
858 859
858 860
859 860
860 920
860 944
861 863
861 864
861 865
861 866
861 868
861 870
861 902
861 967
861 969
861 974
861 986
862 863
862 864
862 865
862 867
862 868
862 869
862 905
862 974
863 864
863 865
863 866
863 867
863 869
863 870
864 865
864 866
864 867
864 870
864 891
865 866
865 867
865 868
865 869
865 870
865 878
865 927
866 867
866 868
866 869
866 870
866 918
867 869
868 869
868 870
868 922
868 935
869 870
869 900
871 872
871 873
871 875
871 876
871 877
871 879
871 880
872 874
872 875
872 878
872 879
872 880
872 967
873 874
873 875
873 876
873 877
873 878
873 879
873 880
873 971
874 875
874 876
874 877
874 878
874 902
874 968
875 877
875 879
876 877
876 879
876 880
876 895
877 878
877 879
878 880
878 960
879 948
881 882
881 883
881 885
881 886
881 887
881 888
881 889
881 890
881 897
881 905
881 948
881 986
882 883
882 884
882 886
882 888
882 889
882 908
882 926
882 928
882 945
882 984
883 884
883 885
883 888
883 889
884 885
884 886
884 887
884 888
884 890
885 886
885 887
885 888
885 889
885 890
886 887
886 888
886 890
887 888
887 890
887 892
887 947
888 889
888 890
888 903
888 965
888 992
890 911
890 913
890 931
890 941
890 996
891 892
891 894
891 895
891 897
891 898
891 899
891 900
891 904
892 893
892 894
892 895
892 898
892 899
892 900
893 894
893 895
893 897
893 898
893 900
893 952
893 982
894 895
894 896
894 897
894 898
894 899
894 963
895 896
895 897
895 898
895 994
896 897
896 900
897 898
897 899
897 900
897 908
898 899
899 900
900 998
901 902
901 903
901 905
901 906
901 907
901 909
901 910
901 967
902 903
902 905
902 906
902 907
902 908
902 909
902 910
902 932
902 961
903 904
903 906
903 907
903 908
903 909
903 940
904 905
904 906
904 907
904 908
905 907
905 908
905 910
905 933
906 907
906 908
906 909
906 910
906 942
907 908
907 909
907 910
907 933
908 909
908 910
908 917
908 997
909 910
911 912
911 914
911 915
911 916
911 917
911 918
911 919
911 998
912 914
912 915
912 917
912 918
912 919
913 914
913 915
913 917
913 918
913 920
913 960
913 990
914 915
914 917
914 918
914 919
915 916
915 917
915 918
915 920
916 917
916 918
916 919
916 920
916 975
917 918
917 919
917 920
917 926
918 920
918 932
918 970
921 922
921 923
921 924
921 925
921 926
921 927
921 928
921 929
921 930
921 936
922 923
922 925
922 926
922 927
922 929
922 930
922 958
922 977
923 925
923 926
923 927
923 928
923 929
923 930
923 995
924 925
924 926
924 927
924 928
924 929
924 930
924 966
925 927
925 930
925 993
926 927
926 928
926 929
926 930
927 928
927 929
927 930
928 929
928 930
929 930
930 940
930 941
931 932
931 934
931 935
931 937
931 938
931 939
931 940
931 970
931 984
932 933
932 934
932 935
932 937
932 938
932 939
933 934
933 935
933 936
933 937
933 938
933 939
933 954
933 982
934 935
934 936
934 938
934 939
934 940
935 938
935 939
935 940
935 952
936 937
936 939
936 940
936 990
937 939
937 940
937 959
938 939
938 940
939 940
940 960
941 943
941 945
941 946
941 948
941 949
942 944
942 945
942 946
942 947
942 948
942 949
943 944
943 945
943 946
943 950
944 945
944 946
944 947
944 948
944 949
944 950
945 946
945 947
945 948
945 949
945 950
946 948
946 949
946 950
946 1000
947 949
947 950
948 949
948 950
948 955
949 950
950 957
951 952
951 953
951 954
951 955
951 956
951 959
951 960
951 999
952 953
952 954
952 955
952 957
952 959
952 960
952 984
952 991
953 954
953 956
953 957
953 958
954 955
954 956
954 957
954 958
954 959
954 960
955 957
955 959
955 960
956 957
956 958
956 959
956 974
957 958
957 971
957 985
958 959
958 960
959 960
959 962
959 970
960 985
960 998
961 962
961 963
961 964
961 965
961 967
961 968
961 969
961 970
962 963
962 964
962 965
962 967
962 968
962 969
963 964
963 967
963 968
963 969
963 970
963 990
964 965
964 966
964 967
964 968
964 969
965 966
965 967
965 969
966 967
966 968
967 968
967 969
968 970
968 1000
969 970
971 972
971 973
971 974
971 975
971 977
971 978
971 979
971 980
972 973
972 975
972 978
972 980
973 974
973 975
973 976
973 977
973 978
973 979
974 976
974 977
974 978
974 979
975 976
975 977
975 978
975 979
975 980
976 977
976 978
976 979
976 980
977 978
977 979
977 980
978 980
979 988
981 982
981 983
981 984
981 985
981 986
981 987
981 988
981 989
981 990
982 983
982 984
982 985
982 986
982 987
982 988
982 989
982 990
983 985
983 986
983 988
983 990
984 985
984 986
984 987
984 988
984 989
985 986
985 987
985 989
986 988
986 989
986 990
987 988
987 989
988 989
989 990
991 992
991 993
991 994
991 995
991 996
991 997
991 999
991 1000
992 993
992 994
992 995
992 996
992 997
992 998
992 1000
993 994
993 995
993 996
993 998
993 999
993 1000
994 995
994 996
994 997
994 999
995 997
995 998
995 999
995 1000
996 997
996 998
996 999
996 1000
997 998
997 999
997 1000
998 1000
999 1000
