1000 8517
1 2
1 3
1 4
1 5
1 6
1 7
1 8
1 9
1 10
1 260
1 318
1 323
1 383
1 544
1 789
1 901
1 932
1 977
2 3
2 4
2 5
2 7
2 8
2 10
2 48
2 445
2 671
2 740
2 843
2 996
3 5
3 7
3 9
3 10
3 33
3 161
3 174
3 344
3 414
3 459
3 802
4 5
4 6
4 7
4 8
4 9
4 10
4 212
4 281
4 314
4 359
4 390
4 466
4 467
4 484
4 550
4 699
4 776
4 919
4 998
5 6
5 8
5 9
5 52
5 83
5 88
5 130
5 153
5 179
5 209
5 342
5 771
5 790
5 948
6 7
6 8
6 9
6 10
6 171
6 327
6 497
6 620
6 751
6 922
6 983
7 8
7 9
7 10
7 51
7 143
7 153
7 195
7 286
7 418
7 645
7 717
7 733
7 929
7 959
8 9
8 10
8 21
8 42
8 51
8 75
8 187
8 288
8 289
8 355
8 377
8 441
8 665
8 882
8 934
8 984
9 109
9 125
9 166
9 221
9 595
9 799
9 809
9 839
10 134
10 448
10 450
10 534
10 563
10 589
11 12
11 13
11 15
11 16
11 17
11 18
11 19
11 20
11 96
11 170
11 382
11 401
11 456
11 477
11 564
11 657
11 764
11 914
11 920
11 980
12 14
12 15
12 16
12 17
12 18
12 19
12 20
12 83
12 208
12 252
12 264
12 427
12 440
12 585
12 938
13 14
13 15
13 17
13 18
13 19
13 177
13 195
13 234
13 301
13 746
14 15
14 16
14 18
14 19
14 20
14 107
14 151
14 187
14 284
14 505
14 562
14 664
14 697
14 712
14 739
14 938
14 973
15 16
15 17
15 18
15 19
15 69
15 78
15 297
15 310
15 433
15 508
15 664
16 17
16 18
16 19
16 20
16 65
16 152
16 225
16 303
16 311
16 410
16 506
16 710
16 775
16 912
17 19
17 20
17 146
17 148
17 209
17 291
17 339
17 346
17 418
17 462
17 627
17 692
17 752
17 886
17 973
18 19
18 20
18 385
18 578
18 627
18 677
18 711
18 852
18 918
19 31
19 148
19 206
19 263
19 316
19 331
19 347
19 382
19 437
19 448
19 456
19 794
19 983
20 349
20 355
20 368
20 373
20 444
20 446
20 547
20 594
20 759
20 868
20 958
21 22
21 23
21 24
21 25
21 26
21 27
21 29
21 87
21 99
21 169
21 338
21 357
21 395
21 417
21 426
21 525
21 531
21 605
21 885
21 886
22 23
22 25
22 26
22 27
22 28
22 29
22 30
22 180
22 277
22 505
22 703
22 705
22 719
22 804
22 833
23 24
23 26
23 27
23 28
23 29
23 30
23 186
23 516
23 688
23 886
23 908
24 25
24 26
24 28
24 29
24 30
24 93
24 127
24 145
24 155
24 479
24 495
24 555
24 710
24 735
24 879
24 909
24 961
24 962
25 26
25 27
25 28
25 30
25 186
25 331
25 347
25 426
25 429
25 582
25 699
25 790
25 995
26 27
26 28
26 29
26 30
26 66
26 77
26 214
26 254
26 439
26 519
26 526
26 533
26 537
26 624
26 684
26 796
26 911
27 29
27 30
27 63
27 64
27 142
27 178
27 228
27 305
27 668
27 694
28 29
28 30
28 271
28 309
28 427
28 454
28 777
28 862
28 895
28 950
29 30
29 80
29 102
29 152
29 358
29 691
29 750
30 42
30 132
30 206
30 338
30 401
30 494
30 515
30 561
30 563
31 32
31 33
31 34
31 35
31 36
31 37
31 38
31 39
31 40
31 60
31 65
31 220
31 292
31 303
31 426
31 538
31 779
31 899
31 922
32 33
32 34
32 35
32 36
32 37
32 38
32 39
32 57
32 279
32 312
32 415
32 496
32 579
32 707
32 747
32 779
33 34
33 35
33 36
33 38
33 40
33 133
33 165
33 239
33 260
33 630
33 677
33 928
33 965
33 970
33 972
34 35
34 37
34 38
34 39
34 40
34 108
34 121
34 145
34 278
34 592
34 813
34 876
35 36
35 39
35 40
35 69
35 132
35 139
35 440
35 802
35 957
36 37
36 38
36 39
36 40
36 105
36 111
36 127
36 284
36 355
36 399
36 812
36 890
36 952
36 974
37 39
37 40
37 47
37 108
37 109
37 169
37 207
37 274
37 345
37 386
37 392
37 614
37 647
37 650
37 653
37 694
37 722
37 934
38 39
38 40
38 193
38 269
38 352
38 852
38 892
39 100
39 128
39 158
39 225
39 235
39 284
39 442
39 576
39 680
39 718
39 906
39 956
39 984
40 116
40 193
40 293
40 307
40 358
40 547
40 720
40 772
40 894
40 944
40 995
41 43
41 44
41 45
41 46
41 48
41 49
41 50
41 72
41 123
41 139
41 170
41 274
41 469
41 472
41 526
41 530
41 605
41 800
41 842
41 936
42 45
42 47
42 48
42 50
42 374
42 460
42 469
42 688
42 693
42 748
42 749
42 818
42 829
43 44
43 45
43 46
43 47
43 48
43 49
43 185
43 251
43 437
43 590
43 638
43 639
43 805
44 45
44 47
44 48
44 49
44 50
44 103
44 110
44 558
44 619
44 797
45 46
45 47
45 49
45 50
45 350
45 487
45 520
45 638
45 844
45 909
45 924
45 964
46 47
46 48
46 49
46 50
46 140
46 214
46 248
46 283
46 657
46 751
46 820
46 825
46 903
46 940
46 964
46 970
47 48
47 50
47 156
47 178
47 224
47 344
47 671
47 715
47 764
47 816
47 825
47 828
48 49
48 163
48 305
48 358
48 388
48 563
48 633
48 647
48 854
49 50
49 72
49 80
49 104
49 314
49 333
49 452
49 517
49 560
49 580
49 602
49 606
49 768
49 976
49 998
50 206
50 215
50 218
50 223
50 352
50 397
50 468
50 597
50 614
50 948
51 52
51 54
51 55
51 57
51 58
51 59
51 60
51 84
51 122
51 194
51 251
51 302
51 449
51 737
51 797
51 819
51 843
51 922
51 927
52 53
52 54
52 55
52 56
52 57
52 59
52 60
52 93
52 186
52 234
52 558
52 654
52 683
52 908
52 948
53 55
53 56
53 57
53 58
53 59
53 60
53 113
53 203
53 427
53 436
53 464
53 641
53 649
53 678
53 1000
54 56
54 57
54 58
54 59
54 60
54 86
54 213
54 227
54 510
54 572
54 615
54 633
54 670
54 803
54 874
55 56
55 57
55 59
55 60
55 213
55 431
55 434
55 487
55 702
55 844
55 913
56 57
56 58
56 60
56 72
56 110
56 185
56 367
56 401
56 440
56 498
56 779
56 783
56 825
56 874
57 59
57 60
57 102
57 234
57 394
57 397
57 426
57 429
57 464
57 524
57 563
57 621
57 741
57 889
57 967
57 985
58 75
58 115
58 136
58 176
58 257
58 286
58 451
58 540
58 789
58 813
58 898
58 944
59 60
59 100
59 180
59 654
59 1000
60 144
60 164
60 202
60 537
60 563
60 680
60 687
60 772
60 844
60 868
60 977
61 63
61 64
61 65
61 66
61 68
61 69
61 70
61 204
61 223
61 284
61 329
61 687
61 841
61 904
61 916
62 63
62 64
62 65
62 66
62 67
62 69
62 70
62 106
62 334
62 457
62 464
62 523
62 556
62 573
62 617
62 709
62 806
62 931
62 943
63 64
63 65
63 66
63 68
63 69
63 70
63 377
63 820
63 853
63 999
64 66
64 67
64 68
64 69
64 70
64 382
64 392
64 440
64 533
64 685
64 719
64 985
65 66
65 68
65 69
65 922
66 67
66 68
66 69
66 70
66 173
66 245
66 266
66 287
66 404
66 463
66 541
66 697
66 855
67 68
67 69
67 70
67 132
67 234
67 251
67 354
67 639
67 784
67 801
67 866
67 942
68 69
68 70
68 93
68 197
68 342
68 379
68 647
68 742
68 750
68 776
68 862
68 908
69 70
69 429
69 444
69 579
69 767
69 787
70 81
70 135
70 197
70 341
70 484
70 623
70 629
70 645
70 713
70 734
70 774
70 787
71 72
71 74
71 75
71 76
71 77
71 78
71 79
71 104
71 118
71 123
71 217
71 248
71 263
71 292
71 354
71 493
71 540
71 600
71 604
71 752
71 799
71 942
72 73
72 74
72 75
72 76
72 77
72 78
72 79
72 80
72 188
72 284
72 327
72 849
72 948
72 976
72 1000
73 74
73 76
73 77
73 78
73 79
73 80
73 182
73 270
73 331
73 429
73 447
73 478
73 628
73 703
73 735
73 772
73 789
73 887
73 969
74 75
74 76
74 77
74 78
74 80
74 112
74 128
74 189
74 441
74 516
74 589
74 691
75 77
75 79
75 80
75 127
75 176
75 412
75 527
75 549
75 641
75 674
75 690
75 864
75 941
76 78
76 80
76 94
76 116
76 127
76 206
76 237
76 520
76 545
76 550
76 645
76 704
76 899
76 922
77 78
77 79
77 80
77 112
77 136
77 177
77 179
77 298
77 489
77 538
77 909
77 917
77 925
77 956
77 972
78 79
78 80
78 160
78 175
78 256
78 277
78 311
78 372
78 400
78 607
78 680
78 795
78 802
78 878
79 80
79 119
79 392
79 587
79 668
79 687
79 688
79 713
79 729
79 761
79 887
79 985
80 108
80 114
80 131
80 214
80 245
80 250
80 530
80 808
80 894
81 82
81 83
81 84
81 85
81 88
81 105
81 133
81 157
81 329
81 748
81 793
81 908
82 83
82 85
82 86
82 87
82 88
82 89
82 90
82 101
82 258
82 292
82 301
82 357
82 382
82 502
82 565
82 568
83 84
83 86
83 87
83 88
83 89
83 90
83 227
83 513
83 792
83 818
83 861
83 903
83 939
84 85
84 86
84 87
84 88
84 89
84 90
84 209
84 406
84 681
84 864
84 931
85 87
85 88
85 89
85 90
85 93
85 520
85 561
85 800
85 873
86 88
86 90
86 118
86 144
86 148
86 164
86 179
86 181
86 219
86 247
86 508
86 564
86 613
86 662
86 698
86 768
86 815
86 820
86 888
86 900
86 976
87 89
87 90
87 113
87 265
87 449
87 521
87 602
87 645
87 759
87 876
87 897
87 936
87 966
88 89
88 90
88 117
88 134
88 160
88 316
88 414
88 584
88 674
88 800
89 169
89 286
89 331
89 622
89 663
89 733
89 805
89 1000
90 442
90 472
90 726
90 824
90 990
91 92
91 93
91 94
91 95
91 97
91 98
91 99
91 100
91 129
91 339
91 361
91 814
91 940
92 93
92 95
92 96
92 99
92 100
92 118
92 124
92 145
92 165
92 250
92 299
92 367
92 387
92 590
92 681
92 743
92 974
93 95
93 96
93 97
93 98
93 99
93 100
93 117
93 257
93 272
93 383
93 523
93 619
93 767
93 855
93 885
93 895
93 901
93 975
94 95
94 96
94 97
94 98
94 99
94 100
94 200
94 270
94 447
94 725
94 936
95 96
95 97
95 98
95 99
95 100
95 149
95 216
95 223
95 358
95 363
95 400
95 508
95 573
95 587
95 637
95 852
95 903
95 985
96 97
96 98
96 99
96 259
96 333
96 406
96 556
96 563
96 704
96 746
96 847
96 932
97 98
97 99
97 100
97 162
97 164
97 206
97 288
97 346
97 414
97 570
97 661
97 786
97 813
97 829
98 99
98 100
98 268
98 301
98 670
98 681
98 685
98 948
99 100
99 112
99 396
99 566
99 645
99 941
99 980
100 147
100 183
100 236
100 242
100 244
100 347
100 534
100 556
100 679
100 780
100 838
100 884
100 923
101 102
101 103
101 104
101 105
101 107
101 108
101 109
101 405
101 823
102 103
102 104
102 105
102 106
102 107
102 108
102 109
102 110
102 314
102 320
102 329
102 395
102 400
102 440
102 669
103 104
103 105
103 106
103 108
103 109
103 110
103 147
103 173
103 240
103 253
103 279
103 606
103 719
103 722
103 855
104 108
104 109
104 110
104 340
104 466
104 472
104 864
105 106
105 107
105 108
105 109
105 110
105 128
105 319
105 349
105 517
105 639
105 706
105 794
106 107
106 109
106 110
106 241
106 324
106 650
106 697
106 725
106 835
106 844
106 900
106 935
106 941
107 108
107 109
107 130
107 138
107 175
107 248
107 332
107 610
107 639
107 648
107 731
107 738
107 826
107 853
108 109
108 110
108 340
108 456
108 467
108 590
108 726
108 819
108 939
109 110
109 260
109 365
109 492
109 584
109 633
109 788
110 514
110 542
111 112
111 113
111 114
111 115
111 117
111 118
111 119
111 120
111 269
111 450
111 502
111 725
111 751
111 922
111 983
112 113
112 114
112 116
112 117
112 118
112 119
112 120
112 239
112 482
112 485
112 508
112 553
112 696
112 714
112 865
112 886
112 947
113 114
113 116
113 117
113 118
113 119
113 120
113 164
113 172
113 195
113 197
113 535
113 650
113 710
113 765
113 867
113 872
113 887
114 115
114 117
114 120
114 326
114 354
114 655
114 672
114 700
114 824
114 831
115 116
115 117
115 119
115 120
115 189
115 337
115 488
115 531
115 577
115 624
115 701
116 117
116 118
116 119
116 120
116 200
116 219
116 427
116 530
116 536
116 684
116 706
116 751
116 890
117 118
117 119
117 120
117 171
117 583
117 590
117 630
117 666
117 706
117 778
117 779
117 857
117 861
117 867
117 872
117 963
118 119
118 120
118 124
118 469
118 504
118 556
118 736
118 741
118 776
118 797
118 800
119 120
119 200
119 219
119 324
119 439
119 548
119 574
119 945
119 953
120 193
120 310
120 386
120 414
120 533
120 771
120 823
121 122
121 123
121 124
121 125
121 126
121 127
121 128
121 130
121 205
121 418
121 442
121 549
121 662
121 679
121 877
122 123
122 124
122 125
122 126
122 128
122 129
122 232
122 239
122 329
122 473
122 522
122 639
122 785
122 835
123 124
123 125
123 127
123 128
123 129
123 130
123 149
123 214
123 221
123 289
123 473
123 538
123 552
123 641
123 688
124 125
124 126
124 128
124 129
124 159
124 296
124 374
124 660
124 725
124 757
124 759
125 128
125 130
125 322
125 534
125 633
125 729
125 876
125 905
125 924
125 940
125 973
126 127
126 128
126 130
126 254
126 322
126 380
126 393
126 634
126 638
126 839
126 883
126 914
126 939
127 128
127 129
127 130
127 186
127 363
127 404
127 436
127 469
127 504
127 647
127 664
127 699
127 920
127 943
128 129
128 130
128 158
128 184
128 323
128 418
128 527
128 561
128 622
129 130
129 141
129 220
129 338
129 353
129 417
129 455
129 465
129 496
129 699
129 958
130 214
130 314
130 377
130 494
130 515
130 542
130 695
130 831
131 132
131 134
131 135
131 136
131 137
131 138
131 140
131 369
131 380
131 485
131 497
131 557
131 565
131 936
132 134
132 135
132 136
132 137
132 138
132 139
132 140
132 196
132 286
132 376
132 443
132 451
132 513
132 518
132 568
132 638
132 652
132 699
132 745
132 807
132 889
132 890
132 917
133 134
133 135
133 136
133 137
133 138
133 139
133 140
133 165
133 211
133 239
133 273
133 514
133 538
133 539
133 608
133 689
133 739
133 873
133 910
133 958
133 966
134 135
134 137
134 138
134 139
134 140
134 230
134 373
134 437
134 807
134 881
134 935
135 136
135 137
135 138
135 139
135 168
135 247
135 281
135 373
135 466
135 506
135 575
135 581
135 706
135 711
135 788
135 813
136 137
136 138
136 139
136 140
136 237
136 373
136 374
136 375
136 383
136 442
136 454
136 488
136 511
136 565
136 778
136 951
137 139
137 140
137 158
137 219
137 420
137 473
137 526
137 547
137 622
137 736
137 738
137 773
137 889
138 139
138 140
138 252
138 392
138 400
138 413
138 421
138 504
138 708
138 719
138 925
139 140
139 165
139 171
139 262
139 406
139 604
139 794
139 907
139 945
140 189
140 224
140 376
140 397
140 424
140 620
140 984
141 144
141 145
141 146
141 149
141 150
141 210
141 401
141 522
141 707
141 838
141 996
142 143
142 144
142 146
142 147
142 149
142 205
142 290
142 512
142 621
142 903
142 946
143 144
143 145
143 146
143 147
143 148
143 149
143 330
143 332
143 372
143 401
143 414
143 458
143 532
143 699
143 957
144 146
144 147
144 148
144 329
144 379
144 431
144 474
144 796
145 147
145 148
145 149
145 150
145 210
145 284
145 438
145 467
145 468
145 500
145 577
145 645
145 769
145 809
146 147
146 148
146 150
146 462
146 630
146 685
146 974
147 148
147 149
147 150
147 294
147 319
147 459
147 523
147 562
147 610
147 819
147 866
147 914
147 951
148 149
148 150
148 329
148 348
148 372
148 494
148 643
148 994
149 150
149 546
149 547
149 640
149 684
149 877
150 172
150 213
150 313
150 441
150 473
150 506
150 510
150 687
150 800
150 838
151 152
151 153
151 154
151 156
151 158
151 159
151 160
151 387
151 414
151 459
151 472
151 608
151 617
151 670
151 802
152 153
152 154
152 155
152 156
152 157
152 158
152 159
152 160
152 170
152 247
152 271
152 401
152 465
152 504
152 526
152 556
152 647
152 732
152 841
153 154
153 155
153 156
153 157
153 158
153 159
153 501
153 533
153 844
153 986
154 155
154 156
154 157
154 158
154 160
154 194
154 284
154 382
154 394
154 436
154 505
154 556
154 675
154 684
154 685
154 743
154 784
154 910
155 156
155 157
155 158
155 159
155 160
155 284
155 300
155 737
155 779
155 938
156 157
156 159
156 160
156 238
156 843
156 918
157 158
157 159
157 160
157 244
157 340
157 417
157 642
157 643
157 650
157 695
157 732
157 785
157 928
157 930
157 989
158 160
158 197
158 342
158 350
158 968
158 978
159 160
159 209
159 319
159 375
159 490
159 524
159 536
159 552
159 646
159 659
159 682
159 917
159 990
160 195
160 215
160 302
160 358
160 363
160 388
160 431
160 668
160 912
160 953
160 979
161 162
161 163
161 165
161 166
161 167
161 169
161 170
161 289
161 329
161 387
161 493
161 519
161 689
161 893
161 898
162 164
162 166
162 168
162 170
162 211
162 442
162 445
162 449
162 610
162 757
162 861
162 878
163 165
163 166
163 167
163 169
163 170
163 275
163 378
163 396
163 434
163 627
163 665
163 704
163 950
164 165
164 166
164 168
164 169
164 170
164 244
164 248
164 556
164 558
164 998
165 166
165 168
165 169
165 195
165 256
165 311
165 350
165 469
165 542
166 167
166 168
166 169
166 170
166 357
166 473
166 502
166 592
166 603
166 743
166 981
166 987
167 168
167 395
167 492
167 493
167 809
167 842
168 169
168 170
168 242
168 338
168 403
168 440
168 442
168 504
168 527
168 648
168 675
168 695
168 733
168 847
168 854
168 992
169 170
169 277
169 346
169 439
169 508
169 545
169 623
169 640
169 746
169 920
169 933
170 234
170 754
170 765
170 888
170 977
170 987
171 172
171 175
171 177
171 178
171 179
171 180
171 249
171 261
171 358
171 475
171 677
171 972
172 174
172 175
172 176
172 177
172 178
172 179
172 180
172 539
172 618
172 703
172 829
172 932
172 992
173 174
173 175
173 176
173 177
173 179
173 309
173 353
173 402
173 487
173 589
173 667
173 715
173 868
174 175
174 176
174 177
174 178
174 179
174 180
174 283
174 415
174 475
174 516
174 536
174 598
174 618
174 778
174 804
174 833
174 985
175 176
175 177
175 178
175 180
175 199
175 265
175 273
175 289
175 461
175 519
175 603
175 637
175 693
175 875
175 974
176 179
176 180
176 241
176 292
176 422
176 508
176 590
176 704
176 810
176 868
177 178
177 180
177 191
177 256
177 272
177 303
177 408
177 478
177 534
177 593
177 728
177 750
177 813
178 179
178 180
178 396
178 480
178 603
178 719
178 963
178 982
179 180
179 200
179 312
179 344
179 385
179 506
179 653
179 777
179 916
179 989
180 189
180 270
180 272
180 362
180 365
180 382
180 460
180 549
180 557
180 593
180 837
180 887
180 914
180 963
181 182
181 183
181 184
181 186
181 187
181 188
181 189
181 190
181 322
181 548
181 781
181 830
181 921
181 936
182 183
182 184
182 189
182 190
182 412
182 452
182 487
182 555
182 587
182 632
182 641
182 656
182 713
182 850
182 984
183 186
183 187
183 188
183 189
183 208
183 217
183 249
183 288
183 486
183 512
183 836
183 887
183 944
184 185
184 186
184 187
184 188
184 189
184 190
184 276
184 285
184 583
184 590
184 608
184 648
184 672
184 713
184 748
184 770
184 789
184 802
184 910
184 963
184 980
185 186
185 187
185 188
185 189
185 190
185 324
185 349
185 394
185 527
185 548
185 668
185 785
185 908
185 910
185 915
186 187
186 188
186 189
186 190
186 226
186 312
186 500
186 506
186 620
186 628
186 683
186 809
186 899
186 907
186 964
187 189
187 190
187 277
187 287
187 415
187 473
187 503
187 698
187 704
187 749
187 903
188 189
188 190
188 257
188 315
188 404
188 444
188 521
188 528
188 658
188 712
188 808
188 819
188 991
188 993
189 190
189 206
189 360
189 558
189 700
189 794
189 866
190 206
190 286
190 309
190 336
190 506
190 518
190 555
190 962
191 192
191 193
191 194
191 195
191 196
191 197
191 199
191 200
191 293
191 295
191 384
191 438
191 489
191 494
192 193
192 195
192 196
192 198
192 199
192 556
192 573
192 597
192 630
192 673
192 782
192 823
193 195
193 196
193 198
193 199
193 200
193 242
193 307
193 363
193 751
193 856
194 195
194 196
194 198
194 200
194 274
194 329
194 374
194 641
194 681
194 758
194 762
194 824
195 196
195 197
195 198
195 243
195 334
195 372
195 430
195 520
195 626
195 639
195 641
195 685
195 708
195 854
195 995
196 197
196 199
196 200
196 254
196 560
196 567
196 603
196 710
196 826
196 835
196 966
197 198
197 199
197 464
197 510
197 653
197 811
197 889
198 199
198 200
198 218
198 344
198 481
198 542
198 734
198 784
199 200
199 241
199 268
199 293
199 298
199 480
199 565
199 595
199 635
199 646
199 864
200 259
200 387
200 397
200 497
200 521
200 550
200 624
200 803
200 979
200 996
201 202
201 203
201 204
201 205
201 206
201 207
201 208
201 210
201 403
201 540
201 790
201 966
202 203
202 204
202 206
202 207
202 208
202 209
202 210
202 345
202 350
202 554
202 595
202 672
202 818
202 822
203 204
203 205
203 206
203 208
203 209
203 210
203 484
203 535
203 563
203 644
203 715
203 722
203 976
203 986
204 205
204 206
204 207
204 208
204 209
204 298
204 427
204 535
204 659
204 793
204 898
205 206
205 207
205 208
205 209
205 210
205 390
205 416
205 568
205 647
205 681
205 775
205 813
205 921
205 922
206 207
206 208
206 209
206 210
206 317
206 421
206 453
206 490
206 687
206 767
206 962
207 208
207 422
207 488
207 492
207 769
207 880
208 209
208 334
208 542
208 678
208 886
208 935
209 210
209 213
209 449
209 804
209 821
209 878
209 923
209 936
210 332
210 652
210 802
210 805
211 212
211 213
211 214
211 215
211 216
211 217
211 218
211 219
211 220
211 711
211 763
211 771
212 213
212 215
212 216
212 217
212 218
212 219
212 220
212 293
212 333
212 493
212 500
212 518
212 619
212 620
212 676
212 750
212 763
212 806
212 844
212 852
212 914
213 214
213 215
213 216
213 217
213 218
213 220
213 294
213 372
213 575
213 604
213 849
214 216
214 219
214 220
214 691
214 697
214 740
214 778
214 836
214 894
215 216
215 217
215 219
215 471
215 506
215 587
215 597
215 601
215 701
215 794
215 895
215 949
216 217
216 218
216 220
216 317
216 403
216 429
216 525
216 602
216 627
216 640
216 918
217 218
217 219
217 220
217 299
217 478
217 505
217 514
217 813
217 818
217 892
218 219
218 220
218 269
218 305
218 312
218 521
218 779
218 904
218 931
219 406
219 881
219 948
219 984
220 375
220 392
220 451
220 519
220 805
221 222
221 223
221 225
221 226
221 227
221 228
221 230
221 514
221 634
221 711
221 756
221 788
221 859
222 223
222 225
222 227
222 228
222 230
222 308
222 383
222 571
222 703
222 956
223 224
223 225
223 226
223 228
223 229
223 230
223 235
223 372
223 410
223 469
223 527
223 624
223 676
223 766
223 890
223 996
224 225
224 226
224 227
224 228
224 229
224 289
224 378
224 565
224 570
224 618
224 643
224 673
224 714
224 914
224 955
224 963
225 226
225 227
225 228
225 229
225 230
225 263
225 522
225 697
225 813
225 852
225 984
225 999
226 228
226 229
226 230
226 388
226 441
226 693
226 757
227 228
227 229
227 230
227 282
227 377
227 381
227 674
227 722
227 732
227 871
227 922
227 999
228 229
228 230
228 335
228 337
228 440
228 445
228 477
228 641
228 699
228 708
229 230
229 600
229 607
229 838
230 319
230 404
230 479
230 542
230 604
230 739
230 848
230 990
231 232
231 233
231 234
231 235
231 236
231 237
231 238
231 239
231 240
231 728
231 847
231 926
231 947
232 233
232 234
232 235
232 236
232 238
232 240
232 253
232 365
232 445
232 526
232 538
232 579
232 636
232 825
232 860
232 912
232 959
233 234
233 235
233 237
233 239
233 240
233 317
233 377
233 449
233 452
233 535
233 573
233 593
233 629
233 642
233 655
233 832
233 928
233 948
234 237
234 238
234 239
234 385
234 459
234 568
234 625
234 657
234 671
234 674
234 685
234 780
234 795
234 975
235 236
235 239
235 240
235 283
235 332
235 352
235 439
235 595
235 696
235 757
235 856
235 974
236 237
236 238
236 239
236 240
236 245
236 286
236 478
236 492
236 524
236 568
236 844
236 907
236 941
236 978
237 238
237 239
237 240
237 242
237 300
237 471
237 473
237 480
237 490
237 695
237 765
237 781
237 907
237 929
237 992
238 239
238 240
238 252
238 334
238 446
238 516
238 744
238 842
238 878
238 954
239 283
239 511
239 709
239 786
239 800
239 874
239 892
240 257
240 534
240 606
240 666
240 679
240 705
240 734
240 752
240 847
240 919
240 920
240 975
241 242
241 243
241 244
241 245
241 246
241 247
241 248
241 249
241 257
241 632
241 880
242 244
242 246
242 248
242 249
242 250
242 445
242 521
242 626
242 702
242 829
242 974
243 244
243 246
243 247
243 248
243 249
243 250
243 365
243 383
243 417
243 738
243 790
243 851
243 892
244 245
244 247
244 249
244 250
244 279
244 405
244 475
244 496
244 638
244 666
244 909
244 974
245 246
245 248
245 250
245 372
245 551
245 590
245 604
245 681
245 710
245 740
245 768
245 787
245 852
245 958
245 960
245 981
246 247
246 248
246 249
246 250
246 390
246 483
246 522
246 568
246 819
246 935
247 248
247 249
247 250
247 272
247 421
247 513
247 608
247 653
247 843
247 903
247 947
248 249
248 320
248 402
248 501
248 915
248 961
249 250
249 520
249 532
249 564
249 575
249 603
249 663
249 711
249 830
249 909
250 256
250 290
250 527
250 716
250 772
250 775
250 915
250 959
250 974
251 254
251 255
251 257
251 258
251 259
251 260
251 370
251 390
251 484
251 511
251 903
252 253
252 254
252 255
252 256
252 257
252 260
252 300
252 374
252 412
252 528
252 629
252 703
252 752
252 850
252 953
252 984
253 254
253 256
253 257
253 258
253 327
253 446
253 513
253 558
253 789
254 255
254 256
254 257
254 258
254 260
254 420
254 462
254 519
254 645
254 718
254 743
254 811
254 815
254 817
254 897
254 990
255 256
255 257
255 258
255 259
255 260
255 283
255 295
255 305
255 319
255 346
255 559
255 700
255 876
255 935
255 966
256 257
256 258
256 259
256 260
256 316
256 480
256 750
256 858
257 258
257 260
257 286
257 322
257 421
257 527
257 744
257 878
258 259
258 260
258 459
258 567
258 726
258 776
258 796
258 811
258 893
259 260
259 519
259 573
259 695
259 715
259 718
260 380
260 389
260 521
260 609
260 709
260 856
260 982
261 262
261 264
261 265
261 266
261 268
261 269
261 270
261 355
261 372
261 426
261 503
261 533
261 917
261 918
262 265
262 266
262 267
262 268
262 270
262 277
262 289
262 306
262 416
262 481
262 498
262 585
262 699
262 814
262 972
263 265
263 266
263 267
263 268
263 270
263 327
263 451
263 458
263 479
263 546
263 690
263 969
264 265
264 266
264 267
264 268
264 269
264 315
264 318
264 424
264 666
264 696
264 781
264 870
265 266
265 267
265 582
265 718
265 722
265 734
265 754
265 813
265 859
266 267
266 269
266 270
266 373
266 458
266 459
266 578
266 621
266 859
266 991
267 268
267 269
267 270
267 311
267 367
267 707
267 828
268 269
268 270
268 283
268 416
268 424
268 448
268 621
268 689
268 822
268 857
268 914
269 270
269 358
269 428
269 548
269 560
269 638
269 759
269 766
269 834
269 912
269 937
269 980
270 316
270 333
270 477
270 552
270 708
270 713
270 836
270 886
270 900
270 901
270 949
271 272
271 273
271 274
271 275
271 278
271 279
271 280
271 464
271 471
271 554
271 651
271 684
271 729
271 777
272 273
272 274
272 275
272 276
272 277
272 279
272 414
272 433
272 474
272 488
272 617
272 729
272 743
272 773
272 827
273 274
273 275
273 276
273 277
273 278
273 279
273 280
273 395
273 446
273 620
273 790
273 948
274 275
274 276
274 277
274 278
274 279
274 280
274 312
274 385
274 388
274 443
274 570
274 581
274 704
274 728
274 744
274 760
275 276
275 277
275 278
275 280
275 349
275 438
275 446
275 633
275 706
275 787
275 806
275 830
276 277
276 278
276 322
276 354
276 477
276 514
276 740
276 910
276 923
276 995
277 278
277 279
277 297
277 531
277 547
277 558
277 743
277 798
277 935
278 279
278 978
279 280
279 307
279 388
279 647
279 817
279 980
280 293
280 458
280 874
281 282
281 284
281 285
281 286
281 287
281 288
281 289
281 290
281 352
281 509
281 717
281 900
281 935
282 283
282 284
282 285
282 286
282 287
282 288
282 289
282 290
282 313
282 727
282 793
282 798
282 967
282 971
283 285
283 286
283 287
283 288
283 289
283 310
283 404
283 539
283 647
283 724
283 995
284 285
284 286
284 288
284 289
284 290
284 312
284 347
284 461
284 505
284 629
284 718
284 772
285 286
285 290
285 448
285 574
285 673
285 710
285 757
285 772
286 287
286 288
286 289
286 290
286 352
286 486
286 584
286 594
286 737
286 780
286 791
286 945
287 288
287 289
287 611
287 623
287 676
287 960
288 290
288 358
288 486
288 846
288 863
289 361
289 386
289 476
289 480
289 812
289 891
289 910
289 969
289 994
290 379
290 811
290 842
290 899
290 968
291 292
291 294
291 295
291 296
291 297
291 299
291 305
291 347
291 356
291 404
291 406
291 553
291 562
291 578
291 638
291 838
291 938
291 979
292 293
292 294
292 295
292 296
292 299
292 300
292 337
292 442
292 494
292 587
292 744
292 807
292 825
293 295
293 296
293 297
293 298
293 299
293 300
293 466
293 470
293 525
293 664
293 699
293 744
293 818
293 953
294 295
294 296
294 297
294 298
294 299
294 300
294 311
294 456
294 593
294 868
294 907
294 933
295 296
295 297
295 298
295 299
295 300
295 332
295 416
295 532
295 704
295 772
295 847
295 930
296 297
296 298
296 299
296 338
296 439
296 514
296 522
296 709
296 751
296 787
296 801
296 848
296 981
297 298
297 299
297 321
297 343
297 526
297 573
297 603
297 668
297 677
297 690
297 817
297 843
297 870
298 299
298 300
298 325
298 408
298 448
298 580
298 672
298 731
298 780
299 300
299 591
299 609
299 691
299 733
299 858
299 890
299 907
300 486
300 575
300 595
300 655
300 672
300 736
300 753
300 984
301 302
301 303
301 304
301 305
301 306
301 307
301 308
301 309
301 310
301 340
301 439
301 456
301 532
301 708
301 717
302 303
302 304
302 305
302 308
302 309
302 310
302 351
302 355
302 570
302 592
302 665
302 716
302 748
302 761
302 840
302 988
303 304
303 305
303 306
303 307
303 308
303 309
303 514
303 528
303 671
303 729
303 743
303 879
303 905
303 969
304 306
304 307
304 308
304 309
304 310
304 433
304 758
304 921
304 924
304 931
305 306
305 307
305 308
305 309
305 369
305 376
305 556
305 814
305 841
305 961
306 307
306 308
306 309
306 508
306 565
306 574
306 619
306 710
306 914
307 308
307 309
307 310
307 321
307 376
307 451
307 508
307 620
307 645
307 672
307 754
307 991
308 336
308 337
308 419
308 465
308 481
308 606
308 894
308 933
308 952
308 968
308 989
309 310
309 397
309 567
309 669
309 707
309 828
310 369
310 464
310 472
310 577
310 733
310 868
310 869
310 924
311 312
311 313
311 315
311 316
311 317
311 318
311 319
311 362
311 424
311 489
311 516
311 550
311 601
311 704
311 711
311 755
311 987
312 313
312 314
312 315
312 316
312 317
312 318
312 319
312 320
312 464
312 571
312 642
312 710
313 314
313 315
313 316
313 317
313 318
313 320
313 475
313 577
313 667
313 828
313 897
313 926
313 938
313 973
313 979
314 315
314 316
314 317
314 318
314 319
314 407
314 467
314 484
314 560
314 616
314 764
314 851
314 941
315 316
315 317
315 318
315 319
315 575
315 814
315 838
315 965
315 971
316 318
316 320
316 351
316 379
316 437
316 453
316 463
316 919
317 318
317 319
317 320
317 323
317 345
317 414
317 523
317 567
317 693
317 732
317 917
317 930
318 319
318 320
318 497
318 586
318 712
318 770
318 886
319 320
319 390
319 735
319 848
319 879
319 898
320 431
320 500
320 684
320 909
320 931
320 960
321 322
321 323
321 326
321 327
321 328
321 329
321 643
321 815
321 858
321 960
321 963
321 969
322 323
322 325
322 326
322 328
322 329
322 330
322 367
322 384
322 403
322 461
322 755
322 822
322 855
323 325
323 326
323 327
323 328
323 329
323 330
323 335
323 355
323 422
323 612
323 642
323 645
323 690
323 814
323 855
323 858
323 875
323 890
323 913
324 325
324 326
324 327
324 328
324 329
324 330
324 342
324 387
324 466
324 517
324 565
324 640
324 703
324 737
324 784
324 832
324 956
325 326
325 327
325 328
325 329
325 330
325 342
325 397
325 403
325 506
325 518
325 618
325 707
325 805
325 821
325 948
325 975
326 327
326 328
326 329
326 330
326 401
326 579
326 593
326 631
326 732
326 846
326 906
326 916
327 328
327 329
327 330
327 355
327 442
327 448
327 556
327 715
327 722
327 769
327 794
327 798
328 329
328 330
328 443
328 451
328 466
328 521
328 625
328 663
328 757
328 895
328 961
329 330
329 399
329 401
329 696
329 716
329 889
329 929
329 959
329 968
330 562
330 566
330 696
330 776
330 861
331 332
331 333
331 334
331 335
331 337
331 338
331 340
331 395
331 443
331 596
331 681
331 774
331 831
331 873
331 925
331 1000
332 333
332 334
332 335
332 336
332 337
332 339
332 340
332 342
332 391
332 460
332 463
332 531
332 737
332 774
332 899
332 920
333 334
333 335
333 336
333 337
333 338
333 339
333 546
333 549
333 672
333 854
333 958
333 986
334 335
334 336
334 337
334 339
334 340
334 602
334 650
334 904
334 974
335 336
335 337
335 338
335 340
335 345
335 419
335 585
335 838
336 337
336 338
336 339
336 340
336 485
336 511
336 644
336 723
336 919
336 939
337 338
337 339
337 340
337 428
337 459
337 609
337 630
337 693
337 976
338 339
338 340
338 446
338 455
338 470
338 606
338 618
338 791
338 796
338 910
338 940
339 340
339 351
339 406
339 415
339 464
339 573
339 756
340 437
340 609
340 747
340 999
341 344
341 345
341 346
341 347
341 348
341 349
341 350
341 367
341 619
341 691
341 904
341 961
341 975
342 343
342 344
342 345
342 346
342 349
342 350
342 390
342 463
342 505
342 573
342 716
342 722
342 836
342 878
343 348
343 349
343 376
343 807
343 1000
344 346
344 348
344 349
344 350
344 390
344 445
344 487
344 591
344 636
344 645
344 684
344 692
344 734
344 828
344 997
345 346
345 348
345 349
345 350
345 395
345 398
345 471
345 560
345 609
345 618
345 634
345 657
345 881
345 945
345 987
346 348
346 349
346 350
346 388
346 535
346 592
346 739
346 835
346 837
346 863
346 963
347 348
347 350
347 549
347 573
347 709
347 817
348 350
348 436
348 500
348 502
348 659
348 748
348 961
349 382
349 532
349 718
349 797
349 898
349 970
350 467
350 541
350 550
350 737
350 758
350 768
350 832
350 883
350 922
350 945
351 352
351 353
351 354
351 355
351 356
351 357
351 358
351 359
351 360
351 448
351 699
351 969
352 353
352 355
352 356
352 357
352 358
352 359
352 360
352 429
352 513
352 601
352 610
352 621
352 672
352 829
352 928
353 354
353 355
353 356
353 357
353 358
353 359
353 360
353 436
353 445
353 470
353 894
354 355
354 356
354 358
354 359
354 360
354 438
354 458
354 574
354 623
354 710
354 783
354 791
354 795
354 878
354 924
354 953
354 990
355 356
355 357
355 359
355 360
355 361
355 588
355 666
356 357
356 358
356 359
356 360
356 457
356 612
356 691
356 702
356 719
356 749
356 782
356 857
356 886
357 358
357 359
357 641
357 642
357 727
357 817
357 827
357 918
358 359
358 376
358 398
358 441
358 461
358 579
358 672
358 680
359 486
359 595
359 628
359 792
359 815
359 825
359 830
359 901
359 957
359 980
359 983
360 524
360 527
360 558
360 691
360 717
360 926
361 362
361 364
361 366
361 367
361 368
361 370
361 410
361 501
361 581
361 714
361 783
361 877
361 880
362 363
362 364
362 365
362 366
362 367
362 369
362 370
362 375
362 388
362 437
362 670
362 756
362 912
362 929
363 364
363 365
363 367
363 369
363 370
363 420
363 497
363 532
363 534
363 708
363 720
363 790
363 846
364 365
364 366
364 367
364 369
364 370
364 393
364 470
364 536
364 743
364 764
364 929
364 954
365 368
365 369
365 370
365 618
365 633
365 739
365 978
366 367
366 368
366 369
366 623
366 779
366 956
367 368
367 369
367 370
367 394
367 430
367 602
367 793
367 809
368 369
368 370
368 400
368 526
368 560
368 561
368 573
368 831
369 370
369 555
369 701
369 833
369 905
370 526
370 540
370 649
370 690
370 758
370 837
370 932
370 950
370 963
370 969
371 375
371 376
371 377
371 378
371 379
371 380
371 422
371 480
371 523
371 634
371 989
372 373
372 374
372 375
372 376
372 377
372 378
372 380
372 447
372 453
372 462
372 871
372 900
372 936
372 986
372 989
373 374
373 375
373 376
373 377
373 378
373 379
373 380
373 575
373 609
373 719
373 727
373 779
373 830
374 375
374 376
374 377
374 378
374 379
374 380
374 651
374 686
374 728
374 805
375 376
375 377
375 378
375 379
375 380
375 585
375 669
375 776
375 780
375 798
375 863
376 377
376 379
376 380
376 629
376 732
376 753
376 820
377 378
377 379
377 380
377 413
377 452
377 657
377 661
377 697
377 703
377 929
377 941
377 958
378 379
378 380
378 617
378 684
378 689
378 760
378 809
378 824
379 380
379 400
379 448
379 640
379 680
379 694
379 715
379 832
379 833
379 851
379 909
379 953
380 547
380 603
380 636
380 931
381 382
381 383
381 384
381 385
381 388
381 389
381 697
381 937
381 962
382 384
382 385
382 387
382 388
382 395
382 535
382 543
382 813
382 826
382 886
382 899
383 384
383 385
383 387
383 388
383 401
383 421
383 501
383 624
383 673
383 818
383 878
383 912
383 971
383 986
384 385
384 386
384 388
384 389
384 390
384 499
384 518
384 537
384 590
384 782
385 386
385 387
385 388
385 389
385 390
385 452
385 544
385 561
385 563
385 737
385 815
385 892
385 949
385 998
386 387
386 388
386 389
386 390
386 402
386 424
386 470
386 558
386 645
386 714
386 769
386 805
386 854
387 388
387 389
387 390
387 520
387 638
387 861
388 389
388 843
388 903
388 995
389 390
389 399
389 416
389 419
389 544
389 642
389 643
389 785
389 844
390 443
390 452
390 494
390 506
390 864
390 955
391 392
391 393
391 394
391 395
391 396
391 397
391 398
391 399
391 400
391 468
391 524
391 582
391 630
391 650
391 749
391 766
391 801
391 886
392 393
392 394
392 395
392 396
392 397
392 398
392 575
392 581
392 642
392 695
392 856
392 899
392 996
393 395
393 396
393 397
393 398
393 399
393 400
393 431
393 504
393 520
393 652
393 724
393 733
393 899
393 956
394 395
394 396
394 397
394 398
394 399
394 400
394 460
394 472
394 512
394 613
394 627
394 658
394 660
394 987
395 397
395 398
395 399
395 400
395 512
395 526
395 579
395 747
395 799
395 807
395 880
396 398
396 400
396 422
396 490
396 846
396 926
397 399
397 400
397 420
397 452
397 634
397 639
397 679
397 695
397 764
397 778
397 802
397 895
398 399
398 416
398 501
398 648
398 735
398 848
398 866
398 876
398 913
399 400
399 533
399 552
399 597
399 695
399 777
399 784
399 906
399 916
399 946
400 432
400 481
400 768
400 880
400 908
400 938
400 991
401 402
401 403
401 404
401 405
401 406
401 407
401 408
401 409
401 410
401 443
401 555
401 561
401 655
401 776
401 826
401 889
401 903
401 924
402 403
402 404
402 405
402 406
402 407
402 409
402 526
402 558
402 679
402 812
402 813
402 889
402 907
402 909
402 968
402 976
402 987
403 404
403 405
403 406
403 407
403 409
403 554
403 839
403 953
404 405
404 408
404 409
404 410
404 556
404 579
404 582
404 639
404 822
404 853
404 905
404 943
404 985
405 406
405 407
405 408
405 409
405 410
405 608
405 689
405 874
405 971
405 986
406 407
406 408
406 409
406 410
406 482
406 503
406 509
406 613
406 708
406 801
406 978
407 408
407 410
407 540
407 580
407 595
407 619
407 683
407 713
407 769
407 902
407 911
407 986
408 409
408 410
408 521
408 720
408 774
408 793
408 815
408 896
408 905
408 946
408 981
408 986
409 410
409 559
409 563
409 827
409 970
410 595
410 634
410 664
410 984
411 412
411 413
411 414
411 415
411 416
411 417
411 418
411 419
411 461
411 480
411 846
411 856
411 863
411 937
412 413
412 414
412 415
412 416
412 418
412 419
412 587
412 678
412 790
412 805
413 414
413 416
413 418
413 420
413 545
413 570
413 638
413 666
413 817
413 876
413 900
414 415
414 416
414 417
414 419
414 420
414 544
414 551
414 683
414 836
414 977
415 416
415 417
415 418
415 419
415 420
415 687
415 786
415 907
416 417
416 418
416 419
416 420
416 482
416 663
416 697
416 742
416 802
416 841
416 853
416 926
416 970
417 418
417 692
417 745
417 756
418 419
418 420
418 514
418 681
418 724
418 830
418 914
419 420
419 550
419 651
419 740
419 816
419 942
420 527
420 867
420 971
420 997
421 422
421 423
421 424
421 425
421 426
421 427
421 428
421 429
421 430
421 578
421 659
421 797
421 863
421 885
422 423
422 424
422 425
422 426
422 427
422 428
422 429
422 436
422 593
422 818
422 839
422 943
422 977
423 424
423 425
423 426
423 427
423 430
423 516
423 585
423 638
423 783
423 944
424 426
424 427
424 428
424 429
424 446
424 560
424 577
424 763
424 912
424 960
425 426
425 427
425 428
425 429
425 618
425 630
425 672
425 774
425 980
426 427
426 428
426 430
426 529
426 635
426 710
426 789
426 908
426 932
426 996
427 428
427 429
427 430
427 552
427 573
427 600
427 632
427 639
427 752
427 923
427 928
428 429
428 430
428 497
428 510
428 524
428 626
428 850
428 888
428 976
428 996
429 430
429 443
429 614
429 791
429 821
429 877
429 987
430 654
430 721
430 781
430 807
430 832
430 860
430 951
430 972
431 432
431 433
431 434
431 435
431 436
431 437
431 438
431 439
431 440
431 640
431 836
432 433
432 434
432 435
432 436
432 437
432 439
432 440
432 449
432 451
432 708
432 747
432 809
433 434
433 435
433 436
433 437
433 438
433 440
433 769
433 837
433 859
433 860
433 952
434 435
434 436
434 437
434 438
434 439
434 440
434 459
434 616
434 640
434 693
434 855
434 978
435 436
435 438
435 439
435 440
435 673
435 751
435 771
435 807
436 437
436 438
436 439
436 440
436 458
436 565
436 642
437 438
437 439
437 440
437 503
437 518
437 600
437 970
438 439
438 501
438 588
438 807
438 823
438 855
439 460
439 484
439 528
439 913
440 539
440 684
440 741
440 850
441 443
441 444
441 445
441 446
441 447
441 448
441 450
441 535
441 744
441 807
441 929
441 954
442 445
442 447
442 449
442 663
442 708
442 731
442 825
442 952
443 444
443 447
443 448
443 450
443 526
443 559
443 730
443 743
443 854
443 872
443 873
444 445
444 446
444 447
444 448
444 450
444 553
444 632
444 633
444 747
444 755
444 803
444 899
444 930
444 948
445 446
445 448
445 449
445 450
445 822
446 448
446 449
446 450
446 513
446 574
446 804
447 448
447 449
447 450
447 562
447 707
447 714
448 450
448 619
448 648
448 902
448 909
448 977
449 450
449 508
449 514
449 757
449 811
449 915
450 590
450 622
450 752
450 897
451 452
451 453
451 454
451 456
451 458
451 459
451 460
451 553
451 671
451 817
452 453
452 454
452 455
452 457
452 458
452 460
452 626
452 790
452 892
452 990
453 455
453 456
453 457
453 458
453 459
453 460
453 590
453 666
453 879
454 456
454 458
454 459
454 460
454 470
454 534
454 543
454 558
454 582
454 652
454 653
454 674
454 704
454 828
454 898
455 456
455 457
455 458
455 459
455 640
455 811
455 881
455 896
455 897
455 955
456 457
456 458
456 969
457 458
457 459
457 460
457 567
457 812
458 459
458 460
458 478
458 539
458 643
458 835
459 460
459 495
459 543
459 570
459 610
459 630
459 953
459 987
460 498
460 503
460 619
460 634
460 897
461 462
461 463
461 464
461 465
461 466
461 467
461 468
461 469
461 470
461 517
461 570
461 600
461 699
462 463
462 464
462 465
462 466
462 467
462 468
462 469
462 470
462 482
463 464
463 465
463 466
463 467
463 468
463 469
463 470
463 733
463 778
463 899
463 909
464 465
464 467
464 468
464 469
464 498
464 697
464 765
464 848
465 466
465 467
465 468
465 469
465 470
465 580
465 672
465 794
465 896
466 467
466 468
466 469
466 470
466 523
466 530
466 545
466 569
466 623
466 676
466 907
466 910
466 965
467 470
467 482
467 560
467 603
467 614
467 784
468 469
468 539
468 681
468 809
468 873
468 989
469 470
469 606
469 628
469 698
469 823
470 478
470 628
471 473
471 474
471 475
471 476
471 477
471 478
471 479
471 493
471 566
471 617
471 680
471 707
471 966
471 971
472 473
472 475
472 476
472 477
472 478
472 479
472 480
472 514
472 541
472 658
472 861
472 919
472 992
473 474
473 475
473 476
473 477
473 479
473 480
473 695
473 742
473 938
473 967
473 976
474 475
474 477
474 478
474 479
474 480
474 611
474 689
474 690
474 783
474 988
475 476
475 477
475 478
475 480
475 504
475 527
475 613
475 864
475 928
475 967
476 477
476 478
476 479
476 480
476 589
476 662
476 733
476 772
476 814
476 844
477 478
477 480
477 529
477 560
477 577
477 604
477 685
477 923
477 941
477 981
478 479
478 480
478 486
478 561
478 590
478 593
478 629
478 783
478 869
479 480
479 505
479 587
479 661
479 723
479 782
480 493
480 723
480 746
480 984
481 482
481 483
481 485
481 486
481 487
481 490
482 483
482 484
482 485
482 487
482 488
482 489
482 665
482 899
482 943
483 484
483 485
483 486
483 487
483 488
483 490
483 507
483 539
483 546
483 586
483 693
483 885
483 969
484 486
484 488
484 489
484 490
484 537
484 539
484 647
484 751
484 809
484 897
485 486
485 487
485 488
485 489
485 490
485 543
485 764
485 812
485 847
485 965
486 489
486 490
486 698
486 735
486 869
487 488
487 489
487 490
487 561
487 694
487 729
487 765
488 489
488 490
488 537
488 547
488 796
488 902
488 996
489 496
489 556
489 665
489 876
489 952
490 604
490 835
490 1000
491 492
491 493
491 494
491 496
491 497
491 498
491 500
491 602
491 687
491 704
491 813
491 836
491 942
492 493
492 494
492 496
492 498
492 499
492 500
492 596
492 628
492 654
492 804
492 846
492 865
492 876
493 494
493 495
493 496
493 497
493 498
493 499
493 500
493 704
493 723
494 495
494 496
494 498
494 499
494 500
494 635
494 650
494 734
494 830
494 943
494 972
495 496
495 499
495 500
495 507
495 673
495 679
495 743
495 927
496 498
496 500
496 581
496 690
496 788
496 791
496 890
497 498
497 499
497 500
497 549
497 551
497 567
497 609
497 634
497 856
497 961
498 500
498 576
498 634
498 661
498 723
498 850
498 927
499 500
499 531
499 724
499 955
500 505
500 516
500 564
500 634
500 785
500 983
501 502
501 503
501 504
501 506
501 507
501 508
501 509
501 510
501 520
501 782
501 852
501 939
501 958
501 959
501 985
502 503
502 504
502 505
502 506
502 507
502 509
502 535
502 576
502 597
502 784
502 860
502 873
502 996
503 507
503 508
503 521
503 721
503 810
503 875
503 912
503 969
504 505
504 506
504 508
504 509
504 510
504 550
504 571
504 757
504 777
504 784
504 888
505 508
505 509
505 510
505 910
506 507
506 509
506 510
506 573
506 773
506 841
507 508
507 509
507 510
507 574
507 580
507 643
507 721
507 764
507 827
507 957
508 509
508 510
508 567
508 603
508 608
508 686
508 763
509 510
509 549
509 637
509 712
509 792
509 794
509 865
509 929
509 931
509 968
510 687
510 706
510 759
510 788
510 848
510 914
511 512
511 513
511 514
511 516
511 517
511 518
511 519
511 520
511 599
511 713
511 923
512 514
512 515
512 516
512 517
512 518
512 519
512 520
512 595
512 665
512 701
512 884
512 967
513 514
513 515
513 516
513 517
513 518
513 519
513 658
513 792
513 839
513 937
514 515
514 516
514 518
514 519
514 520
514 559
514 585
514 669
514 681
514 761
514 846
514 861
515 516
515 518
515 519
515 520
515 671
515 776
515 976
516 517
516 519
516 549
516 558
516 679
516 748
516 857
516 916
517 518
517 520
517 595
517 776
518 519
518 541
518 624
518 722
518 743
518 779
518 788
518 908
518 923
518 940
519 520
519 611
519 895
519 926
519 1000
520 604
520 718
520 790
520 843
520 915
520 939
520 964
521 522
521 523
521 524
521 526
521 527
521 528
521 530
521 631
521 669
521 675
521 713
521 970
521 981
522 523
522 525
522 526
522 527
522 528
522 529
522 530
522 592
522 604
522 725
522 769
522 864
522 870
522 907
522 958
522 978
523 524
523 525
523 526
523 527
523 528
523 555
523 591
523 593
523 633
523 724
523 732
523 749
523 769
523 864
523 906
523 940
524 525
524 527
524 528
524 529
524 530
524 587
524 874
524 938
524 977
525 526
525 527
525 528
525 529
525 530
525 649
525 672
525 979
526 527
526 530
526 611
526 924
526 943
527 529
527 530
527 554
527 556
527 608
527 835
527 858
527 884
528 529
528 530
528 614
528 822
528 990
529 530
529 572
529 601
529 617
529 627
529 703
529 752
529 842
529 847
530 709
530 732
530 799
530 953
530 974
531 532
531 533
531 534
531 535
531 537
531 538
531 540
531 746
531 936
532 533
532 534
532 535
532 537
532 538
532 539
532 540
532 747
532 907
533 534
533 535
533 536
533 539
533 540
533 974
534 535
534 536
534 537
534 538
534 539
534 540
534 565
534 620
534 628
534 647
534 903
534 973
535 537
535 539
535 540
535 671
535 778
535 935
535 995
536 537
536 539
536 540
536 597
536 643
537 538
537 539
537 540
537 691
537 780
537 886
537 910
537 932
537 934
537 953
538 539
538 540
538 616
538 658
538 784
538 961
538 984
538 1000
539 540
539 780
539 912
539 985
540 777
540 868
540 909
541 542
541 543
541 544
541 545
541 546
541 548
541 549
541 550
541 605
541 728
541 840
541 890
542 544
542 545
542 546
542 547
542 549
542 550
542 578
542 591
542 748
542 882
543 544
543 545
543 547
543 548
543 549
543 550
543 568
543 586
543 651
543 777
543 832
543 960
544 545
544 546
544 547
544 548
544 549
544 550
544 717
544 881
544 994
545 546
545 547
545 548
545 550
545 991
546 547
546 548
546 550
546 585
546 603
546 722
546 725
546 790
546 852
547 548
547 550
547 723
547 882
547 979
548 549
548 550
548 884
548 962
548 970
548 989
549 550
549 745
550 829
550 892
550 946
551 552
551 554
551 555
551 558
551 559
551 582
551 918
552 553
552 554
552 555
552 556
552 557
552 558
552 559
552 560
552 699
552 923
553 554
553 555
553 558
553 559
553 560
553 738
553 779
553 822
554 555
554 556
554 557
554 558
554 559
554 857
554 963
554 974
555 557
555 558
555 559
555 560
555 569
555 784
555 930
555 952
555 994
556 558
556 559
556 560
556 621
556 770
556 873
556 925
556 976
557 558
557 559
557 560
557 572
557 584
557 664
557 667
557 803
558 559
558 560
558 681
558 720
558 886
559 704
559 785
559 800
559 848
559 849
560 736
560 821
560 869
560 961
561 562
561 565
561 566
561 567
561 569
561 570
561 644
561 669
561 732
561 975
562 565
562 568
562 570
562 777
562 934
563 564
563 565
563 566
563 567
563 569
563 570
563 669
563 717
563 725
563 753
563 839
564 565
564 568
564 569
564 570
564 902
564 931
564 961
564 992
565 566
565 567
565 569
565 570
565 613
565 655
565 837
565 902
565 957
566 567
566 568
566 569
566 570
566 836
566 841
566 935
567 568
567 569
567 570
567 630
568 569
568 570
568 588
568 727
568 874
568 935
568 962
569 571
570 580
570 859
570 925
571 572
571 573
571 574
571 575
571 576
571 577
571 578
571 579
571 580
571 608
571 669
571 746
571 811
571 822
571 850
571 896
572 573
572 574
572 575
572 577
572 579
572 580
572 664
572 820
572 969
572 994
572 995
573 574
573 575
573 576
573 577
573 578
573 579
573 580
573 654
573 738
573 794
573 854
573 936
574 576
574 577
574 578
574 579
574 627
574 734
574 768
574 856
574 972
574 985
575 576
575 577
575 579
575 785
575 957
576 577
576 578
576 579
576 694
576 882
576 981
576 988
577 578
577 579
577 580
577 591
577 766
577 831
577 973
578 636
578 749
578 948
579 580
579 719
580 641
580 772
580 798
580 832
580 905
580 974
581 582
581 583
581 585
581 586
581 587
581 588
581 589
581 590
581 840
581 874
581 926
582 583
582 584
582 587
582 588
582 590
582 800
582 827
583 584
583 585
583 586
583 587
583 588
583 590
583 783
584 585
584 586
584 587
584 588
584 589
584 590
584 709
584 720
584 952
584 954
585 587
585 589
585 590
585 655
585 687
585 744
586 587
586 588
586 589
586 590
586 613
586 661
586 673
586 967
587 588
587 589
587 590
587 708
587 867
587 918
588 589
588 590
588 712
588 715
588 865
588 876
588 887
588 897
588 957
589 590
589 658
589 734
589 897
589 919
589 956
590 625
590 715
590 841
590 887
590 953
590 994
591 592
591 593
591 594
591 595
591 596
591 597
591 598
591 599
591 600
591 680
591 687
591 825
592 593
592 594
592 595
592 597
592 598
592 599
592 600
592 665
592 780
593 594
593 595
593 597
593 599
593 600
593 720
593 730
593 899
594 595
594 596
594 598
594 599
594 600
594 832
594 896
594 979
595 596
595 597
595 598
595 599
595 600
595 822
595 907
596 597
596 598
596 599
596 600
596 858
596 888
596 902
596 960
596 969
596 975
596 986
597 599
597 826
597 842
597 985
598 599
598 600
598 682
598 730
598 759
598 976
599 600
599 977
600 709
600 829
601 602
601 603
601 604
601 605
601 606
601 607
601 608
601 610
601 903
601 931
601 966
602 603
602 605
602 606
602 607
602 608
602 609
602 610
602 662
602 832
602 920
602 974
603 604
603 607
603 608
603 610
603 721
603 728
603 961
604 605
604 606
604 608
604 609
604 610
604 794
605 606
605 607
605 608
605 609
605 617
605 626
605 664
605 731
605 755
605 871
605 888
605 979
606 607
606 608
606 694
606 788
606 809
606 868
606 940
606 998
607 608
607 842
608 609
608 610
608 631
608 680
608 784
608 789
608 812
609 610
609 723
609 771
609 839
609 940
610 611
610 626
610 672
610 675
610 747
610 942
611 613
611 614
611 616
611 617
611 619
611 620
611 629
611 666
611 761
611 853
611 995
612 613
612 615
612 616
612 617
612 618
612 619
612 762
612 822
612 964
612 995
613 614
613 615
613 617
613 618
613 619
613 876
613 880
613 916
614 615
614 616
614 619
614 620
614 719
614 721
614 751
614 848
615 616
615 712
615 809
615 885
615 949
615 968
616 620
616 668
616 686
616 727
616 738
616 753
617 618
617 759
617 850
617 906
617 944
617 948
618 619
618 620
618 777
618 792
618 810
619 728
619 760
619 848
619 869
620 684
620 804
620 883
621 623
621 624
621 625
621 626
621 627
621 628
621 629
621 630
621 752
621 808
621 884
622 625
622 626
622 628
622 630
622 846
622 944
622 994
623 624
623 625
623 626
623 627
623 630
623 648
623 714
623 812
623 814
623 931
624 625
624 626
624 627
624 628
624 629
624 630
624 763
624 798
624 813
624 967
625 626
625 627
625 628
625 629
625 630
625 642
625 732
625 735
625 817
626 628
626 657
626 737
626 832
626 928
626 951
627 628
627 629
627 630
627 648
627 681
627 722
627 844
627 883
627 919
628 629
628 630
628 642
628 675
628 782
628 950
629 630
629 716
629 752
629 843
629 845
630 638
631 633
631 634
631 635
631 636
631 637
631 639
631 640
631 672
631 812
631 856
631 976
632 633
632 634
632 635
632 636
632 638
632 639
632 640
632 672
632 719
632 838
632 948
632 965
633 634
633 635
633 636
633 637
633 638
633 639
633 640
633 688
633 725
633 904
633 915
634 635
634 636
634 638
634 639
634 640
634 644
634 768
634 835
634 941
634 974
635 637
635 638
635 639
635 640
635 732
635 746
635 771
635 784
635 802
635 837
635 995
636 639
636 640
636 817
636 868
636 936
637 640
637 654
637 818
637 848
637 867
638 639
638 640
638 734
638 755
638 761
638 979
638 998
639 640
639 654
639 661
639 889
639 897
639 901
639 936
639 942
640 721
640 827
640 859
640 878
640 988
641 642
641 643
641 644
641 645
641 646
641 647
641 648
641 649
641 650
641 703
641 755
641 797
641 874
641 916
642 643
642 644
642 645
642 646
642 648
642 649
642 650
642 766
642 871
642 961
642 997
643 644
643 645
643 646
643 649
643 650
643 757
643 765
643 767
644 645
644 646
644 647
644 649
644 884
645 646
645 647
645 649
645 650
645 680
645 856
645 884
646 648
646 649
646 650
646 653
646 765
646 988
647 648
647 649
647 650
647 677
647 786
647 840
647 908
648 649
648 650
648 780
648 789
648 802
648 825
649 650
649 768
649 905
649 989
650 691
650 775
650 838
650 850
650 851
650 921
650 939
651 652
651 653
651 656
651 657
651 658
651 659
651 660
651 759
651 973
652 653
652 654
652 655
652 658
652 659
652 660
652 683
653 656
653 657
653 659
653 660
653 677
653 717
653 921
653 974
654 655
654 656
654 657
654 658
654 659
654 680
654 681
654 767
654 788
654 831
655 657
655 658
655 660
655 662
655 702
655 722
655 762
655 776
655 919
656 657
656 658
656 660
656 817
656 877
656 914
657 660
657 755
658 660
658 735
659 888
660 662
660 769
660 778
660 880
660 907
661 662
661 664
661 667
661 668
661 669
661 670
661 719
661 967
662 665
662 666
662 667
662 670
662 736
662 924
662 992
663 665
663 666
663 668
663 669
663 670
663 734
663 936
663 970
664 665
664 666
664 667
664 669
664 670
664 754
664 908
665 667
665 668
665 669
665 800
666 668
666 669
666 670
666 808
666 841
666 865
666 923
666 944
667 668
667 669
667 670
667 671
667 777
667 788
667 857
667 911
668 670
668 694
668 702
668 709
668 757
668 792
668 903
668 931
669 745
670 940
671 672
671 673
671 674
671 675
671 676
671 677
671 679
671 680
672 673
672 674
672 675
672 677
672 678
672 679
672 843
672 971
673 674
673 675
673 676
673 677
673 678
673 791
673 861
674 675
674 676
674 677
674 678
674 679
674 711
674 816
674 1000
675 677
675 678
675 679
675 680
675 686
675 688
675 924
676 677
676 678
676 680
676 685
676 748
676 973
677 678
677 680
677 773
677 812
677 849
677 905
678 679
678 680
678 834
678 845
678 900
678 966
679 680
679 736
679 966
680 718
680 876
680 977
680 979
681 682
681 683
681 684
681 685
681 686
681 687
681 688
681 689
681 690
681 775
681 786
681 945
682 683
682 684
682 685
682 686
682 689
682 690
682 819
682 941
683 685
683 686
683 687
683 688
683 689
683 971
683 992
684 685
684 686
684 687
684 688
684 690
684 754
685 686
685 688
685 689
685 740
685 863
685 922
685 928
685 947
686 688
686 689
686 690
686 733
686 741
686 978
687 688
687 689
687 893
687 915
687 926
688 690
688 726
688 815
688 844
688 852
688 948
688 957
689 840
689 961
690 726
690 754
690 756
690 789
690 937
690 953
690 970
690 999
691 692
691 694
691 696
691 697
691 700
691 723
691 742
691 826
691 839
692 693
692 694
692 695
692 696
692 697
692 698
692 700
692 783
692 847
692 940
693 694
693 696
693 697
693 698
693 699
693 700
693 768
693 866
693 953
694 695
694 696
694 697
694 698
694 699
694 868
694 974
695 697
695 700
695 747
695 910
695 991
696 697
696 700
696 728
696 844
696 933
696 959
697 698
697 699
697 700
697 740
697 746
697 783
697 788
697 849
697 857
697 874
697 947
698 854
698 963
699 851
699 869
699 938
700 919
700 922
700 985
701 702
701 704
701 705
701 706
701 707
701 708
701 709
701 931
701 955
701 969
702 703
702 704
702 705
702 706
702 708
702 709
702 710
702 733
702 767
702 779
702 805
702 847
702 880
703 705
703 706
703 707
703 710
703 912
703 983
703 987
704 705
704 706
704 707
704 709
704 710
704 822
704 947
704 964
704 990
705 706
705 707
705 710
705 887
705 902
706 707
706 708
706 709
706 710
706 776
706 790
706 794
706 837
706 858
707 708
707 709
707 710
707 736
707 769
707 786
707 887
707 912
707 936
708 710
708 785
708 809
708 844
708 918
708 921
709 710
709 730
709 872
709 949
709 961
710 779
711 712
711 713
711 714
711 715
711 716
711 717
711 718
711 720
711 827
711 851
712 713
712 715
712 716
712 717
712 719
712 720
712 796
712 843
712 917
713 714
713 715
713 716
713 717
713 718
713 719
713 720
713 737
713 875
713 913
713 993
714 715
714 717
714 719
714 720
714 788
714 940
714 945
714 954
715 716
715 717
715 718
715 719
715 741
715 838
715 847
716 717
716 718
716 719
716 720
716 821
716 842
716 846
716 853
717 719
717 720
717 829
717 966
717 974
718 720
718 770
718 830
718 864
718 941
718 950
719 720
719 747
719 864
719 868
719 885
720 860
720 951
721 722
721 723
721 725
721 726
721 729
721 730
721 920
721 947
722 723
722 724
722 725
722 726
722 727
722 728
722 729
722 730
722 858
722 907
723 724
723 726
723 727
723 728
723 729
723 830
723 895
724 725
724 726
724 727
724 728
724 729
724 730
724 905
724 912
725 726
725 727
725 728
725 742
725 755
725 756
725 773
725 813
725 820
725 919
725 938
725 989
726 727
726 728
726 729
726 730
726 877
727 728
727 729
727 813
727 815
727 854
727 967
728 729
728 730
728 847
729 730
729 847
730 777
730 819
730 846
730 907
731 732
731 733
731 734
731 735
731 736
731 737
731 738
731 739
731 740
731 817
731 829
732 733
732 734
732 735
732 736
732 737
732 738
732 739
732 740
732 752
732 767
732 990
733 734
733 735
733 738
733 739
733 740
733 749
734 735
734 736
734 737
734 738
734 836
734 913
734 933
734 942
734 943
734 965
735 736
735 737
735 739
735 740
735 796
735 868
736 737
736 738
736 739
736 740
736 747
736 807
736 894
737 738
737 739
737 740
737 884
737 922
738 739
738 740
738 831
738 976
738 994
739 740
739 755
739 910
740 760
740 768
740 787
740 821
740 845
740 873
740 951
741 742
741 743
741 744
741 745
741 746
741 747
741 748
741 749
741 750
741 760
741 869
742 743
742 744
742 746
742 747
742 748
742 749
742 750
742 898
742 907
742 954
743 744
743 745
743 746
743 747
743 748
743 750
743 965
744 745
744 746
744 747
744 748
744 750
744 754
744 833
744 955
745 746
745 747
745 748
745 749
745 750
745 833
745 855
746 747
746 748
746 749
746 750
747 749
747 750
747 816
747 873
748 750
748 916
748 998
749 802
750 862
751 752
751 753
751 754
751 755
751 756
751 757
751 758
751 759
751 760
752 754
752 756
752 757
752 759
752 760
752 773
752 779
753 754
753 755
753 756
753 757
753 758
753 760
753 813
753 852
753 888
753 915
754 755
754 756
754 757
754 758
754 773
754 901
755 756
755 757
755 758
755 759
755 760
755 797
755 800
755 902
755 918
756 757
756 759
756 760
756 945
757 758
757 759
757 760
757 836
757 838
758 759
758 760
758 901
759 760
759 762
759 787
759 875
759 985
760 865
760 994
761 762
761 763
761 764
761 765
761 766
761 767
761 768
761 769
762 763
762 764
762 765
762 766
762 769
762 770
763 764
763 765
763 766
763 767
763 768
763 769
763 770
764 766
764 769
764 770
764 900
764 950
764 995
765 766
765 767
765 768
765 769
765 770
765 793
765 896
765 972
766 768
766 769
766 770
766 800
766 837
766 865
766 974
767 768
767 769
767 770
767 779
767 878
767 942
767 976
768 770
768 845
768 865
768 926
768 958
769 770
770 845
770 846
770 863
770 944
771 772
771 773
771 775
771 776
771 777
771 779
771 780
771 900
771 919
772 773
772 775
772 776
772 777
772 778
772 779
772 780
772 974
772 988
773 774
773 775
773 776
773 777
773 779
773 780
773 900
773 920
773 938
774 775
774 776
774 778
774 779
774 913
775 777
775 778
775 779
775 831
776 777
776 778
776 779
776 780
776 806
776 927
777 778
777 779
777 989
778 779
778 780
778 849
779 891
779 904
780 814
780 866
780 886
781 782
781 783
781 786
781 787
781 788
781 789
781 790
781 824
782 783
782 784
782 785
782 786
782 787
782 789
782 790
782 839
782 841
782 857
782 891
782 941
782 961
783 784
783 785
783 786
783 787
783 788
783 789
783 790
783 859
783 937
784 785
784 786
784 787
784 788
784 790
784 803
784 972
785 786
785 787
785 788
785 790
785 867
785 986
786 787
786 788
786 789
786 790
786 996
787 788
787 789
787 790
787 913
788 789
788 790
788 972
789 790
789 812
789 916
789 951
790 903
790 999
791 792
791 793
791 795
791 796
791 797
791 798
791 799
791 800
791 892
791 957
791 958
792 793
792 794
792 796
792 798
792 799
792 803
792 818
793 794
793 795
793 798
793 799
793 800
793 808
793 880
793 933
793 949
794 798
794 848
794 896
794 930
795 796
795 797
795 800
795 910
795 980
796 798
796 800
796 974
797 798
797 799
797 813
797 866
797 891
797 911
797 936
798 800
798 866
799 800
801 804
801 805
801 806
801 807
801 808
801 810
801 895
801 912
801 942
802 803
802 804
802 806
802 807
802 809
802 810
802 873
802 875
803 804
803 805
803 806
803 808
803 809
803 810
803 888
803 951
804 805
804 806
804 807
804 809
804 810
804 814
804 839
805 806
805 807
805 808
805 910
806 809
806 977
807 808
807 809
807 810
807 902
807 945
807 970
808 809
808 810
808 850
808 909
809 810
809 893
809 950
810 917
810 970
811 812
811 814
811 815
811 817
811 818
811 820
811 960
812 813
812 814
812 815
812 817
812 818
812 819
812 820
812 860
812 955
813 815
813 816
813 818
813 819
813 820
813 882
813 898
813 907
814 815
814 816
814 817
814 819
814 897
814 938
814 952
814 977
814 986
814 987
815 816
815 817
815 818
815 819
815 820
815 891
816 818
816 819
816 820
816 894
816 915
816 960
817 818
817 819
817 820
817 856
817 920
817 923
817 945
818 820
818 944
820 849
820 922
820 949
820 990
821 822
821 823
821 824
821 825
821 826
821 828
821 829
821 830
821 847
822 823
822 824
822 825
822 827
822 901
822 992
822 994
823 824
823 826
823 828
823 829
823 830
824 825
824 826
824 827
824 829
824 830
824 856
824 883
824 902
824 942
824 943
824 986
825 827
825 828
825 829
825 830
826 827
826 829
826 830
827 828
827 829
827 830
827 851
827 877
827 918
828 829
828 830
828 899
828 973
829 830
830 867
830 965
830 998
831 832
831 833
831 834
831 835
831 840
831 897
831 965
832 833
832 834
832 835
832 836
832 837
832 838
832 839
832 862
832 879
832 920
832 966
833 834
833 837
833 838
833 839
833 840
833 841
834 836
834 837
834 838
834 839
834 840
834 889
835 837
835 840
835 899
835 958
836 837
836 838
836 839
836 840
836 871
837 839
837 840
837 850
837 855
837 960
838 839
839 917
839 918
839 968
840 862
840 911
840 923
840 937
840 943
840 980
841 842
841 843
841 844
841 845
841 846
841 847
841 848
841 850
842 843
842 844
842 845
842 847
842 848
842 849
842 850
843 844
843 845
843 847
843 848
843 849
843 850
843 891
843 937
844 849
844 900
844 927
845 847
845 848
846 848
846 849
846 850
847 849
847 850
847 873
847 970
848 849
848 850
848 930
849 850
850 976
851 852
851 854
851 855
851 857
851 858
851 859
851 860
851 898
852 853
852 854
852 855
852 856
852 857
852 858
852 859
852 860
852 984
853 854
853 855
853 856
853 857
853 858
853 859
854 856
854 858
854 859
854 860
854 885
855 856
855 857
855 858
855 860
855 876
855 999
856 857
856 858
856 859
856 860
856 892
857 858
857 859
858 859
859 860
859 956
859 966
860 980
861 862
861 863
861 864
861 865
861 866
861 867
861 868
861 869
861 870
861 872
861 966
862 863
862 864
862 866
862 869
862 870
862 884
863 864
863 866
863 867
863 868
863 869
863 870
863 894
863 988
864 865
864 866
864 867
864 868
864 869
864 870
864 925
865 866
865 868
865 869
865 870
866 867
866 869
866 870
866 957
867 868
867 869
867 870
867 914
867 916
868 869
868 870
868 880
868 886
868 971
869 870
869 937
869 956
869 997
870 921
870 993
871 872
871 873
871 874
871 875
871 876
871 877
871 878
871 880
871 909
871 913
871 918
872 873
872 874
872 875
872 876
872 877
872 878
872 879
872 880
872 937
873 874
873 875
873 876
873 877
873 878
873 879
873 943
874 875
874 876
874 877
874 878
874 879
874 880
874 935
874 950
875 876
875 877
875 878
875 879
875 880
875 938
875 963
875 972
876 877
876 880
877 878
877 879
877 887
877 927
878 879
878 880
879 880
879 954
879 972
881 882
881 883
881 884
881 885
881 886
881 887
881 888
881 889
881 890
881 902
882 883
882 884
882 885
882 887
882 889
882 967
883 884
883 885
883 886
883 887
883 890
883 931
883 937
884 885
884 886
884 887
884 888
884 889
884 890
885 886
885 887
885 888
885 890
885 904
885 905
885 992
886 887
886 985
887 888
887 889
887 891
888 889
888 890
889 890
889 948
889 958
890 975
891 892
891 895
891 896
891 898
891 900
892 893
892 895
892 896
892 897
892 899
892 900
893 894
893 895
893 896
893 897
893 899
893 900
893 930
893 978
894 895
894 896
894 897
894 898
894 899
894 900
894 969
895 896
895 897
895 899
895 900
895 929
895 940
895 992
896 897
896 898
896 899
896 900
897 898
897 899
898 899
898 900
898 942
898 968
899 900
899 926
899 967
901 902
901 903
901 905
901 906
901 907
901 909
901 956
901 989
902 904
902 905
902 906
902 907
902 908
902 910
903 904
903 906
903 908
903 909
903 965
904 905
904 906
904 907
904 909
904 910
905 906
905 907
905 909
905 910
905 925
906 907
906 908
906 909
906 910
907 908
907 909
907 910
909 910
909 997
910 955
911 912
911 913
911 914
911 916
911 917
911 918
911 919
911 920
911 984
912 913
912 914
912 915
912 920
913 914
913 915
913 916
913 917
913 918
913 920
914 916
914 917
914 918
914 919
915 916
915 917
915 918
915 919
915 920
915 943
915 951
916 917
916 918
916 919
916 920
917 918
917 920
918 919
919 920
919 972
919 984
920 931
921 923
921 924
921 926
921 927
921 928
921 929
921 930
922 923
922 924
922 925
922 926
922 928
922 929
922 930
923 924
923 925
923 926
923 927
923 928
923 929
924 925
924 927
924 928
924 929
924 946
924 1000
925 926
925 927
925 928
925 929
925 930
926 927
926 928
926 929
926 930
926 992
927 929
927 978
928 929
928 968
928 983
929 970
930 984
931 932
931 934
931 935
931 936
931 938
931 939
931 940
931 958
931 999
932 933
932 934
932 935
932 936
932 937
932 938
932 940
933 934
933 935
933 940
933 952
934 935
934 936
934 937
934 938
934 940
935 936
935 939
935 940
936 937
936 938
936 939
936 986
937 938
937 939
937 940
938 939
938 940
938 984
938 999
939 940
939 966
941 942
941 944
941 945
941 947
941 950
942 943
942 946
942 947
942 948
942 949
942 950
942 970
943 945
943 946
943 948
943 950
944 945
944 946
944 947
944 948
944 949
945 946
945 947
945 948
945 949
945 950
945 985
945 998
946 947
946 948
946 949
946 959
947 948
947 949
947 950
948 949
948 950
949 950
950 964
951 952
951 953
951 954
951 955
951 956
951 959
951 960
952 953
952 956
952 958
952 960
953 955
953 956
953 957
953 958
953 959
953 960
954 955
954 956
954 957
954 958
954 959
954 960
954 969
955 956
955 957
955 958
955 959
955 960
956 957
956 959
956 960
957 958
957 967
957 972
958 959
958 960
958 973
960 968
961 962
961 963
961 965
961 967
961 969
961 970
962 963
962 964
962 965
962 967
962 970
962 977
962 987
963 964
963 965
963 966
963 967
963 968
963 969
963 970
964 967
964 968
964 969
964 970
965 966
965 967
965 968
965 969
965 970
966 968
966 969
966 970
967 968
967 970
967 985
968 969
968 970
969 970
969 984
970 998
971 972
971 973
971 974
971 975
971 976
971 977
971 978
971 979
972 974
972 975
972 976
972 977
972 978
972 979
972 980
973 974
973 975
973 976
973 977
973 980
974 975
974 976
974 978
974 979
974 980
975 976
975 977
975 980
975 995
976 977
976 978
976 980
977 978
977 979
978 979
978 980
978 986
978 1000
979 980
981 982
981 985
981 986
981 987
981 988
982 983
982 984
982 985
982 986
982 987
982 988
982 989
982 990
983 984
983 985
983 986
983 988
983 989
984 985
984 986
984 988
984 989
984 990
985 986
985 987
985 988
985 989
985 990
985 999
986 987
986 989
986 990
987 988
988 990
989 990
990 1000
991 992
991 993
991 994
991 995
991 996
991 997
991 998
991 999
992 993
992 994
992 995
992 996
992 998
992 999
993 994
993 995
993 996
993 997
993 998
993 999
993 1000
994 995
994 996
994 997
994 999
994 1000
995 996
995 998
995 999
995 1000
996 997
996 998
996 999
996 1000
997 998
997 999
997 1000
998 1000
999 1000
