1000 8710
1 2
1 3
1 4
1 5
1 6
1 8
1 43
1 122
1 266
1 278
1 423
1 853
1 881
1 918
1 938
1 949
2 3
2 4
2 5
2 6
2 7
2 8
2 9
2 213
2 226
2 249
2 496
2 740
2 750
2 751
2 885
2 894
2 959
3 4
3 5
3 6
3 8
3 10
3 121
3 194
3 224
3 396
3 408
3 435
3 491
3 661
3 864
3 923
4 5
4 6
4 8
4 19
4 164
4 490
4 745
4 967
5 6
5 7
5 8
5 9
5 10
5 40
5 100
5 214
5 247
5 262
5 522
5 562
5 728
5 787
5 882
5 917
6 7
6 8
6 9
6 11
6 57
6 112
6 133
6 347
6 539
6 815
6 908
6 949
7 8
7 10
7 34
7 255
7 296
7 301
7 347
7 422
7 521
7 594
7 641
7 667
7 733
8 9
8 10
8 22
8 259
8 334
8 673
8 704
8 736
8 744
8 754
8 906
9 74
9 150
9 336
9 338
9 374
9 442
9 462
9 676
9 746
9 851
9 952
10 156
10 219
10 370
10 381
10 447
10 790
10 795
10 810
10 837
11 12
11 15
11 16
11 17
11 19
11 43
11 330
11 589
11 610
11 617
11 839
11 924
12 14
12 15
12 16
12 17
12 19
12 20
12 85
12 120
12 182
12 184
12 239
12 253
12 330
12 337
12 398
12 551
12 569
12 631
12 705
12 819
12 871
12 876
12 892
12 951
12 975
13 14
13 15
13 16
13 17
13 19
13 20
13 24
13 139
13 178
13 321
13 395
13 682
13 705
13 874
13 983
14 15
14 16
14 17
14 19
14 55
14 61
14 105
14 198
14 375
14 437
14 504
14 594
14 652
14 673
14 732
14 761
14 946
14 990
15 16
15 17
15 18
15 101
15 360
15 546
15 557
15 684
15 718
15 808
15 829
15 832
16 17
16 18
16 19
16 20
16 157
16 195
16 236
16 539
16 553
16 613
16 742
16 906
17 18
17 19
17 20
17 239
17 264
17 273
17 305
17 419
17 431
17 613
17 622
17 628
17 725
17 759
17 768
17 786
17 820
17 998
18 19
18 20
18 25
18 97
18 109
18 185
18 358
18 613
18 790
18 884
19 20
19 77
19 94
19 239
19 351
19 575
19 577
19 596
19 819
19 856
19 857
19 870
19 896
20 68
20 296
20 501
20 548
20 891
20 922
20 951
21 22
21 23
21 24
21 25
21 26
21 27
21 29
21 53
21 59
21 201
21 278
21 314
21 376
21 417
21 464
21 662
21 756
21 805
22 23
22 24
22 25
22 26
22 27
22 28
22 29
22 30
22 54
22 230
22 253
22 675
22 788
22 927
23 25
23 29
23 30
23 233
23 292
23 431
23 582
23 729
23 773
24 25
24 26
24 27
24 28
24 29
24 30
24 130
24 256
24 389
24 437
24 492
24 497
24 550
24 594
24 733
24 765
24 776
24 808
24 962
25 26
25 27
25 28
25 29
25 30
25 77
25 113
25 204
25 480
25 519
25 603
25 627
25 654
25 671
25 896
25 926
25 989
26 27
26 28
26 29
26 30
26 46
26 129
26 198
26 361
26 509
26 530
26 532
26 608
26 648
26 732
26 779
27 28
27 29
27 30
27 41
27 42
27 303
27 432
27 567
27 818
27 867
27 940
27 962
28 30
28 104
28 265
28 294
28 491
28 684
29 30
29 294
29 571
29 597
29 655
29 764
29 842
29 958
29 980
30 47
30 56
30 118
30 194
30 335
30 369
30 434
30 552
30 557
30 586
30 656
30 719
30 779
30 822
30 884
30 897
30 942
30 944
31 32
31 33
31 34
31 35
31 36
31 37
31 39
31 40
31 105
31 127
31 169
31 211
31 342
31 556
31 603
31 658
31 860
32 33
32 34
32 35
32 36
32 37
32 38
32 90
32 136
32 232
32 294
32 308
32 324
32 361
32 486
32 539
32 540
32 579
32 599
32 918
32 922
32 942
33 34
33 35
33 37
33 40
33 104
33 158
33 479
33 908
33 938
33 968
34 35
34 36
34 37
34 39
34 40
34 263
34 301
34 679
34 713
34 769
35 36
35 37
35 39
35 40
35 161
35 271
35 341
35 784
35 824
35 995
35 998
36 37
36 38
36 39
36 40
36 90
36 514
36 515
36 535
36 762
36 933
37 38
37 39
37 40
37 74
37 165
37 226
37 348
37 386
37 500
37 580
37 691
37 767
37 814
37 905
38 39
38 40
38 143
38 216
38 246
38 504
38 626
38 815
38 960
38 980
39 40
39 53
39 106
39 193
39 378
39 417
39 474
39 563
39 615
39 632
39 718
40 66
40 201
40 410
40 420
40 516
40 625
40 661
40 699
40 732
40 835
41 44
41 45
41 46
41 47
41 48
41 49
41 50
41 512
41 582
41 603
41 629
41 688
41 722
41 789
42 43
42 44
42 45
42 46
42 47
42 48
42 49
42 50
42 206
42 327
42 391
42 457
42 484
42 581
42 604
42 643
42 649
42 661
42 693
42 787
42 800
43 45
43 46
43 48
43 49
43 68
43 148
43 270
43 307
43 382
43 447
43 457
43 587
43 641
43 697
44 45
44 47
44 48
44 50
44 168
44 266
44 292
44 354
44 375
44 415
44 615
44 696
44 736
44 774
44 822
44 984
44 996
45 46
45 47
45 48
45 494
45 542
45 554
46 47
46 48
46 49
46 50
46 71
46 154
46 219
46 269
46 324
46 542
46 722
46 793
46 910
47 49
47 50
47 223
47 455
47 657
47 665
47 740
47 804
47 833
47 898
47 964
48 49
48 50
48 79
48 199
48 268
48 339
48 376
48 461
48 555
48 680
48 686
48 695
48 961
49 50
49 77
49 86
49 120
49 283
49 292
49 440
49 544
49 643
49 735
49 775
49 784
49 899
49 930
49 998
50 69
50 166
50 191
50 346
50 366
50 389
50 501
50 556
50 579
50 722
50 769
50 787
50 858
51 52
51 53
51 54
51 56
51 57
51 58
51 60
51 222
51 246
51 286
51 388
51 545
51 597
51 601
51 632
51 698
52 53
52 54
52 57
52 58
52 59
52 86
52 88
52 210
52 564
52 844
52 880
53 54
53 55
53 57
53 58
53 59
53 60
53 93
53 355
53 420
53 440
53 498
53 513
53 591
53 624
53 637
53 650
53 705
53 863
54 55
54 56
54 57
54 59
54 98
54 231
54 481
54 510
54 527
54 993
55 56
55 57
55 59
55 60
55 112
55 235
55 621
55 793
55 820
55 962
55 967
56 57
56 58
56 59
56 95
56 126
56 208
56 226
56 229
56 295
56 378
56 398
56 417
56 602
56 665
56 734
56 812
56 839
56 852
56 859
56 877
56 895
56 934
56 954
56 963
57 58
57 59
57 60
57 113
57 215
57 229
57 235
57 391
57 896
58 59
58 60
58 90
58 133
58 385
58 398
58 468
58 529
58 664
58 704
58 706
58 846
59 60
59 73
59 221
59 379
59 650
59 700
59 715
60 135
60 267
60 654
60 662
60 738
60 957
60 968
60 1000
61 62
61 63
61 64
61 65
61 66
61 67
61 69
61 70
61 296
61 350
61 370
61 459
61 461
61 505
61 509
61 672
61 679
61 686
61 697
61 740
61 822
61 824
61 833
61 862
62 63
62 65
62 66
62 67
62 68
62 69
62 70
62 163
62 221
62 340
62 346
62 392
62 612
62 626
62 913
63 64
63 65
63 67
63 68
63 69
63 70
63 99
63 133
63 499
63 544
63 697
63 717
63 718
63 737
64 66
64 68
64 69
64 314
64 496
64 650
64 742
64 832
64 854
64 956
65 66
65 67
65 68
65 70
65 142
65 415
65 457
65 496
65 520
65 617
65 692
65 850
65 931
65 936
65 1000
66 67
66 68
66 69
66 70
66 71
66 126
66 213
66 248
66 466
66 475
66 631
66 659
66 808
66 825
66 867
67 69
67 70
67 72
67 425
67 500
67 610
67 674
67 728
67 817
67 968
68 172
68 401
68 542
68 654
68 893
69 70
69 73
69 225
69 415
69 661
69 698
69 756
69 872
69 878
69 957
70 107
70 162
70 360
70 505
70 603
70 611
70 716
70 881
70 918
70 957
71 72
71 73
71 74
71 75
71 76
71 77
71 79
71 84
71 886
71 929
72 73
72 75
72 76
72 77
72 78
72 79
72 170
72 264
72 398
72 431
72 437
72 619
72 622
72 690
72 793
72 860
73 75
73 76
73 77
73 78
73 79
73 80
73 251
73 357
73 364
73 405
73 440
73 551
73 750
73 814
73 853
73 931
73 933
74 75
74 76
74 77
74 78
74 80
74 147
74 201
74 285
74 568
74 768
74 820
74 893
75 76
75 77
75 79
75 80
75 91
75 142
75 222
75 356
75 387
75 436
75 444
75 864
75 940
75 984
76 77
76 78
76 79
76 80
76 181
76 199
76 246
76 296
76 623
76 847
76 904
76 939
76 980
77 78
77 79
77 104
77 343
77 533
77 565
77 610
77 627
77 672
77 682
77 797
77 802
77 899
77 958
78 79
78 155
78 358
78 457
78 462
78 509
78 522
78 558
78 562
78 768
78 812
79 80
79 252
79 556
79 736
80 158
80 284
80 334
80 445
80 604
80 711
80 794
80 893
80 959
81 83
81 84
81 86
81 88
81 89
81 90
81 119
81 174
81 177
81 276
81 325
81 867
82 83
82 86
82 87
82 88
82 89
82 345
82 368
82 378
82 419
82 448
82 511
82 820
83 84
83 85
83 87
83 88
83 89
83 90
83 168
83 225
83 275
83 292
83 424
83 532
83 543
83 545
83 939
84 86
84 87
84 88
84 89
84 90
84 118
84 223
84 269
84 342
84 360
84 408
84 518
84 601
84 602
84 660
84 904
85 86
85 87
85 88
85 89
85 126
85 162
85 230
85 240
85 364
85 484
85 529
85 679
85 722
85 775
85 820
85 977
86 87
86 88
86 89
86 193
86 500
86 558
86 656
86 777
86 815
86 827
86 904
87 88
87 89
87 241
87 255
87 310
87 319
87 517
87 527
87 585
87 694
87 701
87 941
87 985
88 89
88 90
88 102
88 125
88 169
88 176
88 214
88 278
88 305
88 422
88 425
88 447
88 498
88 532
88 631
88 640
88 676
88 711
88 874
88 883
88 951
88 956
89 90
89 159
89 201
89 224
89 284
89 384
89 602
89 618
89 693
89 781
89 839
89 960
89 985
90 91
90 192
90 282
90 291
90 653
90 667
90 714
90 827
90 857
90 902
90 949
91 92
91 94
91 96
91 97
91 98
91 99
91 295
91 494
91 519
91 564
92 93
92 94
92 95
92 96
92 98
92 99
92 100
92 181
92 219
92 493
92 518
92 519
92 647
92 665
92 786
92 816
92 947
92 973
93 94
93 95
93 96
93 97
93 98
93 100
93 733
94 96
94 97
94 99
94 100
94 159
94 322
94 343
94 435
94 638
94 691
94 840
94 889
94 891
94 949
94 952
94 979
94 990
95 96
95 97
95 98
95 100
95 335
95 383
95 404
95 550
95 671
95 673
95 674
96 97
96 98
96 100
96 133
96 816
96 890
97 98
97 99
97 100
97 111
97 323
97 437
97 448
97 598
97 656
97 718
97 776
97 952
98 99
98 116
98 241
98 413
98 720
98 842
98 878
98 888
98 898
99 100
99 127
99 224
99 275
99 309
99 328
99 340
99 669
99 793
100 121
100 181
100 481
100 552
100 597
100 630
100 673
100 740
100 868
100 992
101 102
101 103
101 104
101 105
101 106
101 107
101 108
101 109
101 110
101 254
101 392
101 417
101 418
101 436
101 471
101 495
101 558
101 580
101 612
101 634
101 647
101 701
101 779
102 103
102 105
102 108
102 110
102 163
102 231
102 267
102 329
102 366
102 447
102 488
102 489
102 590
102 664
102 741
102 821
103 104
103 105
103 106
103 107
103 108
103 109
103 110
103 199
103 207
103 289
103 431
103 712
103 792
103 798
103 908
103 928
104 106
104 107
104 109
104 110
104 127
104 372
104 391
104 424
104 517
104 557
104 755
104 965
104 989
105 107
105 108
105 110
105 231
105 260
105 355
105 492
105 699
105 879
105 894
105 911
106 107
106 108
106 109
106 110
106 226
106 437
106 497
106 713
106 805
107 108
107 109
107 110
107 156
107 230
107 239
107 306
107 334
107 744
107 803
107 863
107 876
107 912
108 109
108 110
108 119
108 131
108 236
108 245
108 305
108 333
108 612
108 711
108 766
108 803
108 981
109 110
109 193
109 273
109 295
109 342
109 388
109 622
109 658
109 786
109 974
110 269
110 307
110 448
110 530
110 626
110 691
110 832
110 893
110 953
111 112
111 114
111 115
111 116
111 117
111 118
111 119
111 140
111 200
111 214
111 318
111 390
111 455
111 524
111 714
111 782
111 809
111 845
111 910
111 952
112 113
112 114
112 115
112 117
112 118
112 120
112 355
112 429
112 438
112 484
112 509
112 567
112 758
112 778
112 862
112 888
112 912
112 939
113 115
113 117
113 119
113 425
113 530
113 825
113 895
114 115
114 116
114 118
114 120
114 150
114 212
114 259
114 305
114 370
114 383
114 584
114 603
115 116
115 118
115 119
115 131
115 184
115 238
115 300
115 320
115 453
115 681
115 803
115 860
115 908
116 117
116 118
116 119
116 120
116 297
116 398
116 449
116 523
116 548
116 565
116 657
116 706
116 942
117 118
117 119
117 120
117 138
117 199
117 229
117 278
117 758
117 775
117 912
118 119
118 120
118 213
118 313
118 413
118 594
118 606
118 632
118 681
118 733
118 739
118 793
118 911
118 938
118 993
119 120
119 154
119 181
119 265
119 269
119 307
119 322
119 366
119 480
119 485
119 502
119 808
119 875
119 998
120 356
120 381
120 423
120 714
120 853
120 973
121 122
121 123
121 124
121 125
121 126
121 127
121 128
121 130
121 483
121 489
121 499
121 671
121 703
121 737
122 123
122 125
122 126
122 129
122 170
122 238
122 306
122 328
122 499
122 543
122 581
122 652
122 667
122 704
122 812
122 838
122 950
122 973
123 124
123 125
123 126
123 128
123 130
123 171
123 181
123 286
123 383
123 385
123 451
123 497
123 524
123 544
123 714
123 718
123 843
123 865
123 961
124 125
124 126
124 128
124 129
124 130
124 169
124 318
124 346
124 347
124 420
124 459
124 612
124 642
124 670
124 961
125 126
125 127
125 128
125 129
125 130
125 298
125 318
125 460
125 662
125 670
125 673
125 791
125 825
126 127
126 128
126 129
126 130
126 157
126 314
126 360
126 412
126 526
126 562
126 572
126 926
126 961
127 128
127 169
127 199
127 231
127 415
127 618
127 707
127 743
127 746
127 921
128 129
128 130
128 312
128 416
128 560
128 582
128 823
128 852
129 130
129 287
129 440
129 544
129 567
129 590
129 755
129 780
129 861
129 900
129 966
130 325
130 601
130 931
131 132
131 133
131 134
131 135
131 136
131 137
131 138
131 139
131 140
131 150
131 170
131 322
131 331
131 380
131 639
131 896
132 133
132 136
132 137
132 138
132 139
132 598
132 814
132 982
133 134
133 136
133 137
133 138
133 139
133 192
133 230
133 267
133 304
133 404
133 446
133 485
133 497
133 511
133 596
133 623
133 631
133 653
133 736
133 789
133 853
133 960
134 135
134 136
134 137
134 138
134 139
134 140
134 206
134 385
134 417
134 480
134 571
135 136
135 137
135 138
135 139
135 140
135 151
135 235
135 420
135 451
135 648
135 656
135 899
136 137
136 139
136 140
136 202
136 292
136 304
136 322
136 393
136 402
136 679
136 769
136 870
137 139
137 140
137 283
137 308
137 364
137 392
137 482
137 779
137 802
138 139
138 140
138 301
138 302
138 392
138 515
138 521
138 718
138 796
138 826
138 911
139 140
139 147
139 149
139 243
139 333
139 401
139 539
139 598
139 625
139 653
139 731
139 746
140 531
140 741
140 770
141 143
141 144
141 145
141 147
141 148
141 149
141 150
141 207
141 259
141 271
141 340
141 384
141 414
141 426
141 434
141 442
141 456
141 507
141 545
141 578
141 605
141 701
141 896
141 913
142 143
142 144
142 145
142 146
142 149
142 150
142 210
142 252
142 289
142 406
142 414
142 494
142 614
142 632
142 688
142 696
142 706
142 772
142 844
142 985
143 144
143 145
143 146
143 147
143 148
143 150
143 300
143 470
143 494
143 538
143 790
143 823
143 901
144 145
144 146
144 147
144 148
144 149
144 150
144 262
144 818
144 824
144 860
144 976
145 146
145 149
145 150
145 426
145 812
145 814
145 926
145 945
145 973
146 147
146 148
146 150
146 230
146 291
146 390
146 405
146 458
146 494
146 513
146 837
146 864
146 865
146 867
146 946
147 148
147 149
147 150
147 353
147 387
147 430
147 538
147 654
147 696
147 889
147 960
148 149
148 253
148 502
148 510
148 555
148 589
148 613
148 620
148 696
148 821
148 843
148 937
148 946
148 995
149 150
149 180
149 523
149 743
149 830
149 950
149 984
150 263
150 332
150 868
151 152
151 153
151 154
151 155
151 156
151 157
151 158
151 159
151 160
151 167
151 346
151 406
151 460
151 466
151 544
151 700
151 820
151 872
151 902
151 928
151 953
151 983
152 153
152 155
152 156
152 157
152 158
152 160
152 326
152 531
152 632
152 655
152 866
152 910
153 154
153 155
153 156
153 158
153 159
153 327
153 468
153 561
153 656
153 770
153 935
154 155
154 156
154 157
154 158
154 159
154 181
154 464
154 510
154 639
154 689
154 700
154 705
154 739
154 897
155 156
155 157
155 158
155 159
155 241
155 262
155 279
155 324
155 360
155 362
155 399
155 484
155 578
155 704
155 812
155 936
155 978
156 157
156 158
156 160
156 161
156 182
156 330
156 358
156 362
156 395
156 518
156 612
156 616
156 672
156 683
156 844
156 853
156 954
156 968
157 158
157 159
157 160
157 250
157 256
157 293
157 325
157 481
157 520
157 663
157 696
157 761
157 883
158 159
158 160
158 164
158 286
158 358
158 410
158 466
158 485
158 694
158 971
158 987
159 164
159 241
159 254
159 349
159 486
159 505
159 584
159 704
159 723
159 753
159 898
159 966
160 319
160 358
160 450
160 462
160 495
160 503
160 562
160 716
161 162
161 163
161 164
161 165
161 166
161 167
161 168
161 169
161 170
161 261
161 395
161 430
161 465
161 483
161 486
161 507
161 536
161 822
161 888
162 163
162 164
162 168
162 207
162 370
162 434
162 440
162 540
162 549
162 569
162 819
162 849
162 899
162 990
163 164
163 165
163 166
163 167
163 168
163 169
163 170
163 192
163 250
163 381
163 606
163 672
163 746
164 165
164 168
164 169
164 170
164 199
164 331
164 347
164 420
164 549
164 555
164 750
164 870
164 898
164 994
164 1000
165 166
165 167
165 168
165 169
165 170
165 304
165 392
165 409
165 528
165 581
165 637
165 679
165 869
165 996
166 167
166 168
166 169
166 170
166 230
166 393
166 456
166 482
166 556
166 718
166 735
167 168
167 169
167 170
167 298
167 516
167 576
167 665
167 684
167 710
167 722
167 760
167 974
167 985
168 170
168 204
168 410
168 434
168 554
168 707
168 753
168 773
168 824
168 896
169 297
169 399
169 564
169 617
169 626
169 760
169 834
169 969
170 344
170 351
170 540
170 601
170 798
170 888
171 172
171 173
171 174
171 175
171 176
171 177
171 178
171 179
171 180
171 214
171 226
171 606
171 637
171 689
171 811
171 831
171 870
171 899
172 173
172 174
172 175
172 176
172 177
172 178
172 179
172 189
172 223
172 472
172 484
172 533
172 540
172 572
172 584
172 623
172 655
172 671
172 908
172 924
173 174
173 175
173 176
173 177
173 178
173 179
173 195
173 196
173 360
173 394
173 507
173 526
173 876
173 909
173 941
173 971
174 177
174 178
174 179
174 180
174 380
174 391
174 432
174 548
174 701
174 852
174 944
175 176
175 177
175 178
175 179
175 180
175 347
175 515
175 687
175 737
175 744
175 806
175 937
175 962
176 177
176 179
176 180
176 492
176 529
176 540
176 606
176 608
177 179
177 180
177 183
177 192
177 203
177 353
177 469
177 481
177 482
177 545
177 573
177 636
177 738
178 180
178 374
178 501
178 598
178 628
178 632
178 761
178 974
179 180
179 299
179 464
179 486
179 598
179 651
179 771
180 257
180 458
180 494
180 509
180 579
180 655
180 662
180 695
180 707
180 724
180 815
180 904
181 182
181 184
181 185
181 186
181 188
181 190
181 407
181 431
181 544
181 661
181 681
181 725
181 898
181 921
182 183
182 184
182 185
182 186
182 187
182 188
182 271
182 305
182 424
182 457
182 757
183 184
183 185
183 186
183 187
183 188
183 190
183 256
183 463
183 524
183 696
183 708
183 864
183 875
183 953
183 964
184 185
184 186
184 187
184 188
184 454
184 503
184 750
184 850
184 953
184 962
185 187
185 188
185 189
185 217
185 226
185 551
185 588
185 652
185 828
185 885
185 907
186 187
186 189
186 190
186 261
186 345
186 400
186 483
186 500
186 644
186 732
186 758
186 873
186 915
187 188
187 189
187 246
187 364
187 372
187 391
187 432
187 564
187 716
187 779
187 833
187 862
187 926
188 189
188 190
188 410
188 716
188 735
188 740
188 742
188 840
188 881
189 190
189 220
189 280
189 544
189 566
189 579
189 673
189 981
190 246
190 532
190 609
190 618
190 630
190 675
190 808
190 847
190 919
190 987
191 192
191 193
191 195
191 197
191 198
191 199
191 200
191 210
191 227
191 238
191 342
191 345
191 440
191 448
191 829
191 861
191 924
191 987
192 193
192 195
192 197
192 198
192 199
192 200
192 423
192 555
192 710
192 806
192 935
193 194
193 195
193 196
193 197
193 198
193 199
193 200
193 295
193 330
193 338
193 582
193 626
193 792
193 819
193 905
193 919
194 195
194 196
194 198
194 199
194 200
194 334
194 532
194 551
194 618
194 641
194 685
194 693
194 837
194 844
195 197
195 198
195 199
195 200
195 243
195 343
195 517
195 532
195 545
195 573
195 604
195 617
195 755
195 775
195 939
196 197
196 198
196 199
196 200
196 417
196 638
196 768
196 877
196 894
196 936
196 964
197 198
197 200
197 221
197 247
197 340
197 432
197 603
197 606
197 752
198 199
198 203
198 241
198 293
198 333
198 483
198 502
198 996
199 200
199 227
199 335
199 436
199 611
199 628
199 826
199 961
200 318
200 362
200 388
200 458
200 569
200 574
200 652
200 677
200 733
200 836
201 202
201 203
201 204
201 205
201 206
201 207
201 208
201 209
201 210
201 245
201 290
201 520
201 553
201 612
201 644
201 775
201 813
201 895
202 203
202 204
202 205
202 206
202 207
202 208
202 209
202 210
202 346
202 396
202 477
202 552
202 613
202 717
202 821
203 205
203 206
203 208
203 209
203 210
203 222
203 330
203 438
203 793
203 864
203 938
203 962
203 976
204 205
204 206
204 207
204 208
204 209
204 210
204 288
204 308
204 516
204 542
204 621
204 737
205 207
205 208
205 210
205 513
205 544
205 602
205 645
205 719
205 742
205 746
205 749
205 836
205 898
205 903
205 919
206 209
206 241
206 244
206 342
206 347
206 525
206 631
206 682
206 756
206 785
206 833
206 906
207 209
207 210
207 249
207 250
207 395
207 442
207 472
207 540
207 558
207 577
207 868
207 918
207 940
207 948
207 953
207 996
208 209
208 210
208 386
208 647
208 829
208 993
209 210
209 240
209 254
209 342
209 472
209 528
209 758
209 833
209 865
210 461
210 651
210 915
211 213
211 214
211 215
211 216
211 217
211 218
211 220
211 336
211 361
211 399
211 417
211 484
211 503
211 513
211 527
211 608
211 612
211 673
211 674
211 755
211 822
211 833
211 884
211 901
211 903
212 213
212 214
212 216
212 217
212 218
212 219
212 220
212 241
212 270
212 508
212 602
212 685
213 214
213 215
213 216
213 217
213 218
213 219
213 220
213 285
213 518
213 648
213 755
213 842
213 889
213 937
214 216
214 217
214 218
214 220
214 469
214 513
214 532
214 543
214 544
214 658
214 776
214 867
214 899
215 218
215 219
215 220
215 237
215 242
215 319
215 407
215 586
215 695
215 772
216 217
216 218
216 219
216 220
216 232
216 418
216 493
216 522
216 613
216 806
216 855
216 868
216 964
217 218
217 219
217 220
217 323
217 324
217 424
217 432
217 529
217 656
217 741
217 744
217 841
217 887
217 970
218 219
218 287
218 317
218 331
218 506
218 639
218 826
218 910
218 913
218 974
218 979
218 981
218 991
219 220
219 239
219 378
219 563
220 237
220 258
220 391
220 565
220 591
220 613
220 614
220 681
220 876
220 892
220 951
221 222
221 223
221 224
221 225
221 226
221 227
221 228
221 229
221 230
221 488
221 505
221 819
221 821
221 922
221 926
222 224
222 225
222 226
222 228
222 229
222 230
222 544
222 592
222 674
222 681
222 710
222 834
222 934
223 224
223 225
223 226
223 227
223 228
223 229
223 230
223 325
223 336
223 383
223 636
223 642
223 722
223 725
224 225
224 226
224 227
224 228
224 229
224 230
224 344
224 367
224 369
224 401
224 446
224 482
224 609
224 625
224 789
224 872
224 904
225 226
225 227
225 228
225 229
225 230
225 237
225 349
225 361
225 404
225 449
225 484
225 729
225 745
225 869
225 936
225 941
225 975
226 227
226 228
226 229
226 230
226 318
226 397
226 533
226 576
226 584
226 839
227 230
227 292
227 547
227 675
227 678
227 821
227 885
227 940
228 229
228 359
228 381
228 449
228 537
228 563
228 768
228 829
228 834
228 915
229 533
229 539
229 615
229 649
229 758
229 764
229 800
229 824
229 840
230 374
230 445
230 554
230 787
230 827
230 940
231 232
231 233
231 234
231 235
231 236
231 237
231 238
231 239
231 240
231 299
231 308
231 336
231 518
231 706
231 717
232 233
232 234
232 235
232 237
232 238
232 239
232 240
232 279
232 281
232 437
232 565
232 808
232 898
233 235
233 236
233 237
233 238
233 239
233 240
233 275
233 408
233 423
233 513
233 515
233 582
233 905
233 982
234 235
234 236
234 237
234 239
234 240
234 311
234 421
234 518
234 579
234 645
234 673
234 890
234 941
235 236
235 237
235 238
235 239
235 240
235 292
235 295
235 341
235 352
235 434
235 533
235 575
235 613
235 711
235 837
235 880
235 895
235 927
236 237
236 238
236 240
236 365
236 382
236 465
236 576
236 786
236 977
237 238
237 239
237 240
237 696
237 943
238 240
238 277
238 330
238 414
238 533
238 660
238 731
238 806
238 897
239 240
239 388
239 432
239 446
239 546
239 628
239 804
239 834
239 859
239 892
239 936
239 986
240 321
240 342
240 403
240 606
240 779
240 946
241 242
241 243
241 244
241 247
241 248
241 250
241 265
241 301
241 353
241 421
241 517
241 590
241 616
241 707
241 775
241 908
241 911
241 935
242 243
242 245
242 246
242 247
242 248
242 249
242 363
242 755
242 849
242 882
243 244
243 245
243 247
243 248
243 249
243 250
243 296
243 406
243 508
243 695
243 832
243 877
243 890
243 903
243 997
244 245
244 246
244 247
244 248
244 249
244 250
244 408
244 593
244 607
244 754
244 805
244 991
245 249
245 250
245 255
245 397
245 790
245 891
245 977
246 248
246 249
246 250
246 436
246 553
246 578
246 645
246 816
247 248
247 249
247 250
247 291
247 357
247 431
247 485
247 642
247 665
247 734
247 793
247 914
247 996
248 249
248 250
248 475
248 745
248 798
248 883
248 935
249 250
249 256
249 309
249 423
249 437
249 492
249 546
249 547
249 719
249 783
249 970
250 304
250 340
250 475
250 532
250 663
251 252
251 253
251 254
251 255
251 256
251 257
251 259
251 339
251 480
251 494
251 573
251 659
251 660
251 673
251 784
251 850
252 253
252 255
252 256
252 259
252 260
252 265
252 300
252 353
252 443
252 553
252 579
252 665
252 845
253 255
253 256
253 257
253 258
253 259
253 271
253 316
253 347
253 354
253 404
253 417
253 508
253 516
253 710
253 719
253 807
253 901
253 982
254 255
254 256
254 257
254 259
254 260
254 294
254 360
254 435
254 566
254 568
254 926
255 256
255 257
255 258
255 260
255 294
255 355
255 359
255 375
255 560
255 643
255 670
255 713
255 742
255 822
255 839
255 951
255 954
255 979
256 257
256 258
256 260
256 342
256 405
256 529
256 588
256 789
256 798
256 849
256 920
256 934
257 258
257 268
257 282
257 286
257 578
257 586
257 658
257 721
257 781
257 863
258 259
258 260
258 306
258 520
258 716
258 857
258 883
259 334
259 534
259 574
259 602
260 362
260 380
260 391
260 615
260 656
260 885
260 982
261 262
261 264
261 265
261 266
261 267
261 393
261 533
261 648
261 725
261 730
261 985
262 263
262 265
262 268
262 269
262 270
262 304
262 408
262 411
262 511
262 556
262 565
262 638
262 866
263 265
263 266
263 267
263 268
263 269
263 310
263 370
263 392
263 619
263 731
263 762
263 890
263 946
263 966
264 265
264 266
264 267
264 268
264 269
264 270
264 375
264 410
264 551
264 794
264 855
264 896
264 984
265 266
265 267
265 268
265 269
265 270
265 323
265 631
265 833
265 900
265 922
265 924
265 961
265 973
265 976
266 267
266 268
266 269
266 270
266 288
266 463
266 631
266 744
266 764
266 815
266 829
266 886
266 978
267 269
267 337
267 496
267 691
267 786
268 269
268 270
268 469
268 517
268 577
268 599
268 607
268 696
268 701
268 756
268 766
268 793
268 850
268 863
268 871
268 893
268 942
269 270
269 287
269 359
269 410
269 522
269 723
269 790
269 792
269 846
269 930
270 347
270 361
270 417
270 537
270 709
270 733
270 748
270 946
271 272
271 273
271 274
271 275
271 276
271 277
271 278
271 419
271 573
271 601
271 712
271 734
271 804
271 924
272 273
272 274
272 275
272 276
272 277
272 278
272 280
272 398
272 422
272 451
272 778
273 274
273 275
273 276
273 277
273 278
273 279
273 280
273 430
273 496
273 655
273 716
273 773
273 896
273 971
274 275
274 276
274 277
274 278
274 279
274 280
274 340
274 514
274 588
274 819
275 277
275 278
275 280
275 295
275 312
275 354
275 464
275 627
275 641
275 690
275 877
276 277
276 278
276 279
276 280
276 340
276 397
276 483
276 549
276 576
276 698
276 933
276 958
276 960
276 973
277 278
277 279
277 280
277 293
277 489
277 538
277 665
277 774
277 864
277 865
277 917
278 280
278 307
278 381
278 409
278 436
278 722
278 803
279 280
279 330
279 513
279 597
279 705
279 747
279 850
279 863
279 889
279 991
280 284
280 290
280 366
280 377
280 396
280 491
280 551
280 650
280 863
280 993
281 282
281 286
281 287
281 288
281 290
281 548
281 678
281 709
281 718
281 863
281 903
281 986
282 283
282 284
282 285
282 286
282 289
282 290
282 399
282 405
282 410
282 438
282 465
282 551
282 591
282 592
282 627
282 656
282 889
282 994
283 284
283 285
283 286
283 287
283 288
283 289
283 290
283 354
283 450
283 465
283 512
283 521
283 599
283 618
283 720
283 731
283 837
283 999
284 285
284 286
284 287
284 288
284 289
284 290
284 387
284 438
284 633
284 662
284 678
284 873
284 883
285 286
285 287
285 288
285 289
285 290
285 368
285 396
285 468
285 831
286 288
286 358
286 371
286 467
286 497
286 511
286 575
286 636
286 660
286 747
286 751
286 821
287 289
287 290
287 486
287 500
287 518
287 580
287 589
287 616
287 829
287 842
287 996
288 290
288 484
288 562
288 673
288 808
288 817
288 849
288 872
288 913
288 961
289 290
289 349
289 566
289 774
289 804
289 810
289 824
289 864
289 880
289 929
289 973
289 992
290 296
290 365
290 454
290 711
290 762
290 832
291 292
291 293
291 294
291 296
291 297
291 298
291 299
291 300
291 378
291 642
291 721
291 740
291 792
291 920
291 933
292 293
292 294
292 295
292 296
292 297
292 298
292 299
292 300
292 373
292 510
292 512
292 542
292 679
292 860
292 958
293 294
293 295
293 296
293 297
293 298
293 299
293 300
293 325
293 460
293 502
293 509
293 735
293 786
293 803
293 830
293 932
294 295
294 296
294 297
294 298
294 299
294 300
294 302
294 347
294 428
294 442
294 563
294 696
294 719
295 296
295 299
295 300
295 337
295 552
295 661
295 684
295 772
295 798
295 804
295 905
295 917
296 298
296 299
296 300
296 408
296 503
296 844
296 896
297 298
297 300
297 551
297 553
297 579
297 634
297 832
297 974
298 299
298 310
298 441
298 452
298 458
298 601
298 761
298 782
298 870
299 300
299 365
299 509
299 558
299 940
300 535
300 575
300 674
300 711
300 723
300 958
301 302
301 303
301 304
301 306
301 308
301 309
301 310
301 456
301 492
301 594
301 676
301 701
301 890
302 304
302 305
302 306
302 307
302 308
302 309
302 310
302 453
302 498
302 649
302 744
302 985
303 304
303 305
303 306
303 307
303 308
303 341
303 717
303 858
303 889
303 894
304 305
304 306
304 308
304 309
304 310
304 329
304 422
304 512
304 718
304 730
304 799
304 965
305 306
305 307
305 308
305 309
305 310
305 488
305 544
305 722
305 742
305 832
305 879
305 898
305 937
306 307
306 308
306 309
306 310
306 481
306 484
306 640
306 783
306 790
306 869
306 945
306 964
306 968
306 980
307 308
307 310
307 513
307 768
308 309
308 417
308 731
308 958
309 310
309 315
309 362
309 389
309 409
309 457
309 553
309 574
309 687
309 767
309 772
309 987
310 388
310 428
310 461
310 684
310 824
310 916
311 313
311 314
311 317
311 318
311 320
311 336
311 406
311 411
311 451
311 485
311 588
311 639
311 689
311 754
311 761
311 842
311 844
311 934
312 313
312 314
312 315
312 316
312 317
312 318
312 320
312 381
312 422
312 474
312 502
312 548
312 926
313 314
313 315
313 317
313 318
313 320
313 344
313 354
313 378
313 408
313 533
313 568
313 800
313 923
313 970
314 315
314 316
314 317
314 320
314 411
314 429
314 483
314 514
314 791
314 906
314 935
314 975
315 316
315 318
315 319
315 346
315 682
315 732
316 317
316 319
316 378
316 495
316 503
316 539
316 662
316 672
316 767
316 901
316 909
316 947
316 959
317 320
317 368
317 382
317 483
317 783
317 908
317 922
317 926
317 955
318 319
318 320
318 377
318 731
318 927
319 320
319 397
319 434
319 490
319 523
319 553
319 708
320 580
320 833
320 863
321 322
321 324
321 325
321 326
321 327
321 328
321 329
321 330
321 399
321 667
321 778
321 802
321 827
321 859
321 864
321 881
322 323
322 324
322 325
322 326
322 328
322 329
322 330
322 449
322 479
322 713
322 724
323 324
323 325
323 326
323 327
323 328
323 329
323 330
323 480
323 634
323 728
323 790
323 854
323 958
323 976
324 325
324 327
324 328
324 329
324 330
324 396
324 423
324 548
324 644
324 696
324 710
324 724
324 786
324 793
324 810
324 894
325 326
325 327
325 328
325 330
325 342
325 377
325 635
325 642
325 666
325 747
325 814
325 997
326 328
326 329
326 330
326 414
326 545
326 742
327 328
327 329
327 330
327 416
327 558
327 617
327 679
328 329
328 357
328 450
328 471
328 646
328 664
328 786
328 812
328 859
328 864
328 986
329 330
329 424
329 603
329 626
329 745
329 766
329 824
329 835
329 841
329 944
330 508
330 588
330 620
330 647
330 663
330 808
330 812
331 332
331 333
331 334
331 335
331 336
331 337
331 338
331 339
331 340
331 436
331 489
331 607
331 672
331 775
332 333
332 334
332 335
332 336
332 337
332 339
332 340
332 399
332 549
332 737
332 780
332 782
332 824
332 847
333 334
333 335
333 336
333 337
333 338
333 340
333 486
333 577
333 604
333 613
333 655
333 761
333 910
333 976
334 337
334 338
334 339
334 369
334 473
334 605
334 616
334 724
334 781
334 834
334 843
334 936
335 336
335 337
335 338
335 340
335 370
335 399
335 498
335 589
335 649
335 843
335 891
335 965
335 981
336 337
336 338
336 340
336 415
336 439
336 564
336 731
336 742
336 895
337 338
337 339
337 340
337 562
337 583
337 717
337 728
337 761
337 990
338 339
338 379
338 471
338 492
338 579
338 669
338 670
338 683
338 725
338 797
338 823
338 963
339 481
339 526
339 568
339 643
339 654
339 772
339 803
339 905
339 959
339 998
340 432
340 625
340 659
340 759
340 781
340 785
340 905
341 342
341 343
341 344
341 348
341 349
341 350
341 395
341 453
341 518
341 583
341 614
341 635
341 724
341 899
342 343
342 344
342 345
342 347
342 348
342 350
342 380
342 491
342 505
342 622
343 344
343 345
343 349
343 448
343 457
343 524
343 621
343 653
343 679
343 793
343 983
344 345
344 347
344 348
344 349
344 350
344 390
344 531
344 540
344 771
344 858
345 346
345 349
345 350
345 434
345 451
345 501
345 532
345 556
345 721
345 733
345 931
346 347
346 349
346 350
346 696
346 770
346 844
346 870
346 898
346 938
347 349
347 350
347 387
347 610
347 621
347 689
347 754
347 822
347 936
348 349
348 395
348 404
348 438
348 488
348 600
348 607
348 650
348 665
348 693
348 696
348 953
348 960
348 970
349 350
349 412
349 511
349 734
349 804
349 963
349 981
350 473
350 524
350 588
350 677
350 852
350 1000
351 352
351 353
351 354
351 355
351 356
351 357
351 358
351 359
351 360
351 385
351 440
351 567
351 598
351 840
351 880
351 895
351 990
352 354
352 355
352 356
352 357
352 358
352 359
352 360
352 388
352 445
352 449
352 471
352 511
352 706
352 861
352 899
352 901
353 354
353 356
353 357
353 359
353 491
353 890
354 355
354 356
354 357
354 358
354 360
354 384
354 457
354 488
354 580
354 644
354 809
354 880
355 357
355 358
355 359
355 360
355 569
355 576
355 813
355 826
355 863
355 927
355 969
355 999
356 357
356 568
356 678
356 771
356 890
357 360
357 443
357 466
357 468
357 499
357 563
357 577
357 706
357 728
357 914
357 954
358 360
358 364
358 405
358 769
358 947
358 951
359 384
359 393
359 453
359 454
359 497
359 580
359 753
359 869
359 881
359 919
360 490
360 544
360 580
360 615
360 689
360 817
360 872
360 912
361 362
361 363
361 364
361 365
361 366
361 367
361 368
361 369
361 370
361 464
361 475
361 507
361 635
361 769
361 887
362 363
362 364
362 365
362 366
362 367
362 368
362 369
362 370
362 394
362 563
362 640
362 755
362 833
363 364
363 365
363 366
363 367
363 368
363 369
363 370
363 401
363 578
363 673
363 717
363 743
364 365
364 366
364 367
364 368
364 369
364 370
364 394
364 549
364 600
364 603
364 637
364 849
364 911
364 993
365 367
365 368
365 445
365 526
365 587
365 776
365 834
365 858
365 863
365 960
365 995
366 367
366 368
366 370
366 491
366 625
366 689
366 719
366 745
366 753
366 777
366 852
366 872
366 952
367 368
367 369
367 370
367 410
367 449
367 563
367 848
368 369
368 370
368 399
368 458
368 536
368 568
368 669
368 685
368 772
368 806
368 813
368 920
368 932
368 964
368 993
369 370
369 652
369 728
369 729
370 486
370 553
370 906
370 941
371 372
371 373
371 374
371 375
371 377
371 378
371 379
371 380
371 463
371 494
371 564
371 675
371 717
371 763
371 933
372 373
372 374
372 375
372 377
372 378
372 379
372 380
372 589
372 676
372 791
372 823
372 827
372 838
372 883
372 905
372 916
373 374
373 375
373 376
373 378
373 379
373 380
373 504
373 586
373 600
373 632
373 746
373 796
374 375
374 376
374 377
374 378
374 379
374 380
374 538
374 720
374 870
374 933
374 941
375 376
375 377
375 378
375 379
375 380
375 400
375 489
375 518
375 617
375 827
375 888
375 911
375 980
376 377
376 378
376 379
376 380
376 381
376 483
376 537
376 658
376 991
377 378
377 379
377 380
377 411
377 477
377 480
377 492
377 754
377 852
377 865
378 379
378 380
378 480
378 494
378 593
378 660
378 897
378 987
378 1000
379 380
379 390
379 434
379 487
379 549
379 606
379 638
379 793
379 908
379 929
379 967
380 439
380 470
380 541
380 650
380 664
380 873
380 899
380 908
380 944
381 382
381 383
381 384
381 385
381 386
381 387
381 388
381 390
381 429
381 468
381 498
381 529
381 555
381 556
381 912
381 966
382 383
382 384
382 385
382 386
382 387
382 389
382 390
382 434
382 843
382 909
382 945
383 384
383 387
383 388
383 389
383 390
383 517
383 695
383 760
383 987
384 386
384 387
384 388
384 389
384 390
384 493
384 578
384 735
384 876
384 897
384 999
385 386
385 388
385 389
385 544
385 562
385 565
385 620
385 741
385 827
386 387
386 389
386 390
386 455
386 467
386 479
386 597
386 680
386 751
386 831
386 904
387 388
387 389
387 469
387 572
387 680
387 726
387 727
387 810
387 832
387 838
388 389
388 390
388 433
388 483
388 861
388 954
388 990
389 390
389 651
389 874
390 413
390 459
390 607
390 626
390 860
390 896
391 392
391 395
391 396
391 397
391 398
391 399
391 400
391 435
391 443
391 575
391 652
391 803
391 858
391 902
391 964
392 395
392 396
392 397
392 398
392 400
392 403
392 524
392 548
393 394
393 395
393 396
393 397
393 398
393 399
393 400
393 677
393 830
393 953
394 395
394 396
394 397
394 399
394 400
394 468
394 663
394 771
395 396
395 397
395 398
395 399
395 400
395 431
395 451
395 470
395 489
395 804
395 939
395 945
396 397
396 398
396 399
396 400
396 462
396 519
396 533
396 555
396 656
396 720
396 859
396 911
397 398
397 399
397 400
397 558
397 595
397 709
397 764
397 908
398 400
398 453
398 533
398 618
398 631
398 738
398 806
398 930
399 400
399 427
399 531
399 546
399 655
399 768
399 878
399 913
399 925
400 403
400 442
400 469
400 529
400 780
400 799
400 807
400 809
401 402
401 403
401 404
401 405
401 406
401 407
401 408
401 409
401 584
401 615
401 688
401 728
402 403
402 404
402 405
402 406
402 407
402 410
402 463
402 662
402 875
403 405
403 406
403 407
403 409
403 455
403 580
403 647
403 758
403 817
403 848
403 857
403 949
404 406
404 407
404 409
404 410
404 663
404 675
404 871
405 406
405 407
405 408
405 409
405 410
405 488
405 503
405 743
405 790
405 960
406 407
406 409
406 410
406 607
406 619
406 664
406 707
406 874
406 988
407 408
407 409
407 410
407 499
407 798
408 410
408 524
408 658
408 815
408 838
408 981
409 410
409 428
409 548
409 769
409 828
409 875
409 923
409 988
410 465
410 482
410 726
410 801
410 941
410 992
411 412
411 413
411 414
411 415
411 417
411 418
411 419
411 420
411 565
411 585
411 595
411 669
411 711
411 725
411 758
411 875
412 413
412 414
412 415
412 416
412 417
412 418
412 419
412 420
412 503
412 584
412 713
412 736
412 847
412 869
412 878
412 903
413 414
413 415
413 416
413 417
413 419
413 458
413 529
413 768
413 811
413 881
414 415
414 417
414 418
414 419
414 420
414 475
414 497
414 595
414 724
414 788
414 818
414 887
414 912
415 417
415 420
415 540
415 604
415 897
415 933
416 417
416 418
416 420
416 539
416 547
416 581
416 687
416 857
416 882
416 933
416 941
416 984
417 418
417 450
417 495
417 927
417 936
417 992
418 419
418 420
418 535
418 580
418 753
418 886
418 911
418 981
419 420
419 431
419 452
419 555
419 593
419 624
419 634
419 700
419 716
419 793
420 457
420 486
420 502
420 737
420 739
420 801
421 422
421 423
421 424
421 425
421 426
421 427
421 428
421 430
421 451
421 515
421 614
421 635
421 766
421 796
421 797
421 812
422 423
422 424
422 425
422 426
422 428
422 429
422 430
422 436
422 456
422 507
422 515
422 517
422 718
423 425
423 426
423 427
423 428
423 429
423 431
423 574
423 677
423 718
423 929
424 425
424 426
424 427
424 428
424 430
424 464
424 560
424 597
424 724
424 762
425 426
425 427
425 429
425 430
425 565
425 633
425 677
425 929
425 959
426 427
426 430
426 568
426 660
426 808
426 810
426 912
426 940
427 428
427 430
427 481
427 917
427 922
428 429
428 430
428 515
428 516
428 623
428 669
428 733
428 811
428 940
428 956
429 430
429 683
429 693
429 699
429 815
429 946
429 970
429 977
430 539
430 670
430 677
430 680
430 833
430 860
430 863
430 871
431 432
431 436
431 437
431 438
431 439
431 440
431 478
431 583
431 709
431 752
431 789
431 917
431 921
431 929
431 931
431 947
432 433
432 434
432 435
432 436
432 437
432 438
432 439
432 440
432 605
432 624
432 655
432 672
432 804
432 820
432 826
432 830
432 880
432 921
432 960
433 434
433 436
433 437
433 439
433 440
433 466
433 690
433 749
433 853
433 869
434 435
434 436
434 437
434 439
434 440
434 441
434 477
434 497
434 502
434 531
434 676
434 727
434 872
434 995
435 437
435 438
435 439
435 474
435 535
435 536
435 650
435 678
435 761
435 815
435 825
435 844
435 848
435 872
435 928
436 437
436 440
436 630
436 777
436 814
436 906
437 438
437 440
437 484
437 504
437 585
437 610
437 625
437 810
438 440
438 552
438 592
438 666
438 826
439 440
439 450
439 542
439 589
439 752
439 800
439 882
440 537
440 635
440 642
441 442
441 443
441 444
441 445
441 448
441 449
441 450
441 546
441 664
441 671
441 676
442 443
442 444
442 445
442 446
442 447
442 448
442 449
442 450
442 524
442 759
442 771
442 900
442 918
442 961
443 444
443 446
443 447
443 448
443 449
443 450
443 708
443 765
443 854
443 916
443 990
444 445
444 446
444 447
444 450
444 622
444 718
444 762
445 446
445 448
445 449
445 450
445 514
445 655
445 837
446 447
446 448
446 449
446 450
446 476
446 588
446 641
446 670
446 737
446 767
446 925
446 931
446 993
447 449
447 450
447 591
447 716
447 732
447 902
447 973
448 449
448 556
448 826
448 842
448 903
448 914
448 924
449 450
449 650
449 720
450 468
450 497
450 664
450 670
450 907
451 452
451 453
451 454
451 455
451 456
451 457
451 458
451 459
451 460
451 469
451 528
451 551
451 877
451 886
451 952
452 453
452 454
452 456
452 457
452 458
452 459
452 460
452 529
452 622
452 865
453 454
453 455
453 456
453 457
453 458
453 459
453 783
453 801
453 946
453 947
454 455
454 456
454 458
454 459
454 460
454 662
454 694
454 741
454 811
454 919
455 457
455 458
455 459
455 460
455 571
455 704
455 712
455 731
455 768
455 781
455 911
456 457
456 458
456 459
456 460
456 481
456 540
456 673
456 964
457 458
457 459
457 460
457 565
457 628
457 689
457 706
457 785
457 797
457 805
457 969
457 984
458 460
458 530
458 539
458 546
458 556
458 754
459 460
459 528
459 645
459 701
459 791
459 801
459 888
460 571
460 956
460 983
461 462
461 463
461 464
461 466
461 467
461 468
461 469
461 470
461 474
461 501
461 527
461 691
461 829
461 834
462 463
462 465
462 466
462 467
462 468
462 469
462 499
462 566
462 730
462 736
462 747
462 862
462 870
462 889
462 937
462 947
463 464
463 466
463 468
463 470
463 540
463 642
464 465
464 466
464 467
464 468
464 486
464 581
464 645
464 701
464 842
464 873
465 466
465 467
465 468
465 469
465 470
465 475
465 785
465 805
465 910
466 467
466 468
466 469
466 470
466 472
466 542
466 563
466 567
466 574
466 623
466 645
466 756
466 793
466 929
466 975
467 468
467 469
467 583
467 648
467 696
467 838
467 878
468 469
468 555
469 470
469 962
470 489
470 492
470 562
470 604
470 716
471 472
471 473
471 475
471 477
471 478
471 479
471 480
471 492
471 627
471 723
471 826
472 473
472 474
472 475
472 477
472 478
472 479
472 480
472 488
472 542
472 666
472 855
472 935
473 474
473 476
473 477
473 478
473 479
473 575
473 592
473 634
473 681
473 978
474 475
474 476
474 477
474 478
474 498
474 525
474 671
474 712
474 725
475 476
475 477
475 478
475 479
475 480
475 559
475 805
475 958
476 477
476 478
476 480
476 575
476 615
476 622
476 642
476 660
476 706
476 749
476 769
476 774
476 822
476 886
476 995
477 480
477 831
478 480
478 485
478 641
478 714
478 828
478 864
478 931
479 480
479 532
479 614
479 697
479 736
479 803
479 943
480 512
480 534
480 543
480 760
480 774
480 923
481 484
481 485
481 486
481 487
481 488
481 490
481 639
481 783
481 830
481 908
482 483
482 485
482 486
482 487
482 488
482 489
482 490
482 531
482 658
482 714
482 756
482 794
482 873
482 899
482 932
483 484
483 485
483 486
483 487
483 488
483 489
483 490
483 569
483 965
484 485
484 486
484 487
484 488
484 490
484 604
484 663
484 805
485 487
485 488
485 489
485 490
485 547
485 812
486 487
486 488
486 489
486 490
486 493
486 542
486 570
486 688
486 710
486 930
486 963
487 488
487 489
487 591
487 639
487 732
487 806
487 885
488 489
488 490
488 556
488 706
488 778
488 867
488 877
488 974
488 975
489 490
489 638
489 764
489 780
489 794
489 806
489 822
489 837
489 916
490 542
490 563
490 659
490 829
490 929
490 993
491 492
491 493
491 494
491 495
491 496
491 497
491 498
491 499
491 500
491 611
491 622
491 667
492 493
492 494
492 495
492 498
492 499
492 679
492 702
492 707
492 740
492 743
492 899
493 494
493 498
493 499
493 500
493 632
494 495
494 496
494 497
494 498
494 499
494 566
494 794
494 887
494 893
494 895
495 496
495 497
495 498
495 499
495 500
495 542
495 822
495 925
495 957
496 497
496 498
496 499
496 531
496 550
496 764
496 796
496 813
496 860
496 943
497 498
497 499
497 604
497 633
497 640
497 767
497 786
497 876
498 499
498 500
498 510
498 511
498 627
498 735
499 500
499 640
499 678
499 774
499 824
500 576
500 803
501 503
501 504
501 505
501 507
501 508
501 509
501 510
501 659
501 668
501 688
501 728
501 749
501 816
501 830
501 882
501 942
502 503
502 504
502 505
502 506
502 507
502 508
502 509
502 510
502 601
502 683
502 707
502 758
502 811
502 848
502 984
503 504
503 505
503 506
503 507
503 508
503 510
503 582
504 505
504 506
504 507
504 508
504 510
504 965
505 506
505 507
505 508
505 509
505 510
505 598
505 674
505 716
506 507
506 508
506 509
506 534
506 646
506 708
506 891
507 508
507 509
507 510
507 669
507 770
507 860
507 908
507 964
508 509
508 510
508 890
508 910
508 938
509 510
509 692
509 760
509 802
510 623
510 678
510 685
510 759
510 814
511 512
511 513
511 514
511 515
511 516
511 518
511 519
511 521
511 883
511 984
512 513
512 514
512 515
512 517
512 518
512 519
512 520
512 610
512 735
512 861
513 514
513 515
513 516
513 517
513 518
513 519
513 520
513 525
513 534
513 552
513 601
513 630
513 634
513 716
513 722
513 790
513 926
513 928
513 932
514 515
514 516
514 517
514 518
514 519
514 520
514 568
514 892
515 517
515 520
515 595
515 1000
516 517
516 518
516 519
516 520
516 573
516 583
516 665
516 806
516 897
517 518
517 519
517 556
517 681
517 860
517 881
518 519
518 520
518 706
518 834
518 877
518 938
518 943
519 520
519 574
519 592
519 701
519 816
519 836
520 746
520 910
521 522
521 523
521 524
521 525
521 528
521 529
521 530
521 578
521 658
521 715
521 885
521 924
521 999
522 523
522 524
522 528
522 529
522 619
522 698
522 794
522 796
523 524
523 526
523 528
523 530
523 540
523 542
523 572
523 590
523 685
523 798
523 850
523 974
524 526
524 527
524 528
524 529
524 530
524 583
524 602
524 665
524 708
524 877
524 927
524 957
525 526
525 527
525 528
525 529
525 530
525 532
525 533
525 606
525 670
525 821
525 925
526 527
526 528
526 529
526 530
526 608
526 662
526 676
527 529
527 530
527 541
527 567
527 803
527 808
527 817
527 869
527 918
527 975
528 530
528 752
528 848
529 530
529 543
529 574
529 575
529 615
529 628
529 781
529 825
529 900
529 951
529 952
530 608
530 609
530 649
530 653
530 711
530 800
530 827
530 828
530 955
530 962
531 532
531 533
531 536
531 537
531 540
531 642
531 708
531 810
531 846
531 883
532 533
532 535
532 536
532 538
532 539
532 540
532 549
532 727
532 829
532 842
532 880
532 925
533 534
533 535
533 536
533 538
533 539
533 540
533 570
533 692
533 743
533 911
534 535
534 536
534 537
534 538
534 539
534 540
534 586
534 730
534 773
534 880
535 536
535 537
535 538
535 539
535 567
535 582
535 687
535 736
535 806
535 901
535 977
536 537
536 538
536 539
536 540
536 733
536 747
536 863
537 538
537 539
537 540
537 578
537 579
537 621
537 650
537 866
537 893
538 539
538 540
538 585
538 628
538 809
538 823
538 841
538 900
538 972
538 997
539 540
539 727
539 757
539 799
540 650
540 661
540 846
540 944
540 956
540 967
541 542
541 543
541 545
541 546
541 547
541 548
541 549
541 769
541 859
541 967
542 543
542 544
542 545
542 547
542 548
542 549
542 550
542 564
542 625
542 668
542 969
542 980
543 544
543 545
543 546
543 547
543 548
543 549
543 550
543 615
543 621
543 711
543 715
544 545
544 546
544 547
544 550
544 703
544 793
544 814
544 816
544 981
545 546
545 547
545 548
545 549
545 550
545 612
545 763
545 836
545 892
545 932
546 548
546 549
546 550
546 586
546 631
546 676
546 690
546 746
546 978
547 548
547 549
547 550
547 629
547 710
547 760
547 778
547 809
547 936
548 549
548 550
548 858
549 550
549 592
549 716
549 782
549 861
549 964
550 572
550 620
550 660
550 757
550 955
551 554
551 556
551 557
551 558
551 559
551 560
551 643
551 650
551 717
551 784
551 817
551 914
551 948
551 999
552 553
552 555
552 556
552 557
552 558
552 559
552 560
552 629
552 799
552 891
552 963
552 991
553 555
553 556
553 557
553 558
553 559
553 560
553 638
553 725
553 992
554 555
554 556
554 557
554 558
554 560
554 575
554 814
554 884
555 557
555 558
555 574
555 575
555 693
555 709
555 728
555 732
555 831
555 991
556 557
556 560
556 613
556 688
556 784
556 883
557 559
557 560
557 594
557 606
557 666
557 668
557 709
557 748
557 753
558 560
558 671
558 767
558 908
559 666
559 877
560 583
560 652
560 846
560 937
561 562
561 563
561 564
561 565
561 566
561 567
561 569
561 570
561 615
562 563
562 564
562 565
562 566
562 567
562 568
562 569
562 576
562 593
562 621
562 679
562 681
562 757
562 799
562 848
562 908
562 989
563 564
563 565
563 567
563 568
563 569
563 570
563 617
563 865
563 872
564 567
564 568
564 570
564 641
564 645
564 685
564 724
564 780
564 927
564 948
565 567
565 568
565 570
565 596
565 667
565 920
566 569
566 716
566 834
567 568
567 570
567 598
567 687
567 695
567 842
567 966
568 570
568 683
568 692
568 705
568 798
568 865
568 918
568 937
568 983
569 570
569 618
569 692
569 706
569 791
569 899
570 590
570 618
571 572
571 575
571 576
571 579
571 580
571 724
571 809
571 829
571 955
572 573
572 574
572 575
572 576
572 578
572 579
572 580
572 734
572 922
573 574
573 575
573 577
573 578
573 579
573 580
573 621
573 687
573 860
573 965
573 980
574 575
574 576
574 577
574 580
574 615
574 764
574 793
574 995
574 997
575 576
575 577
575 578
575 579
575 599
575 628
575 661
575 691
575 842
575 871
575 910
575 953
576 577
576 579
576 580
576 707
576 723
576 759
576 856
576 950
577 578
577 579
577 580
577 584
577 619
577 676
577 814
577 963
577 977
578 580
578 597
578 599
578 649
578 670
578 689
578 865
578 884
578 927
579 580
579 631
579 755
579 767
580 785
580 786
581 582
581 583
581 584
581 585
581 586
581 587
581 588
581 589
581 590
581 780
582 583
582 584
582 585
582 586
582 587
582 588
582 590
582 613
582 756
582 769
582 848
583 584
583 585
583 586
583 587
583 588
583 826
583 954
584 585
584 586
584 588
584 589
584 590
584 843
584 864
584 884
585 586
585 587
585 588
585 589
585 590
585 658
585 826
585 840
585 940
585 971
586 587
586 588
586 589
586 590
586 780
586 783
586 787
586 852
586 997
587 588
587 589
587 590
587 612
587 848
587 900
588 589
588 668
588 772
588 787
588 845
588 966
589 590
589 607
589 682
589 739
589 760
589 950
589 982
590 623
590 722
590 807
590 836
590 840
590 915
591 593
591 594
591 595
591 596
591 597
591 599
591 600
591 694
591 773
591 783
591 800
591 820
591 846
592 593
592 596
592 597
592 598
592 600
592 822
592 974
593 594
593 595
593 596
593 597
593 599
593 600
593 628
593 672
593 740
593 973
593 984
594 595
594 597
594 599
594 606
594 649
594 707
594 961
595 597
595 598
595 599
595 651
595 699
595 980
596 597
596 599
596 600
596 607
596 658
596 738
596 751
596 811
596 833
596 978
597 599
597 697
597 783
597 875
597 964
598 599
598 600
598 659
598 669
598 702
598 717
598 893
598 966
599 725
599 740
599 821
601 602
601 603
601 604
601 605
601 606
601 607
601 608
601 609
601 610
601 637
601 723
601 891
601 929
601 932
601 993
602 603
602 604
602 605
602 606
602 608
602 609
602 610
602 816
602 871
602 914
602 932
603 604
603 605
603 606
603 607
603 608
603 609
603 888
603 920
603 971
603 978
604 606
604 607
604 609
604 652
604 663
604 785
604 876
604 908
604 915
604 917
604 924
605 606
605 607
605 608
605 609
605 809
605 931
606 608
606 609
606 610
606 701
606 702
606 735
606 750
606 872
606 925
606 930
607 608
607 610
607 643
607 793
607 863
608 609
608 912
608 917
608 936
609 610
609 616
609 651
609 673
609 701
609 825
609 827
609 903
609 938
609 959
610 754
610 847
611 612
611 613
611 614
611 615
611 617
611 618
611 619
611 620
611 700
611 753
611 882
612 613
612 614
612 615
612 616
612 617
612 618
612 620
612 835
613 614
613 617
613 618
614 615
614 616
614 617
614 618
614 619
614 651
614 709
614 962
615 616
615 618
615 619
615 620
615 643
615 975
616 617
616 618
616 619
616 620
616 663
616 687
616 880
616 962
617 619
617 620
617 653
617 664
617 706
617 758
617 797
617 803
617 899
618 620
618 677
618 697
618 792
618 921
619 620
619 726
619 798
620 685
620 705
620 785
620 817
620 832
621 622
621 623
621 624
621 625
621 627
621 628
621 629
621 630
621 684
621 804
621 864
622 623
622 624
622 626
622 627
622 628
622 630
622 672
622 758
622 766
622 880
622 885
622 971
623 625
623 626
623 628
623 629
623 630
623 634
623 679
623 706
623 735
623 801
623 855
623 948
624 625
624 626
624 627
624 629
624 630
624 789
624 834
624 882
624 974
625 626
625 627
625 629
625 688
625 701
625 774
626 627
626 628
626 630
626 807
626 904
626 956
626 984
627 628
627 629
627 630
627 721
627 779
628 630
628 684
628 718
629 630
629 657
629 682
629 793
630 821
630 891
631 633
631 634
631 635
631 637
631 639
631 640
631 661
631 771
631 883
631 955
632 634
632 635
632 636
632 637
632 638
632 650
632 671
632 735
632 968
632 971
633 634
633 636
633 637
633 638
633 639
633 640
633 663
633 753
633 960
634 635
634 636
634 638
634 639
634 867
635 636
635 639
635 699
635 777
635 783
635 996
636 637
636 638
636 639
636 640
636 918
636 925
636 992
637 638
637 639
637 640
637 738
637 839
637 920
637 947
637 976
638 640
638 795
638 813
638 817
638 849
638 855
638 875
638 906
639 640
639 699
639 823
639 878
639 938
640 654
640 796
640 896
641 642
641 643
641 644
641 645
641 646
641 648
641 649
641 650
641 809
641 840
641 865
642 643
642 644
642 645
642 646
642 647
642 650
642 743
642 760
642 841
642 858
643 644
643 645
643 646
643 647
643 648
643 650
643 665
643 806
643 821
643 948
643 998
644 646
644 647
644 648
644 649
644 650
644 688
645 646
645 647
645 648
645 649
645 650
645 876
645 908
645 1000
646 647
646 648
646 649
646 650
646 657
646 687
646 949
646 981
647 648
647 649
647 650
647 682
647 815
647 850
648 654
648 768
648 863
648 939
649 650
649 660
649 788
649 944
650 776
650 781
650 815
650 982
650 984
651 652
651 653
651 654
651 655
651 656
651 658
651 659
651 660
651 775
651 846
651 893
651 910
652 653
652 654
652 655
652 656
652 657
652 658
652 660
652 741
652 982
653 654
653 655
653 656
653 657
653 658
653 659
653 660
653 743
653 769
653 856
653 950
653 965
653 995
654 655
654 656
654 657
654 658
654 660
654 709
654 714
654 776
654 834
654 861
654 883
654 896
655 657
655 659
655 660
655 700
655 917
656 659
656 660
656 852
656 857
656 893
656 941
657 658
657 660
657 767
657 911
658 660
658 667
658 693
658 737
658 800
658 806
658 856
659 660
659 740
659 925
659 938
660 776
660 798
660 821
660 917
660 926
660 967
661 662
661 663
661 664
661 665
661 666
661 667
661 669
661 670
661 757
662 663
662 665
662 666
662 667
662 669
662 670
663 665
663 666
663 667
663 668
663 691
663 852
664 665
664 666
664 667
664 669
664 670
664 683
664 720
664 841
664 897
664 904
664 917
664 995
665 666
665 667
665 668
665 669
665 670
665 682
665 746
665 782
665 889
666 667
666 668
666 669
666 729
666 831
667 668
667 670
667 788
667 826
667 854
667 959
668 669
668 670
668 693
668 781
668 801
668 810
668 856
668 929
669 670
669 676
669 700
669 897
670 878
670 960
671 672
671 674
671 676
671 677
671 678
671 703
671 810
671 828
671 834
671 857
672 674
672 675
672 677
672 678
672 679
672 680
672 852
672 922
673 674
673 675
673 676
673 677
673 678
673 679
673 733
673 767
673 884
673 899
674 675
674 676
674 677
674 678
674 679
674 680
674 701
674 985
675 676
675 679
675 680
675 720
675 794
675 869
675 906
675 922
675 970
676 677
676 679
676 680
677 679
677 680
677 761
677 876
677 997
678 679
678 680
678 697
678 762
678 908
679 680
679 955
679 992
680 768
680 833
680 875
680 910
680 958
680 968
681 682
681 683
681 685
681 687
681 688
681 689
681 690
681 955
681 958
682 683
682 684
682 685
682 686
682 687
682 689
682 698
682 776
682 780
682 781
683 684
683 685
683 686
683 687
683 688
683 690
683 891
683 942
684 685
684 686
684 687
684 688
684 689
684 767
684 784
684 785
684 864
685 686
685 688
685 689
685 690
685 875
685 945
686 687
686 688
686 689
686 733
686 769
686 797
687 689
687 690
687 804
687 884
687 958
687 969
688 689
688 690
688 737
688 806
689 690
689 775
689 870
689 900
689 957
690 701
691 692
691 693
691 694
691 695
691 696
691 697
691 699
691 700
691 701
691 756
691 872
691 965
692 694
692 695
692 696
692 698
692 699
692 700
692 712
692 822
692 866
692 977
693 694
693 695
693 696
693 697
693 698
693 700
693 707
693 748
693 769
693 795
693 941
694 695
694 696
694 698
694 699
694 700
694 729
694 906
694 953
695 696
695 697
695 698
695 699
695 700
695 717
695 961
695 971
696 698
696 699
696 700
696 729
696 826
696 876
696 905
696 988
696 998
697 698
697 699
697 700
697 811
698 699
698 700
699 700
699 874
699 906
700 955
700 956
701 703
701 704
701 705
701 709
701 710
701 840
702 703
702 704
702 705
702 706
702 707
702 708
702 709
702 710
702 729
702 827
702 829
702 921
703 704
703 705
703 706
703 707
703 708
703 709
703 710
703 759
704 705
704 706
704 707
704 708
704 709
704 710
704 852
705 706
705 707
705 708
705 709
705 710
705 984
706 707
706 708
706 709
706 710
706 749
706 846
706 851
706 875
706 944
707 708
707 709
707 710
708 709
708 710
708 881
708 893
708 1000
709 710
709 760
709 795
709 800
709 884
709 899
709 935
710 711
710 734
710 749
710 771
710 776
710 937
710 941
710 947
711 712
711 713
711 715
711 716
711 717
711 718
711 719
711 874
711 917
711 974
712 714
712 715
712 716
712 717
712 718
712 719
712 720
712 777
712 784
712 955
713 714
713 715
713 716
713 717
713 718
713 719
713 720
713 735
713 874
714 715
714 716
714 717
714 718
714 719
714 720
714 787
714 796
714 824
714 845
714 857
714 988
715 716
715 717
715 718
715 720
715 759
715 775
715 886
716 717
716 718
716 732
716 756
716 855
716 895
716 902
717 719
717 720
717 729
717 933
717 969
718 719
718 720
718 751
718 901
718 941
718 972
719 780
719 793
719 821
719 879
719 885
719 950
719 953
720 737
720 762
720 879
720 941
721 722
721 723
721 724
721 725
721 726
721 727
721 728
721 729
721 751
721 841
721 842
721 857
721 876
721 983
722 723
722 724
722 725
722 726
722 727
722 728
722 730
722 804
722 934
722 985
723 724
723 725
723 726
723 728
723 729
723 730
723 770
723 992
724 726
724 727
724 728
724 740
724 766
724 802
724 874
725 726
725 727
725 728
725 729
725 730
725 768
725 778
726 727
726 729
726 730
726 762
727 774
727 788
727 976
728 729
728 730
728 979
731 732
731 735
731 736
731 737
731 738
731 847
731 860
732 733
732 735
732 736
732 737
732 738
732 739
732 740
732 745
732 756
732 765
732 924
732 983
733 734
733 735
733 736
733 739
733 740
733 864
733 896
734 735
734 737
734 738
734 739
734 783
734 893
734 907
735 737
735 738
735 739
735 776
735 969
735 975
736 737
736 738
736 739
736 740
736 752
736 776
736 989
736 997
737 738
737 740
737 940
738 740
738 755
738 843
739 740
739 746
739 817
739 990
740 831
740 893
740 908
740 939
740 957
740 962
740 980
741 742
741 743
741 744
741 746
741 748
741 749
741 750
741 841
741 931
741 951
741 956
741 973
741 986
742 744
742 745
742 746
742 747
742 748
742 749
742 750
742 976
743 744
743 745
743 746
743 747
743 748
743 749
743 750
743 857
744 745
744 747
744 748
744 749
744 750
744 767
744 787
744 843
745 746
745 748
745 749
745 750
745 889
745 909
746 747
746 748
746 749
746 750
746 879
746 973
747 748
747 749
747 750
748 749
748 750
748 963
749 750
749 893
749 921
749 945
749 951
749 997
750 942
751 753
751 756
751 757
751 759
751 875
751 892
751 913
751 968
751 975
752 753
752 754
752 755
752 756
752 757
752 758
752 759
752 763
753 754
753 755
753 756
753 757
753 758
753 759
753 760
753 835
754 756
754 757
754 758
754 760
754 782
754 845
754 930
755 757
755 758
755 759
755 760
755 926
755 989
756 758
756 759
756 955
757 759
757 760
757 837
757 838
757 992
758 759
758 760
758 773
758 791
758 825
758 875
758 940
759 760
760 869
761 763
761 764
761 766
761 768
761 769
761 801
761 805
761 909
762 765
762 766
762 767
762 768
762 769
762 770
762 863
762 982
763 764
763 765
763 766
763 767
763 768
763 769
763 776
763 781
763 864
763 911
763 986
764 765
764 766
764 767
764 768
764 769
764 770
764 820
765 766
765 767
765 768
765 769
765 816
765 851
765 902
765 990
766 767
766 769
766 770
766 789
766 827
766 923
766 937
767 768
767 770
768 769
768 770
768 908
769 770
769 838
769 880
770 792
771 772
771 773
771 774
771 775
771 776
771 777
771 778
771 779
771 780
771 836
771 950
772 773
772 774
772 776
772 777
772 778
772 779
772 780
772 872
772 955
772 988
773 774
773 775
773 776
773 777
773 778
773 779
773 780
773 800
773 946
774 778
774 779
774 780
774 787
774 805
774 908
774 947
774 990
774 992
775 776
775 777
775 778
775 779
775 780
775 971
775 976
775 977
776 778
776 779
776 817
776 850
777 778
777 780
777 868
777 894
778 779
778 780
778 998
779 780
779 781
779 905
779 974
780 784
780 806
780 872
780 935
781 783
781 784
781 785
781 786
781 787
781 789
781 790
781 876
781 895
782 783
782 784
782 785
782 786
782 787
782 788
782 789
782 790
782 812
782 876
782 972
783 784
783 785
783 786
783 787
783 789
783 790
783 808
783 820
783 839
783 870
783 1000
784 785
784 786
784 787
784 788
784 789
784 790
785 787
785 789
785 790
785 862
785 917
785 921
786 787
786 789
786 819
786 998
787 788
787 789
787 790
787 808
787 971
788 789
788 790
788 794
788 819
788 967
789 790
789 836
789 858
789 973
790 815
790 930
790 951
791 793
791 794
791 795
791 796
791 797
791 798
791 799
791 800
791 809
791 924
791 983
791 997
792 793
792 794
792 796
792 797
792 798
792 800
792 825
792 932
793 794
793 795
793 796
793 797
793 798
793 799
793 800
793 933
793 965
794 795
794 796
794 797
794 798
794 799
794 800
794 818
794 867
794 924
795 798
795 799
795 809
795 879
796 797
796 799
796 800
797 798
797 858
797 940
798 799
798 800
798 826
799 800
799 838
799 855
799 865
799 946
800 848
800 888
800 909
800 923
800 965
801 802
801 804
801 805
801 806
801 807
801 808
801 809
801 810
801 848
802 803
802 805
802 806
802 808
802 809
802 810
802 813
802 888
802 935
802 949
802 955
803 805
803 806
803 807
803 808
803 809
803 810
803 818
803 900
804 805
804 806
804 807
804 810
804 828
804 845
804 870
804 965
804 977
805 807
805 809
806 807
806 808
806 810
806 816
807 808
807 809
807 902
807 911
807 969
808 809
808 810
808 811
808 891
808 892
809 810
809 925
810 817
810 847
810 969
811 812
811 813
811 814
811 815
811 817
811 818
811 819
811 820
811 986
812 813
812 815
812 816
812 818
812 819
812 820
813 815
813 816
813 817
813 970
814 815
814 816
814 817
814 818
814 819
814 820
814 845
814 982
815 817
815 819
815 820
816 818
816 819
816 935
816 992
817 818
817 819
817 820
817 908
818 820
818 834
819 820
819 894
819 911
819 930
820 857
820 890
821 822
821 823
821 824
821 825
821 826
821 827
821 828
821 830
821 957
822 823
822 824
822 826
822 828
822 829
822 830
822 834
823 824
823 825
823 826
823 827
823 828
823 829
823 830
823 894
824 825
824 827
824 829
824 830
825 826
825 827
825 828
825 829
825 946
826 827
826 828
826 829
826 979
827 828
827 829
827 830
828 829
828 830
828 861
829 830
829 895
831 832
831 833
831 834
831 835
831 836
831 837
831 838
831 839
831 840
831 940
831 948
832 833
832 835
832 836
832 837
832 838
832 840
833 834
833 835
833 836
833 840
834 835
834 837
834 838
834 839
834 840
834 938
834 955
834 985
834 990
835 837
835 838
835 839
835 858
836 837
836 838
836 839
836 875
836 886
837 838
837 839
837 840
837 844
837 868
837 871
837 947
838 839
838 840
839 840
839 923
841 842
841 844
841 845
841 846
841 847
841 849
841 850
841 962
842 843
842 844
842 845
842 847
842 849
842 899
843 845
843 847
843 849
843 850
844 846
844 848
844 849
844 850
844 898
845 846
845 847
845 848
845 849
845 850
845 875
846 848
846 850
847 848
847 849
848 849
848 866
848 921
849 850
849 882
850 934
851 852
851 853
851 854
851 855
851 856
851 857
851 858
851 859
851 860
851 927
851 946
852 853
852 854
852 855
852 857
852 859
852 899
852 983
853 854
853 855
853 857
853 858
853 860
854 855
854 856
854 857
854 858
854 859
854 860
855 856
855 857
855 858
855 859
855 860
855 994
856 859
856 989
857 859
857 860
858 859
858 860
858 896
858 978
859 860
859 907
859 909
859 950
860 995
861 862
861 863
861 864
861 865
861 866
861 868
861 869
861 879
861 945
862 864
862 865
862 866
862 867
862 868
862 869
862 870
862 915
862 938
863 864
863 865
863 866
863 867
863 868
863 870
863 985
864 865
864 866
864 867
864 868
864 869
865 866
865 867
865 868
865 869
865 870
866 867
866 868
866 869
866 997
866 1000
867 868
867 869
867 870
867 889
867 946
867 989
868 869
868 870
868 993
868 994
869 870
869 948
869 964
870 949
871 872
871 873
871 875
871 876
871 877
871 878
871 880
871 976
871 998
872 873
872 874
872 875
872 876
872 877
872 878
872 879
872 880
872 949
872 975
872 985
873 874
873 875
873 876
873 877
873 878
873 879
873 880
873 939
874 875
874 876
874 877
874 878
874 879
874 901
874 988
875 876
875 877
875 879
875 880
875 933
876 877
876 878
876 879
876 913
876 922
876 987
878 879
878 880
878 990
879 951
879 985
880 942
881 882
881 883
881 884
881 885
881 886
881 887
881 889
881 890
881 942
881 997
882 883
882 884
882 885
882 886
882 887
882 888
882 890
882 891
882 1000
883 884
883 885
883 886
883 887
883 888
883 889
883 890
883 891
883 895
883 897
883 967
884 886
884 887
884 888
884 890
884 920
885 886
885 887
885 888
885 889
885 890
885 978
886 887
886 888
886 890
886 912
887 888
887 889
887 890
888 890
888 964
888 999
889 890
889 917
890 981
891 892
891 893
891 894
891 895
891 897
891 898
891 900
891 940
891 974
891 998
892 894
892 895
892 896
892 897
892 899
892 900
893 894
893 896
893 897
893 898
893 899
893 900
893 959
894 895
894 896
894 897
894 898
894 899
894 900
894 959
895 896
895 897
895 898
895 899
895 900
895 960
896 897
896 898
896 899
896 900
896 932
897 898
897 937
897 942
897 943
897 952
898 899
898 959
899 904
901 903
901 904
901 905
901 906
901 907
901 909
901 910
902 903
902 904
902 907
902 908
902 910
903 906
903 907
903 908
903 909
903 910
903 924
903 985
904 905
904 907
904 909
904 910
904 945
904 993
905 906
905 908
905 909
905 996
906 907
906 908
906 909
906 910
907 909
907 910
907 923
908 909
908 910
908 913
908 928
909 910
909 921
910 917
911 912
911 913
911 915
911 916
911 917
911 918
911 919
911 920
911 932
911 957
911 967
911 975
911 978
912 913
912 914
912 915
912 917
912 918
912 919
913 915
913 916
913 917
913 918
913 919
913 920
914 915
914 916
914 917
914 918
914 919
914 920
914 931
915 916
915 917
915 918
915 919
915 920
916 917
916 918
916 919
916 920
916 957
917 918
917 919
917 920
917 953
917 966
918 920
918 978
919 920
919 952
921 922
921 925
921 926
921 927
921 928
921 929
921 930
921 985
922 923
922 924
922 925
922 928
922 974
923 925
923 926
923 927
923 928
923 929
923 930
924 925
924 929
924 930
925 926
925 928
925 929
925 930
926 927
926 928
926 929
926 930
927 929
927 935
928 930
929 930
930 964
931 933
931 934
931 935
931 937
931 938
931 939
931 940
932 933
932 935
932 936
932 937
932 938
932 939
932 940
932 944
933 934
933 935
933 936
933 937
933 939
933 998
934 937
934 938
934 940
935 936
935 937
935 938
935 940
935 967
936 937
936 938
936 940
937 938
937 939
937 940
938 939
938 940
939 940
939 941
941 942
941 943
941 945
941 946
941 947
941 949
941 950
942 943
942 944
942 945
942 947
942 948
942 950
943 944
943 945
943 946
943 947
943 948
943 949
943 950
944 945
944 946
944 947
944 948
944 950
945 946
945 947
945 948
945 949
945 950
946 947
946 948
946 949
946 950
946 993
947 948
947 950
947 980
947 984
948 950
949 950
950 999
951 952
951 954
951 955
951 957
951 958
951 959
952 953
952 954
952 958
952 959
952 960
953 954
953 955
953 956
953 957
953 958
953 959
953 960
953 996
954 955
954 957
954 958
954 959
954 960
955 956
955 957
955 958
955 959
955 960
956 959
956 995
957 958
957 959
958 959
958 960
959 960
960 994
961 962
961 963
961 964
961 965
961 966
961 967
961 968
961 969
961 970
962 963
962 965
962 966
962 967
962 969
963 964
963 965
963 966
963 967
963 968
963 969
963 970
964 966
964 967
964 968
964 969
964 970
964 985
965 966
965 967
965 968
965 969
966 967
966 968
966 969
966 970
967 968
967 969
967 970
968 969
968 970
969 970
971 972
971 973
971 974
971 976
971 979
971 980
972 974
972 976
972 977
972 978
972 979
972 980
973 974
973 975
973 976
973 977
973 978
973 979
973 980
974 975
974 977
974 978
974 979
974 980
975 976
975 977
975 978
975 979
975 980
976 977
976 978
976 979
976 980
976 982
977 978
977 979
977 980
978 979
978 980
978 993
978 997
981 982
981 983
981 984
981 986
981 989
981 990
982 983
982 985
982 986
982 987
982 988
982 990
983 984
983 985
983 986
983 988
983 989
983 990
984 985
984 986
984 987
984 989
984 992
985 986
985 987
985 988
985 989
986 988
986 990
987 988
987 990
988 989
988 990
989 990
991 992
991 993
991 994
991 995
991 996
991 997
991 998
991 999
991 1000
992 994
992 995
992 996
992 997
992 998
993 994
993 995
993 997
993 998
993 999
993 1000
994 995
994 996
994 997
994 998
994 1000
995 996
995 997
995 998
995 999
995 1000
996 997
996 998
996 999
996 1000
997 998
997 999
997 1000
998 999
998 1000
999 1000
