100 468
1 7
1 16
1 23
1 39
1 52
1 91
1 92
1 97
2 44
2 48
2 64
2 68
2 78
2 79
2 81
2 88
2 89
2 94
2 99
3 18
3 29
3 30
3 36
3 54
3 60
3 64
3 80
3 90
3 99
4 25
4 37
4 54
4 66
4 69
4 72
4 84
4 90
4 95
5 6
5 33
5 39
5 58
5 61
5 67
5 76
5 86
6 13
6 30
6 41
6 45
6 49
6 60
6 62
6 85
7 16
7 17
7 31
7 33
7 47
7 67
7 82
7 87
7 97
8 12
8 26
8 46
8 47
8 62
8 82
8 89
8 99
9 26
9 53
9 60
9 63
9 69
10 15
10 20
10 22
10 33
10 49
10 72
10 78
10 89
10 90
10 94
11 28
11 34
11 54
11 70
11 74
11 92
11 98
12 16
12 19
12 21
12 37
12 66
12 77
12 96
12 98
13 18
13 21
13 26
13 29
13 32
13 34
13 35
13 40
13 60
13 78
14 18
14 44
14 46
14 64
14 65
14 74
14 75
14 80
14 81
14 86
14 93
14 94
15 46
15 60
15 63
15 70
15 79
15 88
15 92
15 95
15 100
16 43
16 50
16 66
16 97
17 21
17 42
17 51
17 71
17 73
17 74
17 76
17 83
17 91
18 37
18 43
18 45
18 53
18 59
18 61
18 64
18 70
18 71
18 72
18 79
18 92
18 97
19 32
19 62
19 79
19 82
19 95
19 99
19 100
20 26
20 27
20 42
20 44
20 64
20 74
20 77
20 85
20 87
20 95
21 40
21 57
21 100
22 29
22 30
22 35
22 46
22 60
22 81
22 98
23 30
23 36
23 38
23 45
23 58
23 88
24 30
24 34
24 61
24 67
24 70
24 73
24 77
24 84
24 87
25 27
25 91
25 92
26 50
26 51
26 63
26 64
26 66
26 73
26 86
27 31
27 49
27 63
27 76
27 77
27 80
27 98
28 31
28 46
28 54
28 73
28 77
28 79
28 81
28 96
28 97
29 40
29 64
29 85
29 87
29 100
30 39
30 41
30 46
30 47
30 56
30 62
30 70
30 82
30 84
30 90
31 36
31 48
31 62
31 97
32 36
32 38
32 44
32 48
32 53
32 60
32 69
32 78
32 81
32 91
32 100
33 37
33 51
33 68
33 85
33 86
34 42
34 46
34 48
34 53
34 69
34 72
34 86
34 96
35 38
35 41
35 52
35 53
35 64
35 68
35 79
35 89
35 92
35 99
36 46
36 48
36 52
36 80
36 89
36 94
36 97
37 40
37 59
37 64
37 76
38 40
38 53
38 56
38 63
38 72
38 74
38 80
38 83
39 41
39 54
39 80
39 82
40 41
40 51
40 63
40 69
40 70
40 82
41 48
41 50
41 51
41 62
41 67
41 77
41 86
41 89
41 95
41 98
42 55
42 56
42 66
42 72
42 75
42 83
42 94
42 100
43 51
43 65
43 85
43 88
44 81
44 98
45 75
45 81
45 83
45 94
45 97
46 48
46 61
46 72
46 76
46 77
46 79
46 95
47 68
47 73
47 77
47 81
47 84
47 93
47 94
48 75
49 65
49 75
50 53
50 54
50 58
50 77
50 78
50 88
51 53
51 57
51 59
51 65
51 66
51 67
51 71
51 78
51 100
52 53
52 56
52 63
52 76
52 78
52 80
52 89
52 93
53 64
54 66
54 68
54 70
54 72
54 84
54 98
55 56
55 96
56 60
56 73
56 86
57 70
57 72
57 74
57 76
57 83
57 96
57 100
58 65
58 86
58 97
59 65
59 66
59 71
59 85
59 96
59 97
59 100
60 68
60 78
61 67
61 100
62 82
63 66
63 72
63 96
64 78
65 69
65 74
65 84
67 71
67 76
67 95
67 99
68 92
69 73
69 88
69 91
70 82
70 86
71 75
71 80
71 85
72 79
72 83
73 76
73 80
73 96
74 76
74 93
74 94
75 90
75 92
76 77
76 88
76 100
77 85
77 86
77 92
77 94
78 84
78 96
78 98
79 86
80 81
80 84
80 87
80 100
81 92
85 86
85 100
87 96
89 97
90 91
90 93
91 93
91 100
92 96
94 100
96 98
