100 413
1 7
1 13
1 31
1 32
1 60
1 69
1 97
2 49
2 71
2 75
2 79
2 84
3 12
3 39
3 43
3 44
3 58
3 64
3 68
3 81
3 91
4 7
4 9
4 13
4 14
4 16
4 18
4 20
4 42
4 43
4 52
4 63
4 90
4 91
4 92
5 8
5 20
5 73
5 80
5 81
5 87
5 96
6 23
6 26
6 37
6 52
6 59
7 25
7 29
7 30
7 56
7 63
7 74
7 84
8 30
8 47
8 49
8 71
8 83
8 91
8 93
8 94
9 15
9 23
9 25
9 36
9 56
9 59
9 68
9 90
9 94
10 17
10 21
10 26
10 29
10 51
10 53
10 76
10 84
10 100
11 27
11 34
11 52
11 54
11 67
11 73
11 74
11 94
12 20
12 23
12 26
12 45
12 84
13 21
13 39
13 52
13 69
13 84
14 15
14 47
14 64
15 21
15 34
15 55
15 60
15 71
15 76
15 99
16 18
16 21
16 38
16 61
16 82
16 87
17 26
17 28
17 33
17 52
17 56
17 72
17 84
17 86
17 95
18 26
18 42
18 61
18 74
19 25
19 38
19 43
19 45
19 53
19 58
19 66
19 67
19 68
19 88
19 94
19 96
19 97
20 34
20 43
20 51
20 59
20 63
20 72
20 87
21 33
21 54
21 63
21 70
21 82
21 88
21 95
22 32
22 50
22 59
22 60
22 68
22 73
22 100
23 32
23 36
23 42
23 50
23 62
23 63
23 78
23 88
24 39
24 45
24 52
24 60
24 92
25 27
25 34
25 49
25 60
25 61
25 77
25 78
25 79
25 84
26 57
26 82
26 89
26 99
26 100
27 44
27 48
27 61
27 63
27 86
27 90
28 33
28 52
28 53
28 54
28 64
28 68
28 84
28 88
29 43
29 52
29 54
29 67
29 70
29 90
29 100
30 40
30 58
30 61
30 75
30 87
30 90
30 99
31 51
31 86
31 87
31 92
31 93
32 35
32 41
32 42
32 52
32 57
32 61
32 72
32 75
32 78
32 81
32 86
32 90
33 34
33 57
33 66
33 68
33 75
33 90
33 91
34 44
34 48
34 52
34 76
35 70
35 75
36 56
36 61
36 68
36 91
37 42
37 47
37 49
37 65
37 84
37 88
37 90
38 46
38 48
38 50
38 51
38 57
38 69
38 78
38 91
39 52
39 63
39 69
40 65
40 67
40 85
40 89
40 92
40 99
41 43
41 54
41 55
41 67
41 71
41 74
41 80
41 94
42 55
42 58
42 60
42 65
42 69
42 86
42 88
42 92
43 44
43 51
43 62
43 64
43 76
43 98
43 100
44 63
44 99
45 50
45 76
45 83
45 94
46 48
46 67
46 75
46 89
46 93
46 95
47 51
47 56
47 68
47 86
47 98
47 100
48 74
48 87
48 90
48 95
49 64
49 66
49 72
49 86
49 90
50 70
50 74
50 83
50 92
50 94
51 60
51 65
51 78
52 63
52 82
52 86
52 92
52 97
53 76
53 77
53 83
53 93
54 56
54 62
54 74
54 88
54 94
54 95
55 76
55 77
56 78
56 96
56 100
57 63
57 82
57 84
57 93
57 96
58 60
58 62
58 67
58 74
59 61
59 63
60 68
60 76
60 80
61 99
62 94
63 75
63 76
63 89
63 94
65 69
65 80
66 80
66 83
66 99
67 89
68 92
69 72
69 74
69 84
69 92
69 100
70 89
70 94
71 77
71 89
72 86
73 80
74 96
76 78
76 80
77 78
77 82
77 84
78 81
78 94
78 99
80 88
80 92
80 98
81 83
81 84
81 85
81 89
83 84
83 87
85 88
90 94
92 100
94 99
96 98
