100 435
1 10
1 35
1 82
1 88
1 94
2 21
2 22
2 30
2 31
2 37
2 44
2 64
2 75
2 81
2 82
2 93
2 99
3 9
3 26
3 27
3 34
3 58
3 68
3 69
3 70
3 75
3 77
3 88
4 23
4 39
4 51
4 69
4 79
4 81
4 92
5 16
5 26
5 37
5 39
5 44
5 59
5 67
5 90
5 95
5 98
6 25
6 35
6 65
6 78
6 87
6 98
7 21
7 39
7 42
7 53
7 59
7 87
8 9
8 10
8 17
8 24
8 25
8 27
8 37
8 41
8 59
9 21
9 22
9 30
9 35
9 72
9 74
9 91
9 100
10 17
10 25
10 44
10 68
10 83
10 85
10 100
11 26
11 43
11 44
11 47
11 53
11 91
11 99
12 15
12 25
12 33
12 37
12 47
12 76
13 46
13 55
13 93
13 97
14 16
14 31
14 53
14 61
14 67
14 68
14 72
14 94
15 25
15 26
15 49
15 59
15 61
15 75
15 81
15 90
16 24
16 27
16 51
16 60
16 61
16 80
16 84
16 98
17 28
17 34
17 37
17 47
17 60
17 68
17 76
17 98
18 31
18 33
18 36
18 49
18 51
18 53
18 56
18 67
18 77
18 79
18 97
18 98
19 31
19 34
19 35
19 39
19 41
19 59
19 66
19 82
19 84
19 93
19 98
20 31
20 44
20 46
20 53
20 65
20 68
20 71
20 76
20 85
20 100
21 24
21 28
21 50
21 54
21 66
21 74
22 47
22 51
22 52
22 66
22 90
22 95
22 100
23 30
23 49
23 68
23 75
23 80
24 31
24 36
24 40
24 46
24 47
24 54
24 66
24 91
24 92
24 100
25 44
25 47
25 57
25 65
25 76
25 83
26 57
26 65
26 70
26 82
26 94
26 99
26 100
27 34
27 40
27 47
27 48
27 60
27 63
27 64
27 71
27 73
27 74
27 83
28 42
28 46
28 62
28 86
28 92
28 94
29 46
29 70
29 83
29 87
29 89
29 99
30 57
30 62
30 77
30 82
30 88
30 90
30 95
31 45
31 55
31 73
31 82
31 91
32 43
32 48
32 59
32 88
32 90
33 61
33 66
33 67
33 72
33 86
33 90
33 91
34 51
34 54
34 55
34 66
34 80
34 95
35 36
35 40
35 61
35 84
36 39
36 53
36 89
37 58
37 59
37 62
37 82
37 98
38 55
38 59
38 88
39 60
39 62
39 70
39 88
39 90
39 98
40 60
40 90
41 44
41 63
42 45
42 47
42 57
42 78
43 44
43 60
43 81
43 82
43 88
44 46
44 50
44 80
44 82
44 83
44 89
45 54
45 59
45 61
45 69
45 85
45 100
46 54
46 57
46 81
46 87
46 88
46 96
47 52
47 54
47 77
47 86
47 89
47 97
48 56
48 66
48 70
48 71
48 88
48 92
48 97
49 91
49 92
50 70
50 75
50 87
50 89
51 55
51 74
51 78
51 91
51 94
52 62
52 66
52 83
52 89
52 99
53 54
53 83
53 87
54 55
54 59
54 69
54 72
54 82
54 83
54 86
54 93
54 94
54 99
55 56
55 66
55 97
56 77
56 85
56 96
57 62
57 69
57 77
57 78
57 79
57 94
58 60
58 68
58 77
58 84
58 93
59 96
60 76
60 82
60 89
61 65
61 73
61 83
62 72
62 92
62 98
62 99
63 74
63 78
63 89
64 73
64 77
64 79
64 80
64 86
66 79
66 83
66 93
67 76
68 72
68 79
68 98
69 76
69 92
69 95
69 96
70 81
70 82
71 83
72 74
72 77
72 94
73 88
73 93
73 99
74 82
75 91
75 95
76 92
76 98
77 79
78 86
79 82
79 86
79 89
80 90
80 98
82 100
84 98
85 90
85 94
86 98
87 91
87 96
89 94
89 100
90 91
90 92
92 93
93 97
94 97
95 98
95 100
