100 449
1 14
1 46
1 87
1 90
1 93
1 96
1 100
2 4
2 10
2 24
2 37
2 58
2 64
2 78
2 92
3 4
3 7
3 16
3 67
3 77
3 79
3 93
3 98
4 7
4 11
4 13
4 14
4 16
4 17
4 21
4 29
4 32
4 42
4 43
4 56
4 57
4 60
4 70
5 22
5 36
5 92
5 100
6 15
6 16
6 22
6 35
6 39
6 68
6 74
6 85
6 90
6 94
7 21
7 29
7 36
7 40
7 63
7 65
7 66
7 77
7 99
8 10
8 23
8 40
8 54
8 61
8 85
8 92
8 97
9 48
9 49
9 82
10 13
10 40
10 43
10 49
10 50
10 59
10 81
10 85
10 89
10 90
11 14
11 42
11 45
11 50
11 55
11 56
11 67
12 28
12 30
12 33
12 40
12 48
12 50
12 52
12 61
12 63
12 66
12 80
12 87
12 93
13 24
13 27
13 56
13 58
13 71
13 73
13 74
13 94
13 99
14 44
14 49
14 60
14 62
14 67
14 73
14 85
15 19
15 32
15 69
15 80
15 95
16 35
16 37
16 59
16 62
16 65
16 68
16 72
16 76
16 77
16 88
16 92
16 94
17 51
17 52
17 57
17 61
17 78
17 80
17 83
17 92
18 22
18 25
18 31
18 41
18 46
18 54
18 59
18 74
18 82
18 90
18 94
19 40
19 56
19 62
19 73
19 76
19 79
19 86
19 91
19 98
20 24
20 30
20 45
20 56
20 79
20 83
21 32
21 36
21 41
21 42
21 47
21 58
21 65
21 68
21 90
21 98
22 25
22 32
22 34
22 45
22 54
22 57
22 71
22 74
22 76
22 78
22 87
22 92
23 27
23 30
23 34
23 49
23 64
23 66
23 97
23 100
24 25
24 28
24 29
24 88
25 50
25 54
25 60
25 72
26 53
26 89
27 33
27 76
27 77
27 84
27 99
27 100
28 31
28 35
28 55
28 58
28 78
28 89
29 35
29 64
29 66
29 70
30 68
30 76
30 81
30 87
31 41
31 48
31 49
31 67
31 69
31 71
31 79
31 80
31 82
31 84
31 88
31 91
32 45
32 51
32 58
32 72
33 41
33 43
33 55
33 80
33 92
34 49
34 69
34 73
34 74
34 77
34 96
35 41
35 51
35 52
35 57
35 65
35 69
35 87
35 97
36 38
36 49
36 70
36 89
37 66
37 79
37 83
38 40
38 42
38 47
38 57
38 62
38 64
38 65
38 67
38 85
38 100
39 65
39 68
39 74
39 77
39 82
39 85
39 94
39 98
40 54
40 56
40 65
40 84
40 86
41 43
41 44
41 58
41 72
42 70
42 79
43 69
43 74
43 80
43 87
43 95
43 98
44 49
44 77
44 78
44 84
45 48
45 53
45 60
45 66
45 81
45 84
46 67
46 68
46 75
46 83
46 87
46 91
46 99
47 57
47 65
47 69
47 74
47 99
48 56
48 73
48 76
49 53
49 59
49 67
49 76
49 82
49 84
49 100
50 58
50 67
50 75
50 77
50 92
50 93
50 99
51 72
51 79
51 85
51 87
51 89
52 54
52 64
52 66
52 70
52 76
53 62
53 77
53 79
53 97
54 61
54 68
54 79
54 94
54 97
55 59
55 80
55 87
56 58
56 61
56 67
56 79
56 83
56 84
56 88
56 90
56 95
56 97
57 79
57 99
59 67
59 68
59 83
59 85
59 99
59 100
60 63
60 76
60 97
61 69
61 86
61 94
61 100
62 65
62 92
62 98
63 67
63 86
63 87
64 68
64 82
64 88
64 94
65 79
65 96
66 78
68 95
69 72
70 71
70 85
70 89
70 92
71 85
71 90
72 86
72 92
72 93
73 74
73 83
73 94
74 79
75 82
75 83
75 93
76 80
76 87
76 100
79 89
79 91
80 94
81 88
81 93
81 94
82 88
82 92
82 94
83 92
84 94
85 100
87 94
87 97
87 98
88 98
89 94
90 91
91 97
92 97
92 99
94 97
96 99
