100 446
1 43
1 47
1 51
1 66
1 69
1 94
2 12
2 26
2 35
2 63
2 70
2 77
2 82
2 95
2 96
2 100
3 4
3 11
3 31
3 32
3 36
3 67
3 71
3 72
3 73
3 97
4 21
4 41
4 49
4 53
4 54
4 58
4 60
4 61
4 64
4 69
4 78
4 88
4 93
4 94
4 95
5 16
5 17
5 18
5 31
5 51
5 62
5 68
5 97
6 12
6 24
6 36
6 40
6 48
6 54
6 64
6 78
6 79
6 87
6 90
6 97
7 15
7 32
7 35
7 42
7 45
7 51
7 62
7 72
7 81
7 87
7 92
7 93
8 36
8 40
8 69
8 81
8 94
9 24
9 28
9 35
9 36
9 49
9 51
9 60
9 68
9 71
9 79
9 82
9 84
10 13
10 16
10 26
10 34
10 56
10 58
10 61
10 70
10 71
10 75
10 88
11 22
11 69
11 71
11 82
12 19
12 27
12 48
12 49
12 59
12 63
12 74
12 87
13 16
13 20
13 37
13 42
13 46
13 52
13 55
13 63
13 67
13 70
13 100
14 17
14 21
14 32
14 46
14 53
14 57
15 21
15 85
15 87
15 97
15 100
16 32
16 34
16 47
16 50
16 55
16 65
16 72
16 73
16 76
16 87
16 89
16 95
17 30
17 44
17 53
17 54
17 70
17 71
17 72
17 78
17 83
17 95
17 97
18 43
18 75
18 76
18 87
19 26
20 21
20 32
20 34
20 40
20 59
20 64
20 67
20 85
20 98
21 27
21 29
21 48
21 54
21 55
21 57
21 63
21 87
21 89
22 32
22 41
22 70
22 87
22 88
23 62
23 70
23 76
23 81
23 96
24 30
24 31
24 36
24 40
24 46
24 50
24 57
24 61
24 72
24 83
24 91
24 97
24 98
24 99
25 34
25 53
25 56
25 64
25 90
25 97
26 31
26 62
26 73
26 80
26 87
27 28
27 42
27 73
27 75
28 35
28 47
28 56
28 67
28 81
28 89
28 96
28 98
29 30
29 33
29 35
29 41
29 45
29 48
29 54
29 58
29 60
29 74
29 75
29 80
29 84
29 85
29 87
29 90
30 38
30 66
30 72
30 73
30 89
31 48
31 80
31 86
31 95
32 43
32 71
32 89
33 37
33 48
33 65
33 71
33 73
33 93
33 96
34 60
34 63
34 72
34 98
34 100
35 54
35 55
35 61
35 91
36 42
36 43
36 46
36 55
36 65
36 79
37 46
37 72
37 98
37 100
38 43
38 53
38 58
38 86
38 95
38 98
39 46
39 59
39 68
39 93
40 42
40 46
40 51
40 87
40 89
41 67
41 76
41 78
41 81
42 54
42 66
42 86
42 96
43 69
43 87
44 45
44 46
44 55
44 58
44 72
44 75
44 77
44 98
45 50
45 64
45 79
45 89
45 96
46 49
46 54
46 58
46 64
46 69
46 74
46 77
46 94
47 48
47 58
47 67
47 79
47 94
48 56
48 62
48 72
48 76
48 80
48 88
48 91
48 92
48 99
49 52
49 62
50 66
50 81
51 59
51 67
51 100
52 56
52 73
53 66
53 71
53 93
54 69
54 78
54 93
54 95
55 69
55 70
55 76
55 79
55 91
56 95
57 64
57 79
57 91
57 99
58 59
58 68
58 75
58 88
58 100
59 72
59 87
60 63
60 83
60 85
61 66
61 75
61 85
61 86
62 64
62 79
62 85
62 88
62 91
63 69
63 72
63 73
63 95
63 97
64 100
65 78
65 82
65 94
66 84
66 86
66 91
68 96
68 100
69 81
69 91
69 93
69 95
69 100
70 73
70 76
70 97
71 74
71 80
71 90
71 94
71 95
72 78
72 83
72 89
73 76
74 91
75 88
76 78
76 89
76 93
77 85
77 93
77 97
77 99
77 100
78 92
78 97
79 82
79 99
80 99
80 100
82 87
82 91
82 94
82 100
83 92
87 90
88 91
90 97
91 97
92 98
95 99
95 100
