30 99
1 3
1 5
1 14
1 16
1 24
1 28
1 29
2 23
2 24
2 29
2 30
3 13
3 15
3 16
3 24
3 30
4 11
4 14
4 17
4 20
4 24
4 27
5 9
5 14
5 16
5 23
6 11
6 12
6 26
6 28
7 10
7 12
7 13
7 17
7 27
8 9
8 11
8 12
8 16
8 19
8 20
8 30
9 10
9 14
9 15
9 16
9 17
9 19
9 21
9 26
9 29
10 11
10 18
10 19
10 20
10 29
11 14
11 16
11 19
11 25
11 29
12 13
12 16
12 19
12 20
12 21
13 14
13 20
13 23
13 24
14 28
15 24
15 26
16 17
16 19
16 29
17 19
17 26
18 25
18 26
18 30
19 23
19 26
19 29
19 30
20 26
21 25
21 29
22 23
23 24
23 28
25 26
25 27
25 28
25 30
26 29
26 30
27 28
27 29
