30 105
1 5
1 15
1 19
1 24
1 28
2 3
2 4
2 9
2 12
2 15
2 23
2 26
3 9
3 11
3 12
3 14
3 17
3 21
3 26
3 30
4 10
4 12
4 14
4 20
4 22
5 6
5 14
5 15
5 16
5 18
5 19
5 24
5 29
6 8
6 12
6 14
6 18
6 20
6 21
6 22
6 26
7 8
7 13
7 15
7 16
7 20
7 28
8 10
8 12
8 13
8 15
8 16
8 17
8 18
8 19
8 21
8 25
8 28
9 18
10 13
10 21
10 25
11 13
11 14
11 19
11 23
11 25
11 29
11 30
12 13
12 23
12 28
13 20
14 15
14 18
14 26
15 18
15 24
15 27
15 29
16 18
16 20
16 26
17 18
17 19
17 24
17 25
17 30
18 20
18 22
18 24
18 30
19 21
19 24
19 30
20 25
20 26
21 25
22 26
22 27
22 28
22 30
25 30
27 30
29 30
