30 100
1 3
1 6
1 7
1 9
1 10
2 3
2 4
2 5
2 6
2 7
2 9
2 10
2 18
3 5
3 6
3 7
3 8
3 9
3 10
4 5
4 6
4 8
4 9
4 10
5 6
5 9
5 23
6 7
6 8
6 10
6 24
7 9
7 10
8 9
9 10
10 19
11 12
11 14
11 15
11 17
11 18
11 19
12 14
12 15
12 16
12 17
12 18
12 19
13 14
13 16
13 17
13 18
13 20
14 15
14 16
14 17
15 16
15 17
15 18
15 19
16 18
16 20
17 18
17 19
18 20
21 22
21 23
21 24
21 25
21 26
21 27
21 28
21 29
21 30
22 24
22 26
22 28
22 30
23 24
23 25
23 26
23 27
23 28
23 30
24 25
24 26
24 27
24 30
25 26
25 28
25 30
26 27
26 28
26 29
26 30
27 28
27 29
27 30
28 29
28 30
