30 113
1 4
1 8
1 13
1 14
1 15
2 20
2 21
2 22
2 23
2 24
2 25
2 26
2 27
2 29
3 5
3 7
3 8
3 9
3 13
3 14
3 15
3 30
4 5
4 7
4 8
4 9
4 13
4 14
4 15
4 30
5 7
5 8
5 9
5 14
5 15
6 10
6 11
6 12
6 18
6 28
7 8
7 9
7 13
7 14
7 15
7 30
8 9
8 13
8 14
8 15
8 30
9 13
9 14
9 15
9 30
10 11
10 12
10 16
10 17
10 19
10 28
11 12
11 18
11 19
11 28
12 16
12 17
12 19
12 28
13 14
13 15
13 24
14 30
15 30
16 17
16 19
16 28
17 18
17 19
19 28
20 21
20 22
20 23
20 24
20 25
20 26
20 27
20 29
21 22
21 24
21 25
21 26
21 27
21 29
22 23
22 24
22 26
22 27
22 29
23 24
23 25
23 26
23 27
23 29
24 25
24 26
24 27
25 27
25 29
25 30
26 27
26 29
27 29
