30 113
1 3
1 4
1 6
1 8
1 12
1 21
2 9
2 11
2 13
2 14
2 16
2 19
2 20
2 28
3 4
3 5
3 6
3 8
3 15
3 30
4 5
4 6
4 7
4 8
4 12
4 15
4 21
4 30
5 6
5 8
5 21
6 7
6 8
6 12
6 15
6 21
6 30
7 8
7 15
7 30
8 12
8 15
8 21
8 30
9 11
9 13
9 14
9 16
9 18
9 19
9 20
9 28
10 17
10 22
10 23
10 25
10 26
10 27
10 29
11 13
11 14
11 16
11 18
11 19
11 28
12 21
12 23
12 30
13 14
13 18
13 28
14 16
14 18
14 19
14 20
14 28
15 21
15 30
16 18
16 19
16 20
16 28
17 23
17 24
17 25
17 26
17 27
17 29
18 19
18 20
18 28
19 20
19 28
20 28
21 30
22 23
22 24
22 26
22 29
23 24
23 25
23 26
23 27
23 29
24 25
24 26
24 27
25 26
25 27
25 29
26 27
26 29
27 29
