30 119
1 2
1 4
1 7
1 8
1 9
1 10
1 12
1 23
1 30
2 4
2 7
2 8
2 9
2 10
2 12
2 30
3 6
3 11
3 19
3 22
3 24
3 25
3 27
3 28
3 29
4 7
4 8
4 9
4 10
4 12
4 23
4 30
5 13
5 14
5 16
5 18
5 20
5 21
6 11
6 19
6 22
6 24
6 25
6 26
6 27
6 28
6 29
7 8
7 10
7 12
7 30
8 9
8 10
8 24
8 30
9 10
9 12
9 23
9 30
10 12
10 23
10 30
11 19
11 22
11 24
11 25
11 26
11 27
11 28
11 29
12 23
12 30
13 14
13 15
13 16
13 17
13 18
13 20
13 21
14 15
14 16
14 17
14 18
14 20
14 21
15 16
15 17
15 18
15 20
15 21
16 17
16 20
16 21
17 18
17 20
17 21
18 21
19 22
19 24
19 25
19 28
19 29
21 26
22 24
22 26
22 27
22 28
22 29
24 25
24 26
24 27
24 28
25 26
25 27
26 28
26 29
27 28
27 29
28 29
