30 122
1 4
1 17
1 21
1 22
1 24
1 26
1 27
2 3
2 6
2 7
2 8
2 9
2 10
2 11
2 18
2 23
2 25
2 29
3 5
3 7
3 8
3 9
3 10
3 11
3 18
3 23
3 25
4 21
4 24
4 26
4 27
5 8
5 9
5 10
5 18
5 23
5 25
6 7
6 8
6 9
6 10
6 11
6 18
6 25
6 29
7 8
7 9
7 10
7 11
7 18
7 23
7 25
7 29
7 30
8 9
8 10
8 11
8 14
8 18
8 23
8 25
8 29
9 11
9 18
9 23
9 25
9 29
10 11
10 18
10 23
10 25
10 29
11 23
11 25
11 29
12 13
12 14
12 15
12 19
12 20
12 28
13 14
13 15
13 16
13 19
13 28
14 15
14 19
14 20
14 28
15 20
15 28
16 19
16 20
16 28
17 21
17 22
17 24
17 26
17 27
17 30
18 23
18 29
19 20
19 28
20 28
21 22
21 24
21 26
21 27
21 30
22 24
22 26
22 30
23 25
24 26
24 27
24 30
25 29
26 27
26 30
27 30
