30 117
1 9
1 13
1 16
1 21
1 23
1 25
1 26
1 27
1 28
2 4
2 5
2 6
2 7
2 22
3 10
3 11
3 14
3 15
3 16
3 17
3 18
3 20
3 29
4 5
4 6
4 7
4 8
4 20
4 22
4 30
5 7
5 22
5 30
6 8
6 22
6 30
7 8
7 9
7 22
8 22
8 30
9 13
9 19
9 21
9 23
9 24
9 25
9 26
9 27
9 28
10 11
10 12
10 14
10 16
10 18
10 20
11 12
11 14
11 16
11 17
11 18
11 20
11 27
11 29
12 15
12 17
12 18
12 20
12 29
13 21
13 23
13 24
13 25
13 26
13 27
13 28
14 15
14 16
14 18
14 20
14 29
15 16
15 17
15 18
15 20
15 29
16 17
16 18
16 20
17 20
17 29
18 20
18 29
19 21
19 23
19 24
19 25
19 27
20 29
21 23
21 24
21 25
21 27
21 28
23 25
23 26
23 28
23 30
24 25
24 27
24 28
25 26
25 27
25 28
26 27
26 28
27 28
