1000 8509
1 2
1 3
1 4
1 5
1 6
1 7
1 8
1 9
1 32
1 70
1 81
1 121
1 132
1 178
1 519
1 573
1 625
1 629
1 719
1 799
1 907
2 3
2 5
2 6
2 7
2 8
2 9
2 170
2 271
2 422
2 509
2 512
2 530
2 580
2 647
2 769
3 4
3 5
3 6
3 9
3 28
3 322
3 405
3 489
3 575
3 602
3 742
3 901
3 939
4 5
4 6
4 7
4 9
4 109
4 155
4 463
4 525
4 569
4 793
4 808
4 842
4 881
5 6
5 7
5 8
5 9
5 64
5 163
5 207
5 276
5 371
5 513
5 520
5 616
5 623
5 861
5 876
5 881
5 936
6 7
6 8
6 9
6 10
6 26
6 240
6 433
6 851
6 864
6 871
6 878
7 8
7 9
7 116
7 259
7 365
7 471
7 614
7 645
7 672
7 682
7 897
7 992
8 71
8 81
8 140
8 281
8 373
8 380
8 493
8 519
8 749
8 931
9 43
9 118
9 140
9 253
9 262
9 265
9 326
9 531
9 682
9 709
9 725
10 190
10 364
10 374
10 406
10 547
10 811
10 916
10 964
11 12
11 15
11 16
11 18
11 19
11 20
11 134
11 200
11 213
11 318
11 323
11 693
11 704
11 738
11 767
11 798
11 831
11 901
12 14
12 16
12 18
12 19
12 20
12 96
12 158
12 284
12 366
12 475
12 510
12 823
13 14
13 15
13 16
13 17
13 18
13 19
13 20
13 40
13 100
13 167
13 261
13 295
13 483
13 504
13 839
13 858
13 861
13 862
13 882
13 917
13 959
14 15
14 16
14 17
14 18
14 19
14 185
14 400
14 424
14 485
14 494
14 608
14 654
14 788
14 899
15 16
15 17
15 18
15 19
15 20
15 88
15 236
15 382
15 470
15 553
15 592
15 912
16 17
16 19
16 59
16 205
16 466
16 640
16 651
16 750
16 946
17 19
17 20
17 149
17 200
17 206
17 301
17 315
17 333
17 373
17 493
17 496
17 600
17 651
17 673
17 906
17 978
18 19
18 20
18 244
18 312
18 390
18 537
18 578
18 613
18 624
18 739
18 757
18 950
18 990
19 20
19 36
19 44
19 62
19 102
19 111
19 129
19 138
19 212
19 297
19 396
19 553
19 580
19 869
19 948
20 23
20 92
20 150
20 276
20 487
20 541
20 572
20 653
20 813
21 27
21 28
21 29
21 59
21 74
21 161
21 206
21 239
21 342
21 377
21 384
21 396
21 439
21 565
21 587
21 724
21 798
21 889
21 916
22 23
22 24
22 25
22 26
22 27
22 28
22 29
22 30
22 438
22 462
22 529
22 581
22 754
22 806
22 821
22 854
22 910
22 914
23 24
23 25
23 26
23 27
23 28
23 29
23 30
23 32
23 58
23 116
23 214
23 555
23 787
23 917
24 25
24 26
24 27
24 28
24 29
24 30
24 282
24 290
24 437
24 444
24 463
24 520
24 613
24 617
24 702
24 753
24 850
24 960
25 26
25 27
25 29
25 142
25 479
25 580
25 695
25 719
25 744
25 876
25 883
25 939
25 980
26 27
26 28
26 29
26 30
26 39
26 137
26 277
26 278
26 425
26 757
26 792
26 826
26 838
26 992
27 28
27 29
27 30
27 260
27 524
27 798
27 820
27 862
27 900
27 910
28 29
28 30
28 38
28 137
28 151
28 303
28 340
28 344
28 365
28 370
28 527
28 619
28 655
28 731
28 808
28 947
28 995
29 80
29 115
29 297
29 325
29 334
29 568
29 630
29 672
29 687
29 722
29 741
29 778
30 65
30 70
30 125
30 333
30 350
30 444
30 445
30 616
30 641
30 829
30 868
30 959
31 32
31 33
31 34
31 37
31 38
31 39
31 171
31 248
31 418
31 650
31 656
31 770
31 854
31 858
31 903
31 911
32 33
32 34
32 35
32 37
32 38
32 39
32 40
32 172
32 484
32 521
32 527
32 678
32 768
32 786
32 955
33 34
33 35
33 37
33 38
33 39
33 40
33 152
33 176
33 305
33 323
33 668
33 719
33 725
33 732
33 741
33 973
34 35
34 37
34 39
34 40
34 153
34 181
34 533
34 556
34 593
34 828
34 885
35 37
35 38
35 39
35 40
35 144
35 151
35 220
35 282
35 413
35 414
35 464
35 483
35 598
35 621
35 794
35 931
35 951
36 37
36 38
36 40
36 189
36 240
36 309
36 315
36 331
36 527
36 554
36 842
36 856
36 948
36 954
36 972
37 38
37 39
37 40
37 163
37 389
37 451
37 474
37 911
38 39
38 218
38 325
38 388
38 422
38 712
38 752
38 769
38 779
38 829
38 931
38 935
38 940
39 180
39 206
39 307
39 403
39 619
39 673
39 681
39 686
39 948
39 955
39 969
39 973
39 985
40 92
40 282
40 455
40 475
40 492
40 545
40 607
40 628
40 722
40 737
40 760
40 778
40 967
41 44
41 45
41 46
41 47
41 48
41 491
41 492
41 533
41 562
41 685
41 849
41 864
41 997
42 43
42 44
42 46
42 47
42 48
42 49
42 50
42 73
42 126
42 230
42 273
42 325
42 398
42 550
42 720
42 846
42 849
42 933
42 966
42 985
43 45
43 46
43 47
43 49
43 50
43 106
43 211
43 396
43 512
43 528
43 720
43 892
43 976
43 992
44 46
44 47
44 48
44 49
44 50
44 53
44 200
44 208
44 241
44 257
44 460
44 642
44 711
44 822
44 955
45 46
45 47
45 48
45 49
45 50
45 105
45 109
45 128
45 265
45 414
45 567
45 589
45 675
45 797
45 822
46 48
46 49
46 50
46 112
46 216
46 228
46 343
46 488
46 578
46 597
46 707
46 796
46 976
46 998
47 48
47 49
47 50
47 144
47 441
47 500
47 570
47 661
47 733
47 747
47 817
48 49
48 50
48 63
48 69
48 72
48 134
48 208
48 220
49 50
49 95
49 219
49 376
49 399
49 463
49 511
49 579
49 605
49 638
49 737
49 815
49 856
49 862
49 932
49 984
50 92
50 151
50 158
50 540
50 833
50 983
51 52
51 54
51 55
51 56
51 57
51 58
51 59
51 60
51 104
51 332
51 333
51 416
51 443
51 668
51 699
51 744
51 792
51 931
51 944
51 965
51 967
51 986
51 992
52 53
52 56
52 57
52 59
52 60
52 81
52 119
52 206
52 269
52 309
52 458
52 502
52 518
52 564
52 670
52 685
52 766
52 794
52 827
52 989
53 54
53 55
53 56
53 57
53 58
53 59
53 60
53 117
53 173
53 412
53 450
53 538
53 560
53 620
53 717
53 753
53 775
53 778
53 796
54 55
54 56
54 57
54 58
54 59
54 60
54 315
54 322
54 418
54 433
54 550
54 691
54 762
54 767
54 784
54 880
55 57
55 58
55 59
55 60
55 256
55 284
55 330
55 340
55 397
55 454
55 518
55 690
56 57
56 59
56 83
56 101
56 130
56 202
56 269
56 282
56 376
56 627
56 692
56 836
57 59
57 109
57 246
57 360
57 711
57 750
57 821
57 1000
58 59
58 87
58 123
58 365
58 370
58 449
58 833
59 330
59 426
59 603
59 673
59 933
60 179
60 224
60 392
60 534
60 564
60 786
60 867
60 930
60 945
61 62
61 63
61 64
61 65
61 66
61 68
61 69
61 70
61 117
61 152
61 239
61 334
61 559
61 639
61 850
61 878
62 63
62 64
62 65
62 69
62 70
62 152
62 190
62 337
62 493
62 727
62 855
62 899
63 64
63 65
63 66
63 68
63 69
63 70
63 78
63 415
63 480
63 921
63 962
64 65
64 66
64 68
64 70
64 103
64 165
64 238
64 273
64 555
64 625
64 634
64 746
64 888
65 67
65 68
65 69
65 70
65 188
65 217
65 218
65 232
65 280
65 299
65 371
65 377
65 538
65 787
65 843
65 854
65 881
65 919
66 67
66 68
66 69
66 70
66 214
66 410
66 460
66 461
66 543
66 689
66 701
66 749
66 869
66 952
67 69
67 70
67 179
67 200
67 607
67 612
67 681
67 731
68 69
68 70
68 486
68 518
68 841
69 70
69 120
69 170
69 220
69 226
69 347
69 504
69 956
70 113
70 222
70 245
70 288
70 385
70 560
70 726
70 886
70 924
71 72
71 74
71 75
71 76
71 77
71 79
71 300
71 345
71 383
71 387
71 390
71 440
71 757
71 802
71 844
71 950
71 994
72 74
72 75
72 76
72 77
72 78
72 322
72 344
72 361
72 472
72 486
72 610
72 636
72 674
72 755
72 791
72 888
72 964
73 75
73 76
73 77
73 78
73 80
73 136
73 137
73 145
73 248
73 369
73 524
73 533
73 585
73 589
73 592
73 616
73 780
73 899
73 975
74 75
74 77
74 78
74 79
74 80
74 111
74 119
74 315
74 322
74 466
74 689
74 733
74 755
74 881
74 955
75 76
75 77
75 78
75 79
75 80
75 95
75 100
75 132
75 213
75 297
75 334
75 525
75 645
75 663
75 748
75 949
75 973
76 77
76 78
76 79
76 80
76 133
76 172
76 190
76 367
76 484
76 565
76 567
76 706
76 817
76 871
77 78
77 79
77 219
77 321
77 397
77 447
77 511
77 541
77 634
77 641
77 675
77 692
78 79
78 80
78 112
78 115
78 267
78 382
78 429
78 487
78 575
78 660
78 696
78 856
78 901
79 80
79 300
79 389
79 449
79 533
79 590
79 675
79 733
79 778
80 133
80 214
80 277
80 554
80 944
81 83
81 84
81 85
81 86
81 88
81 90
81 225
81 262
81 372
81 484
81 499
81 555
81 591
81 653
81 924
81 941
81 959
82 84
82 85
82 86
82 87
82 88
82 89
82 90
82 197
82 366
82 426
82 444
82 475
82 645
82 758
82 772
82 872
83 84
83 86
83 87
83 88
83 89
83 90
83 226
83 364
83 538
83 932
83 959
84 86
84 87
84 89
84 90
84 146
84 171
84 181
84 342
84 556
84 608
84 787
84 800
84 884
84 995
85 86
85 87
85 88
85 89
85 90
85 136
85 140
85 188
85 327
85 372
85 545
85 605
85 735
85 782
86 88
86 90
86 177
86 415
86 429
86 491
86 582
86 599
86 600
86 745
86 791
87 88
87 90
87 190
87 230
87 267
87 342
87 478
87 730
87 810
87 909
88 89
88 90
88 92
88 143
88 195
88 213
88 227
88 436
88 501
88 800
88 805
88 939
89 170
89 215
89 337
89 349
89 393
89 520
89 524
89 566
89 665
89 711
89 817
89 822
89 941
90 160
90 165
90 168
90 427
90 428
90 504
90 646
90 677
90 769
90 836
90 932
91 92
91 93
91 95
91 97
91 99
91 100
91 125
91 339
91 368
91 393
91 425
91 577
91 654
91 747
91 769
91 908
92 94
92 95
92 96
92 97
92 98
92 100
92 227
92 304
92 533
92 592
92 601
92 787
92 824
93 94
93 98
93 99
93 100
93 256
93 290
93 360
93 434
93 460
93 633
93 636
93 710
93 774
93 832
93 912
93 990
94 95
94 96
94 97
94 98
94 99
94 100
94 196
94 295
94 353
94 385
94 532
94 561
94 780
94 784
94 812
94 865
95 96
95 97
95 98
95 99
95 100
95 155
95 210
95 226
95 228
95 307
95 347
95 349
95 384
95 400
95 561
95 591
95 705
95 859
96 97
96 98
96 99
96 100
96 121
96 148
96 206
96 235
96 252
96 316
96 343
96 449
96 690
96 887
96 937
97 98
97 99
97 100
97 101
97 193
97 215
97 222
97 590
97 618
97 701
97 851
97 913
98 99
98 100
98 135
98 189
98 314
98 397
98 457
98 509
98 536
98 576
98 739
98 857
99 100
99 232
99 364
99 448
99 582
99 620
99 703
99 706
99 710
99 827
100 120
100 184
100 367
100 604
100 831
100 908
101 102
101 103
101 104
101 106
101 107
101 108
101 109
101 110
101 211
101 227
101 279
101 372
101 424
101 446
101 457
101 542
101 655
101 708
101 720
101 806
101 820
101 824
101 830
102 103
102 104
102 105
102 106
102 107
102 108
102 109
102 110
102 120
102 244
102 248
102 289
102 299
102 374
102 380
102 462
102 541
102 579
102 626
102 629
102 635
102 748
102 752
102 785
102 871
103 105
103 107
103 108
103 109
103 110
103 112
103 202
103 212
103 275
103 398
103 407
103 516
103 741
103 916
103 978
103 995
104 105
104 106
104 107
104 110
104 150
104 513
104 654
104 678
104 705
104 752
104 801
104 814
104 922
105 106
105 107
105 108
105 109
105 110
105 118
105 166
105 374
105 913
105 955
105 959
106 107
106 180
106 287
106 434
106 761
106 975
107 108
107 109
107 110
107 145
107 242
107 377
107 419
107 545
107 634
107 699
107 814
107 955
108 109
108 110
108 129
108 250
108 319
108 343
108 667
108 701
108 972
109 110
109 174
109 392
109 395
109 501
109 559
109 624
109 637
109 680
109 710
109 774
109 861
109 897
109 954
110 166
110 730
110 774
110 778
110 993
111 112
111 113
111 114
111 115
111 116
111 117
111 118
111 147
111 193
111 285
111 311
111 329
111 340
111 359
111 380
111 406
111 429
111 527
111 610
111 643
111 708
111 854
111 914
112 113
112 114
112 115
112 116
112 117
112 118
112 119
112 120
112 123
112 232
112 558
112 567
112 741
112 751
112 791
112 874
113 114
113 116
113 117
113 118
113 120
113 148
113 184
113 338
113 358
113 591
113 843
113 894
113 913
113 947
113 994
114 116
114 117
114 118
114 119
114 120
114 271
114 310
114 353
114 775
114 891
114 905
114 973
114 978
115 116
115 117
115 119
115 120
115 249
115 290
115 503
115 508
115 526
115 628
115 660
115 669
115 821
115 849
116 117
116 118
116 119
116 120
116 131
116 227
116 292
116 308
116 451
116 779
116 814
116 907
117 118
117 119
117 120
117 175
117 274
117 326
117 377
117 382
117 401
117 458
117 473
117 497
117 591
117 715
117 750
117 814
117 837
117 883
117 901
118 119
118 150
118 330
118 365
118 409
118 486
118 505
118 568
118 579
118 605
118 906
119 120
119 223
119 311
119 358
119 393
119 425
119 624
119 736
119 852
119 903
119 918
120 159
120 179
120 485
120 612
120 725
120 825
120 826
120 893
121 122
121 123
121 124
121 126
121 127
121 128
121 130
121 489
121 558
121 718
121 888
122 123
122 124
122 125
122 126
122 127
122 129
122 130
122 197
122 361
122 588
122 597
122 828
122 897
122 909
123 124
123 125
123 126
123 127
123 128
123 129
123 130
123 404
123 520
123 703
123 734
123 912
124 125
124 126
124 127
124 128
124 130
124 274
124 424
124 534
124 647
124 669
124 686
124 693
124 927
125 126
125 127
125 128
125 130
125 196
125 227
125 252
125 287
125 345
125 357
125 415
125 565
125 654
125 713
125 737
125 889
125 934
125 951
125 953
125 989
125 992
126 127
126 129
126 130
126 153
126 177
126 200
126 466
126 509
126 605
126 739
126 744
126 948
127 130
127 175
127 248
127 290
127 446
127 571
127 605
127 658
127 884
127 912
128 129
128 207
128 237
128 264
128 397
128 656
128 811
128 915
128 960
129 228
129 260
129 268
129 357
129 529
129 707
129 796
129 917
129 965
130 171
130 206
130 233
130 268
130 300
130 458
130 509
130 628
130 825
130 857
131 132
131 133
131 134
131 136
131 137
131 139
131 140
131 487
131 662
131 707
131 828
131 933
132 133
132 134
132 135
132 136
132 137
132 138
132 139
132 140
132 147
132 264
132 330
132 571
132 646
132 762
132 770
132 780
132 967
133 134
133 136
133 137
133 138
133 139
133 140
133 147
133 155
133 185
133 288
133 399
133 492
133 647
133 658
133 731
133 840
133 929
133 940
133 957
134 135
134 136
134 137
134 138
134 139
134 140
134 280
134 289
134 313
134 456
134 525
134 575
134 883
135 136
135 138
135 139
135 140
135 259
135 330
135 406
135 791
135 793
135 889
136 137
136 138
136 139
136 140
136 151
136 153
136 200
136 479
136 487
136 834
136 855
137 139
137 140
137 247
137 437
137 471
137 610
137 720
137 818
137 964
137 985
138 139
138 140
138 214
138 343
138 428
138 461
138 476
138 488
138 585
138 602
138 607
138 743
138 840
138 844
139 140
139 201
139 240
139 287
139 397
139 544
139 555
139 720
139 759
139 825
139 932
140 214
140 262
140 320
140 388
140 451
140 498
140 628
140 719
140 740
140 765
140 788
140 811
141 142
141 143
141 144
141 146
141 147
141 148
141 149
141 150
141 303
141 481
141 497
141 562
141 588
141 613
141 711
141 730
141 814
142 143
142 144
142 145
142 146
142 147
142 148
142 149
142 150
142 373
142 379
142 449
142 533
142 543
142 674
142 886
142 908
142 977
142 1000
143 144
143 145
143 146
143 147
143 148
143 149
143 163
143 304
143 345
143 549
143 578
143 597
143 803
143 834
143 956
144 145
144 146
144 147
144 148
144 149
144 150
144 184
144 254
144 443
144 541
144 566
144 675
144 676
144 757
144 828
144 902
145 146
145 147
145 148
145 149
145 150
145 251
145 341
145 457
145 461
145 586
145 609
145 796
145 860
145 959
145 962
146 147
146 148
146 150
146 180
146 304
146 417
146 489
146 801
146 871
146 915
146 944
146 955
147 148
147 149
147 150
147 216
147 495
147 519
147 716
147 927
147 967
148 149
148 150
148 186
148 201
148 254
148 490
148 547
148 559
148 659
148 869
148 975
148 990
149 150
149 160
149 181
149 658
149 687
149 753
149 863
149 892
149 992
150 172
150 240
150 448
150 570
150 582
150 589
150 613
150 711
150 744
150 980
151 153
151 154
151 157
151 158
151 159
151 160
151 343
151 852
151 860
151 898
151 932
152 153
152 155
152 156
152 158
152 159
152 160
152 267
152 469
152 585
152 666
152 733
152 848
153 155
153 157
153 159
153 160
153 359
153 511
153 533
153 540
153 691
153 704
153 826
153 967
154 155
154 156
154 157
154 158
154 159
154 160
154 333
154 834
154 923
154 950
155 157
155 158
155 160
155 229
155 281
155 362
155 459
155 535
155 679
155 745
155 845
155 847
156 157
156 159
156 160
156 167
156 195
156 238
156 268
156 496
156 544
156 620
156 680
156 801
156 1000
157 158
157 159
157 160
157 369
157 467
157 475
157 531
157 533
157 723
157 727
157 859
158 159
158 160
158 206
158 479
158 483
158 502
158 542
158 582
158 584
158 601
158 657
158 751
158 777
158 825
158 875
159 160
159 234
159 305
159 362
159 391
159 496
159 505
159 550
159 661
159 901
160 294
160 355
160 373
160 512
160 536
160 629
160 643
160 754
160 804
160 854
160 938
160 945
160 955
161 162
161 163
161 164
161 165
161 166
161 169
161 170
161 363
161 404
161 546
161 660
161 689
161 696
161 877
162 163
162 164
162 167
162 168
162 170
162 516
162 634
162 756
162 848
162 952
163 164
163 165
163 166
163 168
163 169
163 170
163 433
163 453
163 552
163 764
163 766
163 983
164 165
164 166
164 167
164 169
164 573
165 166
165 167
165 168
165 169
165 214
165 224
165 260
165 455
165 497
165 626
165 885
165 889
166 167
166 168
166 254
166 554
166 557
166 572
166 579
166 592
166 771
166 831
167 168
167 169
167 170
167 183
167 275
167 385
167 401
167 441
167 543
167 567
167 907
167 960
168 169
168 170
168 266
168 349
168 368
168 371
168 548
168 579
168 812
168 977
168 988
169 170
169 239
169 258
169 414
169 524
169 556
169 591
170 241
170 308
170 387
170 431
170 598
170 684
170 775
170 875
171 172
171 173
171 174
171 175
171 176
171 177
171 178
171 180
171 316
171 357
171 409
171 459
171 540
171 597
171 684
171 691
171 787
171 789
171 814
171 946
172 173
172 175
172 176
172 177
172 178
172 179
172 180
172 197
172 233
172 243
172 321
172 351
172 404
172 425
172 429
172 543
172 644
172 729
172 859
172 924
173 174
173 176
173 177
173 179
173 190
173 341
173 505
174 175
174 176
174 178
174 179
174 180
174 218
174 303
174 499
174 564
174 607
174 701
174 840
174 882
174 975
175 176
175 177
175 178
175 179
175 189
175 220
175 361
175 396
175 400
175 628
175 823
175 833
176 178
176 309
176 323
176 397
176 441
176 473
176 486
176 638
176 720
176 781
177 178
177 179
177 219
177 453
177 462
177 476
177 558
177 591
177 602
177 703
177 705
177 977
178 179
178 180
178 392
178 406
178 425
178 607
179 439
179 523
179 537
179 542
179 615
179 807
179 979
180 251
180 349
180 459
180 561
180 584
180 669
180 704
180 765
180 792
180 961
181 182
181 183
181 184
181 185
181 186
181 187
181 188
181 190
181 215
181 359
181 367
181 459
181 640
181 957
181 977
182 183
182 185
182 186
182 188
182 189
182 190
182 255
182 303
182 409
182 474
182 571
182 726
182 735
182 737
182 764
182 792
183 184
183 185
183 187
183 188
183 189
183 190
183 317
183 421
183 505
183 742
183 776
183 894
183 909
184 185
184 186
184 187
184 189
184 190
184 530
184 581
184 613
184 708
184 757
184 761
185 186
185 187
185 189
185 190
185 229
185 334
185 352
185 486
185 573
185 584
185 651
185 860
185 981
186 188
186 190
186 400
186 401
186 427
186 566
186 625
186 831
186 891
187 234
187 235
187 361
187 637
187 713
187 850
187 896
187 947
188 259
188 804
188 963
188 981
189 264
189 273
189 303
189 430
189 743
189 829
189 935
190 740
190 745
190 912
191 192
191 193
191 196
191 198
191 199
191 200
191 252
191 267
191 271
191 558
191 880
191 942
192 193
192 195
192 197
192 199
192 200
192 211
192 394
192 426
192 445
192 517
192 528
192 564
192 718
192 803
192 807
192 925
193 194
193 195
193 196
193 197
193 198
193 199
193 200
193 286
193 466
193 565
193 660
193 705
193 744
193 758
193 872
193 995
194 195
194 196
194 197
194 332
194 428
194 480
194 711
194 720
194 809
194 866
194 948
195 196
195 197
195 200
195 273
195 314
195 359
195 368
195 423
195 584
195 618
195 815
195 875
195 970
196 200
196 222
196 303
196 317
196 456
196 501
196 643
196 656
196 669
196 783
196 786
196 787
196 848
196 897
196 919
197 199
197 200
197 274
197 322
197 335
197 451
197 684
197 755
198 199
198 200
198 400
198 442
198 585
198 618
198 700
198 717
198 855
198 964
199 200
199 269
199 444
199 602
199 630
199 847
199 945
199 971
200 246
200 272
200 521
200 587
200 774
201 202
201 204
201 206
201 207
201 208
201 209
201 234
201 259
201 365
201 576
201 689
201 821
201 955
202 203
202 204
202 205
202 206
202 207
202 208
202 209
202 210
202 484
202 489
202 516
202 717
202 913
203 204
203 207
203 208
203 209
203 210
203 242
203 253
203 338
203 419
203 606
203 632
203 667
203 818
203 953
204 205
204 206
204 208
204 209
204 210
204 339
204 528
204 748
204 793
204 821
204 900
204 954
205 206
205 208
205 209
205 210
205 276
205 430
205 688
205 723
205 903
205 1000
206 207
206 208
206 209
206 210
206 370
206 411
206 541
206 757
206 982
207 208
207 210
207 230
207 274
207 279
207 463
207 721
207 763
207 843
207 940
208 209
208 210
208 249
208 379
208 383
208 512
208 653
208 660
208 728
208 832
208 884
209 213
209 387
209 556
209 584
209 594
209 659
209 781
209 791
209 918
209 935
209 969
210 234
210 388
210 390
210 646
210 692
210 743
210 753
210 762
210 934
211 212
211 213
211 214
211 215
211 216
211 217
211 218
211 219
211 220
211 385
211 488
211 642
211 685
211 744
211 790
211 794
211 834
211 959
212 213
212 214
212 215
212 216
212 218
212 219
212 220
212 436
212 570
212 663
212 718
212 750
212 805
212 882
213 215
213 217
213 218
213 220
213 251
213 481
213 642
213 730
213 921
213 932
214 216
214 217
214 218
214 219
214 220
214 274
214 278
214 367
214 415
214 426
214 478
214 581
214 689
214 946
214 995
215 216
215 217
215 218
215 219
215 272
215 422
215 994
216 217
216 218
216 219
216 220
216 266
216 271
216 578
216 637
216 643
217 218
217 436
217 475
217 729
217 796
217 826
217 900
218 219
218 220
218 231
218 306
218 347
218 405
218 429
218 554
218 582
218 586
218 626
218 644
218 653
218 880
218 904
219 220
219 226
219 282
219 283
219 492
219 550
219 612
219 615
219 635
219 675
219 772
219 825
220 368
220 395
220 473
220 686
220 783
220 824
220 912
221 222
221 223
221 224
221 225
221 226
221 227
221 229
221 230
221 347
221 846
221 895
221 967
222 223
222 224
222 225
222 226
222 227
222 292
222 302
222 374
222 423
222 435
222 475
222 567
222 760
222 784
222 869
223 224
223 225
223 227
223 228
223 229
223 230
223 248
223 330
223 372
223 430
223 431
223 442
223 692
223 894
224 227
224 228
224 229
224 306
224 307
224 329
224 349
224 549
224 550
224 631
225 226
225 227
225 228
225 229
225 230
225 316
225 645
225 683
225 715
225 763
225 785
226 228
226 229
226 230
226 341
226 391
226 503
226 642
226 770
226 992
226 998
227 228
227 229
227 230
227 258
227 340
227 536
227 578
227 583
227 731
227 868
228 229
228 230
228 259
228 730
229 278
229 418
229 516
229 735
230 247
230 525
230 555
230 633
230 715
230 739
230 790
230 985
231 232
231 233
231 235
231 237
231 238
231 239
231 241
231 259
231 297
231 448
231 607
231 625
231 653
231 742
232 233
232 234
232 235
232 236
232 237
232 238
232 239
232 240
232 355
232 358
232 377
232 404
232 783
232 793
232 849
233 235
233 236
233 237
233 238
233 239
233 240
233 400
233 682
234 235
234 237
234 240
234 281
234 421
234 481
234 752
234 765
234 835
234 837
234 943
235 236
235 237
235 238
235 239
235 850
235 868
235 870
235 924
235 994
236 238
236 239
236 240
236 266
236 374
236 450
236 519
236 712
236 823
236 843
236 983
236 995
237 238
237 239
237 240
237 265
237 518
237 520
237 528
237 581
237 592
237 687
237 833
237 875
237 894
237 922
238 239
238 240
238 412
238 458
238 463
238 474
238 507
238 521
238 580
238 607
238 684
238 728
238 803
238 969
239 306
239 386
239 402
239 475
239 527
239 573
239 578
239 747
239 764
239 803
240 398
240 414
240 424
240 535
240 549
240 610
240 640
240 641
240 682
240 720
240 739
240 827
240 860
241 242
241 243
241 244
241 245
241 246
241 248
241 249
241 250
241 264
241 294
241 320
241 333
241 494
241 698
241 883
241 920
241 942
241 996
242 243
242 245
242 246
242 247
242 248
242 249
242 250
242 268
242 471
242 494
242 606
242 690
242 802
242 820
242 916
243 244
243 245
243 246
243 247
243 250
243 418
243 468
243 550
243 578
243 912
243 931
244 245
244 246
244 248
244 249
244 250
244 316
244 354
244 440
244 535
244 584
244 622
244 650
244 739
244 838
244 863
245 246
245 249
245 250
245 442
245 449
245 481
245 579
245 587
245 622
245 856
246 248
246 249
246 250
246 300
246 307
246 344
246 391
246 480
246 561
246 703
246 817
247 248
247 376
247 532
248 249
248 250
248 842
248 861
249 250
249 415
249 443
249 592
249 644
249 798
250 352
250 467
250 526
250 598
250 610
250 621
250 633
250 635
250 728
250 799
250 930
250 988
251 252
251 253
251 255
251 256
251 257
251 258
251 259
251 260
251 266
251 293
251 313
251 613
251 737
251 803
251 879
251 994
252 253
252 254
252 255
252 256
252 258
252 259
252 260
252 351
252 356
252 513
252 576
252 697
252 879
253 254
253 255
253 256
253 257
253 259
253 317
253 865
253 921
254 255
254 256
254 257
254 260
254 287
254 392
254 734
254 827
255 256
255 257
255 258
255 259
255 260
255 785
255 797
255 801
255 946
256 257
256 258
256 259
256 366
256 372
256 398
256 458
256 519
256 595
256 695
256 776
256 866
257 259
257 260
257 306
257 370
257 450
257 719
257 911
257 942
258 259
258 286
258 314
258 566
258 589
258 636
258 714
258 916
259 260
259 346
259 359
259 464
259 472
259 763
259 813
260 705
260 785
260 794
261 262
261 263
261 264
261 265
261 267
261 268
261 269
261 270
261 345
261 370
261 558
261 560
261 796
261 938
261 964
261 967
262 264
262 265
262 266
262 267
262 268
262 269
262 311
262 409
262 447
262 651
262 721
262 745
262 912
262 926
262 975
262 990
263 264
263 265
263 267
263 268
263 269
263 270
263 397
263 429
263 475
263 662
263 696
263 702
263 776
263 939
263 973
264 266
264 267
264 268
264 269
264 270
264 334
264 389
264 619
264 706
264 833
264 905
265 267
265 268
265 270
265 304
265 423
265 436
265 579
265 595
265 612
265 666
265 892
266 267
266 268
266 270
266 481
266 548
266 739
266 830
266 937
267 269
267 270
267 307
267 354
267 731
267 756
267 770
267 790
267 814
267 839
267 903
268 270
268 281
268 343
268 352
268 439
268 658
268 682
268 703
268 753
268 828
268 864
268 984
269 304
269 353
269 367
269 588
269 627
269 704
269 790
269 796
269 839
269 858
269 960
270 412
270 438
270 870
270 951
270 999
271 272
271 273
271 274
271 275
271 276
271 277
271 278
271 279
271 280
271 421
271 449
271 519
271 565
271 851
272 273
272 274
272 275
272 276
272 277
272 278
272 279
272 280
272 529
272 553
272 606
272 672
272 739
272 931
273 274
273 275
273 276
273 278
273 279
273 327
274 275
274 276
274 277
274 278
274 279
274 280
274 317
274 337
274 472
274 480
274 481
274 500
274 650
274 652
274 718
275 276
275 277
275 278
275 280
275 497
275 577
275 767
276 277
276 278
276 279
276 315
276 377
276 394
276 416
276 423
276 494
276 523
276 596
276 630
276 777
276 861
276 953
276 960
277 278
277 279
277 280
277 365
277 399
277 411
277 492
277 518
277 519
277 527
277 531
277 874
278 280
278 283
278 361
278 434
278 448
278 786
278 847
278 882
278 907
279 308
279 384
279 508
279 509
279 514
279 579
279 625
279 641
279 695
279 754
280 342
280 373
280 380
280 553
280 558
280 607
281 282
281 284
281 285
281 286
281 287
281 288
281 289
281 290
281 339
281 566
281 705
281 807
281 986
282 283
282 284
282 287
282 288
282 289
282 290
282 310
282 311
282 368
282 427
282 545
282 557
282 561
282 662
282 669
282 756
282 776
282 858
282 877
282 878
282 888
282 987
283 284
283 285
283 286
283 289
283 290
283 602
283 932
283 953
284 285
284 286
284 287
284 288
284 289
284 299
284 470
284 666
284 861
284 896
284 957
284 974
284 981
285 287
285 288
285 289
285 290
285 333
285 367
285 371
285 391
285 400
285 451
285 502
285 580
285 683
285 726
285 775
285 853
286 287
286 288
286 289
286 290
286 389
286 567
286 604
286 801
287 288
287 290
287 606
287 609
287 728
287 760
287 813
287 976
288 289
288 303
288 360
288 370
288 394
288 566
288 728
288 733
289 290
289 540
289 548
289 883
289 890
289 913
289 936
290 293
290 406
290 561
290 648
290 684
290 685
290 872
290 956
291 292
291 293
291 294
291 295
291 296
291 300
291 838
291 882
291 939
292 293
292 294
292 295
292 296
292 297
292 298
292 299
292 300
292 504
292 550
292 557
293 294
293 295
293 296
293 297
293 298
293 299
293 300
293 301
293 330
293 393
293 443
293 678
293 682
293 698
293 845
294 295
294 296
294 298
294 299
294 300
294 400
294 580
294 949
295 296
295 297
295 298
295 299
295 300
295 607
295 669
295 680
295 880
296 297
296 298
296 299
296 407
296 623
296 826
296 830
296 859
296 878
297 300
297 316
297 840
297 860
297 928
297 962
297 999
298 300
298 328
298 383
298 462
298 482
298 647
298 938
299 327
299 384
299 420
299 444
299 560
299 583
299 617
299 670
299 686
299 755
299 855
300 339
300 342
300 347
300 377
300 442
300 461
300 585
300 599
300 729
300 761
300 873
301 303
301 304
301 305
301 306
301 307
301 308
301 310
301 312
301 355
301 392
301 406
301 429
301 522
301 540
301 619
301 697
301 822
301 860
301 935
301 993
302 303
302 304
302 305
302 306
302 307
302 308
302 310
302 333
302 360
302 410
302 486
302 509
302 605
302 618
302 766
302 781
302 804
302 875
302 937
303 304
303 305
303 306
303 307
303 308
303 309
303 310
303 340
303 352
303 415
303 457
303 717
303 791
303 827
304 305
304 307
304 309
304 520
304 577
304 614
304 732
304 747
304 894
305 306
305 308
305 309
305 310
305 422
305 583
305 599
305 777
305 920
306 307
306 308
306 309
306 310
306 520
306 524
306 653
306 656
306 778
306 878
306 923
306 954
307 308
307 309
307 310
307 339
307 810
307 835
307 842
307 887
308 309
308 310
308 443
308 579
308 724
308 836
308 841
309 310
309 471
309 539
309 556
309 643
309 796
309 908
309 969
310 437
310 576
310 595
310 613
310 830
310 868
310 969
311 313
311 316
311 317
311 318
311 320
311 601
311 856
312 313
312 314
312 315
312 316
312 317
312 318
312 319
312 320
312 335
312 383
312 400
312 669
312 734
312 772
312 797
312 836
313 314
313 315
313 316
313 317
313 318
313 319
313 330
313 394
313 540
313 543
313 618
313 636
313 637
313 720
313 767
313 780
313 917
314 317
314 318
314 319
314 320
314 460
314 492
314 570
314 668
314 926
315 316
315 317
315 318
315 319
315 320
315 444
315 495
315 602
315 664
315 778
315 831
316 317
316 318
316 319
316 320
316 404
316 433
316 444
316 478
316 507
316 612
316 740
316 775
316 828
316 833
317 318
317 335
317 770
317 834
317 879
317 923
317 995
317 998
318 320
318 472
318 610
318 706
318 709
318 719
318 883
318 904
318 943
319 498
319 891
319 897
320 484
320 621
320 663
320 706
320 815
320 899
320 988
321 323
321 324
321 325
321 327
321 329
321 330
321 642
321 777
321 806
322 323
322 324
322 325
322 326
322 327
322 328
322 329
322 380
322 440
322 731
322 813
322 971
323 325
323 326
323 327
323 328
323 329
323 330
323 367
323 402
323 579
323 719
323 733
323 814
323 844
323 938
324 325
324 326
324 328
324 330
324 373
324 453
324 468
324 519
324 547
324 623
324 636
324 704
324 752
324 827
325 326
325 327
325 328
325 330
325 332
325 386
325 500
325 542
325 712
325 940
326 327
326 328
326 330
326 341
326 821
326 933
327 328
327 329
327 375
327 731
327 781
327 904
328 329
328 330
328 674
328 871
328 960
329 330
329 501
329 516
329 663
329 939
330 409
330 435
330 592
330 699
330 729
330 732
330 839
330 886
330 927
330 947
331 332
331 333
331 337
331 339
331 340
331 365
331 561
331 579
331 612
331 761
331 986
332 333
332 334
332 335
332 336
332 337
332 338
332 339
332 340
332 407
332 431
332 484
332 507
332 544
332 644
332 777
333 334
333 335
333 336
333 337
333 339
333 340
333 562
333 746
333 809
333 927
334 336
334 338
334 339
334 340
334 362
334 460
334 572
334 716
334 789
334 833
334 925
335 336
335 337
335 338
335 399
335 429
335 482
335 666
335 801
335 904
336 337
336 338
336 339
336 340
336 373
336 737
336 942
337 338
337 339
337 340
337 350
337 370
337 432
337 444
337 474
337 609
337 615
337 670
337 777
337 838
337 921
337 927
337 977
338 339
338 340
338 348
338 396
338 525
338 604
338 747
338 860
339 340
339 349
339 360
339 440
339 513
339 881
339 961
340 401
340 563
340 585
340 927
340 949
340 984
340 988
341 343
341 344
341 345
341 346
341 348
341 350
341 383
341 478
341 558
341 632
341 688
341 762
341 825
341 888
341 889
342 343
342 345
342 347
342 348
342 350
342 380
342 422
342 434
342 532
342 584
342 587
342 694
342 854
343 346
343 347
343 349
343 350
343 726
343 758
343 768
343 831
343 841
343 864
343 875
343 952
343 962
344 345
344 346
344 347
344 348
344 349
344 350
344 448
344 458
344 567
344 603
344 688
344 730
344 929
345 346
345 348
345 349
345 350
345 505
345 525
345 543
345 662
345 680
345 723
345 801
346 347
346 348
346 349
346 350
346 459
346 558
346 745
346 800
346 804
346 874
346 901
346 924
347 348
347 349
347 350
347 430
347 553
347 557
347 706
347 741
347 820
347 885
347 942
347 944
348 349
348 350
348 369
348 512
348 573
348 677
348 922
349 350
349 382
349 388
349 477
349 556
349 616
349 719
349 729
349 893
350 364
350 376
350 489
350 550
350 594
350 620
350 717
350 958
350 968
351 352
351 353
351 356
351 359
351 360
351 390
351 410
351 415
351 667
351 794
351 819
352 354
352 357
352 358
352 359
352 457
352 657
352 658
352 698
352 782
352 786
352 857
352 866
352 900
352 916
352 979
353 354
353 355
353 356
353 357
353 358
353 359
353 360
353 379
353 416
353 417
353 428
353 654
353 682
353 683
353 748
353 752
353 842
353 963
354 355
354 357
354 358
354 359
354 360
354 382
354 387
354 461
354 624
354 822
354 881
354 962
354 988
355 356
355 357
355 358
355 360
355 445
355 454
355 562
355 567
355 568
355 600
355 834
355 838
355 844
355 915
356 358
356 359
356 540
356 561
356 651
356 772
356 796
356 948
356 968
357 359
357 360
357 381
357 407
357 441
357 480
357 602
357 830
358 360
358 437
358 505
358 515
358 549
358 578
358 584
358 590
358 599
358 635
358 661
358 681
358 877
358 901
359 366
359 610
359 620
359 630
359 660
359 780
359 784
359 814
359 847
360 441
360 503
360 707
360 715
360 729
360 847
360 976
361 362
361 363
361 364
361 365
361 366
361 367
361 369
361 370
361 401
361 590
361 613
361 753
361 964
362 363
362 364
362 365
362 366
362 368
362 369
362 370
362 406
362 587
362 599
362 838
363 364
363 365
363 367
363 368
363 434
363 587
363 614
363 642
363 708
363 712
363 840
363 849
363 993
364 365
364 366
364 367
364 370
364 376
364 472
364 486
364 575
364 582
364 789
364 919
364 996
365 366
365 367
365 368
365 369
365 458
365 840
365 924
366 367
366 368
366 369
366 370
366 397
366 506
366 651
366 655
366 725
366 852
366 920
367 368
367 369
367 396
367 435
367 481
367 505
367 745
367 794
368 369
368 370
368 439
368 636
368 679
368 682
368 721
368 725
368 838
368 941
368 972
369 370
369 389
369 456
369 481
369 554
369 617
369 881
370 430
370 535
370 562
370 636
370 712
370 745
370 952
370 972
371 372
371 373
371 374
371 375
371 377
371 378
371 379
371 521
371 712
371 736
371 948
371 953
372 373
372 374
372 375
372 376
372 377
372 378
372 379
372 380
372 400
372 405
372 559
372 581
372 663
372 767
372 819
372 847
373 376
373 379
373 380
373 387
373 402
373 429
373 746
374 375
374 376
374 377
374 379
374 380
374 472
374 632
374 680
374 741
374 882
375 376
375 377
375 378
375 379
375 380
375 391
375 439
375 517
375 560
375 718
375 734
375 752
375 760
376 377
376 378
376 379
376 380
376 449
376 474
376 483
376 525
376 529
376 683
376 766
376 824
376 973
377 380
377 383
377 512
377 529
377 833
377 884
378 379
378 380
378 480
378 626
378 662
378 714
378 749
378 872
378 914
378 977
379 380
379 512
379 597
379 659
379 809
379 877
379 938
380 511
380 551
380 890
381 382
381 383
381 385
381 386
381 387
381 388
381 389
381 390
381 518
381 522
381 703
381 829
382 383
382 384
382 385
382 386
382 387
382 388
382 389
382 390
382 698
382 795
383 384
383 385
383 386
383 388
383 389
383 390
383 392
383 405
383 431
383 463
383 474
383 733
383 885
383 887
383 953
384 385
384 388
384 389
384 592
384 602
384 672
384 699
384 796
384 830
385 386
385 387
385 388
385 389
385 390
385 405
385 451
385 528
385 556
385 604
385 622
385 677
385 695
385 919
385 941
386 387
386 389
386 390
386 405
386 569
386 650
386 758
386 895
386 916
386 957
386 995
387 388
387 389
387 399
387 563
387 579
387 636
387 834
387 885
387 940
388 389
388 390
388 418
388 701
388 738
388 767
389 390
389 416
389 497
389 510
389 524
389 711
389 752
389 796
389 834
389 930
389 963
390 433
390 455
390 724
390 773
390 819
390 851
390 893
390 907
390 924
390 935
391 392
391 393
391 394
391 395
391 396
391 397
391 398
391 399
391 427
391 579
391 642
391 645
391 667
391 798
391 808
391 905
392 393
392 394
392 395
392 396
392 397
392 398
392 399
392 400
392 605
393 394
393 395
393 398
393 400
393 420
393 455
393 495
393 649
393 704
393 833
393 847
394 395
394 396
394 397
394 399
394 400
394 410
394 444
394 474
395 396
395 397
395 398
395 400
395 410
395 541
395 577
395 621
395 703
395 980
396 397
396 398
396 399
396 400
396 578
396 679
396 745
396 766
396 819
396 899
397 398
397 399
397 400
397 705
397 895
398 399
398 460
398 510
398 645
398 670
398 746
398 766
398 909
398 934
398 958
399 739
399 842
399 910
399 917
400 588
400 681
400 683
400 753
400 888
400 908
401 402
401 403
401 404
401 405
401 406
401 407
401 409
401 410
401 724
401 830
401 836
401 845
402 403
402 404
402 405
402 406
402 407
402 408
402 409
402 415
402 466
402 572
402 643
402 729
402 768
402 903
402 923
403 404
403 405
403 406
403 408
403 409
403 410
403 478
403 650
403 968
403 998
404 405
404 407
404 408
404 410
404 451
404 467
404 488
404 638
404 726
405 406
405 407
405 408
405 409
405 410
405 525
405 690
405 818
405 839
405 875
405 899
406 407
406 410
406 610
406 869
407 408
407 409
407 410
407 665
407 698
407 812
407 901
408 409
408 410
408 427
408 471
408 523
408 554
408 576
408 612
408 745
408 998
409 410
409 420
409 491
409 522
409 609
409 622
409 628
409 638
409 649
409 763
409 822
409 898
410 510
410 534
410 669
410 693
410 700
410 707
410 828
410 899
411 413
411 414
411 415
411 416
411 417
411 418
411 419
411 420
411 426
411 462
411 561
411 630
411 684
411 980
412 413
412 415
412 416
412 417
412 418
412 420
412 426
412 428
412 673
413 414
413 415
413 417
413 418
413 419
413 420
413 508
413 705
414 415
414 418
414 419
414 420
414 483
414 883
415 416
415 417
415 419
415 420
415 648
415 707
416 417
416 418
416 419
416 516
416 612
416 870
416 875
416 937
417 418
417 419
417 420
417 629
417 653
417 699
417 840
417 845
417 899
417 986
417 989
418 419
418 420
418 589
418 609
418 914
418 965
418 980
419 420
419 472
419 502
419 776
419 852
419 908
419 912
419 977
420 423
420 655
420 691
420 784
421 422
421 423
421 424
421 425
421 426
421 427
421 428
421 429
421 430
421 755
421 982
422 424
422 425
422 426
422 427
422 428
422 429
422 543
422 572
422 653
422 717
422 896
422 970
423 424
423 425
423 426
423 427
423 428
423 429
423 459
423 645
423 703
423 770
423 970
424 425
424 427
424 428
424 429
424 598
424 618
424 687
424 881
424 907
424 908
424 914
425 427
425 428
425 430
425 460
425 642
425 652
425 816
425 878
425 995
426 427
426 430
426 597
426 835
426 965
427 428
427 430
427 778
427 909
428 429
428 430
428 534
428 563
428 570
428 648
428 664
428 670
428 762
428 775
428 805
428 886
429 430
429 574
429 603
429 856
429 886
430 456
430 572
431 432
431 434
431 435
431 436
431 437
431 438
431 440
431 445
431 548
431 618
431 751
431 849
431 964
432 433
432 435
432 436
432 437
432 438
432 439
432 440
432 536
432 735
432 743
432 893
432 898
433 434
433 435
433 436
433 437
433 438
433 439
433 677
433 690
433 721
433 723
433 734
433 770
433 789
433 827
434 435
434 436
434 437
434 438
434 439
434 440
434 495
434 627
434 849
434 964
435 437
435 439
435 440
435 450
435 542
435 560
435 591
435 624
435 644
435 761
436 437
436 438
436 451
436 512
436 622
436 676
436 696
436 781
437 438
437 439
437 440
438 439
438 440
438 786
438 903
438 989
439 621
439 654
439 723
439 805
439 873
440 470
440 507
440 511
440 535
440 660
440 691
440 780
440 841
440 996
441 443
441 445
441 447
441 448
441 449
441 450
441 496
441 505
441 555
441 721
441 941
441 974
442 443
442 444
442 445
442 446
442 450
442 537
442 566
442 624
442 629
442 850
442 904
443 444
443 445
443 446
443 447
443 449
443 450
443 527
443 618
443 625
443 720
443 841
443 952
443 963
444 445
444 446
444 447
444 448
444 449
444 450
444 463
444 585
444 600
444 658
444 678
444 690
444 786
444 801
444 900
444 965
444 966
445 447
445 448
445 449
445 450
445 559
445 566
445 622
445 712
445 765
445 831
445 873
445 909
445 922
446 449
446 450
446 529
446 546
446 648
446 673
446 827
446 993
446 998
447 448
447 449
447 450
447 453
447 516
447 552
447 636
447 659
447 929
447 960
448 449
448 450
448 458
448 466
448 609
448 618
448 812
448 938
449 450
449 457
449 496
449 587
449 648
449 780
449 842
450 507
450 530
450 746
450 863
450 944
451 453
451 454
451 455
451 456
451 458
451 459
451 460
451 530
451 783
451 800
451 935
452 455
452 456
452 457
452 459
452 460
452 515
452 619
452 660
452 831
453 454
453 456
453 457
453 458
453 460
453 547
453 771
453 797
453 807
453 855
453 975
454 455
454 456
454 458
454 459
454 460
454 530
454 565
454 725
454 914
454 967
455 457
455 458
455 459
455 460
455 503
455 746
455 805
455 935
455 939
456 458
456 459
456 482
456 524
456 595
456 598
456 662
457 458
457 459
457 460
457 464
457 910
458 459
458 460
458 468
458 548
458 569
458 648
458 788
458 819
459 460
459 564
459 576
459 603
459 775
459 900
459 978
460 586
460 591
460 605
460 615
460 628
460 724
461 462
461 464
461 466
461 467
461 468
461 469
461 470
461 515
461 599
461 705
461 859
461 877
461 996
462 463
462 464
462 467
462 468
462 469
462 470
462 789
462 821
462 835
462 875
462 944
462 956
463 464
463 465
463 466
463 467
463 469
463 470
463 596
463 624
463 860
464 465
464 466
464 467
464 468
464 470
464 532
464 654
464 712
464 727
464 807
464 837
464 934
465 466
465 467
465 468
465 469
465 470
465 673
465 776
465 875
465 886
466 468
466 469
466 470
466 569
466 637
466 831
466 909
466 919
466 928
467 468
467 469
467 470
467 510
467 522
467 524
467 563
467 797
467 833
467 846
468 469
468 470
468 553
468 662
468 764
468 810
468 896
469 470
469 496
469 542
469 592
469 678
469 692
469 820
469 849
469 875
470 482
470 490
470 596
470 609
470 693
470 773
470 774
471 472
471 473
471 475
471 476
471 478
471 479
471 480
471 537
471 615
471 664
471 685
471 840
471 880
471 901
471 902
471 984
471 1000
472 475
472 476
472 477
472 478
472 479
472 480
472 529
472 638
472 873
472 922
472 930
473 475
473 476
473 477
473 478
473 480
473 525
473 637
473 663
473 968
474 475
474 476
474 477
474 478
474 480
474 655
474 798
474 941
474 979
475 477
475 478
475 479
475 480
475 565
475 768
475 801
476 477
476 478
476 479
476 480
476 628
476 742
476 916
476 951
477 478
477 479
477 480
477 619
477 681
477 702
477 706
477 711
477 870
477 954
477 974
478 479
478 480
478 798
478 802
478 803
478 862
478 951
479 480
479 485
479 811
479 938
479 970
480 522
480 609
480 713
480 966
481 482
481 483
481 484
481 486
481 487
481 488
481 489
481 490
481 611
481 909
482 483
482 485
482 486
482 487
482 488
482 489
482 596
482 610
482 780
483 484
483 485
483 486
483 487
483 488
483 490
483 688
483 698
483 842
483 862
484 485
484 486
484 487
484 489
484 490
484 530
484 669
484 878
485 487
485 488
485 489
485 490
485 750
485 829
486 487
486 488
486 489
486 555
486 581
486 583
486 627
486 641
486 682
486 915
486 916
486 952
487 489
487 490
487 594
487 676
488 489
488 490
488 847
488 874
489 492
489 624
489 670
489 712
489 751
489 789
489 838
490 574
490 642
490 790
490 816
490 841
490 872
491 492
491 493
491 496
491 498
491 499
491 702
491 725
492 493
492 494
492 495
492 496
492 497
492 498
492 499
492 532
492 576
492 691
492 745
492 856
493 494
493 495
493 496
493 497
493 498
493 499
493 585
493 657
493 767
493 841
493 881
493 908
494 495
494 496
494 497
494 498
494 499
494 623
494 671
494 676
494 852
494 936
494 960
494 980
495 496
495 497
495 498
495 499
495 500
495 703
495 780
495 859
495 870
496 498
496 499
496 500
496 728
496 742
496 778
496 834
496 908
496 929
497 499
497 500
497 699
497 875
497 1000
498 500
498 708
498 995
499 500
499 519
499 581
499 683
499 954
499 977
500 508
500 564
501 502
501 503
501 504
501 505
501 506
501 507
501 508
501 509
501 510
501 628
501 833
501 924
501 932
501 934
501 951
501 956
501 985
502 503
502 504
502 505
502 506
502 507
502 509
502 510
502 543
502 600
502 747
502 774
502 856
503 505
503 506
503 508
503 510
503 821
503 829
503 849
503 944
504 505
504 507
504 508
504 509
504 510
504 586
504 588
504 606
504 638
504 726
504 799
504 889
504 952
505 508
505 509
505 510
505 520
505 521
505 615
505 926
506 507
506 508
506 509
506 510
506 641
506 666
506 712
506 892
506 909
506 928
506 982
507 508
507 510
507 525
507 558
507 738
508 509
508 561
509 510
509 629
509 877
510 530
510 600
510 712
510 839
510 865
510 916
510 951
510 956
511 512
511 513
511 514
511 515
511 516
511 518
511 519
511 520
511 567
511 622
511 640
511 835
511 881
511 985
512 513
512 514
512 515
512 518
512 520
512 521
512 734
512 865
513 514
513 515
513 516
513 518
513 519
513 520
513 540
513 552
513 565
513 599
513 651
513 755
513 781
513 835
513 838
514 515
514 516
514 518
514 519
514 716
514 845
515 516
515 517
515 519
515 520
515 541
515 669
516 517
516 518
516 525
516 584
516 719
516 823
516 842
516 866
516 921
516 949
516 952
517 518
517 519
517 553
517 554
517 622
517 627
517 675
517 685
517 911
517 966
518 550
518 553
518 566
518 872
518 984
519 520
519 712
519 735
519 886
519 965
520 749
520 762
520 896
521 522
521 525
521 528
521 529
521 530
521 606
522 524
522 525
522 526
522 527
522 528
522 529
522 530
522 573
523 525
523 527
523 528
523 591
523 721
523 725
523 759
523 890
523 920
524 526
524 527
524 528
524 529
524 530
524 673
524 702
524 754
524 763
524 775
524 811
524 835
524 932
524 986
525 526
525 528
525 529
525 530
525 531
525 623
525 633
525 713
525 753
525 760
525 761
525 872
525 960
525 979
526 528
526 530
526 613
526 615
526 684
526 727
526 804
526 965
527 529
527 530
527 751
527 832
527 908
527 971
527 981
528 529
528 662
529 530
529 549
529 642
529 707
529 711
530 595
530 872
530 884
530 949
531 536
531 537
531 538
531 539
531 625
531 663
532 533
532 536
532 537
532 538
532 539
532 608
532 900
532 937
532 978
533 534
533 535
533 536
533 537
533 540
533 664
533 768
533 807
533 999
534 536
534 537
534 538
534 539
534 692
534 836
534 885
534 923
535 536
535 537
535 538
535 540
535 621
535 679
535 765
536 538
536 539
536 540
536 588
536 645
536 759
537 538
537 539
537 540
537 565
537 593
537 739
537 769
537 889
537 893
538 539
538 559
538 613
538 783
538 872
538 896
538 914
539 540
539 570
539 835
539 864
539 975
540 708
540 772
540 829
541 542
541 543
541 544
541 545
541 546
541 549
541 550
541 568
541 673
541 763
541 938
542 544
542 545
542 546
542 547
542 548
542 549
542 550
542 588
542 634
542 685
542 708
542 771
542 833
542 880
542 890
542 922
543 544
543 546
543 547
543 549
543 550
543 678
543 717
543 732
543 762
543 787
543 856
543 875
544 545
544 547
544 548
544 549
544 702
544 746
544 801
544 888
544 994
545 546
545 547
545 548
545 549
545 550
545 571
545 624
545 834
545 906
545 913
546 548
546 559
546 590
546 623
546 925
546 932
546 956
547 548
547 549
547 550
547 635
547 645
547 680
547 941
548 549
548 550
548 563
548 716
548 876
548 976
549 550
549 585
549 636
549 716
549 865
549 921
550 558
550 741
550 812
551 552
551 553
551 554
551 555
551 556
551 557
551 558
551 559
551 578
551 682
551 804
551 992
552 553
552 554
552 555
552 556
552 557
552 558
552 559
552 560
552 861
552 876
552 912
552 993
553 554
553 555
553 556
553 557
553 558
553 559
553 560
553 602
553 705
553 748
553 826
553 835
553 918
553 969
554 555
554 557
554 558
554 560
554 583
554 678
554 770
554 788
554 857
554 888
555 556
555 557
555 560
555 578
555 670
555 782
556 557
556 558
556 559
556 560
556 594
556 624
556 641
556 737
556 807
556 899
557 558
557 559
557 831
558 559
558 560
558 563
558 627
558 817
558 819
558 834
558 875
559 560
559 663
559 888
559 915
560 764
560 968
561 563
561 564
561 565
561 566
561 567
561 568
561 570
561 660
561 735
561 887
561 916
561 991
562 563
562 564
562 565
562 566
562 569
562 570
562 674
562 724
563 564
563 565
563 567
563 568
563 569
563 570
563 708
563 720
563 836
563 962
564 565
564 566
564 567
564 568
564 569
564 570
564 585
564 592
564 618
564 631
564 681
564 695
564 768
564 965
564 988
565 566
565 567
565 568
565 569
565 735
565 929
566 567
566 569
566 570
567 569
567 571
567 572
567 635
567 770
567 809
567 862
567 917
568 569
568 570
568 690
568 736
568 757
568 773
568 786
568 963
569 570
569 605
569 842
570 590
570 761
570 902
571 572
571 573
571 574
571 575
571 576
571 577
571 578
571 594
571 622
571 836
572 573
572 574
572 576
572 577
572 579
572 580
572 779
572 891
573 574
573 575
573 576
573 577
573 578
573 579
573 580
573 633
573 657
573 694
573 740
573 811
573 836
574 575
574 576
574 577
574 579
574 580
574 878
574 921
575 576
575 578
575 579
575 580
575 628
575 851
575 891
575 914
575 964
576 578
576 579
576 580
576 724
576 800
576 964
577 578
577 579
577 580
577 628
577 629
577 819
577 899
578 676
578 791
578 843
578 997
579 580
579 750
579 755
579 822
579 856
579 994
580 651
580 686
580 805
580 956
581 582
581 584
581 585
581 586
581 587
581 588
581 589
581 601
581 669
581 951
582 584
582 585
582 587
582 588
582 589
582 590
582 983
583 584
583 585
583 586
583 587
583 588
583 589
583 590
583 823
583 867
583 974
584 588
584 591
584 617
584 635
584 714
584 826
584 827
584 943
585 587
585 589
585 618
585 762
585 789
585 833
585 921
585 933
586 587
586 588
586 589
586 590
586 832
586 868
586 907
586 930
586 973
587 588
587 590
587 597
587 638
587 686
587 759
587 852
587 918
588 589
588 590
588 646
588 692
588 697
588 789
588 828
588 918
589 590
589 755
589 777
590 591
590 671
591 592
591 594
591 595
591 600
591 616
591 765
591 812
591 902
592 593
592 594
592 595
592 596
592 597
592 598
592 599
592 600
592 619
592 656
592 764
592 852
592 937
593 594
593 595
593 596
593 599
593 600
593 645
593 656
593 816
593 860
593 987
594 595
594 596
594 597
594 598
594 599
594 600
594 719
594 846
594 945
594 983
595 599
595 600
595 718
595 942
596 597
596 598
596 599
596 600
596 638
596 776
596 828
596 915
596 957
597 600
597 667
597 719
597 770
598 599
598 600
598 713
598 714
598 716
598 762
598 880
599 600
599 616
599 673
599 676
599 879
599 883
599 925
600 778
600 805
600 884
600 996
601 602
601 604
601 605
601 606
601 607
601 608
601 610
601 922
602 604
602 605
602 608
602 609
602 610
602 729
602 740
603 604
603 605
603 606
603 608
603 609
603 610
603 845
603 859
604 605
604 606
604 607
604 608
604 609
604 610
604 621
604 787
604 838
604 911
604 952
605 606
605 607
605 609
605 610
605 728
605 765
605 784
606 608
606 609
606 610
606 612
606 713
606 812
606 846
606 905
606 965
607 608
607 609
607 610
607 618
607 917
608 609
608 610
608 648
608 701
608 740
608 751
608 869
608 900
608 912
609 610
609 746
610 611
610 665
610 790
610 809
610 824
611 612
611 613
611 614
611 617
611 618
611 619
611 692
611 997
612 613
612 614
612 616
612 618
612 619
612 620
612 669
613 614
613 615
613 617
613 618
613 619
613 683
613 736
613 818
613 905
613 986
614 616
614 617
614 618
614 619
614 620
614 730
614 747
614 767
614 931
615 616
615 617
615 618
615 619
615 620
615 697
615 734
615 753
615 800
615 887
615 900
616 617
616 619
616 620
616 644
616 670
616 769
616 788
616 848
617 618
617 619
617 620
617 835
617 923
617 974
618 619
618 661
618 665
618 800
618 851
618 856
618 917
618 918
618 954
619 620
619 626
619 650
619 683
619 797
620 712
620 715
620 812
620 841
620 883
621 622
621 623
621 624
621 625
621 627
621 628
621 629
621 630
621 676
621 917
622 623
622 624
622 625
622 626
622 627
622 628
622 629
622 630
622 684
622 797
622 978
622 997
623 624
623 625
623 626
623 627
623 628
623 630
623 761
623 848
623 867
623 909
623 911
623 932
623 939
623 975
624 625
624 626
624 628
624 629
624 630
624 783
624 803
624 805
624 936
624 991
625 626
625 627
625 629
625 741
625 757
625 770
625 832
625 898
625 933
626 627
626 629
626 630
626 655
626 699
626 746
627 628
627 629
627 668
627 942
627 972
627 987
628 629
628 630
628 661
628 685
628 857
628 920
628 977
629 630
629 660
629 815
629 873
630 683
630 709
630 993
630 994
631 632
631 633
631 634
631 635
631 636
631 637
631 638
631 639
631 703
631 712
631 739
631 761
631 837
632 633
632 634
632 635
632 636
632 637
632 639
632 640
632 643
632 705
632 771
632 929
632 930
633 634
633 635
633 637
633 638
633 639
633 640
633 723
633 734
634 635
634 636
634 638
634 639
635 636
635 637
635 638
635 639
635 640
635 734
635 776
635 846
635 889
635 890
635 933
635 973
636 637
636 638
636 639
636 640
636 770
637 638
637 639
637 640
637 873
637 891
637 903
638 640
638 657
638 659
638 760
638 992
639 640
639 663
639 753
639 774
639 775
639 849
639 895
640 739
641 642
641 644
641 645
641 647
641 648
641 649
641 650
641 713
641 780
641 839
641 851
641 980
641 986
642 644
642 645
642 646
642 647
642 648
642 649
642 650
642 707
642 797
642 799
642 854
642 906
643 644
643 645
643 646
643 648
643 649
643 650
643 662
643 703
643 745
643 876
643 943
643 946
643 976
644 645
644 646
644 647
644 648
644 649
644 650
644 724
644 757
644 914
645 647
645 648
645 649
645 724
645 822
645 940
645 968
646 647
646 649
646 650
646 728
646 757
646 766
646 811
646 992
647 648
647 649
647 650
647 672
647 814
647 843
647 864
648 649
648 650
648 724
648 739
648 740
648 769
648 804
648 813
648 864
648 931
648 938
649 650
649 656
649 727
649 764
649 837
649 848
649 900
650 952
650 955
651 652
651 654
651 657
651 658
651 659
651 660
651 841
651 844
651 971
652 653
652 654
652 655
652 657
652 658
652 659
652 812
652 950
653 654
653 655
653 656
653 657
653 658
653 659
653 674
653 703
653 762
653 847
654 656
654 657
654 658
654 659
654 660
654 720
654 798
654 955
655 656
655 657
655 658
655 659
655 660
655 724
655 861
655 892
655 995
656 657
656 658
656 659
656 660
656 731
656 800
656 898
657 658
657 659
657 660
657 769
657 812
657 847
657 870
657 915
658 660
658 665
658 671
658 734
658 769
658 863
658 952
658 964
659 660
659 687
659 691
659 717
659 819
659 833
659 900
659 931
660 707
660 766
660 820
660 992
661 662
661 663
661 664
661 665
661 666
661 667
661 668
661 669
661 716
661 767
661 787
661 820
661 980
662 663
662 665
662 666
662 667
662 668
662 669
662 677
662 697
662 917
663 665
663 666
663 667
663 668
663 669
663 670
663 689
663 716
663 886
663 927
664 665
664 666
664 667
664 668
664 669
664 868
664 874
664 918
665 666
665 667
665 668
665 669
665 670
665 775
665 799
665 889
665 926
665 944
666 667
666 668
666 669
666 670
666 705
666 780
666 858
666 972
667 668
667 669
667 670
667 846
667 963
668 669
668 670
668 722
668 750
668 787
668 924
669 670
669 683
669 695
669 820
669 875
670 766
670 791
670 865
670 904
670 944
671 672
671 673
671 674
671 675
671 676
671 677
671 679
671 680
671 693
672 673
672 674
672 675
672 676
672 677
672 678
672 679
672 680
672 841
672 867
673 674
673 675
673 676
673 677
673 678
673 679
673 680
674 675
674 676
674 678
674 679
674 680
674 706
674 929
675 676
675 677
675 679
675 680
675 681
675 689
675 696
675 697
675 763
675 916
675 919
676 677
676 678
676 679
676 698
676 744
676 866
676 931
677 678
677 679
677 996
678 680
678 681
678 803
678 962
678 984
679 680
680 748
680 767
680 818
680 829
680 873
680 906
681 682
681 683
681 684
681 686
681 687
681 688
681 689
681 690
681 741
681 868
681 930
682 683
682 684
682 687
682 688
682 689
682 690
682 778
682 859
682 933
682 960
683 685
683 686
683 687
683 688
683 689
683 690
683 712
683 714
683 918
684 685
684 686
684 687
684 688
684 689
684 690
684 721
684 752
684 947
684 988
685 686
685 687
685 688
685 689
685 690
685 971
686 687
686 688
686 689
686 690
686 957
687 689
687 690
687 838
687 957
688 689
688 690
688 818
688 873
688 903
688 993
689 690
689 727
689 899
689 979
690 718
690 722
690 813
690 921
691 692
691 693
691 694
691 695
691 696
691 697
691 698
691 699
691 700
691 789
691 824
691 885
691 957
692 693
692 694
692 695
692 697
692 699
692 700
692 817
692 845
692 949
693 694
693 695
693 696
693 697
693 698
693 700
693 751
693 761
693 763
693 876
693 959
694 695
694 697
694 698
694 699
694 700
695 696
695 697
695 700
695 793
695 932
696 697
696 699
696 700
696 771
696 845
697 698
697 699
697 700
697 830
698 699
698 700
698 722
698 787
698 799
698 984
699 700
699 721
699 790
699 881
699 917
700 781
700 875
700 892
700 921
700 923
701 702
701 703
701 705
701 706
701 707
701 708
701 709
701 926
702 703
702 706
702 707
702 708
702 709
702 710
702 777
702 881
702 947
702 988
703 704
703 706
703 708
703 710
703 771
703 870
703 893
703 927
703 934
703 983
704 705
704 706
704 707
704 708
704 710
704 723
704 804
705 706
705 707
705 708
705 709
705 710
705 737
705 831
706 708
706 709
706 710
706 718
706 871
706 902
706 944
707 708
707 710
707 713
708 709
708 710
708 832
708 897
708 907
708 920
708 936
708 990
708 992
709 710
709 780
709 827
709 864
710 806
710 831
710 856
710 877
710 953
711 712
711 713
711 714
711 715
711 717
711 718
711 719
711 720
711 791
711 977
712 713
712 714
712 715
712 716
712 717
712 718
712 719
712 720
712 917
713 714
713 715
713 716
713 717
713 718
713 719
713 720
713 886
713 998
714 715
714 716
714 719
714 720
714 730
714 745
714 774
714 897
715 716
715 719
715 720
715 736
715 805
715 810
715 817
715 886
715 944
715 961
716 717
716 718
716 720
716 811
716 897
716 966
717 718
717 719
717 720
717 890
718 719
718 812
718 829
719 720
719 906
720 916
721 723
721 724
721 727
721 729
721 730
721 762
721 769
722 724
722 725
722 726
722 727
722 728
722 729
722 730
722 830
723 725
723 727
723 728
723 739
723 928
724 725
724 727
724 728
724 730
724 813
724 867
724 914
724 917
724 929
724 973
724 986
725 726
725 727
725 728
725 729
725 786
725 924
725 991
726 728
726 729
726 730
726 748
727 761
727 819
727 913
727 980
728 729
728 741
728 756
728 834
729 730
729 765
729 803
729 806
729 824
729 873
729 893
729 969
730 742
730 819
730 967
731 732
731 733
731 734
731 736
731 737
731 738
731 740
731 916
731 953
732 733
732 734
732 735
732 736
732 737
732 739
732 740
733 734
733 735
733 736
733 737
733 738
733 739
733 740
733 746
733 863
733 892
733 984
734 735
734 736
734 737
734 738
734 739
734 740
734 820
734 899
734 910
734 931
734 947
735 736
735 737
735 738
735 739
735 740
735 893
736 737
736 738
736 739
736 813
736 825
736 842
736 999
737 738
737 739
737 740
737 745
737 916
738 740
738 864
739 740
739 811
739 856
739 933
740 829
740 846
740 897
740 903
740 966
741 742
741 744
741 745
741 746
741 747
741 748
741 749
741 750
741 791
741 801
741 910
742 743
742 745
742 746
742 747
742 749
742 750
742 958
743 744
743 745
743 746
743 747
743 748
743 749
743 754
743 819
743 825
743 987
744 745
744 746
744 747
744 748
744 749
744 750
744 907
745 746
745 750
746 748
746 942
747 748
747 749
747 750
747 793
747 870
747 873
748 749
748 750
748 865
749 750
749 766
749 868
749 963
749 990
750 768
750 832
750 902
750 919
750 923
750 934
751 752
751 754
751 755
751 756
751 757
751 760
751 770
751 779
751 823
751 933
751 966
751 969
752 753
752 754
752 755
752 757
752 758
752 759
752 760
752 873
753 754
753 755
753 756
753 758
753 760
753 761
753 949
754 756
754 757
754 758
754 760
754 916
754 953
755 756
755 757
755 759
755 780
755 788
755 818
756 757
756 758
756 760
756 929
757 759
757 760
757 800
757 906
758 760
758 984
759 760
759 971
759 986
760 803
760 989
761 762
761 763
761 765
761 767
761 770
761 956
761 992
762 766
762 767
762 882
762 887
763 764
763 766
763 767
763 768
763 770
763 793
764 765
764 766
764 767
764 768
764 769
764 770
764 893
764 914
764 931
764 940
765 766
765 767
765 768
765 769
765 770
765 913
766 767
766 768
766 769
766 770
766 793
767 768
767 769
767 770
767 859
767 919
767 958
768 769
768 783
768 941
769 770
769 799
769 828
769 887
769 938
769 946
770 994
771 772
771 773
771 775
771 776
771 778
771 779
771 780
771 871
771 956
772 773
772 774
772 775
772 778
772 780
772 921
772 997
773 774
773 777
773 778
773 779
773 866
774 775
774 776
774 777
774 780
774 949
775 777
775 778
775 836
776 777
776 778
776 779
776 780
776 782
776 830
776 941
777 778
777 779
777 780
777 889
777 926
778 779
778 780
779 780
779 952
780 891
781 782
781 783
781 786
781 788
781 789
781 892
781 968
782 783
782 784
782 786
782 787
782 788
782 790
782 844
783 784
783 786
783 787
783 788
783 789
783 790
783 999
784 786
784 787
784 789
785 786
785 787
785 788
785 789
785 790
785 886
786 787
786 789
786 790
786 835
786 965
786 973
787 788
787 790
787 979
787 982
787 984
788 789
788 790
788 899
788 948
789 790
790 957
791 792
791 793
791 794
791 795
791 796
791 797
791 798
791 800
791 816
792 793
792 794
792 795
792 798
792 799
792 800
793 794
793 795
793 796
793 797
793 798
793 800
793 804
793 838
793 850
793 953
794 795
794 796
794 800
794 878
795 797
795 798
795 799
795 800
796 797
796 799
796 800
796 888
796 894
796 933
796 958
796 975
797 798
797 799
797 800
797 947
798 799
798 800
798 853
798 878
798 989
799 920
799 994
800 907
800 931
801 802
801 803
801 805
801 806
801 807
801 808
801 809
801 810
801 928
802 803
802 804
802 805
802 806
802 807
802 808
802 809
802 810
802 870
802 886
802 926
803 805
803 806
803 809
803 810
803 891
803 946
804 806
804 808
804 809
804 810
804 877
804 932
804 933
804 975
805 806
805 807
805 808
805 810
805 861
805 884
806 807
806 808
806 809
806 810
807 810
807 823
808 809
808 810
809 810
809 814
809 906
810 879
810 919
810 939
811 812
811 813
811 814
811 815
811 816
811 817
811 818
811 820
811 839
811 842
811 915
811 962
811 974
812 814
812 815
812 816
812 817
812 818
812 819
812 820
812 957
812 961
812 965
813 814
813 815
813 816
813 817
813 819
813 820
814 815
814 816
814 817
814 818
814 819
814 820
815 816
815 817
815 819
815 820
815 944
816 817
816 819
816 820
817 818
817 820
817 842
817 891
818 819
818 899
819 820
819 863
819 978
820 882
820 892
820 974
821 822
821 823
821 824
821 826
821 828
821 834
822 823
822 825
822 826
822 828
822 829
822 830
822 844
822 992
823 824
823 825
823 826
823 827
823 829
823 873
823 952
824 826
824 828
824 829
824 830
824 842
825 827
825 828
825 829
826 827
826 828
826 829
826 830
827 828
827 830
827 895
827 902
827 992
828 829
828 830
828 926
828 943
829 830
829 935
829 954
829 981
831 833
831 834
831 835
831 837
831 838
831 839
831 840
831 879
831 894
832 834
832 835
832 836
832 837
832 838
832 839
832 840
832 904
832 922
833 835
833 836
833 837
833 838
833 839
833 840
833 871
834 835
834 837
834 838
835 836
835 837
835 838
835 839
835 840
835 850
835 873
836 837
836 838
836 839
836 840
837 838
837 839
837 840
838 839
838 840
838 901
838 911
839 840
839 890
839 910
839 935
840 859
841 843
841 844
841 845
841 846
841 847
841 848
841 850
842 844
842 845
842 846
842 847
842 850
842 917
842 1000
843 844
843 845
843 846
843 847
843 848
843 849
843 850
843 935
844 845
844 846
844 847
844 848
844 883
844 921
844 955
845 847
845 849
846 848
846 849
846 850
846 920
846 981
847 848
847 850
847 938
848 849
848 850
849 850
849 910
851 853
851 854
851 855
851 856
851 857
851 858
852 853
852 854
852 855
852 856
852 858
852 859
852 860
852 901
852 963
852 979
853 855
853 857
853 860
853 865
854 855
854 856
854 857
854 858
854 859
854 860
855 856
855 857
855 858
855 859
855 860
855 922
855 937
856 859
856 860
856 941
857 859
857 860
857 959
857 986
858 860
858 992
859 860
859 907
860 878
861 862
861 863
861 864
861 866
861 867
861 868
861 869
861 870
861 986
862 863
862 865
862 866
862 868
862 869
862 870
862 911
863 864
863 865
863 866
863 868
863 869
863 870
863 881
864 865
864 866
864 867
864 868
864 869
864 870
865 866
865 867
865 868
865 869
865 870
865 874
865 906
865 975
866 868
866 869
866 913
867 869
867 870
867 888
867 955
868 869
868 870
869 870
869 890
871 872
871 873
871 874
871 876
871 877
871 879
871 880
872 873
872 874
872 875
872 876
872 877
872 878
872 879
872 916
872 927
872 951
872 958
872 982
872 993
873 876
873 877
873 878
873 879
873 880
874 875
874 876
874 877
874 878
874 879
874 880
874 951
875 876
875 878
875 880
875 920
876 877
876 879
876 880
876 911
876 952
877 878
877 879
877 917
877 924
878 879
878 901
879 880
880 953
881 882
881 884
881 885
881 886
881 887
881 888
881 889
881 890
881 936
881 963
882 883
882 884
882 885
882 886
882 887
882 888
882 889
882 890
883 884
883 885
883 886
883 888
883 889
883 916
884 885
884 887
884 888
885 887
885 888
885 889
885 890
885 979
885 985
886 887
886 888
886 889
886 890
886 894
887 888
887 889
887 890
888 889
888 890
888 974
888 992
889 890
889 916
890 966
891 893
891 894
891 895
891 896
891 899
891 931
892 895
892 896
892 897
892 899
892 900
893 894
893 895
893 896
893 897
893 898
893 899
893 900
893 972
894 895
894 896
894 897
894 898
894 899
894 900
895 896
895 897
895 899
895 915
896 898
896 899
897 898
897 900
898 899
898 900
899 943
900 917
901 902
901 903
901 904
901 905
901 906
901 907
901 909
901 910
902 903
902 904
902 906
902 907
902 909
902 910
902 913
902 978
903 905
903 906
903 907
903 908
903 910
903 938
904 905
904 906
904 907
904 908
904 909
904 910
904 941
905 910
905 992
905 999
906 907
906 908
906 909
906 910
907 908
907 909
908 909
908 910
909 910
909 957
910 924
910 997
911 912
911 913
911 915
911 916
911 917
911 918
911 919
911 997
912 914
912 915
912 916
912 917
912 918
912 919
913 914
913 915
913 916
913 917
913 919
913 920
914 915
914 916
914 917
914 918
914 919
914 920
915 917
915 918
915 919
916 917
916 918
916 920
917 920
917 956
918 919
918 920
918 924
918 979
919 920
920 936
921 922
921 923
921 924
921 925
921 926
921 927
921 930
921 935
921 949
922 923
922 924
922 925
922 926
922 927
922 929
922 930
923 924
923 925
923 927
923 928
923 930
923 971
924 925
924 926
924 927
924 928
924 929
924 930
924 986
925 927
925 928
925 930
925 959
926 927
926 929
926 934
927 928
927 930
927 944
927 957
928 929
928 930
928 944
929 930
930 968
931 935
931 936
931 939
931 940
932 934
932 935
932 936
932 937
932 938
932 939
932 940
933 934
933 935
933 936
933 938
933 939
933 940
933 973
933 986
934 936
934 937
934 938
934 939
934 940
935 936
935 937
935 938
935 939
935 967
935 986
936 939
936 940
936 963
936 980
937 938
937 939
937 940
937 948
937 985
938 939
939 940
939 944
941 942
941 943
941 944
941 945
941 946
941 947
941 948
941 949
941 950
942 943
942 944
942 945
942 949
942 950
943 944
943 945
943 947
943 948
943 949
944 945
944 946
944 947
944 948
944 949
944 950
945 946
945 947
945 948
945 949
945 950
946 947
946 949
946 950
947 948
947 949
948 950
949 950
950 978
951 952
951 953
951 954
951 955
951 956
951 958
951 959
951 960
951 995
952 954
952 955
952 957
952 958
952 959
952 960
953 954
953 955
953 956
953 958
953 959
953 960
953 975
953 986
954 955
954 957
954 959
954 960
955 958
955 959
955 960
956 957
956 966
957 958
957 960
957 978
958 959
958 960
958 978
961 962
961 964
961 965
961 966
961 967
961 968
961 969
961 970
962 963
962 964
962 965
962 966
962 967
962 968
962 970
963 964
963 966
963 967
963 968
963 970
964 965
964 966
964 968
964 970
965 966
965 967
965 968
965 970
966 967
966 968
966 969
966 970
967 968
967 969
967 970
967 994
968 969
968 970
969 970
971 972
971 974
971 975
971 976
971 977
971 978
971 979
971 980
972 974
972 975
972 976
972 977
972 978
972 979
972 980
973 974
973 975
973 976
973 977
973 978
973 979
974 976
974 977
975 978
975 979
975 980
976 977
976 978
976 980
976 981
977 978
977 979
977 980
978 979
978 980
979 980
981 982
981 983
981 985
981 986
981 987
981 989
981 990
982 983
982 984
982 985
982 987
982 988
982 989
982 990
982 996
983 985
983 987
983 988
983 989
983 990
984 985
984 986
984 987
984 988
984 989
984 990
984 1000
985 986
985 987
985 988
985 990
986 987
986 988
986 990
987 988
987 989
987 990
988 989
988 990
989 990
991 993
991 994
991 996
991 997
991 998
991 1000
992 993
992 994
992 995
992 996
992 997
992 998
992 999
992 1000
993 994
993 995
993 996
993 997
993 999
993 1000
994 995
994 996
994 997
994 1000
995 996
995 997
995 998
995 1000
996 997
996 998
996 999
997 998
997 999
997 1000
998 999
998 1000
