1000 8644
1 3
1 4
1 5
1 6
1 7
1 8
1 9
1 10
1 260
1 349
1 878
2 3
2 4
2 5
2 6
2 7
2 8
2 10
2 23
2 529
2 651
2 901
2 909
2 912
3 4
3 5
3 6
3 7
3 8
3 9
3 380
3 398
3 428
3 543
3 695
3 705
3 802
3 873
3 877
3 902
3 964
4 5
4 6
4 7
4 8
4 9
4 10
4 50
4 229
4 374
4 548
4 694
4 713
4 811
4 916
5 6
5 7
5 8
5 9
5 10
5 143
5 160
5 346
5 356
5 383
5 398
5 470
5 535
5 765
5 978
6 7
6 8
6 9
6 10
6 61
6 105
6 141
6 169
6 209
6 253
6 291
6 486
6 503
6 750
6 770
6 809
6 826
7 8
7 9
7 10
7 191
7 376
7 482
7 597
7 603
7 612
7 754
7 821
8 9
8 10
8 12
8 118
8 161
8 358
8 637
8 759
8 823
9 10
9 35
9 43
9 300
9 436
9 463
9 593
9 617
9 632
9 786
9 808
9 972
9 979
10 12
10 46
10 110
10 317
10 389
10 433
10 751
10 859
11 12
11 13
11 14
11 15
11 16
11 17
11 19
11 20
11 33
11 132
11 218
11 585
11 692
11 735
11 753
11 989
12 13
12 14
12 15
12 16
12 18
12 19
12 41
12 66
12 275
12 414
12 468
12 483
12 708
12 781
12 820
12 956
13 14
13 15
13 16
13 17
13 18
13 19
13 20
13 175
13 421
13 783
13 857
13 880
13 980
13 985
14 15
14 16
14 17
14 18
14 19
14 20
14 60
14 123
14 166
14 327
14 383
14 673
14 682
14 761
14 940
14 984
15 17
15 19
15 20
15 50
15 124
15 159
15 170
15 185
15 370
15 415
15 649
15 665
15 843
15 981
16 17
16 18
16 19
16 20
16 38
16 123
16 169
16 189
16 305
16 372
16 376
16 395
16 648
16 663
16 718
16 719
16 764
16 934
16 978
17 18
17 20
17 50
17 217
17 312
17 350
17 460
17 495
17 557
17 582
17 918
17 950
17 984
17 998
18 19
18 20
18 81
18 176
18 247
18 271
18 412
18 626
18 745
18 789
18 850
19 20
19 680
19 683
19 728
19 730
19 854
19 894
19 949
20 92
20 141
20 509
20 638
20 654
20 773
20 808
20 931
20 968
21 22
21 24
21 25
21 26
21 27
21 29
21 30
21 31
21 72
21 191
21 222
21 285
21 407
21 578
21 654
21 656
21 861
21 927
21 961
22 24
22 25
22 26
22 27
22 28
22 30
22 55
22 65
22 92
22 270
22 525
22 593
22 600
22 705
22 752
23 24
23 26
23 28
23 29
23 30
23 43
23 123
23 153
23 198
23 304
23 342
23 423
23 531
23 603
23 705
23 749
23 751
23 851
23 930
23 960
23 988
24 25
24 26
24 27
24 28
24 29
24 30
24 32
24 117
24 158
24 167
24 191
24 204
24 438
24 644
24 741
24 839
25 26
25 27
25 36
25 176
25 204
25 321
25 441
25 453
25 672
25 741
25 882
26 28
26 29
26 30
26 81
26 188
26 348
26 549
26 584
26 696
26 838
26 926
26 963
27 28
27 29
27 30
27 217
27 221
27 228
27 306
27 322
27 581
27 619
27 699
27 883
27 970
28 29
28 30
28 291
28 499
28 598
28 628
28 715
28 757
28 814
28 816
28 869
28 1000
29 30
29 211
29 217
29 239
29 279
29 295
29 543
29 549
29 577
29 613
29 683
29 941
29 959
29 983
30 470
30 563
30 617
30 919
31 32
31 34
31 35
31 36
31 37
31 38
31 40
31 269
31 587
31 605
31 648
31 653
31 676
31 687
31 721
32 33
32 35
32 37
32 38
32 39
32 40
32 113
32 175
32 216
32 257
32 409
32 460
32 476
32 505
32 529
32 771
32 831
32 864
32 980
33 36
33 37
33 39
33 99
33 285
33 430
33 431
33 503
33 667
33 713
33 928
34 35
34 36
34 38
34 39
34 40
34 117
34 226
34 293
34 316
34 330
34 443
34 470
34 517
34 573
34 578
34 639
34 712
34 915
34 996
35 36
35 37
35 40
35 416
35 425
35 467
35 711
35 837
36 37
36 38
36 39
36 56
36 84
36 185
36 311
36 358
36 382
36 495
36 545
36 807
36 843
36 894
36 942
36 994
37 39
37 40
37 312
37 334
37 382
37 637
37 687
37 691
37 788
37 800
37 820
37 941
37 977
38 39
38 40
38 171
38 458
38 478
38 483
38 532
38 964
38 985
39 183
39 185
39 232
39 254
39 257
39 261
39 301
39 586
39 590
39 635
39 698
39 732
39 756
39 762
39 844
39 846
40 175
40 276
40 391
40 401
40 468
40 475
40 543
40 729
40 839
40 937
41 42
41 43
41 44
41 45
41 47
41 48
41 49
41 319
41 337
41 491
41 526
41 622
41 623
41 861
41 939
42 43
42 44
42 45
42 46
42 47
42 48
42 49
42 50
42 132
42 309
42 322
42 379
42 393
42 424
42 493
42 610
42 623
42 624
42 678
42 824
42 837
42 900
42 920
42 925
43 44
43 46
43 47
43 48
43 49
43 50
43 136
43 189
43 309
43 396
43 414
43 449
43 450
43 587
43 875
44 45
44 46
44 47
44 48
44 49
44 272
44 314
44 316
44 568
45 46
45 47
45 48
45 50
45 51
45 145
45 260
45 373
45 448
45 492
45 520
45 809
45 986
46 47
46 49
46 50
46 107
46 158
46 461
46 575
46 578
46 637
46 646
46 752
46 817
47 48
47 49
47 50
47 161
47 620
47 642
47 801
48 49
48 50
48 136
48 345
48 348
48 485
48 525
48 543
48 694
48 784
48 812
48 859
48 939
49 362
49 529
49 536
50 70
50 110
50 127
50 450
50 504
50 534
50 631
50 664
50 697
50 779
50 789
50 809
50 845
50 853
50 916
51 53
51 55
51 56
51 59
51 223
51 342
51 556
51 590
51 676
51 905
51 955
52 53
52 54
52 55
52 56
52 57
52 58
52 59
52 60
52 187
52 190
52 247
52 416
52 495
52 509
52 732
52 874
52 880
52 896
52 995
53 55
53 56
53 57
53 60
53 62
53 175
53 327
53 394
53 415
53 702
53 796
53 870
54 55
54 56
54 57
54 58
54 59
54 60
54 68
54 226
54 271
54 290
54 401
54 487
54 551
54 555
54 725
54 786
54 835
54 842
54 936
55 56
55 57
55 58
55 59
55 60
55 210
55 430
55 702
55 731
55 795
55 881
55 966
55 975
56 57
56 58
56 59
56 60
56 82
56 140
56 203
56 273
56 277
56 361
56 590
56 605
56 631
56 802
57 58
57 59
57 60
57 86
57 256
57 296
57 320
57 324
57 354
57 430
57 434
57 489
57 620
57 694
57 911
57 952
57 966
57 985
58 59
58 60
58 125
58 194
58 207
58 339
58 395
58 470
58 547
58 556
58 644
58 674
58 698
58 734
58 943
59 60
59 119
59 198
59 284
59 300
59 385
59 490
59 546
59 625
59 698
59 904
59 942
59 983
60 86
60 115
60 183
60 271
60 286
60 308
60 353
60 384
60 402
60 468
60 478
60 486
60 654
60 665
61 62
61 63
61 64
61 65
61 66
61 68
61 69
61 70
61 243
61 301
61 333
61 452
61 541
61 642
61 658
61 674
61 680
62 63
62 64
62 65
62 66
62 67
62 68
62 69
62 70
62 364
62 526
62 531
62 534
62 554
62 643
62 826
62 990
63 64
63 66
63 67
63 68
63 70
63 89
63 158
63 166
63 294
63 305
63 455
63 725
63 804
63 805
63 846
64 66
64 67
64 68
64 123
64 186
64 243
64 443
64 531
64 608
64 751
64 838
65 66
65 67
65 68
65 69
65 70
65 97
65 144
65 181
65 284
65 341
65 461
65 499
65 513
65 519
65 552
65 579
65 803
65 810
65 883
66 68
66 69
66 70
66 146
66 334
66 347
66 571
66 580
67 68
67 69
67 70
67 247
67 275
67 280
67 301
67 354
67 511
67 523
67 613
67 621
67 666
67 669
67 713
68 77
68 583
68 606
68 650
68 765
68 842
69 70
69 106
69 175
69 204
69 259
69 267
69 273
69 314
69 358
69 509
69 535
69 764
69 817
69 851
69 900
70 97
70 116
70 149
70 313
70 336
70 372
70 405
70 555
70 580
70 597
70 636
70 910
70 988
71 72
71 73
71 74
71 75
71 76
71 77
71 78
71 79
71 80
71 152
71 216
71 328
71 329
71 537
71 564
71 899
71 931
72 73
72 75
72 76
72 77
72 78
72 79
72 86
72 192
72 261
72 364
72 535
72 641
72 670
72 867
72 959
73 75
73 77
73 80
73 263
73 308
73 771
73 812
73 830
74 75
74 76
74 77
74 78
74 79
74 80
74 192
74 238
74 607
74 813
74 944
75 76
75 77
75 78
75 79
75 80
75 89
75 114
75 149
75 158
75 264
75 279
75 345
75 346
75 599
75 775
75 782
76 77
76 78
76 79
76 80
76 95
76 107
76 113
76 342
76 386
76 396
76 460
76 551
76 577
76 590
76 645
76 741
76 801
76 819
76 960
77 78
77 79
77 80
77 140
77 507
77 525
77 613
77 680
77 750
77 775
77 943
77 995
78 79
78 199
78 211
78 283
78 369
78 410
78 448
78 465
78 702
78 731
78 754
78 820
79 80
79 158
79 240
79 280
79 413
79 754
79 786
79 867
80 100
80 219
80 220
80 257
80 290
80 522
80 538
80 595
80 758
80 838
80 901
80 980
81 82
81 83
81 84
81 85
81 88
81 89
81 90
81 134
81 279
81 317
81 469
81 512
81 535
81 578
81 591
81 690
81 718
82 83
82 84
82 85
82 86
82 88
82 89
82 303
82 324
82 335
82 401
82 574
82 739
82 769
82 789
82 906
82 926
83 84
83 85
83 86
83 87
83 89
83 90
83 107
83 446
83 836
83 944
84 85
84 86
84 87
84 88
84 89
84 90
84 129
84 224
84 356
84 410
84 475
84 704
84 777
84 779
84 798
84 832
84 884
85 87
85 88
85 89
85 90
85 108
85 252
85 292
85 567
85 781
85 839
86 87
86 88
86 90
86 311
86 347
86 367
86 602
86 669
86 751
86 797
87 88
87 90
87 177
87 220
87 227
87 297
87 373
87 425
87 445
87 522
87 534
87 554
87 565
87 616
87 682
87 732
87 817
87 903
87 993
88 89
88 261
88 327
88 342
88 344
88 749
88 866
88 893
88 918
88 934
89 90
89 170
89 183
89 222
89 228
89 429
89 514
89 557
89 683
89 692
89 765
89 860
89 940
89 975
90 215
90 269
90 495
90 512
90 546
90 655
90 841
90 911
90 927
90 931
90 962
91 94
91 96
91 97
91 99
91 100
91 142
91 217
91 447
91 500
91 506
91 528
91 572
91 595
91 903
92 93
92 94
92 95
92 96
92 97
92 98
92 99
92 100
92 198
92 267
92 321
92 442
92 479
92 513
92 969
93 95
93 96
93 97
93 98
93 99
93 100
93 198
93 211
93 230
93 377
93 550
93 634
93 668
93 754
94 95
94 97
94 98
94 184
94 351
94 379
94 384
94 395
94 484
94 492
94 559
94 654
94 724
94 742
94 967
95 96
95 97
95 99
95 100
95 162
95 200
95 253
95 314
95 551
95 562
95 576
95 644
95 667
95 756
95 797
96 97
96 98
96 99
96 100
96 294
96 333
96 391
96 494
96 542
96 713
96 790
96 850
97 98
97 99
97 100
97 120
97 164
97 207
97 248
97 270
97 753
97 785
97 795
97 988
98 99
98 100
98 298
98 543
98 602
98 612
98 755
98 841
98 892
98 908
98 933
99 102
99 115
99 220
99 231
99 476
99 483
99 565
99 601
99 620
100 118
100 139
100 388
100 442
100 575
100 678
100 741
100 765
101 103
101 104
101 106
101 107
101 109
101 165
101 205
101 206
101 244
101 268
101 459
101 598
101 662
101 690
101 710
101 812
101 818
101 901
101 902
102 103
102 104
102 105
102 106
102 107
102 108
102 110
102 118
102 375
102 416
102 523
102 576
102 784
102 827
103 104
103 105
103 106
103 107
103 109
103 110
103 199
103 207
103 354
103 442
103 680
103 710
103 800
104 105
104 107
104 108
104 109
104 110
104 202
104 314
104 435
105 106
105 110
105 174
105 177
105 202
105 213
105 305
105 526
105 563
105 590
105 681
105 722
105 745
105 810
105 922
106 109
106 110
106 232
106 424
106 500
106 694
106 840
106 919
106 924
106 927
107 108
107 109
107 152
107 375
107 439
107 504
107 538
107 744
107 754
107 827
108 109
108 165
108 440
108 713
108 852
108 899
108 994
109 110
109 289
109 307
109 334
109 403
109 503
109 713
109 903
109 939
109 969
109 970
109 991
110 307
110 332
110 395
110 408
110 422
110 660
110 837
111 113
111 114
111 116
111 117
111 118
111 119
111 120
111 266
111 316
111 392
111 457
111 515
111 651
111 661
111 706
111 732
111 785
111 840
111 870
111 930
111 936
112 113
112 114
112 115
112 116
112 117
112 118
112 119
112 120
112 351
112 367
112 400
112 564
112 781
112 804
112 889
112 900
112 906
112 939
112 983
113 114
113 116
113 117
113 118
113 120
113 304
113 398
113 411
113 450
113 621
113 726
113 897
114 115
114 116
114 117
114 118
114 119
114 148
114 206
114 446
114 577
114 744
114 761
114 789
114 996
115 116
115 117
115 119
115 120
115 301
115 402
115 484
115 531
115 713
115 734
115 831
115 866
115 889
115 959
116 117
116 118
116 119
116 197
116 202
116 278
116 415
116 520
116 572
116 690
116 719
116 895
116 918
117 119
117 120
117 169
117 175
117 480
117 509
117 790
117 849
117 961
118 119
118 120
118 250
118 281
118 507
118 663
118 893
118 958
119 120
119 155
119 192
119 256
119 272
119 400
119 685
119 714
119 846
119 965
120 173
120 228
120 299
120 316
120 554
120 827
120 843
120 854
120 917
121 122
121 123
121 124
121 125
121 126
121 127
121 128
121 129
121 130
121 280
121 650
121 712
121 740
121 887
121 934
122 124
122 125
122 126
122 127
122 128
122 129
122 130
122 312
122 405
122 468
122 521
122 566
122 596
122 733
122 751
122 789
122 877
123 124
123 125
123 126
123 129
123 130
123 131
123 147
123 174
123 366
123 470
123 486
123 496
123 725
123 728
123 793
124 125
124 127
124 128
124 129
124 130
124 167
124 281
124 378
124 594
124 840
124 873
124 875
125 126
125 127
125 128
125 129
125 130
125 400
125 404
125 601
125 649
125 667
125 739
125 905
125 999
126 127
126 128
126 130
126 156
126 336
126 489
126 749
126 788
126 790
126 926
126 948
126 993
127 128
127 129
127 130
127 242
127 316
127 425
127 477
127 542
127 582
127 632
127 709
127 805
127 846
127 863
128 129
128 148
128 762
128 885
128 887
129 130
129 297
129 338
129 470
129 475
129 504
129 535
129 547
129 569
129 667
129 701
129 816
129 881
129 890
130 146
130 199
130 258
130 261
130 349
130 387
130 409
130 432
130 521
130 526
130 532
130 645
130 685
130 692
130 712
130 825
130 851
130 874
131 132
131 133
131 134
131 135
131 136
131 137
131 138
131 140
131 254
131 384
131 506
131 607
131 806
131 810
131 823
131 842
131 843
131 888
131 919
131 929
131 995
132 133
132 135
132 138
132 139
132 140
132 170
132 357
132 457
132 616
132 646
132 706
132 796
132 800
132 872
133 134
133 135
133 136
133 137
133 138
133 139
133 140
133 210
133 325
133 327
133 713
133 730
133 982
133 985
134 135
134 136
134 137
134 138
134 162
134 177
134 206
134 286
134 313
134 347
134 423
134 468
134 578
134 591
134 642
134 777
134 804
134 805
134 816
134 920
134 925
134 971
134 973
135 136
135 137
135 138
135 139
135 140
135 141
135 315
135 372
135 379
135 415
135 432
135 450
135 556
135 649
135 821
135 851
135 922
135 934
135 996
136 138
136 140
136 173
136 189
136 258
136 259
136 506
136 575
136 668
136 853
136 900
137 138
137 139
137 140
137 149
137 287
137 580
137 605
137 644
137 777
137 850
138 139
138 140
138 318
138 385
138 389
138 436
138 576
138 585
138 618
138 830
138 881
138 923
139 140
139 167
139 190
139 246
139 427
139 493
139 527
139 531
139 553
139 604
139 672
139 813
139 890
140 142
140 143
140 156
140 192
140 196
140 228
140 291
140 614
140 696
140 756
140 973
141 142
141 143
141 144
141 145
141 146
141 147
141 148
141 255
141 276
141 321
141 366
141 447
141 449
141 498
141 536
141 626
141 903
141 910
141 936
142 143
142 144
142 145
142 146
142 203
142 231
142 255
142 482
142 522
142 787
142 803
142 999
143 145
143 146
143 148
143 149
143 176
143 371
143 410
143 486
143 888
144 145
144 146
144 147
144 149
144 150
144 236
144 408
144 727
144 829
144 846
144 920
145 146
145 147
145 148
145 149
145 150
145 486
145 620
145 659
145 827
145 831
146 147
146 148
146 149
146 150
146 185
146 214
146 239
146 281
146 432
146 505
146 579
146 606
146 834
146 863
146 903
147 148
147 149
147 160
147 188
147 378
147 464
147 561
147 610
147 643
147 707
147 751
147 891
147 919
148 149
148 165
148 243
148 253
148 354
148 430
148 446
148 458
148 487
148 537
148 713
148 782
148 783
148 802
148 824
148 855
148 922
148 947
148 986
149 150
149 341
149 433
149 517
149 605
149 677
149 794
149 973
149 976
150 161
150 197
150 361
150 377
150 506
150 522
150 620
150 859
150 867
150 873
150 882
150 928
150 953
151 152
151 153
151 154
151 155
151 157
151 158
151 160
151 414
151 590
151 680
151 681
151 733
151 779
151 907
151 910
151 935
151 945
151 984
152 153
152 157
152 158
152 211
152 551
152 620
152 731
152 769
152 783
152 860
152 954
152 977
153 154
153 155
153 156
153 159
153 160
153 338
153 402
153 447
153 623
153 631
153 675
153 709
153 764
153 785
153 793
153 804
153 825
153 842
153 965
154 155
154 156
154 157
154 158
154 159
154 160
154 166
154 442
154 465
154 471
154 507
154 724
155 156
155 157
155 362
155 375
155 442
155 686
155 726
155 828
155 935
156 157
156 158
156 159
156 160
156 313
156 397
156 438
156 461
156 466
156 567
156 717
156 754
156 873
156 924
157 158
157 159
157 160
157 203
157 450
157 630
157 748
157 833
158 159
158 160
158 205
158 589
158 640
158 858
158 910
158 942
158 977
159 200
159 215
159 428
159 495
159 567
159 735
159 818
159 902
159 997
160 265
160 440
160 762
160 874
160 882
161 162
161 164
161 166
161 167
161 168
161 169
161 170
161 192
161 416
161 452
161 472
161 546
161 886
161 899
161 954
162 163
162 164
162 167
162 168
162 169
162 170
162 237
162 330
162 453
162 604
162 746
162 842
162 981
163 164
163 165
163 166
163 167
163 168
163 169
163 170
163 260
163 437
163 480
163 789
163 920
163 974
164 165
164 166
164 167
164 168
164 169
164 170
164 253
164 270
164 359
164 439
164 467
164 569
164 652
164 849
164 979
165 166
165 167
165 168
165 169
165 170
165 375
165 537
165 584
165 648
165 703
165 713
165 826
165 838
165 900
166 167
166 168
166 169
166 170
166 557
166 676
166 774
166 843
166 859
166 910
167 168
167 169
167 170
167 262
167 346
167 362
167 387
167 432
167 732
167 805
167 840
167 876
167 900
168 169
168 235
168 258
168 262
168 287
168 367
168 427
168 502
168 507
168 618
168 636
168 862
168 985
169 170
169 171
169 372
169 442
169 467
169 503
169 737
170 560
170 832
170 838
171 172
171 173
171 174
171 176
171 177
171 178
171 179
171 180
171 191
171 370
171 392
171 421
171 487
171 591
171 644
171 689
171 760
171 848
172 173
172 174
172 175
172 176
172 177
172 178
172 179
172 289
172 329
172 490
172 711
172 730
172 781
172 986
173 174
173 175
173 176
173 177
173 179
173 180
173 340
173 376
173 769
173 965
174 175
174 176
174 177
174 178
174 180
174 377
174 422
174 792
174 820
174 977
175 176
175 178
175 179
175 180
175 317
175 335
175 628
175 631
175 773
175 865
175 885
176 177
176 178
176 179
176 180
176 206
176 246
176 249
176 338
176 379
176 473
176 524
176 686
176 810
176 970
177 178
177 180
177 305
177 421
177 663
177 677
177 741
178 179
178 180
178 229
178 232
178 289
178 294
178 343
178 380
178 780
178 896
178 948
179 180
179 251
179 653
179 682
179 730
179 873
179 964
179 989
180 402
180 830
180 901
180 920
181 182
181 183
181 185
181 186
181 187
181 189
181 190
181 265
181 603
181 753
181 781
181 843
181 864
182 183
182 184
182 185
182 186
182 187
182 188
182 189
182 190
182 197
182 242
182 302
182 328
182 443
182 526
182 534
182 632
182 635
183 185
183 188
183 190
183 224
183 247
183 265
183 369
183 541
183 776
183 846
183 902
183 988
184 185
184 186
184 187
184 188
184 190
184 223
184 328
184 332
184 402
184 812
184 901
185 187
185 380
185 412
185 661
185 663
185 702
185 865
185 869
185 927
186 187
186 189
186 190
186 204
186 235
186 250
186 263
186 267
186 283
186 449
186 564
186 914
186 974
186 992
187 188
187 189
187 269
187 513
187 558
187 560
187 618
187 658
187 740
187 829
188 189
188 190
188 256
188 385
188 421
188 694
188 912
188 914
188 927
188 976
189 190
189 251
189 279
189 414
189 426
189 441
189 795
189 854
189 891
189 959
190 366
190 559
190 639
190 744
191 192
191 193
191 196
191 197
191 198
191 199
191 200
191 296
191 377
191 452
191 526
191 543
191 736
191 801
191 804
192 193
192 198
192 199
192 226
192 308
192 338
192 344
192 365
192 617
192 625
192 665
192 810
192 859
192 874
192 969
193 194
193 195
193 196
193 197
193 198
193 199
193 200
193 227
193 229
193 451
193 543
193 661
193 710
193 801
193 816
193 875
194 195
194 196
194 197
194 198
194 199
194 200
194 285
194 310
194 352
194 600
194 740
194 744
194 813
194 862
195 196
195 197
195 199
195 200
195 205
195 206
195 222
195 225
195 346
195 367
195 403
195 655
195 769
195 804
195 837
195 916
195 954
195 958
196 197
196 198
196 199
196 200
196 322
196 325
196 366
196 510
196 771
196 804
196 808
196 972
197 199
197 200
197 208
197 219
197 338
197 532
197 581
197 609
197 758
197 851
197 909
198 199
198 325
198 430
198 443
198 522
198 595
198 702
198 845
198 862
198 923
198 962
199 200
199 224
199 477
199 485
199 987
200 268
200 345
200 434
200 499
200 594
200 629
200 840
200 870
200 931
201 203
201 205
201 206
201 208
201 209
201 210
201 211
201 306
201 654
201 687
201 853
201 865
201 916
202 203
202 204
202 205
202 206
202 207
202 210
202 243
202 269
202 316
202 342
202 362
202 404
202 622
202 708
202 709
202 774
202 816
202 937
202 987
203 204
203 206
203 208
203 209
203 210
203 273
203 352
203 421
203 454
203 465
203 466
203 706
203 759
204 205
204 206
204 208
204 250
204 295
204 428
204 571
204 585
204 689
204 844
204 918
204 967
205 206
205 207
205 208
205 209
205 210
205 268
205 298
205 425
205 503
205 520
205 564
205 584
205 651
205 727
205 818
205 984
206 207
206 208
206 209
206 210
206 265
206 442
206 555
206 573
206 677
206 798
206 904
206 927
207 208
207 210
207 222
207 277
207 296
207 336
207 364
207 397
207 459
207 548
207 550
207 574
207 748
207 755
207 814
207 858
207 951
208 209
208 210
208 296
208 671
208 804
209 210
209 285
209 399
209 654
209 710
210 379
210 769
210 786
210 812
210 826
210 914
210 982
211 212
211 213
211 214
211 215
211 216
211 217
211 218
211 220
211 255
211 262
211 599
211 914
211 962
211 991
212 214
212 215
212 216
212 217
212 218
212 220
212 224
212 282
212 441
212 499
212 545
212 780
212 858
212 915
213 214
213 215
213 216
213 217
213 218
213 219
213 220
213 582
213 589
213 619
213 932
214 215
214 216
214 217
214 218
214 219
214 220
214 252
214 544
214 598
214 648
214 665
214 693
214 975
214 995
215 216
215 217
215 218
215 219
215 220
215 296
215 323
215 409
215 458
215 552
215 566
215 642
215 752
215 825
215 882
216 217
216 218
216 219
216 220
216 424
216 472
216 513
216 547
216 637
216 666
216 809
216 832
216 862
216 995
217 218
217 220
217 270
217 277
217 386
217 466
217 489
217 671
217 819
217 927
218 219
218 220
218 346
218 529
218 601
218 669
218 698
218 793
218 799
218 804
218 880
218 917
218 990
219 220
219 283
219 386
219 439
219 450
219 500
219 531
219 646
219 699
219 749
219 919
219 948
220 282
220 741
220 929
220 930
220 965
221 222
221 223
221 225
221 226
221 227
221 228
221 229
221 230
221 278
221 382
221 447
221 613
221 764
221 837
222 223
222 224
222 225
222 227
222 228
222 278
222 314
222 408
222 541
222 574
222 594
222 600
222 663
222 843
222 929
223 224
223 225
223 226
223 227
223 229
223 230
223 246
223 291
223 362
223 422
223 682
223 828
223 950
223 979
223 1000
224 225
224 226
224 227
224 228
224 229
224 230
224 392
224 417
224 466
224 558
224 568
224 931
224 983
225 227
225 228
225 229
225 230
225 440
225 630
225 694
225 708
225 736
225 993
226 227
226 228
226 229
226 230
226 377
226 609
226 614
226 638
226 703
226 775
226 865
226 899
227 228
227 229
227 230
227 355
227 719
227 725
227 749
228 229
228 344
228 381
228 434
228 619
228 914
229 230
229 245
229 391
229 488
229 680
229 868
229 892
229 907
230 264
230 416
230 456
230 568
230 651
230 741
230 820
230 969
231 232
231 233
231 234
231 235
231 236
231 238
231 240
231 305
231 357
231 414
231 697
231 703
231 720
231 724
231 767
231 860
231 906
232 233
232 234
232 235
232 236
232 237
232 238
232 240
232 543
232 581
232 660
232 778
232 891
232 929
232 969
233 234
233 235
233 236
233 237
233 238
233 239
233 289
233 417
233 455
233 527
233 972
233 978
234 235
234 236
234 238
234 239
234 240
234 249
234 403
234 466
234 527
234 565
234 698
234 759
234 792
234 863
234 894
234 911
235 236
235 237
235 238
235 239
235 240
235 385
235 527
235 575
235 614
235 772
235 796
235 840
236 237
236 238
236 239
236 240
236 265
236 342
236 440
236 508
236 597
236 697
236 985
237 238
237 239
237 240
237 244
237 245
237 384
237 389
237 399
237 426
237 512
237 605
237 625
237 699
237 728
237 794
237 824
237 942
237 957
238 240
238 242
238 262
238 288
238 293
238 352
238 706
238 735
238 759
238 792
238 825
238 936
238 975
239 240
239 306
239 418
239 470
239 478
239 569
239 578
239 784
239 858
240 307
240 451
240 461
240 524
240 814
240 874
240 904
240 928
240 950
241 242
241 243
241 244
241 245
241 246
241 248
241 249
241 250
241 303
241 363
241 404
241 411
241 412
241 500
241 601
241 699
241 772
241 938
241 946
242 244
242 245
242 246
242 247
242 248
242 249
242 250
242 491
242 518
242 626
242 823
242 943
243 244
243 245
243 246
243 247
243 248
243 249
243 250
243 325
243 394
243 510
243 786
244 245
244 246
244 247
244 248
244 249
244 250
244 386
244 527
244 553
244 560
244 596
244 638
244 861
245 246
245 247
245 249
245 256
245 371
245 378
245 595
245 679
245 712
245 741
246 247
246 248
246 249
246 250
246 263
246 266
246 339
246 507
246 550
246 648
246 742
246 838
246 879
246 971
247 248
247 249
247 418
247 470
247 531
247 536
247 675
247 829
248 249
248 250
248 402
248 562
248 577
249 277
249 282
249 294
249 453
249 585
249 671
249 677
249 853
249 862
249 922
249 931
249 975
250 363
250 501
250 581
250 929
250 945
251 253
251 254
251 255
251 256
251 257
251 258
251 259
251 260
251 547
251 825
251 988
252 253
252 254
252 255
252 257
252 258
252 259
252 260
252 437
252 481
252 539
252 662
252 762
252 825
252 921
252 987
253 254
253 255
253 256
253 258
253 259
253 260
253 285
253 642
253 727
253 782
253 792
253 813
254 255
254 257
254 258
254 260
254 277
254 353
254 486
254 545
254 564
254 834
254 839
255 256
255 257
255 258
255 259
255 260
255 443
255 489
255 490
255 512
255 632
255 744
255 970
256 257
256 259
256 260
256 340
256 464
256 472
256 483
256 703
256 762
257 258
257 259
257 260
257 363
257 464
257 507
257 832
257 910
257 971
257 987
258 260
258 262
258 371
258 509
258 545
258 665
258 788
258 826
258 869
258 920
258 948
259 260
259 338
259 391
259 531
259 756
259 807
259 862
259 888
260 263
260 396
260 402
260 421
260 509
260 537
260 819
260 835
260 958
260 975
261 263
261 264
261 265
261 267
261 268
261 269
261 270
261 276
261 287
261 371
261 372
261 829
261 866
262 264
262 265
262 268
262 269
262 270
262 284
262 441
262 552
262 569
262 605
262 706
262 726
262 771
262 878
263 264
263 265
263 267
263 268
263 269
263 270
263 763
263 791
263 906
263 940
263 982
263 983
264 265
264 266
264 267
264 268
264 269
264 270
264 466
264 619
264 687
264 688
264 751
264 788
264 801
264 945
265 267
265 268
265 269
265 270
265 289
265 480
265 525
265 529
265 605
265 638
265 644
265 777
265 823
265 917
265 943
265 980
266 267
266 268
266 269
266 270
266 434
266 437
266 455
266 457
266 566
266 593
266 649
266 926
267 268
267 269
267 270
267 375
267 508
267 513
267 562
267 729
267 802
267 829
267 939
268 269
268 270
268 516
268 613
268 644
268 769
268 896
268 952
268 993
269 270
269 276
269 292
269 321
269 367
269 371
269 412
269 545
269 783
269 916
270 297
270 361
270 481
270 502
270 509
270 637
270 756
270 894
270 939
270 1000
271 272
271 273
271 274
271 275
271 276
271 277
271 278
271 279
271 280
271 387
271 490
271 571
271 676
271 714
271 726
271 855
271 936
271 958
272 274
272 275
272 276
272 277
272 278
272 279
272 365
272 495
272 500
272 785
272 912
273 274
273 275
273 276
273 277
273 278
273 280
273 393
273 395
273 462
273 468
273 499
273 518
273 543
273 586
273 623
273 643
273 723
273 736
273 859
273 952
273 956
274 275
274 276
274 277
274 278
274 280
274 295
274 320
274 594
275 276
275 277
275 278
275 279
275 280
275 339
275 351
275 464
275 616
275 646
276 277
276 278
276 279
276 432
276 526
276 532
276 563
276 614
276 741
276 781
276 819
276 834
276 886
276 946
276 970
277 278
277 279
277 336
277 447
277 458
277 496
277 666
277 677
277 693
277 929
277 965
278 280
278 313
278 337
278 345
278 548
278 605
278 620
278 634
279 280
279 362
279 614
279 676
279 805
280 293
280 356
280 570
280 581
280 671
280 888
281 282
281 284
281 285
281 286
281 287
281 289
281 290
281 397
281 424
281 574
281 677
281 823
281 870
281 929
282 285
282 287
282 288
282 289
282 366
282 423
282 492
282 556
282 579
282 728
282 733
282 770
282 930
282 974
283 284
283 285
283 287
283 288
283 289
283 290
283 324
283 523
283 578
283 746
283 835
284 286
284 287
284 288
284 289
284 290
284 358
284 401
284 452
284 456
284 513
285 286
285 288
285 289
285 290
285 369
285 465
285 537
285 540
285 564
285 566
285 711
285 718
285 730
286 287
286 290
286 315
286 394
286 451
286 561
286 601
286 753
286 857
287 288
287 289
287 290
287 504
287 610
287 727
287 866
287 966
287 970
288 290
288 319
288 335
288 525
288 670
288 796
288 821
288 860
289 290
289 305
289 433
289 537
289 549
289 573
289 689
289 747
289 843
289 850
289 856
289 862
289 873
289 877
289 940
290 391
290 539
290 717
290 836
291 292
291 294
291 295
291 296
291 297
291 299
291 300
291 370
291 715
291 741
291 748
291 855
291 911
291 913
292 293
292 294
292 297
292 299
292 300
292 497
292 777
292 806
292 827
292 908
292 990
293 294
293 295
293 296
293 297
293 298
293 300
293 302
293 426
293 467
293 641
293 854
293 863
293 902
293 959
294 295
294 298
294 299
294 300
294 301
294 352
294 483
294 550
294 639
294 721
294 726
294 800
295 296
295 297
295 298
295 299
295 300
295 445
295 482
295 512
295 607
295 693
295 700
295 848
295 886
295 896
295 953
296 297
296 298
296 300
296 758
296 798
296 871
296 961
297 298
297 299
297 300
297 467
297 728
297 730
297 754
297 849
297 910
297 986
298 299
298 357
298 397
299 300
299 303
299 349
299 702
299 743
300 303
300 390
300 457
300 694
300 697
300 702
300 812
301 302
301 303
301 305
301 306
301 307
301 308
301 309
301 310
301 418
301 682
301 692
301 785
301 818
302 303
302 304
302 305
302 306
302 308
302 309
302 310
302 324
302 419
302 433
302 473
302 481
302 544
302 597
302 857
303 305
303 307
303 308
303 310
303 359
303 388
303 421
303 503
303 677
303 947
304 305
304 306
304 307
304 310
304 354
304 382
304 386
304 579
304 815
304 840
304 976
305 307
305 308
305 309
305 310
305 336
305 749
305 774
305 803
305 854
305 863
306 307
306 308
306 309
306 310
306 404
306 434
306 616
306 623
306 694
306 863
306 928
306 967
307 310
307 453
307 542
307 711
307 747
307 814
307 829
307 847
307 935
308 309
308 310
308 465
308 534
308 604
308 681
308 807
308 840
308 852
308 866
308 922
309 310
309 386
309 403
309 488
309 583
309 890
309 940
309 964
309 965
309 966
310 372
310 410
310 444
310 489
310 563
310 632
310 676
310 710
310 818
310 845
310 995
311 312
311 313
311 315
311 316
311 317
311 318
311 319
311 320
311 418
311 457
311 507
311 744
311 799
312 313
312 314
312 315
312 317
312 318
312 319
312 320
312 439
312 463
312 675
312 712
312 726
312 755
312 818
312 861
312 905
313 314
313 315
313 316
313 317
313 318
313 319
313 320
313 401
313 413
313 564
313 592
313 715
313 830
313 922
313 949
313 984
314 316
314 318
314 319
314 349
314 354
314 553
314 612
314 627
314 822
314 845
314 915
314 997
315 316
315 317
315 318
315 319
315 320
315 374
315 553
315 781
315 984
316 317
316 318
316 319
316 320
316 434
316 439
316 597
316 610
316 623
316 713
316 783
316 907
316 971
316 985
317 319
317 398
317 417
317 418
317 463
317 482
317 530
317 621
317 622
317 815
317 845
318 319
318 320
318 388
318 472
318 622
318 703
318 766
318 885
318 951
319 531
319 702
319 752
319 853
319 936
319 963
320 324
320 371
320 644
320 823
320 942
321 322
321 323
321 324
321 326
321 327
321 328
321 329
321 330
321 438
321 633
321 730
321 848
321 920
322 324
322 325
322 326
322 327
322 328
322 330
322 658
322 957
323 324
323 325
323 326
323 327
323 328
323 329
323 353
323 411
323 457
323 543
323 597
323 694
323 969
324 325
324 326
324 327
324 328
324 329
324 330
324 356
324 399
324 404
324 504
324 531
324 579
324 708
324 713
324 811
324 831
324 856
324 946
325 326
325 327
325 328
325 329
325 330
325 378
325 411
325 484
325 633
325 751
325 863
326 327
326 328
326 329
326 331
326 406
326 821
326 930
326 953
327 328
327 440
327 454
327 533
327 617
327 989
328 329
328 330
328 332
328 376
328 386
328 763
328 928
329 330
329 355
329 518
329 590
329 606
329 653
329 859
329 913
329 943
330 453
330 679
330 706
330 930
330 998
331 332
331 333
331 334
331 335
331 336
331 337
331 338
331 339
331 340
331 432
331 506
331 514
331 563
331 782
331 819
331 840
331 900
331 924
332 334
332 335
332 336
332 337
332 338
332 339
332 340
332 517
332 651
332 728
332 863
333 334
333 335
333 336
333 337
333 338
333 339
333 376
333 510
333 529
333 540
333 618
333 960
333 979
333 983
333 993
334 335
334 336
334 337
334 338
334 339
334 340
334 343
334 403
334 496
334 509
334 543
334 782
334 992
335 336
335 337
335 338
335 339
335 397
335 422
335 431
335 551
335 669
335 679
335 938
335 987
336 337
336 339
336 340
336 685
336 767
336 775
336 863
337 338
337 339
337 340
337 364
337 513
337 583
337 635
337 707
337 746
337 976
338 339
338 340
338 737
338 802
339 340
339 515
339 608
339 702
339 709
339 841
339 982
340 433
340 435
340 455
340 515
340 535
340 541
340 871
340 990
341 342
341 343
341 344
341 345
341 347
341 348
341 349
341 350
341 888
342 343
342 344
342 346
342 347
342 348
342 350
342 523
342 578
342 629
342 799
342 843
342 919
342 967
342 996
342 997
343 344
343 345
343 346
343 392
343 527
343 595
343 634
343 728
343 773
343 870
343 996
344 345
344 346
344 347
344 349
344 350
344 411
344 477
344 516
344 609
344 668
344 680
344 778
344 838
345 346
345 347
345 348
345 349
345 350
345 393
345 549
345 873
346 347
346 350
346 370
346 371
346 445
346 509
346 551
346 788
346 928
347 350
347 480
347 512
347 717
347 742
347 809
348 349
348 350
348 354
348 402
348 457
348 668
348 699
349 350
349 373
349 405
349 522
349 546
349 575
349 576
350 357
350 454
350 470
350 666
350 850
350 880
351 352
351 353
351 354
351 355
351 357
351 358
351 360
351 465
351 584
351 717
351 952
351 988
352 353
352 354
352 355
352 356
352 357
352 358
352 359
352 360
352 397
352 875
352 877
352 968
353 354
353 355
353 358
353 359
353 360
353 373
353 492
353 543
353 573
353 611
353 667
353 709
353 799
353 837
353 877
354 355
354 356
354 357
354 358
354 360
354 438
354 448
354 626
354 758
354 885
355 357
355 358
355 359
355 360
355 437
355 653
355 657
355 661
355 690
355 697
355 846
355 911
356 357
356 358
356 359
356 360
356 406
356 474
356 542
356 617
356 830
356 870
356 905
357 359
357 360
357 465
357 483
357 516
357 543
357 770
357 787
357 871
358 359
358 360
358 391
358 415
358 518
358 653
358 736
358 739
358 779
358 971
358 999
359 360
359 453
359 635
359 739
359 829
359 897
360 365
360 395
360 521
360 756
361 363
361 366
361 367
361 368
361 369
361 370
361 409
361 463
361 572
361 634
361 644
361 709
361 728
361 763
361 802
361 804
361 920
362 363
362 364
362 365
362 368
362 370
362 371
362 468
362 470
362 643
362 795
362 883
363 364
363 366
363 367
363 368
363 369
363 370
363 463
363 657
363 673
363 742
363 821
363 825
363 941
364 365
364 366
364 367
364 368
364 370
364 450
364 555
364 582
364 633
364 650
364 654
364 672
364 699
364 739
364 765
364 808
364 988
365 366
365 367
365 368
365 370
365 413
365 641
365 647
365 667
365 852
366 369
366 370
366 383
366 386
366 500
366 573
366 612
366 638
366 662
366 844
366 938
366 945
366 963
366 992
367 368
367 369
367 370
367 405
367 451
367 555
367 692
367 770
368 369
368 370
368 528
368 633
368 703
368 809
368 834
368 997
369 488
369 555
369 606
369 607
369 709
369 727
369 892
369 947
369 978
369 997
370 377
370 394
370 555
370 733
370 815
371 373
371 374
371 376
371 377
371 378
371 379
371 380
371 826
372 373
372 375
372 377
372 378
372 380
372 501
372 695
372 768
372 801
372 962
372 978
373 375
373 377
373 378
373 379
373 380
373 477
373 618
373 748
373 778
373 881
373 970
374 375
374 376
374 377
374 378
374 379
374 380
374 393
374 596
374 608
374 613
374 678
374 710
374 896
374 897
375 376
375 378
375 379
375 486
375 542
375 686
375 705
375 710
375 907
375 927
375 935
375 945
375 961
376 377
376 378
376 379
376 380
376 413
376 454
376 617
376 680
376 709
376 731
376 747
376 756
376 765
376 830
376 909
377 378
377 379
377 652
377 682
377 840
377 846
377 847
377 864
377 892
377 941
378 379
378 380
378 687
378 875
379 380
379 524
379 583
379 627
379 822
379 868
379 911
380 404
380 530
380 599
380 632
380 673
380 858
380 908
381 382
381 383
381 384
381 386
381 388
381 389
381 390
381 871
381 910
382 383
382 384
382 385
382 386
382 387
382 388
382 389
382 390
382 463
382 469
382 515
382 517
382 634
382 707
382 728
382 794
382 795
382 868
383 384
383 385
383 386
383 387
383 388
383 389
383 390
383 656
383 855
384 385
384 386
384 390
384 443
384 872
384 888
384 938
385 386
385 387
385 388
385 390
385 567
385 651
385 734
385 743
385 776
385 933
386 387
386 388
386 389
386 390
386 415
386 418
386 433
386 440
386 478
386 518
386 535
386 565
386 613
386 664
386 878
387 388
387 390
387 427
387 492
387 542
387 804
387 826
388 389
388 390
388 525
388 575
388 666
389 390
389 544
389 593
389 696
390 444
390 523
390 584
390 676
390 678
390 740
390 768
390 886
390 923
390 928
390 932
391 392
391 393
391 394
391 395
391 396
391 397
391 398
391 399
391 400
391 453
391 464
391 574
391 590
391 614
391 658
391 690
391 847
391 875
392 393
392 395
392 396
392 398
392 399
392 400
392 421
392 693
392 819
392 904
392 956
392 998
393 394
393 395
393 396
393 397
393 398
393 399
393 400
393 410
393 663
393 667
393 699
393 720
393 912
393 949
394 395
394 397
394 398
394 400
394 458
394 577
394 642
394 643
394 736
395 396
395 397
395 398
395 399
395 400
395 549
395 577
395 776
395 930
395 941
396 398
396 400
396 447
396 523
396 802
396 928
396 983
397 398
397 399
397 528
397 682
397 683
397 719
397 834
398 399
398 400
398 691
398 722
398 725
398 736
398 819
398 924
399 400
399 484
399 556
399 563
399 613
399 636
399 642
399 727
399 732
399 769
399 874
400 415
400 422
400 428
400 632
400 745
400 781
400 903
400 917
401 402
401 403
401 404
401 405
401 407
401 408
401 410
401 413
401 625
401 667
401 674
401 903
401 931
402 403
402 404
402 405
402 406
402 407
402 409
402 410
402 419
402 440
402 515
402 545
402 546
402 612
402 637
402 731
402 775
402 782
402 858
403 404
403 405
403 406
403 407
403 408
403 410
403 526
403 581
403 707
403 949
404 405
404 406
404 408
404 409
404 485
404 516
404 543
404 560
404 821
404 876
405 406
405 407
405 409
405 410
405 414
405 514
405 749
406 407
406 409
406 702
407 408
407 409
407 410
407 491
407 574
407 806
407 869
407 972
408 409
408 410
408 437
408 696
408 714
408 871
408 897
409 410
409 603
409 661
409 674
409 783
409 798
410 437
410 497
410 667
410 719
410 876
410 909
410 910
410 993
411 412
411 413
411 414
411 415
411 416
411 418
411 419
411 809
412 414
412 415
412 416
412 417
412 419
412 420
412 726
412 774
412 962
412 979
413 414
413 415
413 416
413 417
413 418
413 419
413 420
413 429
413 543
413 599
413 750
413 795
413 870
413 939
413 955
414 415
414 416
414 417
414 418
414 419
414 420
414 681
414 834
414 876
415 416
415 417
415 418
415 420
415 428
415 437
415 803
415 845
415 867
416 417
416 418
416 419
416 482
416 491
416 533
416 543
416 644
416 683
416 724
416 799
416 819
416 826
416 880
416 967
417 418
417 420
417 447
417 758
417 797
417 824
417 999
418 419
418 420
418 498
418 690
418 761
418 775
418 782
419 420
419 477
419 587
419 760
419 865
419 879
419 910
419 913
420 433
420 533
420 582
420 627
420 669
420 722
420 748
420 805
421 423
421 425
421 426
421 428
421 430
421 487
421 702
421 729
421 776
421 840
422 423
422 425
422 426
422 427
422 428
422 430
422 524
422 547
422 737
422 982
423 424
423 425
423 426
423 427
423 428
423 430
423 524
423 748
423 752
423 877
423 912
423 952
424 425
424 426
424 427
424 428
424 429
424 466
424 518
424 576
424 707
424 793
424 994
425 426
425 428
425 517
425 680
425 845
426 427
426 428
426 429
426 430
426 434
426 524
426 583
426 739
426 863
426 892
427 428
427 429
427 548
427 550
427 551
428 429
428 430
428 678
428 827
428 872
428 889
428 953
428 972
428 993
429 430
429 589
429 595
429 625
429 639
429 730
429 930
430 512
430 675
430 858
430 958
430 972
431 432
431 433
431 436
431 437
431 439
431 440
431 888
431 953
432 433
432 434
432 435
432 436
432 438
432 439
432 440
432 652
432 665
433 434
433 435
433 436
433 437
433 438
433 439
433 440
433 460
433 713
433 814
433 858
433 911
433 974
434 435
434 436
434 437
434 438
434 439
434 720
434 939
435 437
435 438
435 440
435 675
435 702
435 752
435 786
435 818
435 914
435 942
436 437
436 438
436 439
436 440
436 496
436 745
436 903
436 916
436 933
437 438
437 504
437 530
437 532
437 606
437 622
437 718
437 855
437 954
437 983
438 440
438 463
438 552
438 563
438 661
438 689
439 440
439 444
439 642
439 769
439 780
439 895
439 943
440 450
440 466
440 535
440 713
440 935
440 997
441 442
441 443
441 444
441 446
441 447
441 448
441 449
441 450
441 474
441 563
441 577
441 721
441 754
441 808
441 952
441 973
442 443
442 444
442 445
442 446
442 447
442 448
442 449
442 450
442 525
442 573
442 627
442 884
442 896
442 930
443 444
443 446
443 447
443 449
443 450
443 550
443 648
443 805
443 866
443 879
443 922
443 949
444 445
444 446
444 447
444 449
444 450
444 506
444 605
444 815
444 839
444 854
444 870
444 897
445 446
445 447
445 448
445 449
445 450
445 600
445 816
445 893
445 937
445 961
445 998
446 448
446 449
446 450
446 856
446 995
447 448
447 449
447 450
447 767
447 949
448 449
448 450
448 643
448 658
448 757
448 883
449 503
449 909
449 995
450 477
450 492
450 576
450 838
450 950
451 452
451 453
451 454
451 455
451 456
451 458
451 459
451 460
451 658
451 722
451 749
451 770
451 871
451 923
452 453
452 454
452 455
452 457
452 458
452 460
452 557
452 596
453 455
453 456
453 457
453 458
453 459
453 460
453 582
453 610
453 633
453 733
453 763
453 840
454 455
454 456
454 458
454 460
454 538
454 542
454 795
454 807
454 823
454 839
454 880
454 935
454 965
454 983
455 456
455 457
455 458
455 460
455 757
455 991
456 459
456 460
456 531
456 539
456 767
456 873
457 458
457 459
457 460
457 522
457 569
457 647
457 669
457 707
457 898
458 459
458 585
458 738
458 811
458 935
458 971
458 972
459 460
459 487
459 570
459 642
459 717
459 918
460 532
460 573
460 973
460 981
461 462
461 463
461 464
461 465
461 466
461 467
461 468
461 470
461 524
461 791
461 834
461 849
462 463
462 465
462 466
462 468
462 469
462 470
462 522
462 575
462 576
462 758
462 818
462 899
463 464
463 465
463 466
463 467
463 468
463 469
463 471
463 661
463 680
463 686
463 771
463 871
464 465
464 466
464 468
464 469
464 470
464 560
464 673
464 832
465 466
465 467
465 468
465 469
465 571
465 595
465 747
465 791
465 802
465 987
466 467
466 468
466 469
466 470
466 564
466 581
466 685
466 710
466 956
467 468
467 469
467 470
467 490
467 511
467 609
467 691
467 800
467 871
467 963
468 469
468 470
468 514
468 557
468 652
468 656
468 717
468 750
468 846
468 955
469 470
469 703
469 823
469 897
470 591
470 598
470 631
470 652
470 653
470 709
470 747
471 472
471 473
471 474
471 475
471 476
471 477
471 478
471 479
471 480
471 574
471 610
471 869
472 473
472 474
472 475
472 476
472 477
472 480
472 669
473 475
473 476
473 477
473 478
473 479
473 480
473 535
473 537
473 561
473 683
473 693
473 738
474 475
474 476
474 480
474 496
474 511
474 767
474 970
474 973
475 476
475 477
475 478
475 479
475 480
475 670
475 770
475 776
475 825
475 833
476 477
476 478
476 479
476 480
476 492
476 522
477 478
477 479
477 480
477 626
477 647
477 653
477 945
478 479
478 480
478 846
478 959
478 963
479 480
479 493
479 506
479 543
479 635
479 729
479 771
479 847
480 563
480 672
480 884
481 482
481 483
481 484
481 485
481 486
481 487
481 488
481 489
481 490
481 561
481 616
481 640
481 674
481 691
481 740
481 770
482 483
482 484
482 485
482 486
482 487
482 488
482 489
482 490
482 589
482 622
482 679
482 780
482 824
482 833
483 484
483 485
483 486
483 488
483 496
483 554
483 634
483 667
483 786
483 830
483 841
483 900
483 904
483 975
484 485
484 486
484 487
484 488
484 489
484 490
484 494
484 507
484 685
484 771
484 775
485 486
485 489
485 490
485 500
485 524
485 640
485 665
485 867
485 962
486 487
486 488
486 489
486 562
486 599
486 639
486 772
487 488
487 489
487 490
487 651
487 825
487 905
487 914
488 489
488 490
488 535
488 706
488 744
489 490
489 705
489 835
489 863
489 923
489 933
489 938
490 569
490 750
490 802
490 883
490 884
491 492
491 493
491 495
491 496
491 497
491 498
491 499
491 500
491 594
491 714
492 494
492 497
492 498
492 499
492 500
492 616
492 642
493 495
493 496
493 500
493 654
493 796
493 925
493 931
493 936
494 495
494 496
494 497
494 498
494 594
494 636
494 648
494 683
494 714
494 740
494 847
494 998
495 496
495 497
495 498
495 499
495 591
495 657
495 663
495 818
495 888
495 938
496 498
496 499
496 500
496 697
496 719
496 726
496 728
496 781
496 936
496 980
497 498
497 499
497 509
497 520
497 582
497 642
497 805
497 888
497 908
497 967
497 995
498 500
498 631
498 666
498 793
498 969
499 500
499 506
499 525
499 550
499 595
499 649
499 665
499 783
499 819
499 915
499 942
499 993
500 501
500 825
500 836
500 894
500 972
500 987
501 502
501 505
501 507
501 508
501 509
501 510
501 638
501 753
501 804
502 503
502 504
502 505
502 506
502 507
502 508
502 509
502 510
502 580
502 668
502 705
503 504
503 505
503 507
503 508
503 509
503 510
503 607
503 786
503 963
504 505
504 507
504 509
504 510
504 554
504 597
504 745
504 781
504 834
504 987
505 506
505 507
505 508
505 509
505 510
505 654
505 655
505 695
505 738
505 827
505 973
506 507
506 508
506 510
506 563
506 565
506 913
507 509
507 600
507 603
507 884
507 892
507 922
507 939
508 510
508 543
508 604
509 510
509 602
509 701
509 724
509 832
509 856
510 628
510 657
510 723
510 742
511 512
511 513
511 514
511 515
511 516
511 517
511 518
511 519
511 655
511 817
511 846
512 513
512 514
512 515
512 516
512 517
512 519
512 642
512 754
512 773
513 514
513 515
513 516
513 517
513 518
513 519
513 973
513 983
514 515
514 516
514 518
514 519
514 520
514 547
514 685
515 517
515 518
515 519
515 556
515 616
515 676
515 749
515 775
515 789
515 876
515 947
515 984
516 517
516 518
516 520
516 689
516 719
516 774
516 783
517 518
517 519
517 605
517 695
517 697
517 732
517 733
517 822
518 519
518 520
518 580
518 659
519 520
519 631
519 734
519 797
519 802
520 522
520 586
520 860
520 928
520 975
521 522
521 523
521 524
521 525
521 526
521 607
521 809
521 952
521 984
522 523
522 524
522 525
522 526
522 528
522 529
522 747
522 764
522 962
523 524
523 525
523 526
523 527
523 528
523 529
523 530
523 538
523 548
523 558
523 605
523 719
523 801
523 987
524 525
524 527
524 528
524 615
524 635
524 944
525 526
525 527
525 528
525 530
525 536
525 572
525 774
525 938
526 528
526 529
526 628
526 757
526 766
526 834
526 918
527 528
527 530
527 842
527 908
528 530
528 679
528 680
528 731
529 530
529 602
529 756
529 801
529 859
529 864
529 943
529 955
530 645
530 660
530 666
530 672
530 846
530 868
531 534
531 535
531 536
531 537
531 540
531 888
532 534
532 535
532 537
532 538
532 539
532 540
532 797
532 829
533 534
533 536
533 538
533 539
533 542
533 657
533 766
533 884
533 953
533 954
534 537
534 539
534 540
534 544
534 632
534 689
534 703
534 778
534 785
534 886
534 906
534 918
534 988
534 998
535 536
535 537
535 538
535 539
535 540
535 650
535 669
535 686
535 854
536 537
536 538
536 540
536 587
536 620
536 625
536 706
536 781
536 850
536 866
536 875
536 993
537 538
537 573
537 630
537 808
537 822
537 829
537 998
538 539
538 540
538 667
538 692
538 782
538 871
538 874
538 890
539 540
539 590
539 613
539 639
539 702
539 909
540 553
540 629
540 654
540 682
540 749
540 811
540 818
540 917
540 964
541 542
541 544
541 546
541 547
541 548
541 549
541 550
541 808
541 977
541 979
541 997
542 543
542 544
542 545
542 546
542 547
542 548
542 550
542 591
542 592
542 868
543 544
543 545
543 546
543 547
543 548
543 549
543 550
543 834
543 907
544 545
544 546
544 547
544 548
544 549
544 550
544 569
544 636
544 887
544 976
545 546
545 547
545 549
545 550
545 726
545 731
545 915
545 1000
546 547
546 548
546 549
546 550
546 616
546 632
546 870
547 548
547 549
547 550
547 674
547 681
547 794
547 808
547 981
547 982
548 550
548 635
548 683
548 694
548 719
548 853
548 884
548 973
549 550
549 635
549 779
549 786
549 809
550 633
550 664
551 552
551 553
551 555
551 556
551 558
551 560
551 588
551 638
551 672
551 801
551 879
551 915
551 934
552 553
552 555
552 556
552 559
552 560
552 599
552 606
552 658
552 671
552 743
552 859
553 554
553 555
553 556
553 557
553 582
553 757
553 759
554 555
554 556
554 557
554 558
554 559
554 588
554 729
554 751
555 556
555 558
555 559
555 560
555 648
555 777
555 831
555 856
555 879
555 885
555 915
556 557
556 558
556 559
556 560
556 607
556 679
556 695
556 699
556 732
556 789
556 822
557 559
557 560
557 653
557 820
557 867
558 559
558 560
558 573
558 687
558 723
558 738
558 769
558 783
558 996
559 560
559 608
559 619
559 642
559 801
559 872
559 917
559 938
559 950
560 599
560 680
560 706
560 744
560 754
560 758
560 836
560 949
561 562
561 563
561 564
561 565
561 566
561 567
561 568
561 570
561 581
561 814
562 563
562 564
562 565
562 566
562 567
562 569
562 570
562 769
562 816
562 834
562 969
562 985
563 565
563 566
563 567
563 568
563 659
563 676
563 725
563 895
564 565
564 566
564 567
564 569
564 570
564 649
564 677
564 711
564 720
564 849
564 964
565 566
565 567
565 568
565 569
565 570
565 608
565 672
565 730
565 834
565 979
565 988
566 567
566 568
566 569
566 570
566 599
566 620
566 676
566 760
566 768
566 869
566 985
566 997
567 568
567 569
567 647
567 710
567 972
568 570
568 913
569 570
569 661
569 677
569 770
569 845
570 811
571 572
571 573
571 574
571 575
571 576
571 577
571 579
571 580
571 659
571 902
571 969
572 573
572 574
572 575
572 576
572 577
572 579
572 580
572 629
572 732
572 787
572 976
573 575
573 576
573 577
573 578
573 579
573 580
573 731
573 740
574 575
574 576
574 577
574 578
574 579
574 580
574 670
574 761
574 909
574 940
575 576
575 577
575 578
575 579
575 580
575 607
575 796
575 819
575 859
575 897
575 958
576 577
576 578
576 579
576 580
576 619
576 784
576 791
576 959
576 990
577 578
577 579
577 580
577 603
577 744
577 779
577 791
577 831
577 911
577 943
578 580
578 593
578 621
578 790
578 938
579 580
579 697
579 922
580 625
580 804
580 859
580 995
581 582
581 583
581 584
581 585
581 586
581 587
581 589
581 590
581 664
581 735
581 821
582 583
582 584
582 585
582 586
582 587
582 588
582 589
582 590
582 600
582 668
582 743
583 584
583 587
583 588
583 590
583 689
583 752
583 871
583 899
583 931
584 585
584 586
584 587
584 588
584 589
584 590
584 608
584 670
584 953
584 993
585 587
585 588
585 589
585 590
585 637
585 638
585 730
585 740
585 828
585 965
586 587
586 588
586 589
586 590
586 651
586 786
586 812
586 963
586 985
587 588
587 589
587 590
587 650
587 842
587 881
588 590
588 614
588 641
588 836
588 852
588 940
589 590
589 633
589 661
589 731
589 849
589 867
589 872
590 639
590 695
590 728
590 761
590 839
590 871
590 876
590 954
591 592
591 593
591 594
591 595
591 596
591 597
591 598
591 599
591 607
591 659
591 738
591 851
592 595
592 596
592 597
592 599
592 600
592 714
592 753
592 824
592 913
592 943
592 949
592 967
592 972
592 982
593 595
593 596
593 597
593 598
593 599
593 644
593 671
593 673
593 736
593 908
594 595
594 596
594 597
594 598
594 599
594 600
594 750
594 812
594 814
594 984
594 989
595 597
595 598
595 599
595 618
595 683
595 849
595 890
596 597
596 598
596 599
596 600
596 862
596 885
596 957
597 598
597 599
597 600
597 607
597 739
597 847
597 935
597 947
598 599
598 774
598 896
599 644
599 676
599 694
599 836
599 878
599 947
599 981
600 666
600 949
600 993
600 1000
601 603
601 604
601 605
601 606
601 607
601 608
601 609
601 610
601 823
601 957
602 603
602 607
602 609
602 610
602 624
602 641
602 642
602 704
602 912
603 604
603 605
603 606
603 607
603 608
603 609
603 610
603 772
603 779
603 924
604 605
604 608
604 609
604 610
604 626
604 707
604 887
604 892
604 917
604 1000
605 608
605 609
605 610
605 740
605 898
606 607
606 608
606 610
606 715
606 802
607 608
607 609
607 610
607 632
607 639
607 647
607 716
607 843
607 964
608 609
608 610
608 612
608 667
608 741
608 749
608 771
608 888
608 948
608 974
609 622
609 784
609 919
609 997
610 660
610 747
610 870
611 612
611 613
611 614
611 615
611 617
611 618
611 619
611 620
611 934
611 949
612 613
612 614
612 615
612 616
612 617
612 618
612 888
612 988
613 614
613 616
613 617
613 618
613 619
613 620
613 625
613 759
613 842
613 860
613 884
613 893
613 912
614 617
614 619
614 620
614 621
614 668
614 936
614 950
615 617
615 618
615 619
615 620
615 847
615 878
615 890
616 617
616 618
616 619
616 620
617 618
617 619
617 620
617 650
617 823
617 896
618 619
618 620
618 765
618 777
618 779
618 785
618 812
618 974
619 620
620 751
620 771
620 828
620 887
620 889
621 622
621 623
621 624
621 626
621 628
621 629
621 630
621 685
621 731
621 764
621 767
621 922
622 623
622 624
622 625
622 626
622 627
622 628
622 629
622 630
622 691
623 624
623 625
623 626
623 627
623 628
623 629
623 630
623 680
623 751
624 625
624 626
624 627
624 629
624 630
624 683
624 741
624 850
624 885
624 945
624 990
625 626
625 627
625 628
625 629
625 630
625 738
625 818
625 837
625 853
625 954
626 627
626 628
626 629
626 630
626 895
626 989
627 629
627 691
627 795
627 949
628 651
628 776
628 810
628 893
628 972
629 630
629 774
629 780
629 824
630 830
630 831
630 981
631 632
631 633
631 634
631 635
631 636
631 638
631 639
631 640
631 795
631 842
631 886
631 934
632 633
632 634
632 635
632 636
632 637
632 639
632 640
632 746
632 801
632 813
632 857
633 634
633 635
633 636
633 637
633 639
633 640
633 746
633 808
633 899
633 915
633 995
634 637
634 638
634 639
634 640
634 704
634 765
634 812
634 885
634 979
635 636
635 637
635 638
635 639
635 640
635 852
635 931
636 637
636 638
636 639
636 640
636 667
637 638
637 639
637 640
637 777
637 938
638 639
638 673
638 676
638 693
638 807
638 861
639 640
639 660
639 678
639 765
639 850
639 927
640 798
640 835
641 642
641 643
641 645
641 646
641 647
641 648
641 649
641 732
641 852
641 938
641 939
642 643
642 644
642 645
642 646
642 647
642 649
642 650
642 847
642 871
642 940
642 945
643 644
643 645
643 646
643 647
643 648
643 649
643 650
643 672
643 681
643 709
643 802
643 914
644 646
644 648
644 649
644 653
644 871
644 922
645 647
645 648
645 650
645 889
645 918
645 935
645 957
646 647
646 649
646 650
646 656
646 827
646 846
646 878
647 648
647 649
647 650
647 657
647 742
647 867
647 950
647 964
648 650
648 721
648 781
649 650
649 700
649 720
649 981
649 983
650 677
651 652
651 653
651 654
651 655
651 656
651 657
651 658
651 659
651 660
651 675
651 699
651 754
651 892
652 653
652 655
652 656
652 657
652 658
652 660
653 655
653 656
653 657
653 658
653 659
653 660
653 907
654 655
654 656
654 659
654 660
654 720
654 724
654 808
654 813
654 957
654 984
654 998
655 657
655 658
655 659
655 660
655 773
655 895
656 657
656 810
656 984
656 999
657 658
657 659
657 660
657 668
657 684
657 805
657 843
657 928
657 938
657 948
657 974
658 659
658 660
658 692
658 923
659 666
659 825
659 864
659 873
659 951
660 710
660 721
660 760
660 975
661 662
661 663
661 665
661 666
661 667
661 668
661 669
661 670
661 772
661 801
661 806
661 822
662 663
662 664
662 665
662 666
662 667
662 668
662 669
662 670
662 676
662 766
662 842
662 857
662 867
662 997
663 664
663 666
663 667
663 668
663 669
663 852
664 665
664 668
664 669
664 670
664 691
664 791
664 913
664 944
664 975
665 666
665 667
665 669
665 670
665 783
665 831
666 668
666 669
666 700
666 789
666 986
667 668
667 669
667 791
667 802
667 879
667 913
667 940
668 670
668 851
669 670
669 810
669 811
670 776
671 672
671 673
671 674
671 675
671 676
671 679
671 680
671 742
671 864
671 905
672 674
672 676
672 677
672 680
672 848
672 926
672 978
673 674
673 675
673 676
673 677
673 680
673 882
673 890
673 904
673 939
673 949
674 675
674 676
674 677
674 678
674 679
674 680
674 699
674 892
675 676
675 677
675 678
675 679
675 680
675 781
675 806
675 839
676 677
676 678
676 679
676 680
676 740
676 744
676 746
676 935
677 678
677 680
677 703
677 864
677 940
678 679
678 680
678 714
678 730
678 767
678 927
678 941
678 978
679 680
679 808
679 882
679 972
680 741
680 887
681 682
681 685
681 686
681 687
681 688
681 689
681 690
681 857
682 683
682 684
682 685
682 686
682 687
682 688
682 689
682 690
682 800
682 884
682 939
682 970
683 684
683 685
683 686
683 687
683 688
683 690
683 718
683 795
683 874
683 896
683 957
684 685
684 686
684 688
684 689
684 934
685 686
685 687
685 688
685 690
685 704
685 757
685 804
685 953
685 976
686 688
686 689
686 690
686 711
686 788
686 871
686 908
686 950
686 963
686 966
687 688
687 689
687 690
687 774
687 919
687 930
687 964
688 689
688 690
688 711
688 835
688 893
689 715
689 764
689 789
689 816
689 823
689 840
689 952
690 773
690 800
690 905
690 906
690 982
691 692
691 693
691 695
691 696
691 697
691 698
691 700
691 980
692 693
692 694
692 695
692 698
692 699
692 700
692 734
692 737
692 833
692 920
692 992
693 695
693 697
693 699
693 700
694 695
694 696
694 697
694 698
694 699
694 758
694 773
694 799
694 823
694 869
694 893
695 696
695 697
695 698
695 699
695 839
695 873
696 697
696 698
696 699
696 700
696 721
696 723
696 840
696 867
696 921
696 972
697 698
697 979
698 699
698 700
698 876
698 940
698 979
699 700
699 906
699 982
700 715
700 801
701 702
701 703
701 704
701 706
701 707
701 708
701 709
701 710
701 739
701 909
702 703
702 704
702 705
702 706
702 707
702 708
702 709
702 766
702 781
702 796
702 809
702 922
702 961
702 963
703 704
703 706
703 708
703 709
703 710
703 713
703 731
703 836
703 863
703 886
704 705
704 706
704 707
704 708
704 709
704 710
704 849
704 963
705 706
705 707
705 708
705 709
705 710
705 743
705 764
705 782
705 856
705 871
705 915
706 707
706 708
706 709
706 710
706 738
706 759
706 768
706 868
706 904
706 917
707 708
707 709
707 852
707 853
707 909
707 949
709 710
709 864
709 871
709 998
710 782
710 864
710 913
711 712
711 713
711 714
711 715
711 716
711 717
711 720
711 726
711 828
711 869
712 713
712 715
712 716
712 718
712 720
712 726
712 918
712 984
713 716
713 717
713 718
713 719
713 720
713 725
713 730
713 789
713 826
713 830
713 894
713 899
713 964
713 973
714 715
714 716
714 717
714 720
714 812
715 716
715 717
715 718
715 719
715 720
715 814
715 849
715 964
716 717
716 718
716 720
716 724
716 770
716 771
716 832
716 928
716 937
716 946
717 718
717 719
717 720
717 731
717 790
717 992
718 719
718 955
718 987
719 720
719 924
719 963
719 989
720 911
720 996
721 722
721 723
721 724
721 725
721 726
721 727
721 728
721 729
721 730
721 800
722 723
722 724
722 725
722 726
722 727
722 728
722 729
722 730
722 744
722 790
722 980
723 724
723 726
723 727
723 728
723 729
723 730
723 754
723 825
723 963
724 726
724 728
724 729
724 730
724 785
724 982
725 727
725 728
725 730
725 843
725 909
725 919
726 727
726 728
726 729
726 730
726 763
726 849
727 728
727 729
727 730
727 732
727 767
727 981
728 729
728 730
728 821
728 876
728 882
728 924
729 730
729 806
729 848
730 875
730 988
731 732
731 733
731 735
731 736
731 737
731 738
731 740
731 768
731 826
732 733
732 735
732 736
732 737
732 739
732 740
732 838
732 937
732 983
733 734
733 735
733 736
733 738
733 739
733 740
734 737
734 738
734 739
734 740
734 759
734 810
734 870
734 878
735 736
735 737
735 738
735 739
735 740
735 744
735 786
735 822
735 925
736 737
736 738
736 739
736 740
736 891
737 738
737 739
737 740
737 802
737 806
737 861
738 739
738 740
738 860
738 930
739 740
739 852
739 970
740 815
740 854
740 939
740 985
741 743
741 744
741 745
741 746
741 747
741 748
741 749
741 750
741 838
741 922
742 743
742 744
742 747
742 749
742 750
742 836
742 959
742 979
743 744
743 745
743 748
743 750
743 891
744 745
744 746
744 747
744 748
744 750
745 746
745 747
745 749
745 750
745 801
745 837
745 966
746 747
746 748
746 749
746 750
746 794
747 748
747 749
747 817
747 938
747 995
748 749
748 852
748 940
749 760
749 828
749 950
749 982
750 767
750 945
750 973
751 752
751 753
751 754
751 755
751 756
751 757
751 758
751 759
751 760
751 921
752 753
752 755
752 756
752 757
752 758
752 759
752 760
752 906
752 953
753 754
753 755
753 756
753 758
753 759
753 760
753 844
753 994
754 755
754 756
754 757
754 758
754 759
754 760
754 880
754 991
755 756
755 757
755 759
755 760
755 794
755 833
755 844
755 991
756 758
756 759
756 760
756 783
756 910
757 758
757 759
757 760
757 787
757 854
757 875
757 909
757 949
758 759
758 760
758 775
758 843
758 930
758 951
758 993
759 760
759 799
759 958
760 882
760 927
760 966
761 762
761 763
761 764
761 765
761 768
761 769
761 770
761 795
761 807
761 814
761 863
761 911
762 764
762 765
762 766
762 767
762 768
762 769
762 770
762 806
762 861
762 868
762 930
763 764
763 765
763 766
763 767
763 768
763 770
763 829
763 935
763 938
764 765
764 767
764 768
764 769
764 770
764 957
765 766
765 769
765 770
765 915
765 922
765 998
766 767
766 768
766 770
766 813
767 768
767 769
767 770
767 834
767 836
768 770
768 879
769 770
770 836
770 984
771 772
771 774
771 775
771 777
771 778
771 779
771 780
771 987
772 773
772 774
772 776
772 778
772 779
772 780
772 914
773 775
773 776
773 778
773 779
773 780
773 860
773 863
773 962
774 775
774 776
774 777
774 778
774 779
774 780
774 1000
775 776
775 777
775 778
775 779
775 780
775 889
776 778
776 779
776 783
776 784
777 778
777 780
777 986
778 779
778 780
778 834
778 855
778 938
778 968
779 780
779 792
779 872
779 937
781 782
781 783
781 784
781 786
781 788
781 789
781 790
781 911
781 964
782 783
782 784
782 786
782 787
782 788
782 789
782 814
782 905
783 785
783 786
783 788
783 789
783 833
784 785
784 786
784 787
784 789
784 790
784 941
784 954
784 987
785 787
785 788
785 789
785 790
785 876
785 898
786 787
786 789
786 790
786 802
786 915
786 946
786 977
787 788
787 789
787 790
788 790
788 981
789 790
789 965
789 996
790 816
790 868
790 873
790 969
791 794
791 795
791 796
791 797
791 798
791 799
791 800
791 842
791 891
791 916
792 793
792 794
792 795
792 796
792 797
792 798
792 799
792 800
792 815
792 972
793 794
793 795
793 796
793 797
793 798
793 799
793 800
793 809
793 873
794 795
794 796
794 798
794 799
794 926
794 1000
795 796
795 797
795 798
795 800
796 797
796 798
796 799
796 800
796 875
797 798
797 799
797 800
797 807
797 886
797 960
798 799
798 800
798 815
800 965
800 998
801 802
801 803
801 804
801 805
801 807
801 809
801 810
802 803
802 804
802 805
802 806
802 807
802 808
802 809
802 810
802 850
803 804
803 805
803 806
803 808
803 809
803 983
803 996
804 805
804 807
804 808
804 810
804 897
805 806
805 808
805 809
805 810
806 807
806 808
806 809
807 808
807 809
807 810
807 838
807 993
808 809
808 810
808 815
808 966
809 810
809 846
809 850
809 897
809 996
810 905
811 812
811 815
811 816
811 817
811 818
811 819
811 820
811 875
812 814
812 816
812 817
812 818
812 819
812 820
812 940
813 814
813 817
813 818
813 819
813 820
813 870
813 919
814 815
814 816
814 817
814 818
814 819
814 820
814 833
814 890
814 999
815 816
815 817
815 818
815 819
815 820
815 836
815 843
815 905
815 914
816 817
816 819
816 820
816 883
816 982
817 818
817 819
817 873
817 918
818 819
818 820
819 820
819 882
819 885
821 822
821 824
821 825
821 826
821 827
821 828
821 829
821 830
821 965
822 823
822 824
822 825
822 826
822 827
822 830
822 941
823 824
823 825
823 827
823 829
823 830
823 841
823 881
824 826
824 827
824 828
824 829
824 830
824 889
824 902
825 826
825 828
825 829
825 830
825 979
826 827
826 829
826 830
826 870
826 984
827 828
827 829
827 830
828 830
828 918
828 945
829 830
829 850
829 930
829 963
830 996
831 832
831 833
831 834
831 835
831 836
831 837
831 839
831 840
831 853
831 880
831 902
832 833
832 835
832 836
832 838
832 840
832 968
833 834
833 837
833 838
833 839
833 840
833 982
834 835
834 836
834 873
835 836
835 839
835 840
835 930
836 839
836 885
837 838
838 839
838 840
839 840
839 843
839 877
840 842
841 842
841 844
841 845
841 846
841 847
841 848
841 850
841 953
842 843
842 844
842 845
842 846
842 847
842 848
842 849
842 850
843 844
843 845
843 846
843 847
843 848
843 849
843 850
843 928
844 845
844 846
844 847
844 848
844 850
844 976
844 980
845 847
845 848
845 849
845 928
846 848
846 849
846 850
846 922
846 945
846 972
846 999
847 850
848 849
848 850
848 946
849 850
849 987
850 929
850 973
851 852
851 853
851 854
851 856
851 857
851 858
851 859
851 985
852 853
852 854
852 856
852 857
852 858
852 860
853 854
853 856
853 857
853 858
853 859
853 988
854 855
854 856
854 857
854 858
854 859
854 889
854 900
854 943
854 953
855 856
855 857
855 859
855 860
855 881
856 857
856 858
856 859
856 860
857 858
857 859
857 860
858 859
858 894
859 860
859 888
859 891
859 892
859 944
860 864
860 958
860 992
860 996
861 862
861 863
861 864
861 865
861 866
861 867
861 868
861 869
861 870
861 894
862 864
862 866
862 868
862 869
862 870
862 936
862 960
862 963
863 864
863 865
863 866
863 867
863 868
863 869
863 870
863 889
864 866
864 867
864 868
864 870
864 1000
865 866
865 868
865 869
865 870
866 867
866 868
866 869
866 870
866 998
867 868
867 870
867 878
867 915
867 927
868 870
868 957
868 985
869 870
870 980
870 995
871 872
871 873
871 874
871 875
871 876
871 877
871 878
871 880
872 873
872 874
872 876
872 877
872 878
872 879
872 880
872 913
873 875
873 877
873 878
873 879
873 880
873 997
874 875
874 876
874 878
874 879
874 880
874 882
874 924
874 946
874 981
874 997
875 876
875 877
875 878
875 879
875 880
875 920
875 987
876 877
876 878
876 879
876 880
877 878
877 879
877 880
877 899
878 879
878 880
879 947
879 971
879 983
881 884
881 886
881 887
881 888
881 889
881 890
881 954
882 883
882 884
882 885
882 888
882 889
882 890
882 925
883 885
883 886
883 889
884 886
884 887
884 888
884 889
884 890
884 952
884 959
885 886
885 887
885 888
885 890
886 887
886 888
886 890
887 889
887 994
888 889
888 890
888 957
889 890
890 980
891 893
891 896
891 897
891 898
891 899
891 900
892 893
892 894
892 895
892 897
892 898
892 900
893 894
893 895
893 896
893 897
893 898
893 900
893 960
894 895
894 896
894 897
894 898
894 899
894 900
894 901
895 899
895 900
895 984
896 897
896 898
896 899
896 900
897 898
897 900
897 995
898 900
898 910
898 934
900 911
900 950
901 903
901 904
901 905
901 906
901 907
901 908
901 909
901 910
902 904
902 906
902 908
902 909
902 910
903 904
903 906
903 907
903 908
903 909
903 910
903 976
904 905
904 906
904 907
904 908
904 909
904 971
905 906
905 907
905 908
905 910
905 960
906 907
906 908
906 909
906 910
906 959
907 908
907 910
908 909
908 910
908 917
908 926
908 973
910 962
911 912
911 913
911 914
911 915
911 916
911 917
911 918
911 919
911 920
912 913
912 914
912 915
912 917
912 918
912 920
913 914
913 915
913 916
913 917
913 919
913 920
913 996
914 916
914 917
914 918
914 919
914 920
915 916
915 917
915 918
915 919
915 920
916 918
916 919
916 920
917 918
917 960
918 919
918 920
918 933
918 940
919 920
921 922
921 923
921 924
921 925
921 926
921 928
921 929
922 923
922 925
922 927
922 928
922 929
922 930
922 972
923 924
923 925
923 926
923 927
923 928
923 929
923 930
924 925
924 927
924 929
924 930
924 936
924 961
924 997
925 926
925 927
925 929
925 989
926 928
926 930
926 937
927 928
927 930
928 929
928 930
929 930
931 933
931 934
931 935
931 936
931 937
931 938
931 939
931 940
932 933
932 934
932 935
932 936
932 937
932 938
932 939
933 935
933 937
933 938
933 939
933 940
933 972
934 935
934 936
934 937
934 938
934 939
934 940
934 958
934 986
935 936
935 937
935 938
935 939
935 940
935 958
935 975
935 989
936 937
936 938
936 939
936 940
936 969
937 938
937 939
937 940
938 990
939 940
939 999
940 999
941 942
941 944
941 945
941 946
941 947
941 948
941 949
941 950
942 943
942 944
942 945
942 946
942 947
942 948
943 944
943 945
943 948
943 949
943 950
944 946
944 947
944 948
944 950
945 948
945 949
946 947
946 948
946 950
947 949
947 950
948 949
948 950
949 950
950 958
951 953
951 954
951 955
951 956
951 957
951 958
951 959
951 960
952 954
952 956
952 957
952 958
952 959
952 960
952 966
953 954
953 955
953 959
953 960
954 955
954 957
954 958
954 959
955 956
955 957
955 958
955 959
956 957
956 960
957 958
957 959
957 960
958 959
958 960
958 980
959 960
961 962
961 963
961 964
961 967
961 968
962 964
962 965
962 966
962 967
962 968
962 969
962 970
962 991
963 964
963 966
963 967
963 968
963 969
963 970
964 965
964 966
964 968
964 969
964 970
965 966
965 967
965 968
965 969
965 970
966 967
966 968
966 970
966 980
967 968
967 969
967 970
967 977
968 969
968 970
969 970
969 984
970 986
971 972
971 973
971 974
971 975
971 976
971 977
971 978
971 979
972 973
972 975
972 976
972 977
972 978
972 979
972 980
973 974
973 975
973 976
973 978
973 979
973 980
974 975
974 976
974 977
974 978
974 984
974 992
975 976
975 977
975 978
975 980
976 977
976 978
976 979
976 980
977 979
977 980
978 979
978 980
981 982
981 983
981 984
981 985
981 987
981 988
981 990
982 983
982 985
982 986
982 987
982 989
982 990
983 984
983 985
983 986
983 987
983 988
983 989
984 985
984 986
984 987
984 988
984 990
985 986
985 987
985 988
985 989
985 990
985 999
986 987
986 988
986 990
987 988
988 989
988 990
989 990
991 992
991 993
991 994
991 995
991 996
991 997
991 999
992 993
992 994
992 996
992 997
992 998
992 999
992 1000
993 994
993 995
993 996
993 997
993 998
993 1000
994 995
994 996
994 997
994 998
994 999
994 1000
995 997
995 999
995 1000
996 997
996 998
996 999
997 998
997 999
997 1000
998 999
998 1000
999 1000
