1000 8606
1 2
1 3
1 4
1 6
1 7
1 8
1 9
1 10
1 68
1 114
1 211
1 276
1 462
1 566
1 577
1 636
1 726
1 762
2 3
2 4
2 5
2 6
2 7
2 8
2 9
2 10
2 77
2 79
2 105
2 201
2 383
2 467
2 476
2 577
2 581
2 662
2 719
2 897
3 4
3 5
3 7
3 8
3 9
3 10
3 59
3 62
3 80
3 244
3 299
3 462
3 469
3 600
3 627
3 800
4 5
4 6
4 8
4 9
4 10
4 238
4 401
4 445
4 454
4 600
4 645
4 668
4 810
4 815
4 877
4 907
5 6
5 7
5 10
5 98
5 194
5 234
5 262
5 285
5 294
5 385
5 418
5 437
5 457
5 504
5 697
5 711
5 739
5 772
5 835
5 974
6 7
6 9
6 71
6 232
6 292
6 448
6 479
6 883
7 8
7 9
7 10
7 153
7 216
7 225
7 273
7 301
7 344
7 635
7 798
7 807
8 9
8 75
8 109
8 153
8 180
8 216
8 273
8 288
8 347
8 405
8 513
8 591
8 792
9 10
9 18
9 47
9 128
9 152
9 482
9 534
9 591
9 649
9 778
9 914
10 59
10 127
10 165
10 304
10 339
10 524
10 528
10 829
11 12
11 13
11 14
11 15
11 18
11 19
11 20
11 113
11 367
11 450
11 510
11 653
11 731
11 803
11 807
11 808
11 834
11 913
12 13
12 14
12 15
12 16
12 17
12 19
12 20
12 340
12 457
12 503
12 559
12 640
12 660
12 700
12 847
12 850
12 926
12 969
13 15
13 16
13 18
13 19
13 83
13 206
13 226
13 232
13 248
13 282
13 403
13 431
13 478
13 494
13 622
13 668
13 739
13 817
14 15
14 16
14 17
14 18
14 19
14 20
14 83
14 288
14 330
14 392
14 435
14 627
14 645
14 663
14 680
14 804
14 962
15 17
15 18
15 19
15 146
15 164
15 313
15 350
15 427
15 688
15 715
15 858
15 992
16 17
16 18
16 20
16 117
16 154
16 413
16 468
16 517
16 538
16 606
16 664
16 691
16 714
16 889
16 906
16 960
17 19
17 20
17 220
17 246
17 320
17 353
17 356
17 409
17 439
17 463
17 536
17 774
17 793
17 988
18 19
18 112
18 223
18 465
18 607
18 638
18 649
18 663
19 20
19 115
19 268
19 301
19 396
19 410
19 459
19 629
19 668
19 910
19 971
20 40
20 282
20 392
20 409
20 417
20 497
20 531
20 753
20 785
20 914
21 22
21 24
21 26
21 27
21 28
21 29
21 30
21 55
21 131
21 169
21 229
21 255
21 262
21 543
21 548
21 575
21 590
21 620
21 623
21 716
21 936
22 23
22 24
22 25
22 27
22 28
22 29
22 41
22 46
22 94
22 152
22 188
22 615
22 639
22 884
22 908
22 929
22 934
23 24
23 25
23 27
23 28
23 29
23 30
23 141
23 158
23 206
23 215
23 295
23 301
23 358
23 395
23 515
23 822
23 870
23 885
23 937
23 938
23 957
23 963
24 25
24 27
24 28
24 29
24 30
24 164
24 307
24 386
24 470
24 545
24 770
24 899
25 26
25 27
25 28
25 29
25 30
25 631
25 674
25 682
25 714
25 978
26 27
26 29
26 30
26 35
26 180
26 195
26 238
26 296
26 304
26 341
26 387
26 601
26 733
26 832
26 905
26 928
27 28
27 29
27 30
27 122
27 202
27 252
28 29
28 30
28 140
28 222
28 301
28 654
28 727
28 745
28 777
28 809
28 894
29 85
29 251
29 390
29 455
29 663
29 699
30 124
30 125
30 304
30 483
30 529
30 531
30 536
30 755
30 770
30 782
30 866
31 32
31 33
31 34
31 35
31 36
31 37
31 38
31 39
31 40
31 65
31 157
31 333
31 393
31 534
31 785
31 948
31 955
32 33
32 34
32 35
32 36
32 37
32 38
32 39
32 81
32 263
32 272
32 318
32 333
32 594
32 714
33 35
33 36
33 38
33 39
33 177
33 423
33 516
33 693
33 978
34 36
34 37
34 38
34 39
34 40
34 268
34 443
34 466
34 478
34 479
34 495
34 589
34 617
34 629
34 722
34 859
34 895
34 958
35 37
35 38
35 39
35 40
35 56
35 87
35 229
35 253
35 277
35 408
35 424
35 556
35 563
35 667
35 899
36 37
36 39
36 40
36 47
36 100
36 327
36 411
36 436
36 474
36 545
36 639
37 38
37 39
37 40
37 111
37 173
37 229
37 364
37 401
37 447
37 489
37 562
37 592
37 618
37 647
37 919
37 929
38 40
38 73
38 188
38 524
38 545
38 551
38 635
38 713
38 769
38 814
38 861
38 870
38 897
38 923
39 40
39 177
39 219
39 344
39 471
39 603
39 834
39 986
39 993
40 221
40 362
40 397
40 411
40 476
40 493
40 588
40 599
40 644
40 697
40 809
40 842
40 906
41 42
41 43
41 44
41 45
41 46
41 47
41 48
41 49
41 50
41 86
41 155
41 257
41 326
41 463
41 821
41 981
41 989
42 43
42 44
42 45
42 46
42 47
42 49
42 64
42 122
42 132
42 264
42 474
42 478
42 480
42 489
42 523
42 542
42 576
42 616
43 44
43 45
43 46
43 47
43 48
43 49
43 50
43 186
43 431
43 567
43 680
43 738
43 749
43 780
43 810
43 868
43 948
43 988
44 45
44 46
44 47
44 48
44 49
44 50
44 432
44 867
45 46
45 47
45 48
45 49
45 50
46 47
46 49
46 162
46 175
46 292
46 359
46 441
46 611
46 654
46 964
46 1000
47 48
47 81
47 378
47 500
47 548
47 947
47 995
48 49
48 50
48 188
48 220
48 300
48 308
48 330
48 538
48 566
48 618
48 622
48 628
48 695
48 774
48 879
49 107
49 161
49 189
49 252
49 286
49 361
49 364
49 489
49 559
49 668
49 684
49 726
49 986
50 64
50 129
50 601
50 642
50 708
50 844
50 964
51 52
51 53
51 55
51 56
51 57
51 59
51 80
51 90
51 184
51 232
51 235
51 239
51 340
51 435
51 446
51 946
51 961
52 53
52 54
52 55
52 57
52 58
52 59
52 60
52 271
52 294
52 304
52 320
52 339
52 402
52 414
52 649
52 793
52 830
52 836
53 54
53 55
53 56
53 57
53 105
53 124
53 145
53 244
53 277
53 411
53 550
53 583
53 599
53 646
53 800
53 823
53 864
53 892
53 994
54 57
54 58
54 59
54 60
54 116
54 516
54 583
54 641
54 676
54 677
54 697
54 716
54 808
54 851
55 57
55 58
55 59
55 60
55 92
55 272
55 341
55 566
56 57
56 58
56 59
56 60
56 258
56 504
56 548
56 559
56 568
56 625
56 660
56 682
56 690
56 746
56 853
57 58
57 59
57 60
57 375
57 435
57 790
57 801
57 998
58 59
58 60
58 111
58 225
58 403
58 495
58 500
58 754
58 780
58 822
58 896
58 988
59 60
59 106
59 150
59 205
59 263
59 331
59 380
59 443
59 466
59 522
59 559
59 631
59 659
59 898
60 61
60 68
60 85
60 165
60 237
60 581
60 679
60 909
61 63
61 64
61 65
61 66
61 67
61 68
61 89
61 657
61 687
61 772
61 793
61 811
61 831
61 942
61 962
62 63
62 64
62 65
62 66
62 67
62 68
62 70
62 82
62 144
62 461
62 504
62 524
62 658
62 684
62 716
62 957
63 64
63 65
63 66
63 67
63 68
63 69
63 70
63 146
63 211
63 246
63 352
63 358
63 404
63 451
63 489
63 662
63 799
64 65
64 66
64 67
64 68
64 69
64 233
64 276
64 509
64 536
64 552
64 585
64 615
64 697
64 699
64 706
64 767
64 789
64 806
64 835
64 846
64 935
64 992
65 67
65 68
65 70
65 192
65 252
65 281
65 381
65 509
65 776
65 941
66 67
66 68
66 69
66 70
66 113
66 157
66 174
66 214
66 223
66 280
66 341
66 500
66 555
66 731
66 919
66 957
67 68
67 69
67 70
67 379
67 429
67 555
67 752
67 791
67 952
68 69
68 70
68 391
68 419
68 515
68 637
68 651
68 766
68 890
69 70
69 113
69 131
69 145
69 283
69 421
69 695
69 709
69 857
69 863
70 301
70 312
70 431
70 449
70 610
70 817
70 910
70 918
70 948
71 72
71 73
71 75
71 76
71 77
71 78
71 80
71 240
71 243
71 368
71 442
71 499
71 500
71 589
71 724
72 73
72 74
72 75
72 78
72 79
72 80
72 111
72 128
72 393
72 451
72 482
72 501
72 598
72 625
72 767
72 856
72 916
73 74
73 78
73 79
73 107
73 213
73 426
73 435
73 652
73 736
73 791
73 934
74 75
74 76
74 77
74 78
74 79
74 80
74 101
74 114
74 143
74 267
74 346
74 351
74 378
74 443
74 450
74 748
74 753
74 803
74 807
74 869
74 940
74 981
75 76
75 77
75 79
75 80
75 99
75 410
75 478
75 656
75 708
75 785
75 836
75 986
76 77
76 78
76 79
76 80
76 168
76 265
76 345
76 357
76 417
76 523
76 641
76 677
76 720
76 778
76 798
76 829
76 964
76 996
77 78
77 79
77 80
77 229
77 360
77 424
77 504
77 524
77 530
77 688
77 748
78 79
78 80
78 110
78 233
78 339
78 344
78 360
78 421
78 689
78 768
78 883
78 916
78 963
79 80
79 104
79 333
79 371
79 395
79 423
79 496
79 601
79 796
79 946
80 131
80 182
80 358
80 664
80 672
80 681
80 715
81 83
81 84
81 86
81 87
81 90
81 166
81 208
81 338
81 623
81 669
81 714
81 740
81 765
81 901
81 903
81 934
82 83
82 84
82 85
82 86
82 87
82 88
82 89
82 90
82 221
82 493
82 520
82 660
82 765
82 770
82 857
82 901
83 84
83 85
83 89
83 311
83 328
83 524
83 564
83 643
83 696
84 86
84 87
84 88
84 89
84 90
84 217
84 305
84 340
84 595
84 623
84 670
84 686
84 772
84 820
85 86
85 87
85 88
85 89
85 90
85 95
85 106
85 174
85 387
85 393
85 446
85 552
85 667
85 752
85 865
86 87
86 88
86 90
86 104
86 377
86 394
86 565
86 612
87 88
87 89
87 90
87 105
87 158
87 175
87 289
87 308
87 360
87 538
87 718
87 729
87 738
87 842
87 924
87 997
88 89
88 90
88 129
88 478
88 653
88 841
89 90
89 178
89 571
89 610
89 666
89 672
89 688
89 915
89 967
90 527
90 971
90 975
91 92
91 93
91 94
91 95
91 98
91 99
91 100
91 108
91 215
91 304
91 374
91 506
91 681
91 715
91 860
91 905
91 916
92 93
92 94
92 96
92 97
92 99
92 100
92 255
92 314
92 355
92 409
92 511
92 525
92 726
92 805
92 827
92 958
93 94
93 95
93 96
93 97
93 98
93 99
93 134
93 255
93 645
93 893
93 926
93 950
93 985
94 97
94 98
94 99
94 100
94 110
94 284
94 631
94 697
94 747
94 832
94 833
95 96
95 97
95 98
95 100
95 216
95 385
95 502
95 519
95 548
95 590
95 700
95 815
95 943
95 977
96 97
96 98
96 99
96 100
96 240
96 248
96 285
96 337
96 392
96 693
96 753
96 762
96 904
97 98
97 99
97 294
97 490
97 713
97 739
97 750
97 888
97 950
98 100
98 151
98 206
98 493
98 728
98 777
98 927
98 950
99 100
99 212
99 323
99 420
99 447
99 449
99 623
99 656
99 707
99 786
99 788
99 881
99 921
99 938
99 961
100 362
100 590
100 842
101 103
101 105
101 106
101 107
101 109
101 110
101 215
101 477
101 755
101 791
101 818
101 822
101 838
101 940
101 946
101 949
101 962
101 974
102 103
102 104
102 105
102 108
102 109
102 171
102 190
102 207
102 372
102 407
102 456
102 458
102 518
102 548
102 839
102 847
102 970
103 106
103 108
103 109
103 110
103 127
103 288
103 816
103 838
103 858
103 963
104 105
104 106
104 107
104 108
104 110
104 126
104 177
104 239
104 319
104 394
104 477
104 613
104 691
104 758
104 760
104 910
105 106
105 107
105 108
105 109
105 110
105 235
105 269
105 335
105 428
105 462
105 468
105 479
105 515
105 520
105 885
106 107
106 109
106 110
106 283
106 452
106 486
106 522
106 556
106 650
106 708
107 108
107 229
107 252
107 267
107 323
107 365
107 528
107 702
107 765
107 889
107 927
108 109
108 110
108 113
108 115
108 237
108 279
108 402
108 604
108 698
108 720
108 770
108 801
108 817
108 850
108 912
108 919
108 964
109 110
109 299
109 305
109 373
109 399
109 638
109 674
109 776
109 894
109 931
110 205
110 267
110 387
110 552
110 696
110 715
111 112
111 113
111 114
111 115
111 117
111 118
111 119
111 207
111 304
111 341
111 586
111 589
111 646
111 828
111 859
112 113
112 119
112 358
112 431
112 483
112 526
112 637
112 671
112 676
112 694
112 842
112 920
112 933
113 115
113 116
113 118
113 119
113 149
113 164
113 206
113 409
113 470
113 481
113 734
113 764
113 765
114 115
114 116
114 117
114 118
114 119
114 120
114 211
114 315
114 343
114 360
114 387
114 687
114 791
114 847
114 986
115 116
115 117
115 118
115 119
115 120
115 219
115 319
115 362
115 431
115 646
115 663
115 743
115 766
115 982
116 117
116 118
116 119
116 120
116 782
116 857
116 873
117 118
117 119
117 120
117 222
117 327
117 344
117 576
117 640
117 673
117 720
117 967
117 968
118 119
118 177
118 202
118 511
118 533
118 569
118 693
118 752
118 865
118 869
118 973
119 227
119 289
119 344
119 395
119 414
119 425
119 457
119 625
119 667
119 731
119 836
119 910
119 989
119 995
120 327
120 365
120 376
120 462
120 617
120 633
120 696
120 763
120 786
120 848
120 885
120 964
121 122
121 123
121 124
121 125
121 126
121 127
121 129
121 130
121 177
121 384
121 475
121 546
121 558
121 712
121 985
122 123
122 124
122 125
122 126
122 128
122 129
122 311
122 396
122 472
122 739
122 845
122 949
123 124
123 125
123 126
123 127
123 128
123 130
123 222
123 306
123 483
123 520
123 550
123 591
123 937
124 125
124 126
124 127
124 128
124 129
124 130
124 321
124 341
124 420
124 472
124 507
124 512
124 513
124 578
124 625
124 719
124 780
124 789
124 893
125 127
125 129
125 130
125 154
125 235
125 255
125 275
125 279
125 285
125 317
125 337
125 469
125 588
125 599
125 629
125 805
125 942
126 127
126 128
126 129
126 490
126 528
126 548
126 549
127 128
127 129
127 326
127 625
127 997
128 129
128 130
128 181
128 305
128 394
129 130
129 143
129 184
129 260
129 318
129 334
129 347
129 564
129 591
129 686
129 712
129 726
129 846
129 919
129 982
130 349
130 477
130 557
130 676
130 680
130 805
130 828
130 939
131 133
131 134
131 135
131 136
131 137
131 138
131 139
131 140
131 278
131 320
131 335
131 373
131 439
131 478
131 479
131 487
131 739
131 785
132 133
132 134
132 135
132 136
132 137
132 138
132 139
132 140
132 346
132 731
132 880
132 936
132 992
133 134
133 135
133 136
133 137
133 138
133 139
133 150
133 179
133 340
133 520
133 555
133 868
133 916
134 135
134 137
134 138
134 139
134 140
134 347
134 570
134 875
134 940
135 138
135 139
135 140
135 159
135 175
135 230
135 333
135 355
135 520
135 608
135 722
135 820
136 138
136 139
136 229
136 242
136 462
136 590
136 616
136 674
136 844
136 860
136 925
136 940
136 952
136 959
137 138
137 140
137 154
137 304
137 500
137 536
137 538
137 545
137 615
137 649
137 695
137 823
137 960
137 978
138 139
138 140
138 151
138 443
138 740
138 891
138 961
138 996
139 140
139 184
139 266
139 352
139 359
139 382
139 388
139 523
139 660
139 884
139 925
139 943
139 945
140 493
140 520
140 722
140 887
140 915
141 142
141 143
141 144
141 145
141 149
141 150
141 265
141 408
141 479
141 625
141 839
141 859
142 144
142 145
142 146
142 147
142 148
142 149
142 150
142 232
142 234
142 276
142 502
142 568
142 603
142 730
142 809
142 914
142 950
143 144
143 145
143 146
143 147
143 148
143 149
143 150
143 224
143 330
143 632
143 785
143 802
143 897
143 999
144 145
144 146
144 147
144 149
144 150
144 328
144 424
144 429
144 506
144 509
144 511
144 717
144 807
144 865
145 146
145 147
145 148
145 149
145 150
145 191
145 244
145 246
145 309
145 327
145 385
145 399
145 482
145 546
145 572
145 606
145 629
145 862
146 147
146 148
146 149
146 150
146 343
146 407
146 495
146 592
146 691
146 867
147 148
147 149
147 150
147 248
147 560
147 669
147 708
147 798
147 844
147 889
148 149
148 164
148 188
148 248
148 271
148 359
148 816
149 150
149 180
149 288
149 335
149 465
149 526
149 561
149 668
149 735
150 421
150 432
150 669
150 698
150 895
151 152
151 153
151 154
151 156
151 157
151 158
151 160
151 339
151 516
151 608
151 624
151 704
151 756
151 771
151 879
151 901
151 942
152 153
152 154
152 155
152 156
152 157
152 159
152 160
152 350
152 427
152 864
152 879
153 154
153 156
153 157
153 158
153 159
153 201
153 355
153 551
153 624
154 155
154 157
154 158
154 160
154 170
154 216
154 335
154 376
154 437
154 495
154 541
154 621
154 684
154 695
154 860
154 940
154 1000
155 156
155 157
155 158
155 160
155 175
155 236
155 330
155 381
155 521
155 683
155 772
156 157
156 158
156 159
156 160
156 244
156 357
156 396
156 406
156 432
156 451
156 539
156 565
156 642
156 646
156 740
156 775
156 807
156 851
156 989
157 158
157 159
157 160
157 161
157 199
157 215
157 219
157 300
157 303
157 338
157 397
157 567
157 817
157 859
158 160
158 244
158 327
158 336
158 369
158 553
158 555
158 575
158 655
158 782
158 852
158 904
158 997
159 160
159 281
159 318
159 326
159 456
159 473
159 490
159 522
159 565
159 568
159 570
159 651
159 794
159 894
159 927
160 279
160 634
160 635
160 785
160 843
161 162
161 163
161 164
161 165
161 166
161 167
161 168
161 169
161 170
161 297
161 407
161 567
161 848
162 163
162 165
162 166
162 167
162 168
162 169
162 170
162 224
162 293
162 491
162 685
162 699
162 820
162 846
163 164
163 165
163 166
163 167
163 168
163 170
163 229
163 323
163 415
163 487
163 514
163 610
163 651
163 824
164 165
164 166
164 167
164 169
164 170
164 275
164 474
164 526
164 612
164 704
164 705
164 821
164 902
165 166
165 167
165 168
165 169
165 170
165 555
165 936
165 970
166 167
166 168
166 169
166 170
166 507
166 574
166 579
166 635
166 680
166 762
166 926
166 947
167 168
167 169
167 170
167 396
167 506
167 516
167 557
167 624
167 721
167 856
167 890
167 899
167 955
168 169
168 208
168 375
168 380
168 381
168 388
168 426
168 610
168 724
168 797
168 911
168 980
169 170
169 177
169 234
169 251
169 355
169 404
169 566
169 605
169 650
169 716
169 753
169 793
169 805
169 828
170 221
170 551
170 674
170 706
170 722
170 791
170 914
170 921
170 988
170 989
171 172
171 174
171 175
171 176
171 177
171 178
171 179
171 180
171 230
171 243
171 244
171 285
171 301
171 403
171 510
171 578
171 746
171 771
171 791
171 915
171 918
171 970
172 173
172 174
172 175
172 176
172 177
172 179
172 180
172 207
172 218
172 286
172 323
172 340
172 488
172 496
172 537
172 718
172 721
172 849
172 957
173 174
173 175
173 176
173 177
173 179
173 187
173 212
173 266
173 286
173 328
173 407
173 436
173 719
173 848
173 880
174 175
174 177
174 179
174 180
174 244
174 254
174 258
174 478
174 480
174 515
174 553
174 714
175 176
175 177
175 179
175 180
175 195
175 401
175 447
175 540
175 751
175 752
175 754
175 827
175 872
175 916
175 968
175 997
176 177
176 178
176 179
176 180
176 213
176 444
176 491
176 507
176 523
176 558
176 580
176 719
176 824
176 871
177 178
177 179
177 180
177 245
177 249
177 367
177 408
177 623
177 656
177 763
177 783
178 179
178 521
178 535
178 610
178 619
178 725
178 895
178 912
178 920
179 180
179 229
179 555
179 633
179 666
179 767
179 810
179 816
179 942
179 965
180 326
180 627
180 835
180 880
180 895
180 924
180 954
181 182
181 184
181 185
181 186
181 187
181 189
181 190
181 273
181 288
181 312
181 386
181 398
181 499
181 516
181 758
181 762
181 868
181 929
181 934
182 184
182 185
182 187
182 189
182 190
182 202
182 283
182 325
182 364
182 390
182 431
182 459
182 468
182 517
182 667
182 739
183 185
183 186
183 187
183 188
183 189
183 258
183 406
183 545
183 562
183 575
183 603
183 613
183 760
184 185
184 186
184 187
184 188
184 189
184 222
184 247
184 337
184 354
184 413
184 461
184 469
184 971
184 979
185 186
185 187
185 189
185 190
185 258
185 269
185 482
185 506
185 521
185 609
185 813
185 930
186 187
186 188
186 190
186 229
186 282
186 299
186 507
186 625
186 645
186 678
186 715
186 732
186 799
186 869
186 881
187 188
187 189
187 190
187 242
187 366
187 379
187 413
187 444
187 474
187 499
187 861
187 907
187 945
188 189
188 190
188 268
188 301
188 355
188 524
188 640
188 870
188 940
189 190
189 269
189 455
189 472
189 514
189 549
189 556
189 568
189 723
189 734
189 793
189 840
189 856
189 1000
190 382
190 521
190 623
190 653
190 719
190 735
191 192
191 193
191 194
191 195
191 196
191 197
191 198
191 199
191 284
191 340
191 411
191 455
191 586
191 680
191 779
191 829
191 930
191 995
192 195
192 196
192 197
192 199
192 290
192 364
192 440
192 505
192 573
192 655
192 733
192 743
192 828
192 847
192 928
193 194
193 195
193 196
193 197
193 198
193 199
193 200
193 204
193 218
193 485
193 531
193 575
193 605
193 662
193 696
193 841
193 909
193 990
194 195
194 196
194 197
194 198
194 199
194 200
194 233
194 347
194 429
194 769
194 790
195 196
195 197
195 198
195 199
195 200
195 945
195 1000
196 197
196 199
196 200
196 305
196 476
196 627
196 723
196 856
197 198
197 199
197 200
197 224
197 226
197 229
197 339
197 485
197 492
197 508
197 546
197 579
197 647
197 861
197 866
197 967
198 199
198 200
198 307
198 380
198 556
198 602
198 701
198 740
198 900
198 988
199 200
199 598
199 865
199 921
200 252
200 298
200 384
200 424
200 511
200 516
200 565
200 572
200 628
200 832
201 202
201 203
201 204
201 205
201 206
201 207
201 208
201 209
201 246
201 251
201 459
201 538
201 553
201 625
201 650
201 950
201 972
202 203
202 204
202 205
202 206
202 207
202 208
202 209
202 210
202 286
202 369
202 501
202 505
202 772
202 779
202 944
202 992
203 204
203 205
203 206
203 207
203 208
203 209
203 225
203 504
203 535
203 564
203 582
203 655
203 726
203 766
203 864
203 920
203 950
203 951
203 968
203 993
204 205
204 206
204 210
204 249
204 266
204 326
204 391
204 437
204 450
204 565
204 569
204 713
204 992
205 206
205 208
205 210
205 295
205 380
205 404
205 413
205 526
205 619
205 633
205 732
205 814
206 208
206 209
206 210
206 279
206 288
206 480
206 508
206 531
206 573
206 586
206 751
206 781
206 886
207 208
207 209
207 210
207 263
207 414
207 596
207 636
207 641
207 687
207 738
207 775
208 376
208 430
208 468
208 512
208 567
208 662
208 674
208 861
209 210
209 237
209 314
209 533
209 556
209 560
209 672
209 679
209 784
209 798
210 369
210 531
210 595
210 625
210 704
210 716
210 815
210 840
210 882
210 897
210 979
211 212
211 214
211 217
211 218
211 219
211 220
211 479
211 521
211 538
211 680
211 756
211 759
211 845
211 936
212 214
212 215
212 216
212 217
212 218
212 219
212 220
212 269
212 310
212 311
212 313
212 329
212 443
212 472
212 497
212 535
212 601
212 743
212 760
212 848
212 868
213 214
213 215
213 216
213 218
213 219
213 249
213 364
213 365
213 473
213 523
213 703
213 747
213 851
213 910
214 215
214 216
214 217
214 218
214 219
214 220
214 336
214 339
214 958
214 989
215 216
215 218
215 219
215 220
215 288
215 425
215 429
215 541
215 543
215 643
215 691
215 708
215 756
215 757
215 870
216 217
216 218
216 219
216 220
216 575
216 583
216 605
216 741
216 905
216 941
217 219
217 453
217 626
217 745
218 219
218 223
218 359
218 446
218 998
219 220
219 482
219 650
219 726
219 938
219 995
220 348
220 456
220 502
220 579
220 595
220 747
220 818
220 840
220 955
221 223
221 224
221 225
221 226
221 227
221 228
221 229
221 230
221 280
221 350
221 381
221 549
221 648
221 748
221 843
221 847
221 917
221 951
222 224
222 225
222 226
222 229
222 230
222 256
222 799
222 823
222 867
223 224
223 225
223 227
223 228
223 229
223 230
223 330
223 541
223 565
223 569
223 612
223 655
223 776
223 970
224 226
224 227
224 228
224 229
224 230
224 483
224 606
224 846
225 226
225 228
225 230
225 556
225 665
226 227
226 228
226 229
226 230
226 449
226 559
226 595
226 623
226 791
226 887
227 228
227 229
227 230
227 394
227 410
227 521
227 578
227 664
227 764
227 868
227 906
227 919
228 229
228 230
228 290
228 352
228 481
228 495
228 523
228 596
228 641
228 703
228 767
228 911
228 925
228 999
229 230
229 320
229 324
229 329
229 353
229 616
229 704
229 901
229 914
229 990
230 289
230 311
230 414
230 482
230 483
230 695
230 906
230 972
231 232
231 234
231 235
231 236
231 237
231 238
231 239
231 240
231 269
231 372
231 485
231 610
231 613
231 939
231 986
232 233
232 234
232 235
232 236
232 237
232 238
232 240
232 487
232 533
232 580
232 586
232 701
232 799
232 803
232 986
233 235
233 236
233 238
233 239
233 240
233 263
233 350
233 415
233 514
233 517
233 531
233 618
233 624
233 870
233 871
233 912
233 927
233 935
234 235
234 236
234 237
234 239
234 240
234 263
234 417
234 568
234 641
234 644
234 868
234 938
234 976
235 236
235 238
235 749
235 793
235 795
235 911
235 993
236 237
236 238
236 239
236 240
236 295
236 321
236 407
236 447
236 572
236 593
236 600
236 651
236 670
236 732
236 802
236 966
236 968
236 997
237 238
237 240
237 292
237 505
237 648
237 765
237 812
237 928
237 960
238 239
238 240
238 345
238 443
238 453
238 471
238 557
238 647
238 740
238 937
238 999
239 305
239 389
239 445
239 464
239 524
239 542
239 725
239 808
239 884
239 886
239 945
240 656
240 668
240 936
241 242
241 244
241 245
241 247
241 248
241 249
241 250
241 370
241 572
241 576
241 737
241 802
242 243
242 245
242 247
242 248
242 249
242 250
242 345
242 354
242 519
242 532
242 609
242 821
242 836
243 244
243 245
243 246
243 247
243 249
243 250
243 364
243 398
243 516
243 609
243 774
243 828
243 985
244 246
244 247
244 250
244 391
244 445
244 446
244 724
244 729
244 886
244 981
244 986
245 250
245 398
245 430
245 723
245 743
245 762
245 936
245 976
246 247
246 250
246 253
246 319
246 375
246 425
246 493
246 783
246 814
246 958
247 249
247 250
247 826
247 865
248 249
248 250
248 366
248 427
248 438
248 491
248 540
248 686
248 712
248 746
249 250
249 415
249 763
249 888
250 271
250 489
250 538
250 548
250 938
250 997
251 253
251 254
251 255
251 257
251 259
251 260
251 261
251 275
251 338
251 361
251 667
252 254
252 255
252 256
252 257
252 258
252 259
252 260
252 409
252 497
252 674
253 254
253 255
253 256
253 257
253 258
253 260
253 277
253 304
253 310
253 424
253 492
253 498
253 713
253 769
254 255
254 256
254 257
254 258
254 259
254 260
254 453
254 571
254 684
254 766
254 770
254 851
255 257
255 258
255 259
255 260
255 286
255 319
255 342
255 410
255 437
255 492
255 543
255 595
255 623
255 743
255 799
255 941
256 257
256 258
256 259
256 260
256 287
256 309
256 346
256 366
256 501
256 572
256 597
256 678
256 717
256 783
256 870
256 932
257 258
257 259
257 260
257 267
257 362
257 591
257 613
257 916
258 259
258 260
258 352
258 397
258 443
258 456
258 647
258 834
259 260
259 426
259 436
259 447
259 678
259 860
259 874
259 895
259 936
259 954
259 986
260 285
260 345
260 371
260 460
260 497
260 713
260 894
260 922
261 262
261 263
261 264
261 265
261 266
261 268
261 269
261 270
261 284
261 535
261 644
261 700
261 855
262 263
262 265
262 267
262 268
262 270
262 473
262 631
262 806
262 815
262 922
262 933
262 937
263 264
263 265
263 266
263 268
263 269
263 270
263 286
263 543
263 822
263 971
264 265
264 267
264 268
264 270
264 271
264 407
264 436
264 766
264 997
265 266
265 270
265 275
265 335
265 370
265 439
265 485
265 740
265 907
265 917
266 267
266 268
266 269
266 270
266 320
266 461
266 844
267 268
267 269
267 270
267 381
267 485
267 579
267 706
267 736
267 925
267 999
268 269
268 270
268 559
268 811
268 869
268 906
268 914
269 270
269 292
269 391
269 424
269 499
269 776
269 779
270 331
270 600
270 798
270 892
270 983
270 984
271 272
271 273
271 274
271 275
271 276
271 277
271 278
271 280
271 287
271 321
271 365
271 382
271 473
271 565
271 614
271 659
271 709
271 727
271 747
271 945
271 957
272 273
272 274
272 275
272 276
272 277
272 278
272 279
272 314
272 468
272 514
272 905
272 939
272 986
272 999
273 274
273 275
273 276
273 277
273 278
273 279
273 280
273 306
273 350
273 436
273 495
273 498
273 624
273 691
273 821
273 867
274 276
274 277
274 278
274 279
274 280
274 298
274 354
274 451
274 504
274 622
274 652
274 697
274 715
274 792
274 819
274 956
275 276
275 277
275 278
275 279
275 280
275 300
275 486
275 589
275 744
275 846
275 923
276 277
276 278
276 279
276 319
276 396
276 421
276 543
276 691
276 775
276 803
276 992
277 279
277 280
277 298
277 347
277 351
277 606
277 894
277 948
277 960
277 998
278 280
278 337
278 350
278 357
278 621
278 709
278 751
278 867
279 280
279 298
279 329
279 412
279 430
279 837
279 874
279 980
279 983
279 985
280 305
280 345
280 416
280 451
280 812
280 907
281 282
281 283
281 284
281 286
281 287
281 288
281 289
281 290
281 331
281 425
281 451
281 490
281 515
281 645
281 713
281 752
281 925
281 957
281 999
282 283
282 284
282 285
282 286
282 287
282 288
282 290
282 354
282 409
282 475
282 565
282 622
282 665
282 778
282 787
282 859
282 953
283 284
283 285
283 286
283 287
283 288
283 289
283 290
283 395
283 397
283 430
283 472
283 593
283 658
283 679
283 728
283 756
283 767
283 774
283 865
284 285
284 286
284 287
284 289
284 290
284 583
284 647
284 759
284 813
284 990
285 286
285 287
285 288
285 290
285 381
285 394
285 421
285 507
285 593
285 697
285 821
285 954
286 287
286 288
286 367
286 368
286 614
286 668
286 716
286 816
286 822
287 288
287 289
287 336
287 367
287 549
287 657
287 930
287 976
288 289
288 379
288 465
288 596
288 645
288 647
288 751
288 875
289 290
289 323
289 559
289 611
290 428
290 679
290 790
290 828
291 293
291 295
291 296
291 297
291 298
291 299
291 300
291 345
291 367
291 542
291 743
291 908
291 975
291 986
292 293
292 294
292 295
292 297
292 298
292 299
292 300
292 303
292 449
292 670
292 682
292 716
292 724
292 737
292 810
292 816
292 825
292 890
292 896
292 957
292 979
293 294
293 295
293 296
293 297
293 298
293 299
293 300
293 433
293 516
293 526
293 734
293 761
293 782
293 886
294 295
294 296
294 297
294 298
294 299
294 300
294 388
294 566
294 792
294 797
294 820
294 831
294 987
294 989
295 296
295 297
295 298
295 299
295 300
295 379
295 446
295 616
295 688
295 860
295 933
295 977
295 981
295 987
296 298
296 299
296 300
296 540
296 563
296 640
296 759
296 925
297 298
297 300
297 336
297 485
297 770
297 861
298 299
298 300
298 326
298 340
298 382
298 682
298 689
299 300
299 357
299 404
299 453
299 488
299 554
299 603
299 645
299 698
299 780
300 320
300 442
300 551
300 657
300 719
300 725
300 763
300 936
300 952
301 302
301 304
301 305
301 306
301 307
301 308
301 310
301 323
301 501
301 597
302 303
302 304
302 306
302 307
302 308
302 309
302 320
302 395
302 626
302 707
303 304
303 305
303 306
303 307
303 309
303 310
303 450
303 481
303 522
303 626
303 639
303 766
303 882
303 973
304 309
304 310
304 422
304 459
304 619
304 676
304 838
304 899
304 920
305 307
305 308
305 309
305 483
305 492
305 533
305 556
305 661
305 669
305 698
305 766
305 794
305 854
305 858
306 308
306 310
306 361
306 429
306 532
306 649
307 308
307 309
307 310
307 445
307 468
307 482
307 519
307 528
307 611
307 694
307 779
307 869
307 1000
308 309
308 364
308 380
308 643
308 672
308 674
308 897
308 959
309 310
309 323
309 635
309 748
309 933
310 313
310 413
310 564
310 603
310 614
310 659
310 701
310 945
311 312
311 313
311 314
311 315
311 316
311 317
311 318
311 319
311 320
311 365
311 640
311 674
311 777
311 893
311 964
311 989
311 997
312 314
312 315
312 317
312 318
312 319
312 355
312 377
312 533
312 559
312 575
312 714
312 817
312 824
312 834
312 855
312 886
312 956
313 314
313 315
313 316
313 317
313 318
313 319
313 320
313 412
313 490
313 670
313 751
313 755
313 855
313 898
313 926
314 315
314 316
314 317
314 318
314 319
314 320
314 455
314 511
314 518
314 649
314 680
314 811
314 940
315 317
315 318
315 319
315 320
315 407
315 509
315 609
315 611
315 616
315 617
315 656
315 744
315 750
315 774
315 946
315 977
316 317
316 318
316 320
316 499
316 658
316 796
316 829
316 930
317 318
317 319
317 320
317 409
317 431
317 438
317 543
317 591
317 734
317 760
317 784
318 320
318 575
318 621
318 746
318 754
318 886
319 320
319 552
319 588
319 841
319 863
319 997
320 396
320 454
320 568
320 601
320 766
320 820
320 982
321 323
321 326
321 327
321 328
321 329
321 330
321 376
321 520
321 528
321 544
321 611
321 708
321 800
321 850
321 907
321 933
321 998
322 324
322 325
322 327
322 329
322 368
322 378
322 639
322 748
322 899
322 948
323 326
323 328
323 330
323 385
323 496
323 538
323 887
323 963
323 967
323 984
324 326
324 327
324 328
324 329
324 330
324 494
324 578
324 728
324 776
324 787
324 835
324 929
325 326
325 327
325 328
325 329
325 330
325 348
325 542
325 581
325 902
325 941
326 327
326 328
326 329
326 330
326 387
326 423
326 561
326 708
326 748
326 857
327 328
327 330
327 598
327 726
327 733
327 940
328 329
328 418
328 473
328 507
328 548
328 558
328 696
329 346
329 384
329 693
329 929
330 432
330 506
330 604
330 717
330 786
330 807
330 923
331 333
331 336
331 337
331 338
331 339
331 340
331 543
331 551
331 573
331 622
331 666
331 674
331 822
331 871
331 950
331 999
332 334
332 335
332 336
332 337
332 338
332 339
332 340
332 349
332 498
332 550
332 618
332 638
332 703
332 715
333 334
333 335
333 336
333 337
333 338
333 339
333 340
333 373
333 577
333 687
333 729
333 803
333 824
333 826
333 862
333 885
334 335
334 336
334 338
334 455
334 481
334 484
334 730
334 771
335 336
335 337
335 338
335 340
335 558
335 777
335 792
335 802
336 338
336 339
336 340
336 483
336 490
336 516
336 561
336 711
336 748
336 754
336 893
336 915
336 922
336 972
336 988
337 340
337 479
337 564
337 634
337 701
337 702
337 725
337 889
338 339
338 402
338 487
338 709
338 779
338 816
338 859
338 893
338 905
338 919
339 340
339 351
339 402
339 463
339 693
339 709
339 819
339 897
339 928
340 354
340 413
340 762
340 776
340 807
340 833
340 922
340 948
341 342
341 343
341 344
341 345
341 346
341 350
341 437
341 711
342 343
342 345
342 346
342 347
342 348
342 349
342 350
342 469
342 504
342 510
342 746
342 870
343 344
343 345
343 346
343 348
343 349
343 350
343 440
343 480
343 607
343 649
343 903
343 911
344 345
344 347
344 348
344 349
344 350
344 923
345 346
345 347
345 349
345 350
345 511
345 536
345 643
345 766
345 893
345 898
346 347
346 348
346 349
346 350
346 359
346 435
346 531
346 598
346 783
346 835
346 933
347 348
347 349
347 350
347 606
347 666
347 685
347 699
347 949
347 974
347 993
348 349
348 350
348 363
348 486
348 529
348 533
348 583
348 633
348 867
348 889
349 421
349 428
349 464
349 658
349 696
349 724
349 753
349 754
349 912
350 561
350 573
350 642
350 777
350 886
350 888
350 900
351 352
351 354
351 356
351 357
351 358
351 359
351 360
351 427
351 635
351 696
351 702
351 748
351 763
351 947
352 354
352 356
352 357
352 358
352 359
352 360
352 561
352 645
352 852
352 859
352 900
352 918
352 995
353 354
353 355
353 357
353 358
353 359
353 624
353 696
353 821
354 355
354 356
354 357
354 358
354 359
354 360
354 386
354 502
354 689
354 717
354 724
354 774
354 792
354 933
354 936
355 356
355 359
355 360
355 377
355 422
355 480
355 519
355 587
355 787
355 876
355 959
356 358
356 359
356 360
356 926
357 360
357 409
357 496
357 536
357 538
357 547
357 653
357 722
357 739
357 923
357 949
358 360
358 456
358 600
358 725
358 809
358 825
359 402
359 490
359 712
359 726
360 367
360 412
360 620
360 637
360 737
360 752
360 826
360 869
360 900
360 931
361 362
361 363
361 364
361 365
361 366
361 369
361 370
361 667
361 674
361 915
362 363
362 364
362 365
362 366
362 367
362 368
362 369
362 461
362 842
362 902
362 976
363 367
363 368
363 369
363 370
363 435
363 449
363 510
363 606
364 365
364 366
364 368
364 369
364 371
364 412
364 421
364 446
364 601
364 700
364 851
364 853
365 366
365 367
365 368
365 369
365 370
365 455
365 600
365 658
365 765
365 863
365 946
366 368
366 369
366 370
366 395
366 540
366 541
366 569
366 752
366 933
367 369
367 370
367 371
367 402
367 413
367 470
367 655
367 760
367 967
368 369
368 370
368 374
368 375
368 519
368 569
368 681
368 699
368 933
369 370
369 379
369 380
369 547
369 564
369 646
369 850
369 986
370 394
370 440
370 449
370 465
370 581
370 718
370 803
370 832
370 961
371 372
371 373
371 374
371 375
371 376
371 377
371 378
371 379
371 380
371 446
371 469
371 694
371 769
371 905
372 375
372 376
372 377
372 380
372 487
372 610
372 727
372 758
372 780
372 830
372 869
373 374
373 375
373 376
373 377
373 378
373 379
373 380
373 645
373 779
373 796
373 840
373 883
373 884
373 909
374 375
374 376
374 377
374 378
374 379
374 380
374 538
374 571
374 629
374 643
374 698
375 376
375 377
375 378
375 380
375 384
375 425
375 458
375 492
375 603
375 607
375 736
375 789
375 926
376 377
376 378
376 380
376 638
376 821
377 378
377 380
377 391
377 872
377 934
377 999
378 379
378 397
378 453
378 462
378 709
378 734
378 765
379 380
379 549
379 784
379 810
379 886
379 955
380 605
380 884
380 951
380 972
380 989
381 382
381 383
381 384
381 386
381 387
381 389
381 601
381 699
381 707
381 800
382 383
382 385
382 386
382 387
382 389
382 504
382 563
382 608
382 715
382 755
382 812
382 989
383 384
383 385
383 388
383 389
383 390
383 474
383 583
383 590
383 737
383 796
383 825
383 845
383 945
384 385
384 386
384 387
384 388
384 389
384 390
384 421
384 685
384 874
384 882
385 386
385 387
385 388
385 389
385 487
385 497
385 606
385 699
385 757
385 812
385 890
385 895
385 905
386 387
386 388
386 390
386 612
386 696
386 760
386 799
386 854
386 995
387 388
387 389
387 451
387 534
387 611
387 704
387 765
387 917
387 942
387 981
388 390
388 401
388 418
388 683
388 694
388 867
389 390
389 470
389 527
389 603
389 747
389 830
389 862
389 951
390 684
390 718
390 794
390 889
390 905
390 912
391 395
391 398
391 399
391 400
391 641
391 652
391 704
392 393
392 395
392 396
392 397
392 398
392 399
392 417
392 516
392 567
392 638
392 658
392 776
392 807
393 394
393 395
393 396
393 398
393 399
393 400
393 407
393 555
393 557
393 692
393 701
393 814
393 861
393 924
393 969
393 990
394 396
394 397
394 398
394 400
394 430
394 668
394 758
394 797
395 396
395 398
395 399
395 400
395 412
395 416
395 475
395 589
395 737
395 747
395 829
395 938
396 400
396 485
396 728
396 914
396 930
397 399
397 400
397 472
397 477
397 617
397 761
397 772
397 895
397 917
398 399
398 400
398 421
398 452
398 694
398 727
398 847
398 890
398 910
398 945
399 400
399 472
399 581
399 653
399 684
399 730
400 408
400 481
400 516
400 541
400 699
400 905
401 402
401 404
401 406
401 407
401 408
401 409
401 410
401 526
401 557
401 568
401 587
401 665
401 729
401 809
401 855
401 972
402 403
402 404
402 405
402 406
402 407
402 408
402 409
402 410
402 499
402 507
402 592
402 617
402 661
402 843
402 983
402 995
403 404
403 405
403 406
403 409
403 410
403 502
403 534
403 762
403 954
403 998
404 405
404 406
404 407
404 408
404 409
404 410
404 426
404 703
404 920
404 951
405 406
405 409
405 410
405 739
405 984
406 407
406 408
406 409
406 410
406 501
406 529
406 677
406 707
406 744
406 807
406 924
406 956
407 408
407 409
407 428
407 457
407 513
407 565
407 670
407 690
407 769
407 834
407 859
407 894
407 898
407 953
408 409
408 410
408 477
408 512
408 687
408 752
408 836
408 838
408 890
408 923
409 410
409 604
409 855
409 966
409 983
410 555
410 622
410 889
410 893
410 908
410 966
411 412
411 413
411 414
411 415
411 416
411 418
411 450
411 505
411 818
411 878
411 899
412 414
412 416
412 417
412 418
412 419
412 420
412 425
412 527
412 647
412 673
412 901
413 414
413 415
413 416
413 417
413 419
413 468
413 583
413 608
413 627
413 640
413 680
413 954
414 416
414 518
414 565
414 597
414 692
414 797
414 846
415 417
415 418
415 419
415 420
415 494
415 756
415 795
415 834
415 931
416 417
416 418
416 419
416 420
416 710
416 771
416 800
416 889
417 418
417 419
417 551
417 564
417 628
417 696
417 889
418 419
418 716
418 972
419 420
419 926
419 936
419 949
419 973
420 670
420 730
420 735
420 790
420 808
421 422
421 423
421 424
421 425
421 427
421 428
421 429
421 430
421 727
421 829
421 833
421 915
421 944
422 423
422 424
422 425
422 426
422 427
422 428
422 429
422 430
422 448
422 506
422 523
422 576
423 424
423 427
423 428
423 429
423 430
423 551
423 635
423 692
423 841
423 867
423 951
424 425
424 426
424 427
424 428
424 430
424 520
424 670
424 732
424 782
424 806
424 900
424 937
425 426
425 427
425 428
425 429
425 430
425 597
425 645
425 666
425 743
425 779
425 973
426 427
426 430
426 521
426 523
426 587
426 608
426 782
426 833
426 986
427 428
427 430
427 503
427 584
427 614
427 633
427 661
427 764
427 882
427 919
427 975
428 429
428 430
428 445
428 469
428 506
428 510
428 541
428 616
428 900
428 902
428 927
428 930
428 957
428 968
428 987
429 430
429 431
429 445
429 482
429 525
429 538
429 628
429 729
429 813
429 898
430 529
430 667
430 697
430 873
430 883
430 923
430 958
430 964
430 982
431 434
431 435
431 436
431 437
431 438
431 439
431 440
431 509
431 536
431 597
431 621
431 781
431 990
432 433
432 434
432 435
432 436
432 437
432 439
432 440
432 444
432 463
432 487
432 530
432 544
432 594
432 680
432 868
432 886
433 434
433 436
433 437
433 438
433 439
433 440
433 467
433 617
433 718
433 803
433 806
433 887
433 915
434 435
434 436
434 437
434 438
434 439
434 675
434 816
434 950
435 439
435 440
435 674
435 751
436 437
436 438
436 439
436 440
436 483
436 641
436 708
436 759
436 857
436 983
437 439
437 440
437 554
437 555
437 585
437 775
437 999
438 439
438 440
438 528
438 569
438 592
438 633
438 667
438 744
438 842
438 866
438 874
438 940
438 970
439 440
439 454
439 477
439 914
440 467
440 600
440 794
440 890
441 442
441 443
441 444
441 446
441 447
441 448
441 450
441 806
441 963
441 964
441 967
441 991
442 443
442 444
442 445
442 446
442 447
442 449
442 450
442 507
442 530
442 595
442 650
442 674
442 733
442 886
443 444
443 445
443 446
443 447
443 448
443 449
443 450
443 473
443 555
443 557
443 634
443 639
443 951
444 445
444 446
444 447
444 448
444 449
444 450
444 527
444 532
444 647
444 870
444 935
445 446
445 447
445 448
445 449
445 450
445 457
445 572
445 584
445 599
445 914
446 449
446 450
446 485
446 505
446 581
446 640
446 697
446 699
446 729
446 849
446 892
446 953
447 448
447 449
447 450
447 472
447 543
447 586
447 668
447 707
447 872
448 449
448 641
448 722
448 733
448 793
448 860
449 450
449 574
449 751
449 838
449 915
450 597
450 731
450 738
450 764
450 775
450 825
450 961
451 452
451 453
451 454
451 455
451 456
451 457
451 458
451 460
451 507
451 598
451 701
451 787
451 842
451 951
451 994
452 453
452 454
452 456
452 457
452 459
452 460
452 472
452 697
452 711
452 713
452 717
452 918
453 454
453 456
453 457
453 460
453 493
454 456
454 457
454 459
454 594
454 686
454 750
454 760
454 900
454 995
455 456
455 457
455 459
455 535
455 614
455 683
455 789
455 829
455 889
455 913
456 457
456 458
456 459
456 488
456 513
456 603
456 632
456 702
456 740
456 823
456 830
456 884
456 993
457 458
457 459
457 460
457 519
457 612
457 709
457 946
458 459
458 460
458 575
458 642
459 460
459 527
459 553
459 739
459 824
459 837
460 684
460 871
460 906
460 948
460 953
461 463
461 464
461 466
461 467
461 468
461 469
461 470
461 617
461 658
461 663
461 715
461 729
462 463
462 464
462 466
462 468
462 469
462 470
462 636
462 675
462 749
462 936
463 466
463 467
463 469
463 526
463 538
463 542
463 698
463 704
463 786
464 465
464 466
464 467
464 468
464 469
464 470
464 498
464 566
464 763
464 844
465 466
465 467
465 469
465 470
465 661
465 747
465 842
466 468
466 469
466 470
466 475
466 485
466 556
466 793
466 861
466 879
467 468
467 734
467 886
468 470
468 484
468 490
468 532
468 555
468 793
468 964
469 470
469 490
469 578
469 591
469 746
469 807
469 857
470 600
470 601
470 728
470 748
470 903
471 472
471 473
471 474
471 475
471 476
471 478
471 479
471 480
471 586
471 664
471 703
471 724
471 732
472 473
472 474
472 475
472 477
472 478
472 479
472 502
472 580
472 612
472 689
472 758
472 833
473 474
473 475
473 476
473 477
473 479
473 480
473 489
473 507
473 695
473 716
473 734
473 749
473 873
473 939
474 475
474 476
474 477
474 479
474 480
474 738
474 749
474 994
474 1000
475 476
475 479
475 539
475 875
476 477
476 478
476 479
476 480
476 485
476 509
476 585
476 630
476 674
476 778
476 822
476 899
476 927
476 980
477 478
477 479
477 480
477 643
477 709
477 721
478 721
478 758
478 768
478 807
478 816
478 845
478 852
478 899
479 507
479 603
479 629
479 700
479 865
479 947
480 584
480 919
480 933
481 482
481 483
481 484
481 486
481 487
481 488
481 489
481 490
481 599
481 688
481 784
481 846
481 860
481 881
481 999
482 485
482 487
482 488
482 489
482 705
483 484
483 485
483 487
483 488
483 490
483 503
483 521
483 522
483 533
483 551
483 554
483 602
483 756
483 959
483 1000
484 486
484 487
484 488
484 489
484 490
484 562
484 587
484 776
484 938
485 486
485 487
485 488
485 489
485 490
485 587
485 621
485 705
485 707
485 727
485 851
485 977
486 487
486 488
486 489
486 493
486 579
486 667
486 828
486 855
486 869
486 931
486 960
486 962
487 488
487 489
487 490
487 512
487 566
487 683
487 830
487 972
488 489
488 490
488 655
488 698
488 887
488 892
488 997
489 490
489 528
489 551
489 668
489 682
489 861
489 921
489 966
490 542
490 548
490 552
490 875
490 907
490 965
490 974
491 492
491 494
491 495
491 496
491 497
491 499
491 500
491 554
491 693
491 766
491 818
491 923
492 494
492 496
492 497
492 498
492 499
492 500
492 603
492 789
492 896
492 985
493 494
493 495
493 496
493 497
493 498
493 500
493 782
493 805
493 818
493 978
494 496
494 497
494 498
494 500
494 622
494 628
494 678
494 713
494 728
494 792
494 929
495 496
495 498
495 499
495 500
495 516
495 559
495 631
495 686
495 888
495 927
495 935
496 497
496 498
496 499
496 500
496 508
496 516
496 553
496 603
496 649
496 675
496 858
496 865
496 992
497 498
497 499
497 500
497 668
497 681
497 786
498 499
498 500
498 515
498 699
498 723
498 963
499 500
499 541
499 593
499 712
499 714
500 606
500 637
500 660
500 744
501 502
501 503
501 504
501 505
501 506
501 507
501 508
501 509
501 510
501 586
501 737
501 755
502 503
502 504
502 505
502 506
502 507
502 508
502 509
502 510
502 553
502 890
502 914
503 505
503 506
503 507
503 508
503 509
503 771
503 948
503 996
504 505
504 506
504 507
504 508
504 509
504 510
504 594
504 710
504 934
505 506
505 507
505 508
505 509
505 602
505 633
505 889
505 912
505 914
506 507
506 509
506 510
506 581
506 722
506 850
506 919
506 939
507 508
507 509
507 646
507 693
507 828
507 919
507 931
507 978
508 509
508 510
508 584
508 587
508 900
509 510
509 523
509 683
509 858
509 904
509 978
510 605
510 606
510 685
510 847
510 932
511 512
511 513
511 514
511 515
511 516
511 517
511 518
511 519
511 520
511 584
511 709
511 785
512 513
512 514
512 515
512 516
512 517
512 520
512 897
513 514
513 515
513 516
513 517
513 519
513 520
513 639
513 686
513 849
513 872
513 909
514 515
514 516
514 517
514 518
514 520
514 528
514 541
514 563
514 590
514 715
514 803
514 816
514 978
515 516
515 517
515 518
515 519
515 520
515 637
515 940
515 956
515 977
516 517
516 518
516 519
516 520
516 931
517 518
517 519
517 520
517 599
517 802
518 519
518 520
518 783
518 798
518 800
518 808
518 986
519 520
519 630
519 944
519 950
519 988
520 757
520 851
520 907
521 522
521 523
521 524
521 525
521 527
521 528
521 529
521 530
521 592
521 794
521 808
521 827
522 523
522 524
522 525
522 526
522 527
522 528
522 529
522 530
522 681
522 895
522 933
522 995
523 525
523 526
523 527
523 528
523 530
523 855
523 925
523 974
524 525
524 526
524 529
524 640
524 648
524 780
524 815
524 837
524 882
524 951
524 964
525 527
525 528
525 529
525 530
525 542
525 638
525 766
525 805
525 955
526 527
526 528
526 642
526 741
526 820
526 856
527 530
527 594
528 529
528 530
528 645
528 756
528 842
528 861
529 648
529 684
529 713
529 761
529 798
529 808
529 853
529 883
530 765
530 842
530 850
530 862
530 917
531 532
531 534
531 536
531 537
531 538
531 540
531 541
531 575
531 598
531 606
531 716
531 794
531 808
531 975
532 533
532 535
532 536
532 537
532 538
532 539
532 540
532 605
532 694
532 748
532 844
532 943
532 966
533 534
533 537
533 538
533 539
533 558
533 651
533 781
534 535
534 536
534 537
534 538
534 539
534 549
534 697
534 774
534 850
534 956
535 536
535 537
535 538
535 539
535 625
535 862
535 874
535 893
535 994
536 539
536 540
536 666
536 737
536 818
536 849
537 538
537 539
537 615
537 618
538 539
538 540
538 743
538 748
538 776
538 889
539 540
539 551
539 682
539 694
539 700
540 557
540 671
540 688
540 771
540 801
540 838
540 891
540 921
541 542
541 543
541 544
541 545
541 546
541 547
541 549
541 550
541 584
541 621
541 730
541 757
541 801
541 838
541 996
542 544
542 545
542 546
542 547
542 548
542 549
542 550
542 645
542 736
542 877
542 925
543 544
543 545
543 546
543 547
543 548
543 549
543 550
543 724
543 797
543 918
544 545
544 548
544 549
544 550
544 664
544 708
544 727
544 740
544 898
544 915
545 547
545 548
545 549
545 680
545 681
545 705
545 731
545 945
545 958
546 547
546 548
546 831
546 983
547 548
547 549
547 790
547 957
547 969
548 549
548 550
548 786
548 797
548 924
549 816
549 926
550 770
550 875
550 938
551 552
551 554
551 556
551 558
551 559
551 668
551 895
552 553
552 554
552 555
552 556
552 557
552 558
552 560
552 787
552 830
552 855
552 936
552 965
552 983
553 554
553 555
553 556
553 557
553 558
553 559
553 560
553 582
553 610
553 624
553 658
553 684
553 915
553 986
554 555
554 556
554 557
554 558
554 559
554 560
554 637
554 825
554 826
554 853
554 880
555 556
555 558
555 559
555 560
555 734
555 745
556 557
556 558
556 559
556 560
557 558
557 559
557 560
557 612
557 628
557 704
557 784
557 971
558 559
558 560
558 767
558 810
558 887
558 966
559 560
559 770
559 991
560 608
560 708
560 789
560 836
560 897
560 937
560 983
561 562
561 564
561 565
561 566
561 567
561 569
561 570
561 586
561 646
561 756
561 765
561 776
562 563
562 564
562 565
562 566
562 567
562 568
562 569
562 593
562 896
563 564
563 565
563 567
563 569
563 570
563 635
563 674
563 732
563 747
563 799
563 824
563 904
563 977
564 565
564 566
564 567
564 568
564 569
564 570
564 693
564 754
564 777
564 892
565 566
565 567
565 569
565 570
565 604
565 721
566 569
566 570
566 807
566 966
567 568
567 569
567 570
567 621
567 667
567 751
567 767
567 911
567 955
567 965
567 967
567 983
567 996
568 569
568 570
568 579
569 570
569 627
569 648
569 701
569 877
569 909
569 915
570 639
570 652
570 787
570 835
570 842
570 910
570 978
570 991
571 572
571 573
571 574
571 575
571 577
571 578
571 579
571 580
571 614
571 905
572 573
572 574
572 575
572 576
572 577
572 578
572 579
572 580
572 630
572 673
572 713
572 870
573 574
573 575
573 576
573 577
573 578
573 580
573 597
573 635
574 578
574 579
574 674
574 720
574 819
575 576
575 577
575 579
575 580
575 756
575 927
575 933
575 976
576 577
576 578
576 579
576 807
576 813
576 819
576 845
576 893
576 907
576 953
577 578
577 579
577 580
577 777
577 868
578 579
578 580
578 697
578 970
579 580
579 635
579 655
579 686
579 696
579 865
579 978
580 806
580 837
580 978
581 583
581 584
581 585
581 586
581 587
581 794
581 811
581 849
582 583
582 584
582 585
582 586
582 587
582 589
582 590
582 672
582 692
582 838
582 906
582 927
583 584
583 585
583 587
583 588
583 589
583 597
583 616
583 650
583 697
583 750
583 784
583 819
583 928
583 944
583 955
583 997
584 585
584 586
584 588
584 681
584 731
584 821
584 885
584 894
584 911
585 586
585 587
585 588
585 589
585 682
585 761
585 770
586 587
586 589
586 590
586 887
586 888
586 905
587 588
587 589
587 779
587 829
587 837
587 852
587 863
587 926
588 589
588 689
588 983
589 590
589 595
589 652
589 807
589 830
589 838
589 884
589 895
590 644
590 743
590 807
591 592
591 594
591 595
591 596
591 597
591 599
591 600
591 605
591 682
591 740
591 880
591 890
591 912
591 918
591 982
591 999
592 595
592 596
592 597
592 598
592 599
592 600
592 643
592 789
592 834
592 852
593 594
593 595
593 598
593 599
593 600
594 595
594 598
594 599
594 600
594 767
594 791
594 882
594 955
595 596
595 597
595 598
595 600
595 605
595 620
595 648
595 720
595 724
595 860
595 972
596 597
596 598
596 599
596 600
596 678
596 882
596 901
597 598
597 599
597 600
597 635
597 647
597 833
598 599
598 600
598 660
598 730
598 886
598 957
599 748
599 986
600 604
600 616
600 760
600 880
600 903
601 603
601 604
601 605
601 606
601 607
601 608
601 610
601 699
601 886
602 603
602 604
602 605
602 606
602 607
602 608
602 609
602 681
603 604
603 605
603 606
603 607
603 608
603 609
603 610
603 734
603 786
603 800
603 862
603 876
603 983
604 605
604 606
604 607
604 608
604 609
604 610
604 761
604 832
605 606
605 607
605 608
605 609
605 610
606 608
606 609
606 610
606 806
606 864
607 608
607 609
607 610
607 656
607 741
607 854
607 910
607 979
608 610
608 631
608 673
608 709
608 787
608 807
608 880
608 902
608 998
609 610
609 734
609 758
609 766
609 903
609 905
609 972
610 710
610 712
610 722
610 795
611 614
611 615
611 616
611 617
611 618
611 619
611 620
611 665
611 710
611 732
611 881
611 918
611 919
611 980
612 613
612 614
612 615
612 616
612 617
612 618
612 619
612 620
612 640
613 614
613 615
613 616
613 617
613 618
613 619
613 620
613 864
613 880
613 914
614 615
614 616
614 617
614 618
614 620
614 814
614 840
614 855
614 915
614 931
615 616
615 617
615 618
615 619
615 620
615 921
616 617
616 619
616 818
616 852
616 863
617 618
617 620
617 758
617 893
618 620
618 718
618 902
618 914
618 928
619 687
619 703
619 707
619 735
620 732
620 952
621 622
621 623
621 625
621 627
621 628
621 629
621 630
621 878
621 925
621 960
622 625
622 627
622 628
622 629
622 630
622 688
622 816
622 894
623 624
623 625
623 626
623 627
623 628
623 629
623 630
623 786
623 912
623 939
624 625
624 627
624 628
624 629
624 630
624 775
624 780
624 889
625 626
625 629
625 678
625 686
625 821
626 627
626 628
626 952
626 985
627 630
627 691
627 739
627 805
627 868
627 892
628 629
628 630
628 670
628 679
628 722
628 754
628 775
628 895
628 956
629 688
630 694
630 719
630 853
630 866
630 871
631 632
631 633
631 634
631 636
631 637
631 638
631 639
631 791
631 803
632 633
632 636
632 637
632 638
632 639
632 640
633 634
633 635
633 636
633 638
633 640
633 673
633 786
633 943
633 978
634 635
634 636
634 637
634 638
634 640
634 700
634 752
634 848
635 636
635 637
635 638
635 639
635 647
635 902
636 638
636 639
636 640
636 668
636 747
637 639
637 640
637 726
637 750
637 796
637 881
637 902
637 924
638 761
638 817
638 884
638 908
638 950
639 640
639 647
639 713
639 749
639 900
639 908
639 984
639 996
640 703
640 726
640 977
641 643
641 644
641 645
641 646
641 647
641 648
641 649
642 644
642 645
642 647
642 648
642 649
642 650
642 798
642 932
643 644
643 645
643 646
643 648
643 649
643 650
643 657
643 681
643 719
643 751
643 828
643 885
643 969
643 992
644 645
644 646
644 648
644 649
644 777
644 848
645 646
645 647
645 649
645 650
645 880
645 897
645 998
646 647
646 648
646 649
646 650
646 924
646 983
647 648
647 649
647 651
647 687
647 744
647 817
647 853
647 959
648 649
648 650
648 658
648 665
648 737
648 738
648 748
648 820
648 955
649 650
649 693
649 739
649 942
650 693
651 652
651 653
651 655
651 656
651 657
651 658
651 659
651 660
651 797
651 842
651 991
652 653
652 654
652 656
652 657
652 660
652 898
653 654
653 655
653 657
653 659
653 660
653 707
653 829
653 837
653 873
653 927
654 657
654 658
654 659
654 660
654 735
654 765
654 788
654 855
654 884
654 886
655 656
655 657
655 658
655 659
655 660
655 667
655 760
655 781
655 858
655 927
656 657
656 658
656 660
656 703
656 823
656 849
656 931
656 974
657 658
657 659
657 660
657 814
657 918
658 659
658 660
658 753
659 891
659 1000
660 692
660 697
660 913
660 995
661 662
661 664
661 665
661 666
661 667
661 668
661 669
661 670
661 748
661 854
661 865
661 986
662 664
662 665
662 666
662 668
662 669
662 670
662 676
662 682
662 819
662 856
662 922
662 934
663 664
663 665
663 666
663 667
663 668
663 669
663 670
663 833
663 919
664 665
664 666
664 667
664 669
664 670
664 712
664 743
664 887
664 901
664 913
664 952
665 666
665 667
665 668
665 669
665 670
665 749
666 667
666 668
666 670
666 793
666 827
667 668
667 669
667 670
667 834
667 890
667 932
667 938
668 669
668 712
668 743
668 872
668 877
668 963
669 670
669 769
669 809
670 680
670 699
670 759
670 966
671 672
671 673
671 674
671 676
671 677
671 678
671 679
671 680
671 825
671 895
672 674
672 675
672 677
672 679
672 680
672 734
672 830
672 891
673 674
673 675
673 676
673 677
673 678
673 680
673 887
673 953
673 972
674 675
674 676
674 677
674 678
674 679
674 680
674 796
674 880
674 926
674 937
674 979
675 678
675 680
675 689
675 845
676 677
676 678
676 679
676 680
676 772
676 853
676 890
676 933
677 679
677 680
677 700
677 732
677 793
677 880
677 946
678 679
678 680
678 726
678 893
678 938
678 965
679 680
679 688
679 752
679 774
679 853
679 905
679 951
680 755
680 931
681 682
681 683
681 684
681 685
681 686
681 688
681 690
681 746
681 816
681 953
682 685
682 686
682 687
682 688
682 689
682 690
683 685
683 686
683 687
683 689
683 690
683 734
683 760
683 782
683 829
683 860
684 686
684 687
684 689
684 694
684 741
684 772
684 867
684 912
684 920
684 935
684 941
685 686
685 687
685 688
685 689
685 870
685 883
685 925
685 931
686 687
686 688
686 689
686 690
686 744
686 769
686 804
687 688
687 689
687 690
687 715
687 766
687 807
687 863
687 955
688 689
688 690
688 911
689 690
689 746
689 795
689 951
690 779
690 784
690 834
691 692
691 693
691 694
691 696
691 697
691 698
691 699
691 700
691 882
691 947
692 693
692 695
692 696
692 697
692 698
692 699
692 700
692 785
693 694
693 695
693 696
693 697
693 698
693 700
693 779
693 895
694 695
694 696
694 697
694 700
694 732
694 746
694 801
694 869
694 953
695 696
695 697
695 698
695 700
695 776
695 813
695 907
695 944
695 962
695 975
696 697
696 698
696 700
696 773
697 698
697 699
697 830
698 699
698 700
698 718
699 700
699 704
699 799
699 866
699 967
699 972
700 821
700 822
700 930
701 702
701 703
701 705
701 708
701 710
701 760
701 795
701 815
702 703
702 705
702 706
702 707
702 708
702 710
702 757
702 763
702 816
702 830
702 854
702 949
703 704
703 708
703 709
703 710
703 960
704 705
704 706
704 707
704 708
704 709
704 710
704 761
704 857
704 894
704 914
705 706
705 707
705 708
705 709
705 950
706 707
706 708
706 709
706 710
706 752
706 772
706 796
706 838
706 874
706 908
707 709
707 710
707 743
707 955
708 709
708 710
708 780
708 789
708 808
708 835
708 883
709 710
709 770
709 790
709 825
709 882
709 910
709 915
710 927
711 712
711 713
711 714
711 715
711 716
711 717
711 718
711 719
711 720
712 713
712 714
712 715
712 716
712 717
712 718
712 719
712 777
712 840
713 714
713 715
713 717
713 718
713 719
713 755
713 775
713 852
713 861
714 716
714 717
714 719
714 720
714 756
714 771
714 855
714 895
714 936
715 716
715 717
715 718
715 719
715 720
715 745
715 816
715 843
715 878
716 717
716 719
716 720
716 840
716 866
716 935
716 1000
717 718
717 719
717 720
717 797
717 833
717 977
718 719
718 726
718 858
718 929
719 720
720 734
720 850
721 722
721 723
721 724
721 725
721 726
721 727
721 728
721 729
721 730
721 747
721 752
721 797
721 820
721 959
722 724
722 726
722 727
722 728
722 729
722 730
722 753
722 757
722 891
722 905
723 724
723 725
723 727
723 729
723 829
723 858
723 984
724 725
724 726
724 727
724 728
724 729
724 730
724 933
724 993
725 727
725 728
725 729
725 730
725 758
725 870
726 727
726 728
726 730
726 765
726 975
727 728
727 729
727 730
727 772
727 968
727 976
728 729
728 730
728 821
728 910
728 974
729 730
729 735
729 765
729 831
729 912
729 985
730 779
730 973
731 732
731 733
731 734
731 735
731 736
731 737
731 738
731 739
731 740
731 776
731 779
731 799
731 863
731 865
731 902
731 934
732 733
732 735
732 740
733 734
733 736
733 739
733 740
733 804
734 735
734 736
734 737
734 738
734 739
734 740
734 812
734 829
734 989
734 996
735 737
735 738
735 739
735 822
735 943
736 737
736 739
736 740
736 786
736 916
736 999
737 738
737 739
737 740
737 864
737 978
738 739
738 740
738 754
739 740
739 879
739 996
740 781
740 883
740 906
740 977
741 742
741 743
741 744
741 746
741 748
741 749
741 750
741 759
741 790
741 863
742 743
742 744
742 745
742 746
742 747
742 748
742 749
742 750
742 792
742 833
742 929
742 955
743 744
743 746
743 747
743 748
743 749
743 750
743 764
743 876
744 745
744 746
744 747
744 748
744 749
744 750
744 955
745 746
745 747
745 749
745 750
746 747
746 749
746 750
746 861
746 947
746 973
747 749
747 791
747 806
748 749
748 750
748 751
748 761
748 778
748 800
749 750
749 755
749 778
749 937
749 949
750 822
750 846
750 860
750 867
751 753
751 754
751 755
751 756
751 757
751 758
751 759
751 760
751 780
752 753
752 754
752 755
752 756
752 757
752 758
752 759
752 760
752 915
752 953
753 754
753 755
753 757
753 758
753 921
753 988
754 755
754 756
754 757
754 758
754 760
754 807
754 854
754 895
755 756
755 757
755 758
755 759
755 760
755 782
755 836
755 975
756 757
756 758
756 759
756 760
756 785
757 758
757 759
757 760
757 764
757 846
758 759
758 760
758 902
758 908
759 760
759 828
759 844
760 773
760 860
760 911
760 916
761 762
761 764
761 765
761 766
761 767
761 768
761 769
761 770
761 897
761 953
761 987
761 995
762 763
762 764
762 765
762 766
762 767
762 768
762 769
763 764
763 767
763 768
763 769
763 770
763 785
763 898
763 929
763 956
764 765
764 766
764 767
764 768
764 769
764 770
764 967
765 766
765 769
765 830
765 956
766 767
766 768
766 770
766 806
766 834
767 769
767 804
767 827
767 835
767 975
768 827
768 970
769 770
769 773
769 937
769 980
770 828
770 843
771 773
771 774
771 775
771 776
771 777
771 780
771 799
771 974
772 773
772 774
772 776
772 777
772 779
772 780
772 804
772 824
772 867
772 942
773 774
773 775
773 777
773 778
773 779
773 780
773 880
773 917
774 775
774 776
774 777
774 778
774 779
774 780
775 780
775 864
775 958
776 777
776 778
776 779
776 780
776 808
776 831
777 778
777 779
777 780
777 831
777 857
777 882
778 780
778 928
778 994
779 780
779 1000
780 901
780 934
781 782
781 783
781 784
781 785
781 786
781 787
781 788
781 790
782 783
782 784
782 785
782 786
782 787
782 788
782 789
782 828
782 957
782 983
783 784
783 785
783 786
783 787
783 788
783 789
783 790
784 785
784 786
784 787
784 789
784 790
784 806
785 786
785 787
785 788
785 789
786 787
786 788
786 789
786 790
786 912
786 917
787 789
787 790
787 932
788 790
788 869
788 902
788 904
788 989
789 844
789 971
791 792
791 793
791 794
791 795
791 796
791 798
791 799
791 800
791 917
791 925
791 943
791 959
791 980
792 793
792 794
792 796
792 797
792 799
792 800
792 959
793 794
793 795
793 796
793 797
793 798
793 799
793 800
793 865
793 872
794 795
794 796
794 797
794 798
794 799
794 826
794 849
794 939
794 984
795 796
795 797
795 841
795 866
796 797
796 798
796 800
796 822
796 917
796 975
797 798
797 799
797 800
797 915
797 928
797 974
798 799
798 800
798 845
798 984
798 989
798 993
799 800
799 835
799 842
799 850
799 900
799 960
800 843
800 845
800 960
800 1000
801 802
801 804
801 805
801 806
801 809
801 810
801 953
801 959
802 803
802 804
802 805
802 806
802 807
802 809
802 810
802 920
803 807
803 808
803 810
803 843
803 941
803 950
804 806
804 807
804 809
804 810
805 806
805 808
805 809
805 810
805 852
805 891
805 914
805 998
806 807
806 809
806 810
806 851
806 966
807 808
807 809
807 810
807 844
807 872
807 903
807 938
808 809
808 864
808 865
809 817
809 872
809 898
810 944
810 953
811 812
811 813
811 816
811 817
811 818
811 819
812 813
812 814
812 816
812 817
812 818
812 819
812 820
812 829
812 973
813 814
813 815
813 816
813 817
813 818
813 819
813 820
813 867
814 815
814 817
814 818
814 819
814 820
814 868
814 886
814 914
815 816
815 819
815 820
815 855
815 970
815 997
816 817
816 818
816 820
816 849
817 818
817 819
817 820
817 876
817 988
818 819
818 820
818 886
818 998
819 904
819 926
820 841
820 870
821 822
821 823
821 824
821 825
821 826
821 827
821 829
821 830
821 962
821 974
821 979
821 987
822 823
822 825
822 826
822 827
822 828
822 829
822 830
822 892
822 946
823 824
823 825
823 826
823 827
823 828
823 829
823 830
823 837
823 928
823 942
823 969
823 973
824 825
824 826
824 827
824 828
824 829
824 830
824 842
824 924
825 826
825 827
825 829
825 830
825 841
826 827
826 829
826 830
826 856
826 872
827 828
827 829
827 830
827 910
827 949
828 830
828 940
829 830
829 907
830 840
830 864
830 912
830 919
831 832
831 833
831 835
831 836
831 837
831 838
831 839
831 840
832 836
832 837
832 839
832 840
832 870
832 977
832 981
832 992
833 835
833 836
833 839
833 840
833 927
833 955
834 835
834 836
834 838
834 839
834 840
834 869
834 963
835 837
835 838
835 839
835 840
835 984
835 994
836 837
836 839
836 840
836 863
837 838
837 839
837 840
837 867
837 872
838 840
838 962
838 971
839 840
839 907
840 927
841 843
841 844
841 845
841 846
841 847
841 848
841 849
841 850
841 851
842 843
842 845
842 846
842 847
842 849
842 850
842 908
843 844
843 845
843 846
843 850
843 854
843 880
843 926
844 845
844 846
844 847
844 848
844 849
844 850
844 925
845 847
845 848
845 849
845 850
845 887
845 915
846 847
846 849
846 850
846 880
846 938
846 962
847 848
847 849
847 850
848 849
848 850
849 850
849 981
849 985
851 853
851 854
851 856
851 857
851 858
851 859
851 860
852 854
852 855
852 856
852 857
852 858
852 860
852 993
853 855
853 856
853 857
853 858
853 859
853 860
853 881
853 968
854 856
854 858
854 859
855 856
855 857
855 858
855 859
855 860
855 880
856 858
856 859
856 860
856 907
856 930
857 858
857 859
857 860
857 939
857 959
858 859
858 915
858 922
859 860
859 891
859 942
859 990
860 930
860 935
861 862
861 863
861 864
861 865
861 866
861 867
861 869
861 870
861 908
861 936
862 863
862 864
862 866
862 868
862 869
862 942
862 997
863 866
863 867
863 868
863 869
863 870
863 885
863 925
863 969
864 865
864 866
864 867
864 868
864 870
865 867
865 868
865 869
865 870
865 900
865 998
866 867
866 868
866 869
866 870
866 916
867 869
867 870
867 895
867 957
868 870
868 910
869 870
869 899
870 872
871 872
871 874
871 876
871 877
871 878
871 879
871 880
871 900
871 937
872 874
872 875
872 879
872 880
872 917
873 874
873 878
873 880
874 875
874 876
874 877
874 878
874 879
874 880
874 903
875 876
875 877
875 879
875 880
875 972
875 992
876 877
876 879
876 880
876 956
876 984
877 878
877 879
877 880
878 879
878 880
878 945
878 970
879 880
879 896
881 883
881 884
881 886
881 887
881 888
881 890
881 915
882 883
882 885
882 886
882 887
882 888
882 889
882 890
883 884
883 885
883 886
883 887
883 888
883 889
883 890
883 924
883 991
884 885
884 886
884 887
884 888
884 889
884 970
885 886
885 887
885 888
885 889
886 888
886 889
887 888
887 890
889 890
889 979
890 896
890 979
890 990
891 892
891 893
891 895
891 896
891 897
891 899
891 949
892 893
892 894
892 895
892 896
892 897
892 898
892 899
892 973
893 894
893 896
893 897
893 898
894 895
894 896
894 898
894 899
894 900
895 896
895 897
895 898
895 899
895 900
895 989
896 898
896 899
896 900
896 910
896 922
896 978
897 899
897 900
897 935
898 899
898 900
898 981
899 900
899 927
900 995
901 903
901 905
901 907
901 908
901 909
901 910
902 903
902 905
902 906
902 907
902 909
902 910
902 946
902 965
903 905
903 906
903 907
903 909
903 914
904 905
904 906
904 907
904 908
904 909
904 910
904 991
905 906
905 907
905 908
905 909
905 910
906 907
906 908
906 976
906 997
907 908
907 909
907 910
908 909
908 910
909 910
909 970
910 950
910 979
911 912
911 914
911 915
911 916
911 917
911 918
911 919
911 920
911 988
912 913
912 914
912 915
912 916
912 917
912 918
912 919
912 920
912 949
913 914
913 915
913 916
913 917
913 918
913 919
913 920
913 971
914 916
914 917
914 918
914 919
914 920
914 926
914 987
915 916
915 917
915 918
915 919
915 920
915 942
915 981
916 918
916 919
916 920
916 925
916 950
917 919
918 920
918 957
919 920
921 922
921 923
921 924
921 925
921 926
921 929
921 930
921 996
922 923
922 924
922 925
922 926
922 928
922 929
922 930
922 976
922 978
922 998
923 925
923 926
923 927
923 928
923 929
923 930
924 925
924 926
924 928
924 973
925 927
925 928
925 929
925 930
925 964
926 927
926 929
926 930
926 947
926 965
927 929
927 930
927 941
928 929
928 930
928 958
929 930
929 945
929 958
930 951
930 973
931 932
931 934
931 935
931 936
931 937
931 938
931 939
931 940
931 989
932 934
932 935
932 936
932 937
932 938
932 939
932 940
932 957
933 934
933 936
933 937
933 938
933 939
934 935
934 937
934 938
934 939
934 940
935 936
935 937
935 938
935 940
935 986
936 937
936 938
936 939
936 940
936 957
936 966
936 977
937 938
937 939
937 940
937 983
938 939
938 940
938 997
939 940
941 942
941 943
941 944
941 945
941 946
941 947
941 948
941 950
941 970
942 943
942 945
942 946
942 947
942 948
942 949
942 950
943 944
943 945
943 946
943 947
943 949
943 950
943 987
944 945
944 947
944 948
944 950
944 969
945 947
945 949
945 981
945 983
946 947
946 948
946 966
946 982
947 948
947 949
947 950
947 955
948 949
948 950
948 962
951 952
951 955
951 956
951 957
951 960
951 992
952 953
952 954
952 955
952 956
952 958
952 959
952 960
953 954
953 956
953 957
953 958
953 960
954 955
954 956
954 957
954 960
954 966
954 971
954 983
955 956
955 957
955 958
955 959
955 960
955 973
956 957
956 958
956 959
956 960
957 958
957 959
957 960
958 960
959 960
960 983
961 962
961 963
961 964
961 966
961 967
961 968
961 970
961 976
962 963
962 965
962 966
962 967
962 970
963 966
963 967
963 968
963 969
964 966
964 967
964 968
964 969
964 970
965 966
965 967
965 968
965 969
966 967
966 968
966 969
966 970
966 980
967 968
967 990
968 969
969 970
969 995
971 972
971 973
971 974
971 975
971 976
971 977
971 978
971 979
971 980
972 973
972 974
972 975
972 976
972 978
972 979
972 988
973 974
973 975
973 976
973 977
973 978
973 980
973 995
974 975
974 976
974 977
974 978
974 979
974 980
975 976
975 977
975 978
975 979
976 977
976 979
976 980
977 978
977 979
977 980
978 979
978 980
978 991
979 980
981 984
981 985
981 987
981 988
981 989
981 990
982 984
982 985
982 986
982 987
982 988
982 989
982 990
983 984
983 985
983 986
983 987
983 989
984 985
984 986
984 987
984 989
984 990
985 987
985 988
985 989
986 988
986 989
986 990
987 988
987 989
987 990
988 989
988 990
991 992
991 993
991 994
991 995
991 996
991 998
991 999
991 1000
992 993
992 994
992 995
992 997
992 998
992 999
992 1000
993 994
993 995
993 997
993 998
993 999
993 1000
994 995
994 996
994 997
994 998
994 999
994 1000
995 996
995 997
995 998
995 999
995 1000
996 997
996 998
997 998
997 999
998 999
998 1000
999 1000
