1000 8584
1 2
1 6
1 8
1 9
1 10
1 36
1 72
1 393
1 427
1 430
1 556
1 635
1 730
1 808
1 920
1 996
2 3
2 4
2 5
2 9
2 128
2 137
2 365
2 585
2 840
2 926
2 959
2 960
2 978
3 4
3 5
3 6
3 7
3 8
3 9
3 10
3 18
3 96
3 100
3 338
3 353
3 376
3 517
3 620
3 706
3 723
3 812
3 970
4 5
4 6
4 7
4 8
4 33
4 127
4 143
4 217
4 232
4 556
4 623
4 631
4 669
4 733
4 762
4 813
4 887
4 938
4 960
5 6
5 9
5 92
5 446
5 582
5 598
5 625
5 786
5 787
6 7
6 8
6 9
6 60
6 261
6 501
6 506
6 566
6 664
6 715
6 899
7 8
7 9
7 10
7 95
7 225
7 344
7 365
7 459
7 603
7 905
8 9
8 18
8 120
8 393
8 538
8 711
8 726
8 795
8 828
8 876
8 950
9 207
9 326
9 390
9 479
9 632
9 706
9 728
9 882
9 889
10 120
10 128
10 183
10 235
10 291
10 666
10 675
10 757
11 12
11 13
11 14
11 16
11 17
11 18
11 19
11 20
11 35
11 56
11 196
11 478
11 560
11 795
11 876
11 932
11 989
12 13
12 14
12 15
12 16
12 18
12 19
12 230
12 262
12 309
12 337
12 420
12 570
12 651
12 703
12 745
12 775
12 815
12 838
12 860
12 922
12 959
12 965
12 982
13 14
13 16
13 18
13 20
13 195
13 377
13 426
13 457
13 652
13 681
13 737
13 873
14 15
14 16
14 17
14 18
14 20
14 99
14 100
14 200
14 238
14 334
14 541
14 633
14 757
14 776
15 16
15 17
15 18
15 19
15 20
15 60
15 185
15 493
15 753
15 809
15 865
16 17
16 18
16 19
16 20
16 94
16 146
16 517
16 591
16 622
16 628
16 820
16 948
17 18
17 19
17 38
17 88
17 177
17 378
17 483
17 824
17 851
17 952
18 19
18 20
18 159
18 245
18 275
18 339
18 353
18 815
18 831
18 893
19 20
19 247
19 581
19 591
19 592
19 633
19 860
20 30
20 196
20 334
20 497
20 513
20 609
20 643
20 705
20 755
20 773
20 803
20 921
20 949
21 22
21 24
21 25
21 26
21 28
21 29
21 30
21 45
21 196
21 245
21 361
21 376
21 391
21 393
21 510
21 769
21 788
21 895
21 897
22 23
22 24
22 26
22 27
22 29
22 30
22 179
22 243
22 369
22 512
22 898
22 971
22 974
23 25
23 26
23 27
23 28
23 30
23 80
23 86
23 274
23 344
23 379
23 430
23 653
23 699
23 705
23 736
23 807
23 860
23 885
24 26
24 27
24 28
24 29
24 30
24 100
24 163
24 261
24 817
24 843
25 26
25 28
25 30
25 63
25 167
25 278
25 724
26 27
26 28
26 30
26 230
26 264
26 292
26 401
26 430
26 456
26 530
26 706
26 754
26 809
26 817
26 917
27 28
27 29
27 125
27 172
27 558
27 590
27 776
27 901
27 959
28 29
28 44
28 285
28 335
28 387
28 394
28 456
28 620
28 684
28 808
28 846
28 898
28 986
29 34
29 90
29 213
29 244
29 294
29 367
29 521
30 63
30 138
30 145
30 291
30 307
30 539
30 637
30 732
30 818
30 943
31 32
31 33
31 34
31 35
31 37
31 38
31 39
31 40
31 163
31 187
31 241
31 382
31 425
31 493
31 515
31 546
31 641
31 729
31 977
31 1000
32 33
32 34
32 35
32 36
32 37
32 38
32 40
32 133
32 150
32 224
32 230
32 400
32 570
32 721
32 807
32 938
33 35
33 36
33 37
33 38
33 39
33 40
33 173
33 265
33 287
33 445
33 486
33 749
34 35
34 39
34 40
34 153
34 244
34 442
34 465
34 627
34 712
34 745
34 774
34 800
34 890
35 36
35 37
35 38
35 39
35 40
35 42
35 72
35 96
35 245
35 354
35 373
35 394
35 448
35 454
35 471
35 492
35 498
35 885
36 37
36 38
36 39
36 40
36 124
36 358
36 407
36 420
36 489
36 546
36 572
36 632
36 674
36 682
36 743
36 762
36 851
36 933
36 937
36 987
36 993
37 123
37 214
37 244
37 513
37 626
37 633
37 740
37 766
37 925
37 937
37 959
38 40
38 49
38 71
38 87
38 194
38 238
38 289
38 608
38 625
38 636
38 677
38 697
38 813
38 833
38 918
38 991
39 40
39 208
39 348
39 545
39 603
39 639
39 721
39 797
39 798
39 876
39 878
39 885
40 51
40 85
40 108
40 217
40 251
40 305
40 317
40 381
40 682
40 722
40 827
40 911
40 946
40 963
40 976
41 42
41 43
41 44
41 45
41 46
41 47
41 49
41 50
41 83
41 133
41 178
41 184
41 218
41 258
41 548
41 786
41 852
42 43
42 44
42 45
42 46
42 47
42 48
42 49
42 50
42 66
42 262
42 390
42 412
42 459
42 588
42 618
42 713
42 715
42 880
42 941
43 44
43 45
43 47
43 48
43 49
43 50
43 205
43 216
43 249
43 286
43 375
43 492
43 840
43 861
43 963
43 974
44 45
44 46
44 47
44 50
44 303
44 326
44 340
44 431
44 667
45 46
45 47
45 48
45 50
45 80
45 120
45 128
45 143
45 489
45 626
45 717
45 784
45 923
45 944
46 47
46 48
46 50
46 166
46 282
46 441
46 446
46 721
46 746
46 777
46 824
46 929
46 973
47 48
47 49
47 50
47 55
47 411
47 548
47 733
47 765
47 832
48 49
48 50
48 76
48 81
48 325
48 436
48 679
48 737
48 841
49 161
49 183
49 194
49 213
49 352
49 550
49 675
49 784
49 926
50 61
50 75
50 98
50 134
50 165
50 200
50 314
50 387
50 509
50 527
50 545
50 655
50 658
50 659
50 678
50 799
50 804
50 932
51 52
51 53
51 54
51 55
51 57
51 58
51 59
51 60
51 69
51 134
51 208
51 237
51 426
51 466
51 507
51 530
51 580
51 714
52 53
52 55
52 56
52 57
52 58
52 59
52 60
52 203
52 436
52 461
52 462
52 657
52 728
52 740
52 873
52 937
53 54
53 55
53 56
53 57
53 58
53 59
53 60
53 280
53 468
53 496
53 621
53 680
53 751
53 770
53 946
53 977
54 55
54 56
54 58
54 59
54 83
54 141
54 281
54 511
54 742
54 749
54 793
55 56
55 57
55 58
55 59
55 60
55 312
55 323
55 461
55 725
55 755
55 913
55 985
55 1000
56 57
56 58
56 60
56 62
56 182
56 237
56 313
56 398
56 531
56 835
56 846
56 870
56 945
56 968
57 59
57 60
57 74
57 275
57 410
57 434
57 557
57 639
57 853
57 946
57 972
58 59
58 60
58 402
58 412
58 484
58 495
58 786
58 888
58 922
58 930
58 984
59 60
59 141
59 289
59 352
59 460
59 633
59 684
59 697
59 724
59 809
59 900
59 943
60 102
60 246
60 297
60 335
60 371
60 749
60 750
60 810
60 955
61 62
61 63
61 64
61 65
61 66
61 67
61 68
61 69
61 70
61 99
61 224
61 326
61 438
61 500
61 502
61 812
61 890
62 63
62 65
62 66
62 67
62 69
62 70
62 117
62 118
62 394
62 408
62 441
62 445
62 573
62 636
62 643
62 765
62 773
62 843
62 952
63 64
63 65
63 66
63 67
63 69
63 70
63 246
63 302
63 533
63 677
63 914
64 65
64 67
64 68
64 70
64 135
64 143
64 168
64 204
64 275
64 366
64 379
64 410
64 494
64 749
64 817
64 840
64 973
64 985
64 990
65 66
65 68
65 69
65 70
65 112
65 117
65 180
65 250
65 369
65 429
65 453
65 528
65 626
65 721
65 865
65 879
65 973
66 67
66 68
66 145
66 177
66 199
66 208
66 305
66 409
66 479
66 495
66 630
66 843
66 971
67 69
67 70
67 175
67 247
67 420
67 448
67 502
67 690
67 792
67 868
68 69
68 70
68 174
68 184
68 210
68 235
68 629
68 652
68 796
68 821
68 866
68 888
68 925
69 70
69 337
69 375
69 381
69 416
69 426
69 524
69 704
69 718
69 724
69 727
70 187
70 362
70 443
70 512
70 630
70 639
70 741
70 854
71 72
71 73
71 74
71 76
71 79
71 80
71 110
71 153
71 528
71 559
71 686
71 730
71 971
72 73
72 74
72 75
72 76
72 77
72 78
72 79
72 80
72 86
72 138
72 264
72 275
72 301
72 320
72 352
72 472
72 550
72 572
72 797
72 829
72 852
72 863
72 894
73 74
73 75
73 76
73 77
73 78
73 80
73 115
73 174
73 241
73 514
73 633
73 673
73 865
74 75
74 76
74 77
74 78
74 79
74 80
74 91
74 126
74 195
74 212
74 223
74 281
74 461
74 480
74 631
74 661
74 674
74 736
74 816
75 76
75 77
75 78
75 79
75 80
75 82
75 222
75 256
75 296
75 392
75 755
75 876
75 984
76 78
76 79
76 80
76 181
76 280
76 283
76 342
76 465
76 590
76 638
76 798
77 78
77 80
77 103
77 107
77 180
77 186
77 356
77 441
77 594
77 653
77 684
77 866
77 895
78 79
78 80
78 93
78 183
78 318
78 406
78 449
78 511
78 733
78 864
78 961
78 992
79 80
79 201
79 377
79 598
79 719
79 749
79 798
79 815
79 825
79 924
80 168
80 206
80 208
80 535
80 558
80 604
80 688
80 848
81 84
81 85
81 86
81 88
81 89
81 101
81 142
81 215
81 393
81 774
81 916
81 920
81 971
81 975
82 83
82 84
82 85
82 86
82 87
82 88
82 89
82 90
82 330
82 334
82 338
82 352
82 360
82 459
82 626
82 698
82 746
82 915
83 84
83 85
83 87
83 88
83 89
83 136
83 152
83 362
83 459
83 460
83 618
83 620
83 735
83 789
83 925
84 85
84 86
84 87
84 88
84 89
84 119
84 214
84 352
84 363
84 392
84 438
84 446
84 532
84 788
84 859
84 870
84 892
84 907
84 974
85 87
85 88
85 89
85 90
85 121
85 436
85 455
85 481
85 591
85 630
85 679
85 696
85 738
85 814
85 927
85 957
86 87
86 88
86 196
86 409
86 454
86 733
86 938
87 88
87 89
87 90
87 194
87 227
87 336
87 369
87 431
87 459
87 471
87 633
87 761
87 922
87 930
88 89
88 90
88 381
88 432
88 508
88 812
88 896
88 974
89 90
89 106
89 149
89 366
89 667
89 749
89 779
90 92
90 94
90 219
90 264
90 275
90 366
90 455
90 655
90 753
90 814
90 831
90 927
91 92
91 93
91 94
91 95
91 98
91 99
91 100
91 199
91 242
91 373
91 397
91 466
91 478
91 546
91 587
91 631
91 641
91 820
91 838
91 908
91 990
92 93
92 94
92 95
92 96
92 97
92 98
92 99
92 100
92 167
92 354
92 419
92 488
92 541
92 546
92 559
92 579
92 631
92 644
92 701
92 704
92 812
92 834
92 925
92 942
92 945
92 992
92 994
93 94
93 95
93 96
93 98
93 99
93 100
93 279
93 295
93 330
93 337
93 571
93 908
94 95
94 97
94 98
94 99
94 100
94 224
94 423
94 473
94 609
94 637
94 920
95 96
95 97
95 98
95 100
95 253
95 283
95 429
95 491
95 545
95 553
95 898
95 941
96 97
96 98
96 99
96 100
96 274
96 462
96 512
96 566
96 572
96 730
96 925
96 953
96 978
97 99
97 100
97 162
97 401
97 423
97 500
97 549
97 695
98 100
98 117
98 132
98 165
98 211
98 321
98 412
98 483
98 495
98 591
98 651
98 899
98 982
99 100
99 184
99 259
99 320
99 327
99 414
99 786
99 826
99 986
100 203
100 674
100 717
100 785
101 103
101 104
101 106
101 107
101 109
101 142
101 461
101 617
101 744
101 995
102 103
102 104
102 105
102 106
102 107
102 108
102 109
102 110
102 205
102 373
102 765
102 828
103 105
103 106
103 108
103 109
103 110
103 353
103 498
103 653
103 657
103 676
103 869
103 937
104 105
104 106
104 107
104 108
104 109
104 156
104 169
104 237
104 329
104 346
104 371
104 388
104 460
104 483
104 487
104 610
104 651
104 670
104 889
104 915
105 106
105 108
105 109
105 110
105 327
105 714
105 720
105 889
105 897
106 107
106 108
106 109
106 110
106 136
106 370
106 483
106 740
106 838
106 877
106 891
106 918
106 929
106 986
107 109
107 110
107 202
107 212
107 496
107 699
107 824
107 896
108 109
108 140
108 299
108 376
108 409
108 467
108 494
108 672
108 690
108 740
108 747
108 840
108 851
108 880
108 910
109 110
109 169
109 238
109 303
109 373
109 404
109 550
109 581
109 721
109 753
109 788
109 812
110 261
110 328
110 532
110 770
110 818
110 898
110 994
111 113
111 115
111 116
111 117
111 118
111 120
111 136
111 202
111 258
111 283
111 290
111 517
111 636
111 670
111 718
111 746
111 877
111 908
111 926
111 934
111 944
112 113
112 114
112 115
112 116
112 118
112 161
112 299
112 360
112 651
112 667
112 683
112 730
112 827
112 847
112 949
113 117
113 118
113 119
113 120
113 135
113 232
113 243
113 255
113 334
113 511
113 528
113 639
113 707
113 866
113 881
113 905
114 115
114 117
114 118
114 119
114 120
114 160
114 218
114 265
114 392
114 430
114 457
114 495
114 664
114 681
114 758
114 794
114 825
114 854
114 878
114 942
115 116
115 117
115 119
115 120
115 363
115 482
115 491
115 510
115 630
115 656
115 789
116 119
116 120
116 199
116 409
116 806
117 119
117 120
117 305
117 469
117 533
117 592
117 621
117 651
117 759
117 969
118 120
118 131
118 222
118 306
118 321
118 491
118 598
118 611
118 613
118 644
118 677
118 798
119 120
119 214
119 215
119 240
119 300
119 534
119 592
119 622
119 811
119 922
120 187
120 341
120 391
120 556
120 588
120 775
120 824
120 951
121 122
121 123
121 125
121 127
121 128
121 130
121 191
121 294
121 347
121 494
121 616
121 723
121 732
121 773
121 822
121 887
121 888
121 966
122 123
122 124
122 125
122 127
122 128
122 129
122 130
122 177
122 189
122 228
122 247
122 276
122 482
122 805
122 818
122 930
122 973
123 125
123 126
123 127
123 129
123 270
123 328
123 421
123 493
123 742
123 891
123 914
123 982
124 125
124 126
124 128
124 129
124 130
124 312
124 395
124 522
124 611
124 708
124 876
124 926
125 126
125 127
125 128
125 129
125 130
125 221
125 345
125 375
125 398
125 412
125 423
125 436
125 498
125 577
125 724
125 810
125 853
125 889
125 902
125 914
126 127
126 129
126 130
126 181
126 191
126 263
126 293
126 409
126 457
126 750
126 762
126 850
126 956
127 128
127 130
127 225
127 278
127 283
127 284
127 404
127 481
127 574
127 874
128 129
128 218
128 387
128 574
128 725
128 837
128 877
128 941
128 955
129 130
129 138
129 270
129 370
129 377
129 379
129 437
129 564
129 760
129 808
130 136
130 192
130 263
130 328
130 869
131 132
131 133
131 136
131 137
131 138
131 139
131 140
131 435
131 530
131 620
131 725
131 790
131 864
131 984
131 990
132 133
132 134
132 135
132 136
132 138
132 139
132 140
132 301
132 459
132 474
132 566
132 572
132 632
132 769
132 897
132 934
133 134
133 135
133 136
133 137
133 138
133 139
133 140
133 204
133 213
133 245
133 313
133 384
133 410
133 654
133 683
133 712
133 813
133 895
133 915
133 978
133 990
134 135
134 136
134 137
134 138
134 139
134 140
134 295
134 353
134 439
134 477
134 658
134 827
134 991
135 136
135 137
135 139
135 140
135 188
135 463
135 498
135 592
135 597
135 703
135 818
135 886
136 137
136 138
136 139
136 152
136 246
136 350
136 562
136 793
136 799
136 801
137 138
137 139
137 140
137 274
137 314
137 326
137 389
137 393
137 497
137 512
137 657
137 920
137 938
138 139
138 140
138 329
138 409
138 503
138 648
138 805
138 889
138 912
138 913
138 917
138 938
138 952
139 140
139 222
139 368
139 381
139 389
139 530
139 560
139 606
139 700
140 315
140 375
140 446
140 556
140 674
140 848
141 142
141 143
141 144
141 145
141 146
141 147
141 148
141 149
141 150
141 192
141 277
141 419
141 517
141 520
141 524
141 731
141 828
141 842
141 881
141 989
141 996
142 145
142 147
142 149
142 150
142 171
142 183
142 617
142 984
143 144
143 145
143 146
143 147
143 148
143 149
143 150
143 227
143 266
143 290
143 291
143 457
143 496
143 557
143 649
143 713
143 959
144 145
144 146
144 147
144 149
144 150
144 203
144 374
144 485
144 517
144 734
144 853
145 146
145 147
145 148
145 149
145 150
145 164
145 376
145 604
145 709
145 719
145 741
145 758
145 787
145 907
145 930
146 147
146 149
146 150
146 447
146 553
146 600
146 657
146 895
146 930
146 977
147 148
147 149
147 150
147 733
147 741
147 813
147 985
148 149
148 150
148 459
148 572
148 576
148 639
148 861
149 150
149 228
149 287
149 327
149 332
149 355
149 400
149 452
149 485
149 629
149 708
149 772
150 203
150 237
150 369
150 397
150 428
150 473
150 579
150 594
150 600
150 654
150 689
150 704
150 719
150 784
150 889
150 905
150 921
151 152
151 153
151 154
151 155
151 156
151 159
151 160
151 244
151 664
151 857
151 883
151 950
152 153
152 154
152 155
152 157
152 158
152 160
152 339
152 479
152 502
152 510
152 538
152 549
152 809
152 914
152 928
152 985
153 154
153 155
153 157
153 158
153 159
153 160
153 199
153 470
153 522
153 546
153 681
153 990
154 156
154 157
154 158
154 159
154 215
154 387
154 502
154 567
154 709
154 860
154 871
154 939
155 156
155 158
155 159
155 160
155 254
155 313
155 337
155 616
155 653
155 946
155 984
156 157
156 158
156 159
156 160
156 279
156 382
156 427
156 449
156 481
156 487
156 553
156 572
156 762
156 947
156 978
157 158
157 159
157 160
157 318
157 367
157 395
157 515
157 560
157 575
157 833
157 874
157 926
157 948
158 160
158 226
158 290
158 439
158 484
158 699
158 798
158 802
158 875
158 904
159 160
159 351
159 410
159 496
159 726
159 960
159 982
160 242
160 429
160 755
160 893
160 916
160 951
160 999
161 162
161 164
161 166
161 168
161 169
161 170
161 214
161 295
161 407
161 449
161 621
161 698
161 762
161 772
161 976
162 164
162 165
162 166
162 167
162 168
162 169
162 170
162 285
162 753
162 855
162 873
163 164
163 165
163 166
163 167
163 168
163 169
163 170
163 362
163 662
163 728
163 881
163 917
163 976
164 165
164 168
164 169
164 170
164 206
164 267
164 401
164 413
164 487
164 528
164 561
164 604
164 791
164 961
165 166
165 167
165 168
165 170
165 207
165 292
165 495
165 553
165 647
165 668
165 822
166 167
166 169
166 170
166 259
166 371
166 427
166 434
166 456
166 464
166 652
166 834
166 900
167 168
167 169
167 170
167 184
167 244
167 273
167 360
167 452
167 482
167 484
167 578
167 581
167 653
167 687
167 693
167 777
167 837
167 887
167 891
168 170
168 307
168 354
168 485
168 588
168 625
168 785
169 170
169 246
169 426
169 511
169 604
169 766
169 774
169 996
170 265
170 268
170 368
170 386
170 392
170 462
170 482
170 495
170 610
170 800
170 851
170 880
170 932
171 172
171 173
171 175
171 176
171 177
171 178
171 179
171 180
171 372
171 441
171 467
171 726
171 918
172 174
172 175
172 177
172 178
172 180
172 232
172 389
172 597
172 659
172 697
172 702
172 715
172 775
173 174
173 176
173 177
173 178
173 179
173 222
173 241
173 243
173 250
173 261
173 281
173 449
173 629
173 669
173 677
173 762
173 986
174 175
174 176
174 177
174 178
174 179
174 180
174 242
174 344
174 536
174 704
174 780
174 827
174 899
174 1000
175 176
175 178
175 179
175 180
175 183
175 536
175 553
175 595
175 960
176 177
176 178
176 179
176 180
176 198
176 260
176 284
176 299
176 349
176 370
176 382
176 391
176 579
176 730
176 876
176 964
176 991
177 178
177 179
177 201
177 222
177 330
177 413
177 582
177 595
177 671
177 723
177 855
177 857
178 179
178 180
178 366
178 494
178 537
178 580
178 932
179 180
179 197
179 301
179 372
179 449
179 459
179 606
179 699
179 740
179 781
179 783
179 910
179 924
179 928
179 935
179 943
180 240
180 317
180 331
180 381
180 501
180 957
180 979
181 182
181 184
181 185
181 186
181 187
181 188
181 189
181 217
181 343
181 350
181 469
181 604
181 747
181 780
181 841
181 903
182 183
182 184
182 190
182 312
182 414
182 557
182 563
182 633
182 870
183 184
183 185
183 186
183 187
183 188
183 190
183 241
183 415
183 509
183 890
183 960
184 185
184 186
184 188
184 189
184 190
184 260
184 309
184 334
184 394
184 415
184 489
184 638
184 714
185 187
185 188
185 189
185 245
185 445
185 531
185 612
185 760
185 805
186 188
186 190
186 247
186 401
186 564
186 611
186 627
186 707
186 814
186 973
186 998
187 189
187 192
187 321
187 417
187 443
187 476
187 532
188 189
188 190
188 222
188 292
188 534
188 625
188 679
188 895
188 951
188 958
189 190
189 389
189 397
189 584
189 593
189 728
189 779
189 818
189 932
190 523
190 642
190 729
190 893
190 963
191 192
191 193
191 195
191 197
191 198
191 200
191 340
191 351
191 448
191 466
191 544
191 677
191 820
191 943
192 193
192 194
192 195
192 196
192 198
192 199
192 200
192 266
192 296
192 410
192 460
192 896
192 915
192 963
193 194
193 195
193 196
193 197
193 198
193 200
193 266
193 463
193 544
193 557
193 576
193 780
193 917
193 950
193 995
194 195
194 196
194 197
194 198
194 199
194 200
194 213
194 363
194 455
194 456
194 476
194 870
195 196
195 197
195 198
195 199
195 200
195 248
195 508
195 530
195 547
195 579
195 633
195 915
195 940
196 197
196 198
196 199
196 200
196 215
196 523
196 752
196 833
196 954
197 199
197 200
197 358
197 397
197 559
197 679
197 854
197 944
197 948
198 199
198 257
198 318
198 875
198 924
198 942
198 988
199 277
199 331
199 499
199 619
199 647
199 686
199 785
199 837
199 868
199 916
199 933
199 942
199 954
200 655
200 661
200 807
201 202
201 203
201 204
201 205
201 206
201 207
201 210
201 279
201 282
201 324
201 591
201 599
201 631
201 766
201 936
202 203
202 204
202 205
202 206
202 208
202 209
202 210
202 212
202 261
202 672
202 736
203 204
203 205
203 207
203 209
203 210
203 224
203 321
203 322
203 340
203 409
203 545
203 566
203 680
203 742
203 794
203 814
204 206
204 207
204 209
204 218
204 225
204 321
204 563
204 636
204 708
204 740
205 207
205 209
205 210
205 286
205 468
205 695
205 795
205 929
205 985
206 207
206 208
206 209
206 210
206 269
206 296
206 418
206 521
206 573
206 773
206 915
207 208
207 209
207 333
207 445
207 511
207 564
207 600
207 937
208 210
208 529
208 538
208 579
208 599
208 612
208 743
208 840
208 931
209 210
209 348
209 419
209 634
209 673
209 782
209 892
209 962
209 982
210 258
210 338
210 375
210 469
210 486
210 514
210 625
210 679
210 683
210 758
210 790
210 808
210 895
210 909
210 924
210 974
211 212
211 213
211 214
211 216
211 217
211 218
211 220
211 314
211 362
211 366
211 369
211 386
211 829
212 213
212 214
212 215
212 216
212 217
212 220
212 230
212 246
212 281
212 487
212 651
212 656
212 731
212 771
212 904
213 214
213 216
213 217
213 219
213 220
213 283
213 322
213 409
213 461
213 513
213 653
213 675
213 814
213 973
214 216
214 218
214 219
214 283
214 547
214 569
214 595
214 604
214 827
214 850
214 953
214 975
215 216
215 217
215 218
215 219
215 220
215 372
215 464
215 577
215 670
216 217
216 218
216 219
216 220
216 427
216 523
216 540
216 736
216 758
216 943
217 219
217 220
217 389
217 605
217 670
217 932
217 940
218 219
218 220
218 264
218 275
218 318
218 408
218 586
218 651
218 712
218 982
219 220
219 258
219 376
219 569
219 664
219 688
219 715
219 793
220 259
220 325
220 396
220 413
220 586
220 782
220 818
220 819
220 861
220 867
220 923
220 925
221 222
221 223
221 225
221 226
221 227
221 228
221 230
221 257
221 327
221 517
221 799
221 860
221 989
222 224
222 225
222 226
222 227
222 228
222 229
222 268
222 521
222 568
223 224
223 225
223 227
223 228
223 229
223 230
223 319
223 323
223 340
223 389
223 400
223 442
223 512
223 624
223 807
223 941
224 225
224 226
224 227
224 228
224 229
224 230
224 235
224 274
224 295
224 336
224 451
224 512
224 538
224 907
224 987
225 226
225 227
225 228
225 229
225 230
225 376
225 599
225 612
225 634
225 752
225 769
225 867
225 965
225 986
226 227
226 229
226 230
226 274
226 339
226 377
226 410
226 442
226 487
226 527
226 536
226 583
226 702
226 838
226 918
227 228
227 230
227 399
227 408
227 433
227 480
227 540
227 732
227 762
227 784
227 823
227 869
228 230
228 242
228 244
228 313
228 338
228 354
228 376
228 379
228 435
228 986
229 230
229 259
229 501
229 517
229 553
229 591
229 863
229 956
230 270
230 279
230 400
230 503
231 234
231 235
231 236
231 238
231 240
231 320
231 508
231 511
231 547
231 579
231 755
231 808
231 979
232 233
232 234
232 235
232 236
232 237
232 238
232 239
232 240
232 332
232 546
232 586
232 590
232 655
232 683
232 752
232 774
232 967
232 995
233 234
233 235
233 237
233 238
233 239
233 240
233 265
233 358
233 416
233 684
233 702
233 789
234 235
234 236
234 237
234 238
234 239
234 240
234 360
234 498
234 700
234 823
234 910
234 999
235 236
235 239
235 240
235 315
235 385
235 423
235 517
235 531
235 614
235 746
235 957
236 239
236 240
236 279
236 432
236 637
236 681
236 895
236 896
236 937
236 996
237 238
237 240
237 285
237 366
237 498
237 607
237 629
237 772
237 993
238 240
238 337
238 372
238 593
238 844
238 887
239 240
239 376
239 568
239 592
239 628
239 641
239 643
239 869
239 999
240 252
240 255
240 281
240 290
240 328
240 539
240 587
240 606
240 656
240 735
240 741
240 841
240 985
241 244
241 245
241 247
241 248
241 249
241 250
241 263
241 351
241 360
241 732
241 930
241 964
242 243
242 244
242 245
242 247
242 248
242 250
242 399
242 425
242 498
242 574
242 633
242 647
242 780
243 244
243 246
243 249
243 265
243 330
243 444
243 465
243 910
243 984
244 247
244 248
244 249
244 250
244 346
244 538
244 545
244 663
244 777
244 840
244 902
245 246
245 247
245 248
245 249
245 250
245 320
245 707
246 247
246 248
246 362
246 365
246 412
246 454
246 601
246 614
246 625
246 631
246 986
247 248
247 353
247 591
247 880
247 903
248 249
248 250
248 286
248 313
248 450
248 455
248 519
248 684
248 693
249 250
249 322
249 430
249 448
249 478
249 495
249 523
249 634
249 743
250 319
250 397
250 420
250 735
250 853
250 978
250 979
250 980
251 253
251 255
251 256
251 257
251 258
251 260
251 440
251 486
251 593
251 596
251 615
251 813
251 988
252 253
252 254
252 255
252 256
252 258
252 259
252 260
252 732
252 858
253 254
253 255
253 256
253 257
253 258
253 259
253 260
253 287
253 313
253 316
253 566
253 593
253 658
253 691
253 705
253 748
253 894
253 965
253 984
254 255
254 256
254 257
254 258
254 259
254 298
254 321
254 532
254 599
254 724
255 257
255 260
255 616
255 722
255 927
255 945
256 257
256 258
256 259
256 260
256 289
256 421
256 621
256 753
256 855
257 259
257 260
257 295
257 415
257 538
257 766
257 803
258 259
258 260
258 318
258 344
258 465
258 505
258 585
258 687
258 700
258 741
258 801
258 959
258 977
259 260
259 297
259 606
259 768
259 786
259 855
259 904
259 940
260 268
260 293
260 301
260 403
260 432
260 567
260 588
260 601
260 617
260 691
260 706
260 805
260 916
260 982
261 262
261 263
261 264
261 265
261 266
261 267
261 499
261 582
261 587
261 622
261 632
261 678
261 776
261 822
261 833
261 853
261 886
261 899
261 915
261 930
261 959
261 993
262 263
262 264
262 265
262 266
262 267
262 268
262 269
262 270
262 601
262 624
262 678
262 769
262 847
262 966
263 264
263 265
263 267
263 268
263 269
263 390
263 494
263 548
263 603
263 641
263 681
263 700
263 881
263 981
264 266
264 269
264 270
264 514
264 605
264 724
264 769
264 823
264 977
265 266
265 267
265 268
265 270
265 325
265 381
265 601
265 640
265 643
265 687
266 267
266 268
266 269
266 270
266 356
266 365
266 402
266 429
266 464
266 847
266 878
266 925
267 268
267 269
267 443
267 500
267 527
267 575
267 639
267 673
267 682
267 700
268 269
268 270
268 437
268 726
268 756
268 866
268 897
269 292
269 352
269 384
269 453
269 571
269 593
269 624
269 800
269 876
269 951
270 328
270 623
270 627
270 634
270 790
270 929
271 272
271 273
271 274
271 277
271 278
271 279
271 280
271 511
271 515
271 556
271 557
272 274
272 275
272 276
272 277
272 278
272 279
272 280
272 466
272 487
272 629
272 711
272 781
272 819
272 860
272 937
272 1000
273 274
273 275
273 276
273 277
273 278
273 279
273 280
273 297
273 751
273 806
273 809
273 865
274 275
274 276
274 278
274 279
274 345
274 415
274 439
274 540
274 644
274 670
275 276
275 277
275 278
275 279
275 280
275 393
275 597
275 755
275 778
275 807
275 970
276 277
276 278
276 280
276 310
276 353
276 520
276 625
276 823
276 986
277 278
277 279
277 280
277 377
277 429
277 555
277 581
277 628
277 892
277 935
277 939
277 957
278 279
278 337
278 385
278 520
278 735
278 825
279 280
279 591
279 663
279 849
279 951
280 344
280 345
280 358
280 384
280 401
280 512
280 547
280 548
280 579
280 609
280 688
280 716
280 904
280 929
280 935
281 282
281 283
281 284
281 285
281 286
281 287
281 288
281 289
281 290
281 431
281 737
281 814
281 854
281 870
281 936
281 948
282 283
282 285
282 286
282 287
282 288
282 289
282 415
282 434
282 578
282 697
282 767
282 806
282 824
282 924
282 930
283 285
283 287
283 288
283 290
283 322
283 324
283 386
283 416
283 418
283 527
283 547
283 646
283 752
283 998
284 285
284 286
284 288
284 289
284 290
284 473
284 552
284 689
284 817
284 920
285 289
285 290
285 336
285 418
285 434
285 472
285 552
285 591
285 600
285 654
285 757
285 977
286 287
286 288
286 289
286 290
286 373
286 437
286 459
286 525
286 934
286 983
287 288
287 289
287 290
287 633
287 724
287 876
287 912
288 289
288 290
288 305
288 541
288 795
288 927
288 946
289 290
289 396
289 463
289 498
289 522
289 819
289 914
289 996
290 815
290 888
290 895
290 929
290 955
290 963
291 292
291 293
291 294
291 295
291 296
291 297
291 298
291 299
291 300
291 309
291 382
291 389
291 443
291 495
291 652
291 719
291 722
291 793
291 840
292 293
292 295
292 296
292 297
292 298
292 300
292 423
292 537
292 570
292 579
292 668
292 671
292 738
292 789
292 911
293 294
293 295
293 296
293 297
293 298
293 299
293 300
293 558
293 750
293 861
293 899
293 926
293 976
293 978
294 297
294 298
294 299
294 405
294 474
294 576
294 580
294 605
294 669
294 701
294 714
294 883
294 905
294 914
295 296
295 298
295 299
295 300
295 490
295 844
295 921
295 952
295 997
296 297
296 298
296 299
296 302
296 634
296 675
296 874
296 922
296 983
297 298
297 299
297 300
297 371
297 514
297 597
297 630
297 938
297 941
297 942
298 299
298 300
298 560
298 611
298 721
298 883
299 480
299 488
299 503
299 546
299 700
299 701
299 761
299 856
300 350
300 427
300 445
300 447
300 501
300 682
300 712
300 851
300 863
301 302
301 303
301 304
301 305
301 306
301 307
301 308
301 309
301 336
301 468
301 495
301 895
302 303
302 304
302 305
302 306
302 308
302 309
302 310
302 377
302 384
302 584
302 622
302 744
303 305
303 306
303 307
303 308
303 376
303 385
303 403
303 424
303 994
304 305
304 306
304 309
304 310
304 406
304 617
304 671
305 306
305 308
305 309
305 310
305 473
305 653
305 677
305 861
305 895
306 307
306 308
306 310
306 352
306 388
306 555
306 589
306 771
306 817
306 895
307 308
307 309
307 310
307 313
307 413
307 513
307 724
307 811
307 988
308 309
308 310
308 532
308 557
308 586
308 660
308 711
308 727
308 849
308 864
308 984
309 310
309 351
309 381
309 385
309 520
309 595
309 713
309 969
309 983
310 355
310 367
310 572
310 579
310 628
310 713
310 727
310 731
310 794
310 842
310 902
311 312
311 313
311 314
311 315
311 316
311 317
311 318
311 320
311 354
311 620
311 629
311 633
311 705
311 760
311 962
311 1000
312 313
312 314
312 316
312 317
312 318
312 319
312 320
312 332
312 456
312 683
312 707
312 754
312 839
312 850
312 861
312 887
312 905
313 314
313 315
313 316
313 318
313 319
313 320
313 413
313 507
313 552
313 614
313 914
314 315
314 316
314 319
314 320
314 375
314 628
314 837
314 950
314 989
315 316
315 317
315 319
315 320
315 347
315 399
315 421
315 446
315 478
315 497
315 587
315 681
315 706
315 849
315 854
315 861
316 318
316 319
316 330
316 442
316 539
316 633
316 656
316 671
316 675
316 708
316 737
316 914
317 318
317 319
317 320
317 326
317 623
317 667
317 802
317 813
317 945
317 995
318 319
318 320
318 561
318 614
318 764
319 320
319 678
319 810
320 363
320 380
320 407
320 608
320 863
320 962
321 322
321 324
321 325
321 326
321 327
321 328
321 329
321 330
321 402
321 481
321 660
321 671
321 730
321 774
321 785
321 932
321 954
322 323
322 324
322 325
322 326
322 327
322 328
322 329
322 330
322 340
322 464
322 473
322 485
322 500
323 325
323 326
323 328
323 330
323 378
323 416
323 531
323 594
323 671
323 688
323 747
323 765
323 953
324 325
324 326
324 328
324 329
324 380
324 413
324 499
324 503
324 510
324 538
324 547
324 673
324 711
324 745
324 803
324 863
324 934
325 326
325 327
325 328
325 330
325 489
325 775
325 926
326 327
326 328
326 329
326 330
326 368
326 379
326 539
326 632
326 642
326 680
326 929
327 329
327 330
327 412
327 552
327 643
327 997
328 490
328 522
328 571
328 664
328 699
328 874
328 909
328 987
329 330
329 353
329 566
329 646
329 707
329 854
329 857
329 858
329 888
329 918
330 352
330 390
330 416
330 445
330 743
331 332
331 333
331 334
331 335
331 336
331 337
331 338
331 339
331 340
331 444
331 498
331 912
331 932
331 957
332 333
332 334
332 335
332 336
332 337
332 338
332 339
332 340
332 342
332 472
332 590
332 611
332 641
332 781
332 806
332 947
332 988
333 334
333 335
333 338
333 340
333 379
333 544
333 559
333 788
333 793
333 851
333 856
334 335
334 336
334 337
334 338
334 339
334 340
334 421
334 539
334 693
334 716
334 757
334 908
334 952
335 337
335 338
335 340
335 577
335 582
335 669
335 912
335 919
335 992
336 337
336 338
336 339
336 340
336 421
336 646
336 654
336 669
336 696
336 827
336 828
336 943
336 951
337 338
337 339
337 340
337 672
337 879
337 967
338 339
338 340
338 384
338 694
338 836
339 340
339 723
339 928
339 949
340 380
340 441
340 536
340 561
340 606
340 703
340 728
340 742
340 776
340 803
340 837
341 342
341 343
341 347
341 348
341 349
341 350
341 398
341 641
341 649
341 714
341 822
341 985
342 344
342 346
342 347
342 348
342 349
342 410
342 494
342 561
342 608
342 622
342 676
342 708
342 725
342 818
342 840
342 919
342 934
342 962
342 975
343 344
343 345
343 346
343 347
343 348
343 349
343 361
343 397
343 459
343 516
343 579
343 602
343 644
343 767
343 846
344 345
344 348
344 349
344 350
344 423
344 427
344 548
344 564
344 803
344 814
344 839
344 926
344 993
345 346
345 347
345 348
345 349
345 350
345 491
345 582
345 913
345 957
345 964
346 347
346 350
346 389
346 439
346 504
346 541
346 561
346 635
346 868
346 921
346 930
347 348
347 349
347 350
347 411
347 420
347 437
347 522
347 539
347 788
347 828
347 933
347 951
347 958
348 349
348 433
348 624
348 655
348 813
348 912
349 350
349 351
349 449
349 557
349 737
349 790
349 845
349 965
350 417
350 563
350 780
350 800
350 878
351 352
351 353
351 354
351 355
351 356
351 358
351 359
351 526
351 616
351 771
351 964
351 967
352 354
352 355
352 356
352 358
352 359
352 360
352 510
352 760
352 851
352 910
352 916
352 927
353 354
353 355
353 356
353 357
353 358
353 360
353 483
353 537
353 562
353 660
353 816
353 960
354 355
354 356
354 357
354 359
354 360
354 550
354 613
354 627
354 659
354 711
354 935
355 356
355 357
355 358
355 359
355 360
355 528
355 612
355 624
355 674
355 888
355 929
356 357
356 359
356 360
356 373
356 527
356 570
356 634
356 655
356 696
356 820
356 831
357 358
357 359
357 360
357 416
357 449
357 456
357 506
357 846
357 933
358 359
358 360
358 752
358 754
358 778
358 850
358 859
358 869
358 870
358 910
358 932
359 360
359 394
359 672
359 685
359 920
359 975
360 423
360 454
360 735
360 853
360 964
361 363
361 364
361 365
361 366
361 367
361 368
361 369
361 370
361 382
361 387
361 532
361 558
361 638
361 833
361 839
362 363
362 364
362 365
362 367
362 368
362 369
362 370
362 407
362 436
362 520
362 549
362 627
362 639
362 707
362 835
362 861
363 364
363 365
363 366
363 367
363 368
363 369
363 370
363 610
363 792
363 943
363 948
363 965
364 365
364 366
364 367
364 368
364 369
364 370
364 469
364 667
364 673
364 681
364 748
364 811
364 953
364 955
365 366
365 367
365 368
365 369
365 370
365 419
365 510
365 599
365 606
365 610
365 888
365 931
365 958
366 367
366 368
366 370
366 453
366 532
367 368
367 369
367 370
367 509
367 511
367 607
367 656
367 680
367 721
367 829
367 857
367 889
367 931
368 369
368 370
368 372
368 534
368 668
368 917
369 370
369 373
369 387
369 409
369 462
369 596
369 609
369 891
369 978
370 643
370 708
370 778
371 373
371 375
371 378
371 379
371 438
371 486
371 708
371 757
371 932
372 373
372 375
372 377
372 378
372 379
372 526
372 607
372 635
372 654
372 718
372 742
372 892
373 375
373 376
373 377
373 378
373 379
373 380
373 391
373 643
373 827
373 842
374 375
374 376
374 377
374 378
374 379
374 380
374 420
374 787
374 793
374 873
374 893
374 930
375 376
375 377
375 378
375 379
375 380
375 444
375 491
375 663
375 977
376 377
376 378
376 379
376 380
376 600
376 614
376 820
376 859
377 378
377 379
377 380
377 484
377 488
377 611
377 884
377 924
378 681
378 682
378 886
379 380
379 494
379 561
379 599
379 723
379 804
380 740
380 861
380 888
381 382
381 383
381 384
381 385
381 386
381 387
381 388
381 390
381 458
381 577
381 809
381 921
382 383
382 385
382 386
382 387
382 388
382 390
382 553
382 565
382 760
382 773
382 814
382 818
382 830
382 839
382 953
383 384
383 386
383 388
383 389
383 472
383 676
383 764
384 385
384 386
384 387
384 389
384 390
384 420
384 875
385 386
385 388
385 389
385 390
385 522
385 628
385 666
385 692
385 738
385 871
385 918
386 389
386 390
386 408
386 658
386 682
386 760
386 933
386 980
387 389
387 520
387 986
388 389
388 390
388 562
388 787
388 886
388 967
388 991
389 390
389 423
389 858
389 917
389 945
390 469
390 731
390 767
390 852
390 889
390 959
390 967
391 392
391 394
391 395
391 396
391 397
391 398
391 399
391 400
391 497
391 512
391 579
391 618
391 896
392 393
392 394
392 395
392 396
392 397
392 398
392 399
392 449
392 472
392 513
392 524
392 605
392 667
392 705
392 785
392 790
392 869
392 870
392 977
393 395
393 396
393 397
393 398
393 399
393 400
393 565
393 566
393 572
393 621
393 771
393 808
393 927
393 934
393 938
393 988
394 395
394 396
394 397
394 398
394 399
394 448
394 473
394 504
394 677
395 396
395 397
395 398
395 400
395 591
395 766
395 994
395 999
396 397
396 398
396 399
396 400
396 479
396 486
396 581
396 658
396 752
396 770
396 829
396 831
396 842
396 844
397 398
397 399
397 400
397 467
397 536
397 781
397 851
397 903
397 945
397 973
397 977
398 399
398 400
398 789
399 400
399 532
399 711
399 767
399 858
399 900
400 703
400 757
400 760
401 402
401 403
401 404
401 405
401 406
401 407
401 408
401 409
401 410
401 730
401 753
401 789
401 993
402 403
402 404
402 405
402 406
402 407
402 408
402 409
402 497
402 536
402 721
402 853
402 895
403 404
403 405
403 406
403 409
403 410
403 458
403 568
403 648
403 755
403 802
403 836
403 875
404 405
404 406
404 407
404 408
404 409
404 410
404 547
404 605
404 700
404 740
405 406
405 409
405 420
405 489
405 636
405 650
405 797
406 407
406 408
406 409
406 410
406 467
406 563
406 666
406 702
406 771
406 845
406 855
406 893
407 409
407 410
407 544
407 589
407 596
407 657
407 706
407 756
407 759
407 879
407 958
407 997
408 409
408 593
408 781
409 586
409 599
409 633
409 840
410 415
410 569
410 616
410 724
410 728
410 767
410 809
410 885
411 414
411 415
411 417
411 418
411 419
411 420
411 558
411 690
411 704
411 706
411 880
412 413
412 415
412 416
412 417
412 419
412 420
412 485
412 507
412 687
412 783
412 813
412 856
412 860
412 942
413 414
413 415
413 416
413 417
413 418
413 419
413 420
413 763
413 813
413 851
414 416
414 418
414 419
414 420
414 511
414 533
414 568
414 853
414 903
414 942
415 417
415 418
415 419
415 420
415 553
415 632
415 659
415 673
415 724
415 820
416 417
416 419
416 420
416 482
416 565
416 693
416 753
416 805
416 806
416 812
416 864
416 889
416 904
416 946
417 420
417 595
417 647
417 670
417 679
417 706
417 747
417 766
417 782
417 802
417 817
417 980
418 419
418 438
418 490
418 663
418 752
418 770
418 878
418 998
419 420
419 465
419 475
419 540
419 549
419 779
420 505
420 507
420 733
420 828
420 841
420 966
421 422
421 423
421 424
421 425
421 426
421 427
421 428
421 429
421 430
421 541
421 641
421 670
421 713
421 778
421 855
421 890
421 999
422 423
422 424
422 425
422 426
422 428
422 429
422 430
422 490
422 563
422 631
422 679
422 695
422 743
422 744
422 799
422 843
422 916
423 426
423 427
423 428
423 429
423 430
423 671
423 707
423 787
424 425
424 427
424 428
424 429
424 430
424 516
424 598
424 686
424 711
424 719
424 765
424 920
425 426
425 427
425 428
425 429
425 430
425 435
425 456
425 666
425 680
425 942
426 427
426 428
426 429
426 430
426 459
426 530
426 565
426 600
426 691
426 714
426 801
426 881
426 904
426 951
427 429
427 430
427 596
427 687
427 769
427 791
427 812
427 912
427 979
428 429
428 430
428 459
428 536
428 539
428 606
428 701
429 430
429 612
429 627
429 651
429 771
429 801
429 942
429 961
429 984
430 706
430 729
430 836
431 432
431 433
431 435
431 436
431 438
431 439
431 566
431 680
431 710
431 899
432 433
432 435
432 436
432 437
432 438
432 439
432 440
432 443
432 840
432 866
432 940
433 434
433 436
433 437
433 439
433 440
433 553
433 618
433 900
433 905
434 435
434 436
434 437
434 438
434 439
434 440
434 569
434 830
435 436
435 437
435 438
435 440
435 518
435 687
435 867
435 872
435 936
435 945
435 966
435 977
436 437
436 438
436 439
436 440
436 461
436 610
436 614
436 802
436 959
437 438
437 439
437 440
437 528
437 620
437 678
437 992
438 439
438 591
438 621
438 664
438 894
438 898
438 908
438 981
439 440
439 472
439 616
439 697
439 799
439 918
440 491
440 594
440 652
440 729
440 772
440 834
441 442
441 444
441 446
441 448
441 449
441 450
441 690
441 713
441 855
442 444
442 445
442 446
442 447
442 448
442 449
442 450
442 456
442 611
442 686
443 444
443 445
443 446
443 447
443 448
443 449
443 450
443 521
443 617
443 708
443 786
444 445
444 446
444 447
444 449
444 450
444 510
444 548
444 587
444 761
444 803
444 830
445 446
445 447
445 448
445 450
445 459
445 538
445 541
445 620
445 657
445 801
445 901
446 447
446 448
446 449
446 450
446 669
446 737
446 866
446 970
446 1000
447 448
447 449
447 466
447 565
447 817
447 861
447 895
447 907
448 449
448 450
448 452
448 477
448 514
448 550
448 632
448 760
448 822
448 950
449 450
449 522
449 551
449 562
449 684
449 959
450 467
450 526
450 774
450 828
450 929
451 452
451 454
451 455
451 456
451 457
451 458
451 459
451 570
451 653
451 676
452 454
452 455
452 456
452 457
452 458
452 460
452 577
452 693
452 763
452 783
452 805
452 832
452 924
452 993
453 455
453 456
453 457
453 459
453 460
453 568
453 590
453 606
454 455
454 456
454 457
454 459
454 460
454 741
454 757
454 831
454 923
454 946
455 456
455 457
455 458
455 459
455 537
455 657
455 725
455 798
455 800
456 457
456 458
456 459
456 460
456 597
456 609
456 665
456 762
456 789
456 804
456 835
456 912
456 917
457 459
457 460
457 578
457 672
457 798
457 949
458 459
458 460
458 494
458 546
458 642
458 651
459 460
459 693
459 718
459 734
459 764
459 979
460 489
460 525
460 563
460 626
460 675
461 462
461 464
461 465
461 466
461 468
461 470
461 748
461 811
461 945
462 463
462 464
462 465
462 467
462 468
462 469
462 470
462 719
462 757
462 762
462 776
462 807
462 863
462 894
463 464
463 466
463 468
463 469
463 470
463 686
463 721
463 880
463 955
464 465
464 466
464 468
464 469
464 471
464 545
464 660
464 725
464 899
464 932
464 945
465 466
465 467
465 468
465 469
465 470
465 625
465 669
465 720
465 830
465 877
465 935
466 469
466 470
466 487
466 587
466 727
466 880
467 468
467 469
467 470
467 511
467 523
467 547
467 557
467 597
467 610
467 664
467 809
468 470
468 541
468 656
468 743
468 748
468 888
468 917
469 470
469 561
469 704
470 494
470 503
470 541
471 472
471 473
471 474
471 476
471 477
471 478
471 479
471 616
471 705
471 711
471 775
471 798
471 836
471 904
471 950
472 473
472 474
472 475
472 476
472 477
472 478
472 479
472 480
472 494
472 526
472 539
472 825
472 860
472 867
473 474
473 475
473 476
473 477
473 479
473 480
473 557
473 662
473 672
473 735
473 807
473 810
473 830
473 870
473 901
473 926
474 475
474 476
474 477
474 478
474 480
474 540
474 758
474 928
475 476
475 477
475 479
475 566
475 678
475 679
475 692
475 843
475 860
475 995
476 477
476 479
476 480
476 489
476 491
476 539
476 563
476 680
476 738
476 798
476 933
477 478
477 479
477 617
477 768
477 801
477 977
478 479
478 480
478 569
478 630
478 816
478 818
478 825
478 859
478 996
479 854
480 548
480 617
480 679
480 774
480 806
480 824
480 948
481 482
481 483
481 484
481 486
481 487
481 488
481 489
481 490
481 494
481 567
481 764
481 782
481 790
481 865
482 483
482 484
482 485
482 486
482 487
482 488
482 489
482 490
482 522
482 546
482 642
482 645
483 484
483 485
483 487
483 488
483 489
483 490
483 561
483 668
483 692
483 740
483 748
483 828
484 486
484 487
484 488
484 489
484 508
484 558
484 609
484 692
484 717
484 771
485 486
485 488
485 713
485 860
485 929
485 944
486 487
486 488
486 489
486 490
486 580
486 594
486 611
486 655
486 686
486 779
486 801
486 963
486 979
487 488
487 489
487 490
487 971
488 489
488 490
488 499
488 588
488 733
488 811
488 842
488 941
489 490
489 617
489 743
489 838
489 868
489 880
489 896
490 556
490 580
490 628
491 492
491 493
491 495
491 496
491 497
491 498
491 500
491 514
491 565
491 603
491 647
491 777
491 817
491 862
491 959
491 969
492 493
492 494
492 495
492 496
492 497
492 498
492 499
492 500
492 509
492 588
492 621
492 664
492 767
492 823
493 494
493 495
493 496
493 498
493 500
493 730
493 919
494 496
494 497
494 499
494 500
494 551
494 921
494 931
495 496
495 497
495 498
495 499
495 500
495 519
495 570
495 595
495 785
495 802
496 498
496 499
496 500
496 666
496 784
496 813
496 842
496 854
496 893
496 967
497 498
497 500
497 539
497 689
497 712
497 713
497 714
497 867
497 944
497 957
498 499
498 500
498 520
498 524
498 712
498 756
498 764
499 500
499 549
499 596
499 653
499 742
499 921
499 974
500 558
500 567
500 599
500 601
500 787
500 807
500 813
500 986
501 502
501 503
501 504
501 505
501 506
501 507
501 508
501 510
501 646
501 724
501 738
501 749
501 752
501 784
501 876
501 985
502 503
502 504
502 505
502 506
502 508
502 509
502 510
502 732
502 741
502 767
502 933
502 983
503 504
503 505
503 506
503 507
503 508
503 509
503 530
503 615
503 673
503 984
504 505
504 506
504 507
504 508
504 509
504 510
504 519
504 539
504 603
505 506
505 507
505 508
505 509
505 510
505 516
505 534
505 872
505 891
506 507
506 508
506 509
506 510
506 600
506 638
506 641
506 798
506 826
506 880
506 910
506 952
506 983
507 508
507 509
507 510
507 521
507 744
507 801
507 815
508 509
508 612
508 684
508 877
508 892
508 896
509 510
509 603
509 691
509 797
509 858
509 983
510 730
510 733
510 765
511 512
511 513
511 514
511 515
511 516
511 517
511 519
511 520
511 842
511 873
511 927
512 513
512 514
512 516
512 517
512 518
512 519
512 520
512 653
512 751
512 804
512 962
513 514
513 515
513 516
513 517
513 520
513 526
513 634
513 672
513 742
513 966
513 997
513 1000
514 515
514 517
514 518
514 519
514 520
514 644
514 704
514 864
515 516
515 517
515 518
515 519
515 621
515 648
515 651
515 814
515 937
516 517
516 519
516 675
516 698
516 770
516 882
516 916
517 518
517 519
517 520
517 530
517 586
517 593
517 645
517 749
517 825
517 876
517 887
517 926
518 519
518 520
518 551
518 573
518 721
518 745
518 807
518 985
519 520
520 577
520 627
520 695
520 780
520 815
520 907
521 523
521 524
521 525
521 527
521 528
521 529
521 530
521 636
521 652
521 746
521 898
522 523
522 524
522 525
522 526
522 527
522 529
522 530
522 571
522 753
522 783
522 795
522 996
523 524
523 525
523 526
523 527
523 528
523 529
523 630
523 777
524 526
524 527
524 528
524 529
524 530
524 658
524 806
524 914
524 962
524 991
525 526
525 527
525 529
525 530
525 590
525 617
525 759
525 934
525 999
526 528
526 529
526 530
526 694
526 789
526 822
527 528
527 529
527 530
527 692
527 778
527 854
528 529
528 888
528 915
529 720
530 704
530 728
530 804
530 811
530 906
530 927
530 997
531 532
531 533
531 534
531 535
531 536
531 537
531 538
531 540
531 676
531 733
531 784
531 821
532 533
532 534
532 535
532 536
532 537
532 538
532 540
532 842
532 911
533 534
533 535
533 536
533 537
533 538
533 539
533 540
533 569
533 869
533 969
533 980
534 535
534 536
534 537
534 539
534 540
534 564
534 580
534 601
534 745
534 806
534 808
534 853
534 927
534 946
535 536
535 537
535 538
535 539
535 540
535 624
535 757
535 861
536 537
536 538
536 539
536 540
536 617
536 974
537 538
537 539
537 540
537 717
537 780
537 789
538 539
538 540
538 707
538 953
539 540
539 663
539 985
540 761
540 815
541 542
541 543
541 544
541 545
541 547
541 548
541 709
541 914
542 543
542 544
542 546
542 547
542 549
542 550
542 572
542 628
542 641
542 656
542 691
542 696
542 936
542 937
543 544
543 546
543 547
543 548
543 550
543 722
543 806
543 886
544 545
544 546
544 547
544 548
544 549
544 616
544 766
544 845
544 866
544 882
545 546
545 547
545 549
545 637
545 749
545 811
545 818
545 904
546 548
546 549
546 550
546 697
546 707
546 745
546 815
546 871
547 548
547 549
547 739
547 841
547 876
548 549
548 550
548 663
548 765
548 828
548 941
549 550
549 685
549 849
549 913
549 917
549 936
550 593
550 654
550 680
550 736
550 810
550 862
551 552
551 553
551 554
551 556
551 557
551 558
551 559
551 560
551 682
551 698
551 746
551 889
552 553
552 554
552 556
552 557
552 559
552 585
552 712
552 869
552 943
552 976
553 554
553 555
553 556
553 557
553 559
553 560
553 802
553 841
553 883
553 885
554 556
554 557
554 558
554 559
554 602
554 805
554 897
555 557
555 558
555 559
555 560
555 893
556 557
556 558
556 559
556 560
556 675
556 788
556 924
556 937
556 951
556 959
556 992
557 558
557 559
557 560
557 630
557 674
557 732
557 829
557 872
557 890
558 560
558 701
558 703
558 727
558 732
558 791
558 854
558 999
559 662
559 724
559 730
559 996
560 758
560 842
560 887
560 952
561 562
561 564
561 566
561 567
561 568
561 569
561 570
561 834
561 917
562 563
562 564
562 567
562 568
562 569
562 570
562 585
562 963
563 565
563 567
563 568
563 569
563 570
563 642
563 682
564 565
564 566
564 567
564 568
564 569
564 570
564 866
565 566
565 568
565 569
566 568
566 569
566 570
566 613
566 671
566 818
566 961
567 568
567 756
567 812
567 895
567 965
568 569
568 570
568 677
568 693
568 828
569 570
569 810
569 826
569 915
569 938
569 944
570 670
570 706
570 946
571 572
571 573
571 574
571 576
571 579
571 580
571 636
571 652
572 573
572 574
572 576
572 577
572 578
572 580
572 659
572 660
572 720
572 805
572 879
572 885
572 953
573 574
573 575
573 576
573 577
573 578
573 579
573 580
573 763
573 818
573 821
574 575
574 576
574 577
574 580
574 650
574 659
574 681
574 772
575 576
575 577
575 579
575 580
575 620
575 732
575 776
576 577
576 579
576 580
576 614
576 677
576 692
576 725
576 799
576 808
576 989
577 578
577 579
577 593
577 833
578 579
578 580
578 623
578 644
578 649
578 653
578 760
578 788
578 813
579 580
579 583
579 635
579 680
579 757
579 980
580 604
580 678
580 725
580 799
581 582
581 584
581 585
581 586
581 587
581 588
581 589
581 590
581 594
581 595
581 664
581 904
581 944
581 995
582 583
582 584
582 585
582 586
582 587
582 588
582 589
582 590
582 651
582 781
582 875
582 876
582 899
583 584
583 585
583 586
583 587
583 588
583 589
583 604
583 652
583 723
583 765
583 800
583 924
583 971
583 994
584 585
584 586
584 587
584 588
584 589
584 596
584 713
584 764
584 795
584 831
584 852
584 884
585 586
585 587
585 588
585 589
585 590
585 755
585 876
585 882
586 587
586 588
586 589
586 590
586 776
586 798
587 589
587 590
587 606
587 710
587 867
587 919
587 965
588 589
588 590
588 592
588 758
588 777
588 967
589 596
589 621
589 660
589 724
589 738
589 946
589 961
589 976
589 984
590 704
590 724
590 763
590 768
590 784
590 920
591 592
591 594
591 596
591 598
591 732
591 781
591 785
592 593
592 594
592 596
592 598
592 599
592 600
592 761
592 863
592 869
593 597
593 598
593 599
593 600
593 771
593 804
593 941
594 595
594 596
594 597
594 598
594 599
594 600
594 645
594 767
594 786
594 857
594 900
595 596
595 598
595 599
595 600
595 695
595 783
595 785
595 841
595 992
596 598
596 600
596 617
597 598
597 599
597 600
597 669
597 983
598 600
598 790
598 890
598 963
599 600
599 673
599 855
599 888
599 987
600 618
600 671
600 699
600 721
600 745
600 779
600 809
600 968
601 602
601 603
601 604
601 605
601 606
601 607
601 609
601 610
601 673
601 747
601 764
601 846
601 880
601 888
601 916
601 984
602 603
602 604
602 605
602 606
602 607
602 608
602 610
602 764
602 805
602 921
603 604
603 605
603 606
603 608
603 609
603 610
603 746
603 912
604 605
604 606
604 607
604 608
604 609
604 610
604 649
604 660
604 782
604 999
605 606
605 608
605 609
605 624
605 650
605 675
605 720
605 840
605 938
606 607
606 608
606 609
606 610
606 649
606 854
606 908
606 954
607 608
607 609
607 610
607 749
607 763
607 783
608 610
608 724
608 760
608 920
609 610
609 618
609 674
609 880
609 914
609 933
609 936
610 621
610 637
610 818
610 821
611 612
611 613
611 615
611 617
611 618
611 619
611 620
611 638
611 701
611 769
611 785
611 904
611 906
612 613
612 614
612 615
612 616
612 617
612 619
612 620
612 668
612 777
612 801
612 830
612 881
612 920
612 970
613 614
613 615
613 616
613 617
613 618
613 619
613 620
613 663
613 701
613 934
614 615
614 616
614 617
614 618
614 619
614 823
614 836
614 859
614 865
614 930
615 616
615 617
615 618
615 619
615 620
615 626
615 640
615 723
615 758
615 821
615 823
615 864
615 945
616 617
616 619
616 620
616 633
616 675
616 830
616 843
616 972
617 618
617 619
617 745
617 817
617 825
617 934
618 619
618 620
619 620
619 819
619 891
620 724
620 973
621 622
621 623
621 624
621 625
621 626
621 627
621 628
621 629
621 745
621 870
621 890
622 623
622 624
622 625
622 626
622 627
622 628
622 629
622 667
622 676
622 747
622 760
622 856
622 941
623 625
623 627
623 628
623 693
623 761
623 787
624 625
624 626
624 628
624 629
624 630
624 681
624 881
624 947
625 626
625 627
625 628
625 629
625 630
625 687
625 725
625 727
625 838
625 892
626 627
626 629
626 630
626 667
626 718
626 746
626 754
626 763
626 974
627 628
627 629
627 630
628 629
628 630
628 632
628 686
629 630
629 642
629 659
629 965
629 977
630 634
630 641
630 698
630 939
631 632
631 633
631 635
631 637
631 638
631 639
631 640
631 725
631 812
631 830
631 974
632 634
632 635
632 636
632 637
632 638
632 639
632 690
632 724
632 747
632 924
632 948
632 994
633 634
633 635
633 637
633 639
633 814
633 835
633 915
633 990
634 635
634 637
634 638
634 639
634 640
634 692
634 773
634 863
634 880
635 636
635 637
635 638
635 639
635 640
635 675
635 694
635 751
635 770
635 788
635 941
636 638
636 639
636 817
636 844
636 920
636 946
637 638
637 639
637 640
637 646
637 935
638 639
638 640
638 846
639 640
639 940
639 962
640 946
641 642
641 643
641 644
641 645
641 647
641 649
641 650
641 941
642 644
642 645
642 646
642 647
642 648
642 649
642 654
642 760
642 762
642 772
642 811
642 868
642 956
643 644
643 645
643 646
643 647
643 649
643 650
643 694
643 709
643 730
643 771
644 645
644 646
644 647
644 648
644 649
644 650
644 811
644 862
644 983
645 646
645 647
645 648
645 649
645 650
645 761
645 801
645 933
646 647
646 648
646 649
646 650
646 668
646 951
646 964
646 966
647 648
647 649
647 650
647 759
647 773
647 799
647 845
648 649
648 650
648 710
648 759
648 962
649 650
649 691
649 708
649 860
649 884
650 665
650 936
651 652
651 653
651 654
651 655
651 657
651 658
651 659
651 660
651 885
651 908
652 653
652 654
652 655
652 656
652 657
652 658
652 659
652 660
652 670
652 688
652 825
652 973
653 654
653 655
653 656
653 657
653 658
653 659
653 660
653 986
654 655
654 656
654 657
654 658
654 659
654 660
654 830
654 883
655 656
655 658
655 659
655 660
655 699
656 658
656 660
656 737
656 927
656 982
657 658
657 659
657 660
658 659
658 660
658 713
658 825
658 838
659 660
659 677
659 827
659 867
659 923
659 999
660 722
660 777
660 806
661 662
661 663
661 664
661 665
661 666
661 669
661 839
661 896
661 992
662 663
662 664
662 666
662 667
662 668
662 669
662 670
662 712
662 964
663 664
663 665
663 666
663 667
663 668
663 669
663 794
663 812
663 873
663 927
664 665
664 666
664 668
664 669
664 670
664 824
664 997
665 666
666 667
666 669
666 670
666 735
666 918
667 668
667 669
667 670
667 725
667 836
668 669
668 670
668 672
668 745
668 789
668 962
669 670
669 705
669 711
669 720
669 733
669 766
669 779
670 689
670 703
670 829
670 995
671 672
671 673
671 675
671 677
671 679
671 789
671 865
671 975
672 674
672 675
672 676
672 678
672 680
672 811
672 966
673 674
673 676
673 678
673 679
673 680
673 874
674 675
674 676
674 677
674 678
674 679
674 680
674 715
674 898
674 970
674 995
675 676
675 678
675 679
675 680
675 735
675 738
675 786
675 831
675 955
675 979
676 677
676 678
676 679
676 680
676 693
676 821
676 825
676 934
677 678
677 679
677 680
677 861
677 879
678 679
678 680
678 735
678 746
678 783
678 887
679 680
679 929
679 990
680 718
680 784
681 682
681 683
681 684
681 686
681 688
681 689
681 690
681 732
681 809
681 969
682 683
682 684
682 685
682 686
682 688
682 689
682 690
682 995
683 684
683 685
683 686
683 687
683 688
683 689
683 690
683 704
683 727
683 770
683 964
684 685
684 686
684 687
684 688
684 690
684 748
684 870
684 948
684 979
685 686
685 687
685 688
685 690
685 694
685 776
685 980
686 687
686 688
686 689
686 690
686 706
686 721
686 804
686 906
686 914
686 922
686 946
686 963
687 689
687 690
687 738
687 767
687 819
688 690
688 756
688 822
688 853
688 918
689 690
689 830
689 843
689 925
690 847
690 871
690 983
691 693
691 694
691 696
691 697
691 698
691 756
691 811
691 931
692 693
692 694
692 696
692 698
692 699
692 700
692 756
692 783
692 853
692 909
692 994
693 695
693 696
693 698
693 700
693 716
693 925
694 695
694 696
694 697
694 698
694 699
694 700
694 707
694 728
694 794
694 812
694 911
694 974
695 696
695 697
695 698
695 699
695 818
695 860
695 869
695 911
695 988
696 698
696 699
696 700
697 698
697 699
697 700
698 699
698 700
698 734
698 766
698 944
698 970
699 700
699 769
699 877
700 715
700 742
700 911
701 702
701 703
701 704
701 705
701 706
701 708
701 709
701 740
701 975
701 994
702 704
702 705
702 706
702 707
702 708
702 709
702 710
702 838
702 868
702 974
703 704
703 705
703 706
703 707
703 709
703 722
703 728
703 800
704 705
704 707
704 709
704 710
704 722
704 927
704 956
704 997
705 706
705 710
705 723
705 792
705 942
706 707
706 708
706 709
706 710
706 723
706 751
706 791
706 861
706 901
706 943
706 955
707 710
707 825
707 918
707 949
707 981
707 998
708 709
708 710
708 817
708 996
708 999
709 750
709 902
709 917
709 957
711 712
711 713
711 715
711 716
711 717
711 718
711 719
711 720
711 997
712 714
712 715
712 717
712 719
712 720
712 814
712 904
713 714
713 715
713 716
713 717
713 718
713 719
713 720
713 986
714 715
714 716
714 718
714 719
714 823
715 716
715 717
715 718
715 720
715 863
715 978
716 717
716 719
716 720
716 841
716 906
716 988
717 718
717 720
717 785
717 826
717 957
718 719
718 720
718 762
718 840
718 871
718 881
718 922
718 932
718 956
719 720
719 721
720 909
721 722
721 723
721 724
721 726
721 727
721 728
721 729
721 730
721 826
722 723
722 724
722 727
722 728
722 729
722 730
722 752
722 988
723 724
723 725
723 726
723 727
723 728
723 729
723 730
723 865
723 966
724 725
724 727
724 728
724 729
724 730
724 811
725 726
725 728
725 729
725 730
725 790
725 830
725 998
726 728
726 729
726 730
726 827
726 831
726 959
727 728
727 729
727 784
727 817
727 893
728 729
728 763
728 820
728 829
728 928
728 936
729 730
729 987
730 905
730 936
731 733
731 735
731 736
731 737
731 739
731 740
731 764
731 879
731 916
731 935
731 994
732 735
732 736
732 737
732 738
732 739
732 855
733 735
733 736
733 738
733 739
733 796
733 861
733 953
733 990
734 735
734 736
734 737
734 738
734 739
734 740
734 824
734 989
735 736
735 737
735 739
735 740
735 762
735 763
735 875
735 965
736 737
736 738
736 739
736 887
736 950
737 738
737 739
737 876
737 884
738 739
738 740
738 741
738 882
738 925
738 982
739 740
739 790
739 955
739 985
740 972
741 742
741 743
741 744
741 745
741 746
741 747
741 748
741 750
741 838
741 911
741 993
742 743
742 744
742 745
742 746
742 748
742 749
742 758
742 823
743 744
743 745
743 746
743 747
743 748
743 749
743 750
743 783
743 796
743 810
743 865
744 745
744 746
744 749
744 750
744 792
744 803
744 877
744 984
745 746
745 747
745 748
745 749
745 750
745 756
745 757
745 774
745 956
746 747
746 749
746 750
746 808
746 825
746 920
747 750
747 763
747 914
747 989
748 749
748 750
748 762
748 809
748 888
748 942
749 929
749 937
749 985
750 774
750 937
750 941
751 752
751 754
751 756
751 757
751 759
751 760
751 918
751 943
751 960
751 984
752 753
752 754
752 755
752 756
752 757
752 759
752 772
752 859
752 876
752 956
753 755
753 756
753 757
753 758
753 780
753 895
753 953
753 961
754 755
754 756
754 757
754 758
754 759
754 771
754 831
754 856
754 874
755 757
755 758
755 760
755 791
755 827
755 896
756 758
756 759
756 760
756 974
757 758
757 759
757 760
758 759
758 760
758 771
758 916
758 919
758 963
759 760
759 774
760 796
760 867
760 939
760 947
760 972
760 984
761 762
761 763
761 764
761 766
761 767
761 768
761 769
761 770
761 846
762 763
762 764
762 765
762 766
762 768
762 769
762 770
762 944
762 987
763 764
763 765
763 766
763 767
763 768
763 769
763 770
763 803
763 857
763 944
763 970
764 765
764 766
764 767
764 768
764 769
764 905
764 934
764 997
765 766
765 768
765 769
765 770
766 767
766 768
766 769
766 770
766 814
766 820
766 849
766 874
766 980
767 769
767 770
767 850
767 897
767 919
767 986
768 769
768 770
768 894
768 958
769 770
769 772
769 807
769 841
769 845
769 847
769 955
769 973
770 944
771 772
771 773
771 774
771 775
771 778
771 779
771 780
771 964
771 965
772 774
772 775
772 777
772 778
772 779
772 860
773 774
773 775
773 777
773 778
773 779
773 780
773 955
774 775
774 776
774 778
774 779
774 780
774 884
774 895
775 776
775 777
775 778
775 780
775 787
775 927
775 944
776 777
776 778
776 779
776 780
776 919
777 778
777 779
777 780
777 787
777 880
777 937
777 939
778 779
778 780
778 811
778 936
778 982
779 780
779 978
780 866
780 877
780 987
781 782
781 785
781 786
781 787
781 788
781 789
781 790
781 974
782 783
782 785
782 786
782 787
782 788
782 789
782 826
782 893
783 784
783 785
783 786
783 789
783 790
783 831
783 865
783 893
783 965
784 787
784 788
784 789
784 794
784 871
784 976
785 786
785 787
785 788
785 789
785 835
785 869
785 945
786 787
786 788
786 790
786 815
786 987
787 788
787 789
787 790
787 797
787 872
787 915
788 913
789 790
789 910
789 949
789 996
790 876
791 792
791 793
791 794
791 795
791 797
791 800
791 846
791 862
792 793
792 794
792 795
792 796
792 797
792 798
792 799
792 800
792 821
792 905
792 915
793 794
793 795
793 797
793 798
793 799
793 800
793 923
793 936
794 795
794 796
794 798
794 799
794 828
794 851
794 875
795 796
795 797
795 798
795 799
795 800
795 908
795 953
796 797
796 799
796 800
796 875
796 996
797 798
797 799
797 800
797 995
798 799
798 800
798 854
798 860
798 915
798 939
798 944
799 800
799 895
799 927
800 871
801 802
801 803
801 804
801 805
801 806
801 807
801 808
801 809
801 810
802 803
802 805
802 806
802 807
802 808
802 809
802 810
802 886
803 805
803 806
803 807
803 808
804 805
804 806
804 807
804 808
804 809
804 810
805 807
805 808
805 810
805 855
805 993
806 808
806 809
806 810
806 919
807 808
807 809
807 810
807 922
807 952
808 809
808 810
808 830
808 874
808 891
808 910
808 946
808 967
808 968
808 985
809 810
809 986
810 932
811 812
811 813
811 815
811 816
811 818
811 819
812 813
812 814
812 815
812 816
812 817
812 819
812 820
812 960
813 814
813 815
813 816
813 817
813 818
813 819
813 820
813 886
813 942
814 815
814 817
814 818
814 819
814 820
814 869
814 928
815 816
815 817
815 818
815 819
815 820
815 839
815 867
815 898
816 817
816 818
816 820
816 828
816 846
816 871
816 942
816 973
817 818
817 963
818 819
818 820
818 837
819 820
819 846
819 852
819 922
820 828
820 847
820 869
820 889
820 891
820 958
820 990
821 822
821 823
821 824
821 825
821 826
821 828
821 829
821 830
822 823
822 824
822 825
822 826
822 827
822 830
822 871
822 968
823 824
823 825
823 826
823 827
823 829
823 830
823 836
823 924
824 825
824 827
824 828
824 829
824 830
824 992
825 826
825 827
825 828
825 830
825 833
826 827
826 828
826 829
826 830
826 968
827 828
827 955
828 829
828 830
828 839
828 917
829 830
829 966
830 984
830 987
831 832
831 833
831 835
831 836
831 838
831 846
831 917
832 833
832 834
832 835
832 836
832 838
832 839
832 848
832 861
832 870
833 834
833 836
833 837
833 838
833 839
833 840
833 956
833 957
834 835
834 836
834 837
834 838
834 840
834 896
834 897
834 937
834 938
835 836
835 838
835 839
835 840
836 837
836 838
836 840
837 838
837 839
838 839
838 840
838 848
838 853
838 913
839 840
840 900
840 945
841 842
841 844
841 845
841 846
841 847
841 848
841 849
841 850
841 902
841 905
841 960
842 843
842 844
842 845
842 848
842 849
842 850
842 927
843 844
843 845
843 846
843 847
843 848
843 849
844 845
844 846
844 847
844 849
844 850
844 880
845 846
845 847
845 848
845 849
845 850
845 855
845 894
845 918
845 940
846 848
846 849
846 850
846 948
847 848
847 849
848 850
848 889
849 850
849 895
849 930
849 983
850 859
850 892
850 969
850 980
851 853
851 854
851 855
851 856
851 857
851 858
851 859
851 860
851 982
851 998
852 854
852 855
852 856
852 857
852 858
852 859
852 860
852 938
853 854
853 855
853 856
853 857
853 859
853 860
854 855
854 856
854 858
854 859
854 860
854 976
855 857
855 859
855 860
855 947
856 858
856 860
856 870
856 883
857 858
857 860
857 959
858 859
858 889
858 947
859 860
859 870
859 915
859 941
859 963
860 881
860 948
860 984
861 864
861 866
861 867
861 869
861 870
862 863
862 864
862 866
862 867
862 868
862 982
863 864
863 865
863 866
863 867
863 868
863 869
863 870
863 888
864 865
864 866
864 867
864 868
864 869
864 870
865 866
865 867
865 868
865 869
865 870
865 997
866 867
866 868
866 869
866 870
866 932
866 935
866 943
866 944
867 868
867 869
867 870
867 874
867 876
867 892
868 869
868 870
868 907
868 908
869 870
871 872
871 874
871 876
871 877
871 878
871 879
871 932
872 873
872 874
872 875
872 876
872 877
872 878
872 879
873 874
873 876
873 877
873 878
873 879
874 875
874 876
874 877
874 878
874 879
874 880
874 900
875 877
875 878
875 879
875 880
875 952
876 877
876 878
876 879
876 880
876 950
877 879
877 880
877 913
877 933
877 951
878 879
879 883
880 912
881 882
881 883
881 885
881 886
881 888
881 889
881 890
882 883
882 884
882 885
882 887
882 889
882 890
882 898
883 884
883 886
883 887
883 888
883 889
883 890
883 944
883 990
884 885
884 886
884 887
884 888
884 890
885 886
885 887
885 889
885 890
885 917
885 933
885 979
886 887
886 888
886 889
886 890
886 924
887 888
887 889
887 890
887 899
887 986
888 890
888 929
889 999
890 897
890 951
891 892
891 894
891 895
891 896
891 897
891 898
891 900
891 962
891 967
891 970
892 894
892 895
892 897
892 898
892 899
892 900
893 894
893 895
893 896
893 897
893 898
893 899
893 900
894 895
894 896
894 897
894 898
894 899
894 921
895 897
895 898
895 900
895 981
895 991
896 897
896 898
896 899
896 900
897 898
897 899
897 900
897 992
898 899
898 900
898 968
899 900
899 953
901 902
901 904
901 906
901 907
901 908
901 909
901 910
901 914
901 960
902 903
902 904
902 905
902 906
902 907
902 908
902 909
902 910
903 904
903 906
903 907
903 908
903 909
903 910
903 926
904 907
904 908
904 909
904 910
904 924
904 981
905 906
905 907
905 908
905 909
905 910
905 927
906 907
906 908
906 909
906 910
906 967
907 908
907 909
907 910
907 960
908 910
908 933
909 910
910 939
910 994
911 912
911 913
911 914
911 915
911 917
911 918
911 919
911 949
912 913
912 914
912 917
912 918
912 919
912 920
913 914
913 915
913 916
913 918
913 976
913 990
914 915
914 916
914 917
914 918
914 919
914 920
915 916
915 919
916 918
916 919
916 920
916 965
917 918
917 919
917 920
918 919
918 920
918 927
918 981
919 920
919 934
920 998
921 922
921 923
921 924
921 925
921 926
921 927
921 929
921 930
922 923
922 925
922 926
922 927
922 929
922 930
922 972
923 924
923 925
923 926
923 927
924 926
924 927
924 928
924 929
924 930
924 999
925 926
925 927
925 928
925 929
925 930
925 931
925 958
925 982
926 928
926 929
926 930
927 928
927 929
927 930
927 935
927 943
927 976
928 929
928 930
928 965
929 930
929 978
929 987
930 968
931 933
931 934
931 936
931 938
931 939
931 940
932 933
932 934
932 935
932 936
932 937
932 938
932 939
932 940
932 962
933 934
933 935
933 936
933 937
933 938
933 939
933 940
934 935
934 936
934 937
934 938
934 939
934 940
935 937
935 938
935 939
935 940
936 937
936 938
936 939
936 940
937 938
937 939
937 940
937 950
937 952
938 939
938 945
938 978
939 940
941 942
941 943
941 945
941 946
941 947
941 948
941 949
941 957
942 943
942 944
942 945
942 946
942 947
942 948
942 949
942 950
943 944
943 945
943 946
943 947
943 948
943 949
943 950
943 973
944 945
944 946
944 947
944 953
945 947
945 948
945 950
946 949
946 950
947 948
947 949
947 950
948 949
948 950
949 950
951 952
951 953
951 954
951 955
951 956
951 957
951 958
951 959
951 960
951 966
951 998
952 953
952 954
952 955
952 956
952 957
952 958
952 959
952 960
952 970
953 954
953 955
953 956
953 957
953 958
953 959
953 960
954 955
954 956
954 957
954 958
954 959
955 958
955 959
955 960
956 958
956 959
956 960
957 958
957 959
957 960
958 959
958 960
959 960
959 999
961 962
961 963
961 964
961 965
961 966
961 967
961 968
961 969
961 970
961 986
962 963
962 964
962 965
962 967
962 968
962 970
963 965
963 966
963 967
963 968
963 969
964 968
964 969
964 970
965 966
965 967
965 968
965 969
965 970
966 967
966 969
966 970
967 968
967 969
968 969
968 970
969 970
971 973
971 974
971 975
971 976
971 978
971 979
972 973
972 974
972 975
972 976
972 977
972 979
972 980
972 998
973 975
973 976
973 977
973 979
974 977
974 978
974 979
974 980
975 976
975 977
975 978
975 979
975 980
976 977
976 978
976 979
976 980
976 984
977 979
977 980
978 979
978 991
981 982
981 983
981 984
981 985
981 986
981 989
981 990
981 992
982 983
982 984
982 985
982 986
982 987
982 988
982 989
982 990
983 985
983 987
983 988
983 990
984 985
984 986
984 987
984 988
984 989
984 990
985 987
985 988
985 989
985 990
986 987
986 988
986 990
987 988
987 989
987 990
988 989
988 990
989 990
991 992
991 993
991 994
991 996
991 997
992 993
992 995
992 996
992 997
992 999
993 994
993 995
993 996
993 997
993 998
993 1000
994 995
994 996
994 999
994 1000
995 996
995 997
995 999
996 999
996 1000
997 1000
998 1000
999 1000
