1000 8566
1 2
1 3
1 4
1 5
1 6
1 7
1 9
1 10
1 79
1 99
1 141
1 168
1 208
1 293
1 301
1 367
1 490
1 494
1 510
1 515
1 603
1 605
1 691
1 717
1 830
1 862
1 927
1 958
2 3
2 4
2 5
2 6
2 7
2 8
2 10
2 78
2 111
2 474
2 585
3 4
3 5
3 6
3 7
3 8
3 9
3 10
3 26
3 378
3 533
3 541
3 589
3 759
3 822
3 844
4 5
4 6
4 7
4 8
4 9
4 43
4 111
4 113
4 127
4 135
4 262
4 314
4 390
4 393
4 472
4 540
4 701
4 759
4 804
4 865
4 872
5 6
5 7
5 8
5 9
5 10
5 210
5 321
5 480
5 609
5 655
5 792
5 821
5 989
6 7
6 10
6 46
6 76
6 159
6 184
6 278
6 523
6 602
6 792
6 955
7 8
7 89
7 127
7 322
7 360
7 379
7 704
7 919
8 9
8 26
8 578
8 714
8 759
8 796
8 939
9 10
9 258
9 355
9 396
9 499
9 504
9 536
9 600
9 632
9 666
9 805
9 809
9 848
9 943
10 91
10 95
10 155
10 191
10 203
10 239
10 275
10 283
10 380
10 487
10 546
10 610
10 802
10 864
10 931
11 13
11 15
11 16
11 17
11 20
11 204
11 216
11 242
11 262
11 500
11 719
11 815
11 905
11 945
12 15
12 17
12 18
12 19
12 66
12 190
12 459
12 744
13 14
13 15
13 16
13 17
13 18
13 20
13 51
13 176
13 522
13 629
13 696
13 879
13 900
13 956
14 16
14 17
14 18
14 19
14 20
14 125
14 158
14 204
14 314
14 382
14 661
14 665
14 965
15 16
15 17
15 18
15 19
15 20
15 22
15 140
15 226
15 281
15 716
15 907
16 17
16 19
16 58
16 102
16 131
16 187
16 195
16 207
16 229
16 402
16 474
16 816
16 964
17 19
17 20
17 44
17 122
17 147
17 543
17 554
17 571
17 655
17 685
17 688
17 750
17 871
17 896
18 19
18 20
18 22
18 88
18 249
18 304
18 309
18 350
18 411
18 544
18 623
18 639
18 648
18 714
18 732
18 828
18 953
19 20
19 107
19 123
19 252
19 308
19 354
19 475
19 658
19 890
19 934
20 187
20 384
20 424
20 454
20 470
20 569
20 642
20 650
20 652
20 738
20 771
20 852
20 861
21 22
21 23
21 24
21 25
21 26
21 27
21 29
21 30
21 433
21 496
21 500
21 645
21 872
22 23
22 24
22 25
22 26
22 29
22 30
22 134
22 150
22 213
22 287
22 392
22 607
22 806
22 943
23 24
23 25
23 28
23 29
23 30
23 148
23 200
23 349
23 545
23 642
23 666
23 671
23 723
23 794
23 952
24 25
24 26
24 27
24 28
24 29
24 30
24 60
24 110
24 243
24 252
24 298
24 541
24 659
24 793
24 834
24 986
25 27
25 28
25 29
25 30
25 46
25 64
25 141
25 191
25 270
25 279
25 350
25 363
25 471
25 496
25 613
25 675
25 698
25 930
26 27
26 28
26 29
26 176
26 279
26 511
26 538
26 595
26 655
26 680
26 922
27 28
27 29
27 30
27 227
27 504
27 532
27 615
27 763
27 773
27 786
27 945
27 952
27 969
28 277
28 356
28 550
28 599
28 901
28 909
28 911
28 912
29 67
29 183
29 201
29 337
29 437
29 652
29 870
29 1000
30 85
30 120
30 139
30 439
30 453
30 577
31 32
31 33
31 34
31 35
31 36
31 39
31 40
31 83
31 187
31 353
31 371
31 461
31 494
31 510
31 587
31 627
31 783
31 880
31 971
32 33
32 35
32 36
32 37
32 38
32 39
32 40
32 49
32 80
32 101
32 252
32 311
32 367
32 693
32 899
33 34
33 35
33 36
33 37
33 38
33 39
33 40
33 58
33 163
33 186
33 266
33 301
33 462
33 596
33 646
33 853
33 901
33 914
33 978
34 35
34 37
34 38
34 39
34 40
34 87
34 156
34 256
34 365
34 422
34 467
34 498
34 519
34 814
34 861
35 36
35 37
35 39
35 40
35 315
35 342
35 537
35 556
35 631
35 699
36 38
36 39
36 40
36 139
36 315
36 582
36 627
36 760
36 781
36 791
37 38
37 39
37 147
37 267
37 279
37 391
37 576
37 594
37 642
38 39
38 100
38 165
38 369
38 389
38 468
38 482
38 636
38 899
38 967
38 984
39 40
39 223
39 305
39 383
39 538
39 580
39 625
39 746
39 834
39 855
40 164
40 318
40 364
40 385
40 419
40 450
40 621
40 659
40 667
40 685
40 711
40 844
40 866
40 924
40 968
41 44
41 46
41 47
41 48
41 49
41 50
41 106
41 112
41 220
41 233
41 410
41 419
41 451
41 510
41 720
41 793
41 906
41 975
42 44
42 45
42 46
42 47
42 48
42 49
42 50
42 62
42 131
42 292
42 336
42 774
42 801
42 806
42 820
42 893
42 948
43 44
43 45
43 46
43 47
43 48
43 49
43 50
43 180
43 185
43 200
43 268
43 274
43 361
43 435
43 466
43 495
43 581
43 720
43 757
43 850
43 885
44 45
44 46
44 47
44 48
44 49
44 50
44 249
44 522
44 523
44 530
44 609
44 640
45 46
45 48
45 49
45 50
45 91
45 164
45 341
45 404
45 447
45 510
45 636
45 686
45 712
45 721
45 853
46 47
46 48
46 49
46 50
46 155
46 191
46 192
46 201
46 257
46 298
46 315
46 324
46 347
46 353
46 384
46 493
46 529
46 623
46 714
46 784
46 904
47 48
47 50
47 75
47 356
47 515
47 609
47 643
47 963
48 49
48 50
48 450
48 451
48 561
48 615
49 50
49 313
49 332
49 410
49 566
49 586
49 598
49 623
49 678
49 711
50 75
50 148
50 167
50 280
50 285
50 347
50 607
50 677
50 831
50 850
51 52
51 54
51 56
51 57
51 59
51 162
51 230
51 414
51 779
51 820
51 859
51 948
51 991
52 53
52 54
52 55
52 56
52 57
52 58
52 59
52 60
52 152
52 154
52 374
52 401
52 427
52 436
52 443
52 536
52 849
53 54
53 55
53 56
53 58
53 59
53 60
53 325
53 342
53 480
53 598
53 638
54 56
54 58
54 59
54 60
54 94
54 250
54 251
54 334
54 365
54 404
54 748
54 811
54 895
55 56
55 57
55 58
55 137
55 165
55 185
55 426
55 464
55 559
55 659
55 704
55 734
55 796
55 843
55 977
56 57
56 58
56 59
56 60
56 119
56 160
56 180
56 271
56 352
56 382
56 690
56 729
56 769
56 811
56 854
57 58
57 59
57 60
57 173
57 429
57 514
57 704
57 722
57 755
57 844
57 913
57 916
57 966
58 60
58 319
58 376
58 584
58 585
58 601
58 672
58 807
58 825
58 960
58 972
59 60
59 206
59 344
59 346
59 420
59 462
59 489
59 551
59 593
59 618
59 766
59 861
59 894
60 102
60 453
60 473
60 590
60 871
60 887
60 891
60 971
60 1000
61 62
61 63
61 64
61 65
61 66
61 67
61 69
61 70
61 142
61 235
61 259
61 275
61 292
61 522
61 535
61 728
61 777
62 63
62 65
62 66
62 67
62 68
62 69
62 70
62 80
62 132
62 480
62 681
62 706
62 722
62 806
62 935
62 960
62 979
63 65
63 66
63 67
63 68
63 70
63 107
63 109
63 173
63 255
63 362
63 903
63 947
63 973
64 65
64 66
64 67
64 68
64 69
64 70
64 401
64 527
64 695
64 726
64 782
64 790
64 830
65 66
65 67
65 68
65 69
65 70
65 84
65 198
65 294
65 387
65 411
65 579
65 632
65 687
66 67
66 68
66 69
66 70
66 87
66 313
66 402
66 697
66 730
67 68
67 69
67 355
67 560
67 593
67 977
68 69
68 82
68 122
68 128
68 353
68 381
68 649
68 681
68 711
68 826
68 919
68 980
69 157
69 276
69 346
69 445
69 526
69 593
69 713
69 804
69 805
70 74
70 235
70 283
70 330
70 331
70 366
70 475
70 629
70 684
70 845
71 72
71 73
71 74
71 75
71 76
71 78
71 79
71 80
71 93
71 256
71 292
71 567
71 604
71 723
71 734
72 73
72 74
72 75
72 76
72 77
72 78
72 80
72 104
72 160
72 205
72 219
72 411
72 413
72 464
72 616
72 617
72 717
72 994
73 74
73 75
73 76
73 77
73 79
73 80
73 160
73 263
73 284
73 534
73 788
73 802
74 76
74 77
74 78
74 79
74 80
74 166
74 170
74 198
74 280
74 383
74 404
74 405
74 535
74 654
74 783
74 834
74 881
75 76
75 78
75 79
75 333
75 417
75 445
75 816
75 992
76 77
76 78
76 79
76 80
76 119
76 240
76 489
76 499
76 676
76 724
76 730
76 841
77 78
77 80
77 141
77 151
77 173
77 630
77 638
77 684
77 748
78 79
78 85
78 150
78 177
78 189
78 254
78 378
78 516
78 530
78 620
78 749
79 80
79 120
79 274
79 290
79 614
79 913
80 289
80 316
80 384
80 409
80 418
80 438
80 500
80 541
80 604
80 684
80 685
80 695
80 781
80 832
80 861
80 918
81 82
81 83
81 84
81 85
81 86
81 87
81 89
81 90
81 152
81 365
81 379
81 489
81 506
81 575
81 707
81 926
82 83
82 84
82 85
82 86
82 88
82 89
82 90
82 115
82 235
82 444
82 475
82 578
82 635
82 961
83 84
83 85
83 86
83 87
83 88
83 89
83 478
83 690
83 748
83 764
83 832
84 85
84 86
84 87
84 88
84 90
84 162
84 167
84 180
84 363
84 410
84 519
84 753
84 813
85 86
85 88
85 90
85 188
85 218
85 293
85 478
85 513
85 593
85 607
85 633
85 718
85 760
85 856
85 940
85 954
85 965
85 972
86 87
86 88
86 89
86 90
86 606
86 619
86 711
86 786
86 849
86 893
87 89
87 90
87 142
87 192
87 366
87 682
87 692
87 799
87 901
88 89
88 90
88 112
88 140
88 143
88 192
88 412
88 534
88 582
88 816
88 887
89 90
89 116
89 132
89 535
89 728
90 267
90 358
90 550
90 555
90 640
90 687
90 695
90 733
90 745
90 816
90 893
90 985
91 92
91 94
91 95
91 96
91 97
91 98
91 100
91 143
91 156
91 266
91 294
91 382
91 527
91 565
91 620
91 639
91 817
91 935
92 93
92 96
92 97
92 99
92 116
92 132
92 384
92 425
92 587
92 670
92 722
92 803
92 898
92 925
93 94
93 96
93 97
93 98
93 99
93 356
93 419
93 430
93 510
93 580
93 732
93 765
93 839
93 858
93 898
94 95
94 96
94 97
94 98
94 99
94 100
94 132
94 312
94 415
94 437
94 522
94 698
94 957
95 96
95 97
95 98
95 99
95 297
95 332
95 353
95 443
95 623
95 673
95 710
95 947
96 97
96 99
96 100
96 310
96 356
96 540
96 612
96 642
96 775
97 98
97 127
97 307
97 532
97 588
97 713
97 801
97 891
97 912
97 991
98 99
98 100
98 146
98 173
98 179
98 250
98 465
98 662
98 692
98 735
98 811
98 917
99 100
99 362
99 405
99 474
99 656
99 712
99 803
99 833
99 964
100 255
100 679
100 707
100 763
100 890
101 103
101 104
101 105
101 107
101 108
101 110
101 361
101 374
101 626
101 860
101 888
101 995
102 103
102 104
102 105
102 106
102 107
102 108
102 110
102 169
102 346
102 425
102 633
102 783
102 818
103 104
103 105
103 106
103 107
103 110
103 257
103 281
103 298
103 343
103 869
103 965
103 973
104 105
104 106
104 107
104 108
104 110
104 253
104 321
104 354
104 357
104 368
104 431
104 454
104 479
104 514
104 644
104 724
104 749
104 874
105 106
105 108
105 109
105 481
105 545
105 625
105 696
105 740
106 107
106 110
106 446
106 458
106 545
106 617
106 794
106 815
106 819
107 108
107 112
107 518
107 539
107 626
107 669
107 713
107 813
107 834
107 867
107 907
107 951
107 956
108 110
108 153
108 197
108 253
108 439
108 522
108 809
109 110
109 132
109 182
109 476
109 584
109 633
109 904
109 988
110 163
110 313
110 435
110 471
110 577
110 593
110 776
110 834
110 863
110 926
110 929
110 999
111 113
111 114
111 115
111 116
111 117
111 118
111 119
111 120
111 347
111 622
111 678
112 113
112 114
112 118
112 119
112 120
112 432
112 489
112 507
112 704
112 736
112 842
112 867
112 880
112 945
112 946
112 1000
113 114
113 115
113 117
113 118
113 119
113 120
113 428
113 510
113 576
113 974
114 115
114 116
114 118
114 119
114 120
114 121
114 328
114 338
114 341
114 372
114 403
114 693
114 730
114 902
114 998
115 116
115 119
115 145
115 162
115 185
115 389
115 390
115 599
115 774
115 848
115 926
116 117
116 118
116 120
116 135
116 144
116 212
116 322
116 362
116 441
116 456
116 467
116 502
116 602
116 667
116 971
117 118
117 119
117 151
117 577
117 590
118 120
118 181
118 269
118 495
118 567
118 710
118 755
118 772
118 811
119 120
119 401
119 504
119 738
119 753
119 954
119 962
120 178
120 214
120 256
120 373
120 488
120 621
120 667
120 668
120 736
121 123
121 124
121 126
121 127
121 128
121 129
121 130
121 205
121 243
121 270
121 480
121 520
121 591
121 646
121 677
121 777
121 802
122 123
122 124
122 126
122 127
122 128
122 129
122 130
122 177
122 299
122 848
122 983
123 124
123 126
123 127
123 128
123 129
123 130
123 244
123 251
123 291
123 617
123 687
123 697
123 798
123 834
123 933
124 125
124 126
124 128
124 129
124 130
124 198
124 270
124 281
124 404
124 416
124 550
124 762
125 126
125 128
125 130
125 192
125 428
125 518
125 553
125 856
126 127
126 128
126 129
126 130
126 168
126 503
126 543
126 552
126 658
126 829
126 938
126 998
127 128
127 129
127 130
127 219
127 281
127 389
127 431
127 570
127 620
127 634
127 787
128 129
128 445
128 539
128 684
128 688
128 848
128 849
128 954
128 993
129 130
129 269
129 443
129 468
129 493
129 538
129 546
129 578
129 648
129 686
129 718
129 802
130 263
130 535
130 587
130 588
130 595
130 629
130 635
130 662
130 682
130 867
131 133
131 134
131 135
131 136
131 137
131 138
131 139
131 140
131 451
131 479
131 489
131 855
132 133
132 134
132 137
132 139
132 140
132 184
132 292
132 753
132 785
132 958
133 134
133 135
133 136
133 138
133 140
133 200
133 203
133 679
133 719
133 813
133 945
134 135
134 136
134 137
134 139
134 140
134 238
134 269
134 440
134 464
134 600
134 659
134 726
134 760
134 803
134 812
134 813
134 820
134 846
134 903
134 977
135 136
135 138
135 139
135 206
135 314
135 350
135 360
135 417
135 494
135 608
135 659
135 672
135 854
136 137
136 138
136 139
136 140
136 206
136 348
136 363
136 458
136 459
136 460
136 654
136 680
136 759
136 771
136 948
137 138
137 139
137 314
137 412
137 483
137 650
137 663
137 694
137 725
137 872
138 139
138 251
138 266
138 371
138 372
138 688
138 782
138 896
138 952
139 140
139 324
139 335
139 350
139 397
139 441
139 490
139 509
139 668
139 692
139 797
139 861
140 153
140 344
140 351
140 623
140 642
140 646
140 651
140 662
141 142
141 143
141 144
141 146
141 148
141 149
141 150
141 159
141 242
141 302
141 356
141 370
141 519
141 532
141 571
141 593
141 656
141 708
141 725
141 842
141 846
142 145
142 146
142 147
142 149
142 150
142 171
142 353
142 384
142 740
142 947
142 999
143 144
143 145
143 146
143 148
143 149
143 150
143 245
143 523
143 596
143 676
143 697
143 700
143 729
144 146
144 147
144 148
144 149
144 150
144 224
144 233
144 272
144 311
144 585
144 643
144 750
144 872
144 935
145 146
145 147
145 148
145 149
145 150
145 214
145 343
145 386
145 578
145 602
145 813
145 955
145 999
146 147
146 148
146 149
146 327
146 344
146 391
146 402
146 419
146 463
146 616
146 667
146 743
146 883
147 149
147 150
147 206
147 218
147 271
147 279
147 352
147 406
147 456
147 481
147 501
147 555
147 665
147 844
147 848
148 483
148 608
148 698
148 715
148 736
148 980
149 150
149 192
149 334
149 394
149 409
149 687
149 766
149 840
149 863
149 919
150 207
150 286
150 343
150 357
150 494
150 542
150 641
150 723
150 746
150 842
151 152
151 153
151 154
151 156
151 157
151 158
151 159
151 160
151 184
151 186
151 425
151 434
151 490
151 534
151 585
151 611
151 687
151 870
152 154
152 155
152 156
152 157
152 159
152 160
152 524
152 552
152 612
152 717
152 939
153 154
153 155
153 156
153 157
153 159
153 231
153 265
153 309
153 341
153 389
153 402
153 501
153 750
153 852
153 975
154 156
154 158
154 160
154 385
154 497
154 508
154 806
154 859
154 866
154 898
155 156
155 157
155 158
155 159
155 160
155 171
155 197
155 209
155 250
155 472
155 630
155 643
155 878
156 158
156 159
156 160
156 203
156 311
156 363
156 395
156 440
156 505
156 584
156 772
156 971
157 159
157 160
157 203
157 412
157 491
157 526
157 741
157 793
157 996
158 159
158 181
158 299
158 313
158 456
158 465
158 521
158 560
158 629
158 654
159 160
159 237
159 650
159 673
159 729
159 753
159 929
159 940
159 975
160 201
160 264
160 267
160 684
160 908
161 162
161 163
161 164
161 165
161 166
161 167
161 168
161 170
161 172
161 477
161 592
161 606
161 660
161 739
162 163
162 164
162 165
162 166
162 168
162 169
162 170
162 237
162 316
162 355
162 431
162 624
162 783
162 807
162 898
163 164
163 165
163 166
163 167
163 169
163 170
163 184
163 217
163 510
163 555
163 574
163 713
163 732
163 784
163 810
163 860
163 937
164 165
164 166
164 168
164 170
164 171
164 310
164 513
164 674
164 857
164 966
164 996
165 166
165 167
165 169
165 170
165 277
165 291
165 523
165 657
165 712
165 816
166 167
166 168
166 169
166 331
166 394
166 462
166 492
166 512
166 725
166 750
166 825
166 907
166 923
166 938
167 168
167 169
167 170
167 209
167 255
167 322
167 334
167 542
167 778
167 891
167 945
168 169
168 175
168 223
168 367
168 475
168 477
168 647
168 695
168 702
168 732
169 170
169 283
169 489
169 495
169 533
169 922
169 986
170 174
170 436
170 515
170 631
170 904
171 173
171 174
171 175
171 176
171 177
171 178
171 179
171 180
171 264
171 302
171 531
171 585
171 772
171 785
171 861
172 173
172 174
172 175
172 176
172 177
172 179
172 237
172 382
172 427
172 539
172 600
172 667
172 695
172 765
172 792
172 922
172 991
173 175
173 176
173 177
173 178
173 179
173 180
173 228
173 393
173 443
173 480
173 581
173 588
173 594
173 598
173 917
173 996
174 175
174 176
174 177
174 178
174 179
174 231
174 312
174 314
174 439
174 597
175 176
175 177
175 178
175 179
175 180
175 274
175 496
175 850
176 177
176 178
176 179
176 180
176 392
176 462
176 512
176 595
177 178
177 179
177 180
177 226
177 314
177 550
177 598
177 772
177 800
177 972
177 976
178 179
178 180
178 207
178 235
178 288
178 353
178 393
178 540
178 553
178 639
178 723
178 791
178 961
179 180
179 240
179 412
179 473
179 614
179 738
179 908
179 987
180 286
180 293
180 330
180 422
180 458
180 500
180 615
180 916
181 183
181 184
181 185
181 186
181 187
181 188
181 214
181 233
181 275
181 277
181 306
181 452
181 526
181 670
181 892
182 183
182 184
182 185
182 186
182 187
182 188
182 189
182 363
182 425
182 444
182 447
182 498
182 691
182 703
182 718
182 732
182 808
182 873
182 948
183 184
183 185
183 186
183 187
183 189
183 190
183 249
183 388
183 597
183 647
183 676
183 773
183 975
184 185
184 186
184 187
184 188
184 189
184 190
184 408
184 569
184 680
184 753
184 861
184 925
184 927
184 992
185 186
185 187
185 189
185 190
185 535
185 723
185 764
185 817
185 970
185 999
186 187
186 188
186 189
186 227
186 257
186 390
186 475
186 508
186 509
186 520
186 629
186 649
186 753
186 761
186 872
186 935
187 188
187 189
187 190
187 215
187 288
187 335
187 629
188 190
188 244
188 290
188 566
188 886
188 956
189 190
189 241
189 309
189 548
189 590
189 824
189 866
190 261
190 808
190 839
190 895
190 933
191 192
191 193
191 194
191 195
191 196
191 198
191 199
191 200
191 305
191 371
191 372
191 462
191 464
191 690
191 785
191 794
191 795
191 886
191 926
192 193
192 194
192 195
192 196
192 198
192 199
192 200
192 340
192 515
192 654
193 194
193 195
193 196
193 197
193 200
193 427
193 459
193 492
193 659
193 739
193 968
194 195
194 197
194 198
194 199
194 200
194 202
194 468
194 683
194 707
194 739
194 777
194 939
195 196
195 197
195 200
195 248
195 256
195 351
195 554
195 679
195 734
195 784
195 903
195 943
195 989
196 197
196 198
196 199
196 200
196 220
196 309
196 450
196 555
196 637
196 646
196 989
197 198
197 199
197 291
197 429
197 726
197 782
197 797
197 874
197 895
197 973
198 199
198 200
198 354
198 492
198 515
198 546
198 571
198 584
198 717
198 784
198 883
198 990
199 232
199 453
199 648
199 651
199 785
199 811
200 224
200 315
200 408
200 410
200 425
200 527
200 543
200 577
200 616
200 745
200 825
200 909
200 986
201 202
201 203
201 204
201 205
201 207
201 208
201 209
201 210
201 324
201 407
201 423
201 437
201 451
201 772
202 203
202 205
202 206
202 207
202 208
202 209
202 210
202 243
202 583
203 204
203 208
203 210
203 269
203 354
203 435
203 653
203 695
203 885
203 908
204 205
204 206
204 207
204 208
204 209
204 263
204 368
204 498
204 567
204 817
204 832
204 933
205 207
205 208
205 210
205 351
205 583
205 606
205 753
205 756
205 757
205 859
205 989
205 990
205 999
206 207
206 210
206 233
206 304
206 430
206 744
206 899
207 209
207 210
207 312
207 349
207 373
207 521
207 561
207 634
207 750
207 853
207 915
207 967
207 992
207 999
208 209
208 210
208 216
208 300
208 442
208 542
208 587
208 761
208 784
208 808
209 210
209 241
209 310
209 330
209 471
209 664
209 796
209 797
209 948
210 481
210 665
210 709
210 714
210 795
210 801
211 212
211 213
211 214
211 215
211 216
211 217
211 218
211 219
211 220
211 259
211 437
211 449
211 455
211 763
211 817
211 869
211 911
211 952
212 213
212 214
212 215
212 216
212 217
212 218
212 219
212 220
212 226
212 274
212 384
212 440
212 977
212 994
213 214
213 216
213 218
213 219
213 220
213 231
213 432
213 537
213 626
213 780
214 215
214 217
214 218
214 219
214 220
214 274
214 356
214 496
214 580
214 600
214 791
214 922
214 950
215 216
215 217
215 218
215 219
215 225
215 382
215 476
215 494
215 536
215 537
215 650
215 670
215 755
215 764
216 218
216 219
216 220
216 246
216 326
216 355
216 548
216 618
216 664
216 859
216 878
216 962
216 980
217 218
217 219
217 220
217 221
217 335
217 623
217 935
218 220
218 236
218 274
218 333
218 344
218 504
218 601
218 795
218 942
218 947
218 979
218 1000
219 220
219 258
219 454
219 469
219 577
219 722
219 744
219 997
220 408
220 537
220 639
220 663
220 666
220 701
220 861
220 888
220 933
220 982
221 222
221 223
221 225
221 227
221 228
221 229
221 230
221 242
221 330
221 357
221 383
221 612
221 671
221 713
221 859
221 877
221 939
222 223
222 224
222 225
222 226
222 227
222 228
222 229
222 230
222 301
222 462
222 507
222 516
222 607
222 711
222 719
222 726
222 861
222 874
222 882
222 980
223 226
223 227
223 228
223 229
223 383
223 392
223 522
223 532
223 554
223 641
223 701
223 791
223 892
224 225
224 227
224 228
224 229
224 230
224 281
224 294
224 597
224 685
224 754
224 911
225 226
225 227
225 228
225 229
225 230
225 341
225 458
225 522
225 646
225 789
225 914
226 228
226 230
226 277
226 382
226 483
226 575
226 625
226 664
226 670
227 228
227 229
227 230
227 256
227 281
227 373
227 431
227 525
227 573
227 618
228 229
228 230
228 272
228 331
228 475
228 490
228 516
228 609
228 615
228 754
229 230
229 254
229 274
229 315
229 474
229 694
229 977
230 375
230 475
230 550
230 642
230 673
230 772
230 964
231 233
231 234
231 235
231 236
231 237
231 238
231 239
231 240
231 273
231 307
231 346
231 611
231 851
232 233
232 234
232 236
232 237
232 238
232 239
232 552
233 234
233 236
233 238
233 239
233 275
233 392
233 413
233 458
233 490
233 521
233 658
233 756
234 235
234 238
234 239
234 240
234 524
234 549
234 576
234 607
234 661
234 835
234 889
234 924
234 967
234 988
235 237
235 238
235 239
235 240
235 443
235 674
235 766
235 794
235 814
235 894
235 910
235 933
236 237
236 305
236 315
236 323
236 531
236 534
236 546
236 596
236 619
236 670
236 712
236 762
236 838
236 841
236 904
237 239
237 258
237 355
237 360
237 462
237 537
237 647
237 872
237 935
238 239
238 240
238 276
238 317
238 729
238 822
239 288
239 320
239 550
239 568
239 593
239 685
239 853
239 883
240 602
240 651
240 663
240 665
240 865
240 918
241 242
241 243
241 244
241 245
241 246
241 247
241 248
241 249
241 250
241 365
241 403
241 617
241 727
241 929
241 957
241 961
242 243
242 244
242 246
242 247
242 250
242 304
242 482
242 583
242 648
242 690
242 752
242 913
243 244
243 245
243 247
243 249
243 369
243 380
243 511
243 623
243 716
243 835
243 886
243 930
244 245
244 246
244 248
244 249
244 384
244 447
244 470
244 519
244 640
244 667
244 801
244 946
245 246
245 247
245 248
245 249
245 250
245 342
245 555
245 759
245 890
245 926
246 247
246 248
246 249
246 250
246 328
246 630
246 708
246 825
246 915
246 965
246 990
247 248
247 250
247 559
247 576
247 627
247 700
247 766
247 861
247 920
248 249
248 250
248 383
248 456
248 614
248 639
248 671
248 798
248 810
248 827
248 884
248 917
249 250
249 269
249 288
249 381
249 424
249 443
249 471
249 537
249 543
249 605
249 771
249 844
249 847
249 887
249 896
249 957
250 284
250 543
250 546
250 564
250 598
250 738
250 858
250 941
251 252
251 253
251 254
251 255
251 256
251 257
251 259
251 260
251 424
251 605
251 701
251 829
251 902
251 913
251 936
251 954
252 253
252 254
252 255
252 257
252 259
252 260
252 266
252 594
252 601
252 697
252 733
252 825
252 858
253 254
253 255
253 257
253 258
253 260
253 358
253 361
253 430
253 473
253 485
253 518
253 593
253 684
253 743
253 809
253 836
253 987
254 256
254 257
254 258
254 260
254 371
254 397
254 477
254 561
254 645
254 724
255 256
255 258
255 259
255 260
255 327
255 368
255 439
255 542
255 565
255 592
255 599
255 678
255 745
255 790
255 856
255 907
255 944
256 257
256 258
256 259
256 260
256 279
256 410
256 524
256 650
256 653
256 812
256 842
256 853
256 859
256 948
256 958
257 259
257 260
257 378
257 414
257 460
257 506
257 700
257 738
257 785
257 822
257 917
258 260
258 615
258 670
259 260
259 390
259 422
259 518
259 819
259 962
260 316
260 369
260 391
260 500
260 578
260 631
260 760
260 805
260 819
260 860
260 924
261 263
261 264
261 265
261 268
261 269
261 270
261 294
261 313
261 571
261 737
261 758
261 846
262 263
262 264
262 265
262 266
262 268
262 269
262 270
262 380
262 444
262 504
262 514
262 556
262 596
262 686
262 787
262 815
262 820
262 844
263 264
263 265
263 266
263 267
263 268
263 270
263 286
263 413
263 477
263 641
263 785
264 265
264 266
264 268
264 269
264 270
264 613
264 803
265 266
265 267
265 269
265 270
265 469
265 482
265 538
265 607
265 778
265 991
266 267
266 268
266 269
266 270
266 311
266 338
266 376
266 713
266 733
266 963
266 993
267 268
267 269
267 270
267 291
267 500
267 724
267 765
267 810
267 850
267 905
267 959
268 269
268 270
268 634
268 705
268 761
268 771
268 796
268 914
268 929
269 270
269 284
269 367
269 535
269 666
269 822
270 405
270 690
270 746
270 814
270 866
270 936
270 983
271 273
271 274
271 275
271 276
271 277
271 278
271 279
271 287
271 316
271 377
271 399
271 414
271 580
271 786
271 806
272 273
272 276
272 277
272 278
272 279
272 280
272 341
272 464
272 483
272 485
272 511
272 663
272 741
272 806
272 850
272 924
273 274
273 275
273 276
273 278
273 279
273 280
273 762
273 899
273 962
274 275
274 277
274 278
274 279
274 280
274 322
274 337
274 805
274 830
275 276
275 277
275 278
275 279
275 280
275 351
275 466
275 474
275 527
275 542
275 578
275 789
275 872
276 277
276 278
276 280
276 460
276 543
276 646
276 649
276 692
277 278
277 280
277 370
277 375
277 377
277 561
277 600
277 638
277 666
277 771
277 935
278 279
278 280
278 318
278 712
278 764
278 813
278 996
279 280
279 302
279 672
279 714
279 731
279 783
279 819
279 856
279 971
280 285
280 307
280 468
280 682
280 775
281 282
281 283
281 284
281 285
281 286
281 287
281 288
281 289
281 347
281 447
281 449
281 483
281 739
281 750
281 755
281 794
281 827
281 872
281 893
281 942
282 283
282 284
282 285
282 286
282 287
282 289
282 290
282 318
282 450
282 731
282 847
282 894
282 919
283 284
283 285
283 286
283 288
283 289
283 334
283 360
283 412
283 481
283 645
283 768
283 787
283 828
283 945
283 994
284 286
284 287
284 288
284 289
284 290
284 341
284 461
284 469
284 677
284 705
284 901
284 917
284 919
284 949
284 979
285 287
285 289
285 290
285 336
285 410
285 480
285 495
285 559
285 708
285 918
286 287
286 288
286 290
286 304
286 432
286 493
286 641
286 648
286 660
286 785
286 805
286 859
286 908
286 925
286 947
287 288
287 289
287 345
287 394
287 435
287 542
287 590
287 605
287 676
287 838
287 914
287 942
288 289
288 609
288 644
288 646
288 706
289 290
289 446
289 448
289 456
289 458
289 479
289 589
289 753
289 819
289 874
289 909
290 339
290 360
290 783
290 841
290 882
291 292
291 293
291 294
291 295
291 296
291 298
291 300
291 312
291 418
291 607
291 667
291 805
291 809
291 814
291 838
291 862
291 865
291 929
291 939
292 293
292 294
292 295
292 296
292 298
292 299
292 300
292 721
292 823
292 824
292 974
293 294
293 295
293 296
293 297
293 298
293 299
293 300
293 724
293 740
293 769
293 848
293 950
294 295
294 296
294 297
294 298
294 300
294 375
294 415
294 466
294 498
294 571
294 627
294 635
294 850
294 915
294 916
294 932
295 296
295 297
295 299
295 300
295 423
295 600
295 619
295 757
295 914
296 297
296 299
296 300
296 396
296 531
296 537
296 694
297 298
297 299
297 300
297 309
297 335
297 351
297 390
297 525
297 529
297 629
297 808
297 839
298 299
298 300
298 334
298 377
298 497
298 555
298 566
298 594
298 622
298 708
298 848
298 877
298 884
298 976
299 300
299 313
299 351
299 407
299 484
299 609
299 675
299 684
299 840
299 971
300 371
300 411
300 575
300 628
300 648
300 657
300 893
301 302
301 303
301 304
301 307
301 310
301 365
301 415
301 459
301 461
301 479
301 517
301 526
301 620
301 685
301 795
301 864
301 878
301 889
301 903
301 971
302 303
302 304
302 305
302 306
302 307
302 308
302 309
302 310
302 326
302 337
302 387
302 444
302 548
302 594
302 702
302 888
302 950
302 991
303 305
303 306
303 307
303 310
303 315
303 372
303 650
303 712
303 810
303 910
303 984
304 305
304 306
304 307
304 308
304 310
304 459
304 468
304 680
304 699
304 725
304 985
305 307
305 309
305 316
305 324
305 387
305 430
305 474
305 488
305 650
305 739
305 805
305 837
305 932
306 307
306 308
306 309
306 310
306 394
306 511
306 658
306 685
306 688
306 868
306 884
307 309
307 310
307 419
307 420
307 437
307 493
307 560
307 852
307 860
308 309
308 310
308 403
308 585
308 805
308 848
309 310
309 419
309 465
309 534
309 553
309 613
309 649
309 728
310 324
310 329
310 379
310 402
310 647
310 884
311 312
311 313
311 314
311 315
311 316
311 318
311 405
311 461
311 478
311 818
311 945
312 313
312 314
312 315
312 316
312 319
312 320
312 423
312 623
312 641
312 752
312 829
312 855
312 916
313 314
313 315
313 316
313 318
313 319
313 320
313 347
313 350
313 380
313 423
313 531
313 581
313 712
313 848
314 315
314 316
314 317
314 318
314 319
314 320
314 348
314 375
314 523
314 572
314 643
314 702
315 317
315 318
315 319
315 320
315 484
315 493
315 546
315 635
315 740
315 799
315 891
315 909
316 317
316 319
316 354
316 438
316 789
316 821
316 913
316 936
317 318
317 319
317 320
317 418
317 483
317 628
317 680
317 713
317 845
318 320
318 371
318 505
318 646
318 681
318 702
318 755
318 808
319 320
319 582
319 606
319 664
319 959
320 632
320 704
320 732
320 741
320 825
320 830
320 860
321 322
321 323
321 324
321 325
321 326
321 327
321 328
321 329
321 330
321 411
321 495
321 523
321 633
321 712
321 735
321 828
321 889
321 951
321 961
322 323
322 325
322 326
322 328
322 329
322 330
322 623
322 708
322 762
322 816
322 843
322 860
322 972
323 324
323 325
323 326
323 327
323 329
323 330
323 368
323 392
323 438
323 444
323 505
323 659
323 718
323 765
323 868
324 325
324 327
324 328
324 330
324 549
324 612
324 614
324 623
324 651
324 669
324 681
324 686
324 710
324 718
324 746
324 756
324 822
324 911
325 326
325 329
325 518
325 599
325 620
325 691
325 922
326 327
326 329
326 330
326 340
326 456
326 494
326 550
326 581
326 817
326 891
327 328
327 329
327 330
327 506
327 725
327 730
327 777
327 850
328 329
328 330
328 430
328 749
328 896
329 330
329 359
329 482
329 533
329 735
329 956
330 449
330 450
330 455
330 559
330 624
330 692
330 709
330 727
330 824
330 946
330 1000
331 332
331 333
331 334
331 335
331 336
331 338
331 339
331 340
331 421
331 486
331 588
331 989
332 334
332 335
332 336
332 337
332 338
332 339
332 722
332 741
332 754
332 819
333 334
333 335
333 336
333 337
333 338
333 340
333 341
333 394
333 461
333 514
333 569
333 678
333 808
333 811
333 990
334 335
334 336
334 337
334 338
334 339
334 340
334 459
334 468
334 524
334 571
334 659
334 781
334 896
335 336
335 337
335 338
335 340
335 408
335 432
335 466
335 545
335 598
335 716
335 810
336 337
336 338
336 340
336 385
336 404
336 423
336 448
336 456
336 508
336 588
336 628
336 646
336 691
336 753
337 338
337 339
337 340
337 616
337 643
337 651
337 705
337 755
337 889
337 954
338 340
338 355
338 473
338 509
338 537
338 699
338 701
338 837
338 950
338 977
339 340
339 474
339 477
339 691
339 709
339 734
339 755
339 782
339 917
339 963
340 364
340 512
340 551
340 622
340 736
340 805
340 975
341 343
341 345
341 346
341 347
341 348
341 350
341 511
341 650
341 668
341 688
341 780
341 887
341 951
342 344
342 345
342 346
342 347
342 349
342 350
342 356
342 588
342 621
342 922
343 344
343 345
343 346
343 347
343 349
343 350
343 404
343 439
343 467
343 588
343 650
343 837
343 918
344 345
344 346
344 347
344 348
344 349
344 350
344 482
344 694
344 722
344 778
344 859
344 951
345 346
345 347
345 348
345 349
345 350
345 368
345 407
345 656
345 665
346 347
346 348
346 349
346 350
346 357
346 910
346 950
347 348
347 350
347 355
347 391
347 539
347 565
347 588
347 665
347 685
347 705
347 859
347 873
348 349
348 350
348 358
348 499
348 742
349 350
349 383
349 389
349 509
349 589
349 601
349 611
349 633
349 644
349 851
349 985
350 649
350 701
350 754
350 784
350 789
350 797
350 802
350 939
350 941
350 953
351 352
351 353
351 355
351 356
351 357
351 358
351 359
351 360
351 407
351 519
351 562
351 775
351 843
352 353
352 354
352 355
352 356
352 358
352 359
352 360
352 441
352 549
352 677
352 704
352 902
352 958
353 356
353 357
353 358
353 359
353 430
353 471
353 492
353 553
353 561
353 697
353 931
354 355
354 356
354 357
354 359
354 449
354 653
354 757
354 956
355 356
355 357
355 358
355 359
355 360
355 362
355 394
355 630
355 864
355 965
355 996
356 357
356 359
356 360
356 771
356 868
356 944
356 964
356 985
357 358
357 359
357 360
357 421
357 554
357 703
357 757
357 849
357 976
358 359
358 360
358 474
358 493
358 530
358 559
358 612
358 688
358 735
358 934
358 952
359 360
359 610
359 716
359 953
359 964
359 989
360 475
360 507
360 878
361 362
361 363
361 364
361 365
361 366
361 367
361 368
361 369
361 370
361 577
361 719
361 746
362 363
362 364
362 365
362 366
362 367
362 368
362 369
362 370
362 389
362 401
362 639
362 674
362 679
362 754
362 755
362 833
362 834
363 364
363 365
363 366
363 368
363 369
363 370
363 432
363 508
363 798
363 835
364 365
364 367
364 368
364 369
364 376
364 510
364 846
364 889
365 366
365 368
365 370
365 436
365 490
365 650
365 668
365 686
365 697
365 719
365 750
365 818
365 968
366 368
366 369
366 370
366 472
366 483
366 542
366 635
366 680
366 742
366 870
366 909
366 942
366 988
367 368
367 369
367 370
367 540
367 784
367 856
368 369
368 508
368 510
368 530
368 609
368 717
368 721
368 730
368 794
368 884
368 885
368 924
368 948
368 978
369 370
369 396
369 397
369 400
369 424
369 442
369 484
369 923
370 391
370 401
370 612
370 699
370 775
370 800
370 815
371 372
371 373
371 374
371 375
371 376
371 377
371 379
371 380
371 398
371 570
371 604
371 798
371 810
371 849
371 950
371 965
371 979
372 373
372 374
372 375
372 376
372 377
372 379
372 380
372 409
372 640
372 795
372 824
373 374
373 375
373 376
373 377
373 378
373 379
373 380
373 470
373 533
373 566
373 626
373 638
373 727
373 802
373 803
373 985
374 375
374 376
374 377
374 378
374 379
374 380
374 396
374 442
374 524
374 618
374 661
374 706
374 810
374 835
375 377
375 378
375 379
375 380
375 517
375 520
375 682
375 724
375 758
375 856
375 866
376 377
376 378
376 380
376 407
376 554
376 592
376 627
376 656
376 719
376 770
376 912
377 378
377 379
377 431
377 447
377 459
377 524
377 542
377 650
377 826
377 878
377 956
378 380
378 672
378 757
378 793
378 861
379 412
379 487
379 583
379 759
379 766
379 779
379 820
379 933
379 973
379 985
379 987
380 386
380 389
380 396
380 470
380 567
380 594
380 706
380 869
380 971
381 382
381 383
381 384
381 385
381 386
381 387
381 388
381 389
381 390
381 595
381 758
381 804
381 806
381 853
381 855
381 863
381 916
381 959
382 384
382 385
382 386
382 387
382 388
382 389
382 390
382 440
382 481
382 614
382 644
382 720
382 857
382 953
383 384
383 385
383 387
383 388
383 547
383 669
383 742
383 818
383 861
383 905
383 914
384 385
384 386
384 387
384 388
384 389
384 390
384 498
384 518
384 519
384 560
384 569
384 583
384 650
384 704
385 386
385 388
385 389
385 390
385 436
385 538
385 570
385 658
385 746
385 812
385 819
385 837
386 387
386 389
386 390
386 411
386 488
386 494
386 585
386 614
386 624
386 656
386 675
386 882
386 902
386 904
386 945
387 388
387 389
387 438
387 492
387 737
388 389
388 390
388 567
388 722
388 952
389 390
389 430
389 442
389 591
389 725
389 738
389 746
390 411
390 570
390 581
390 787
390 921
390 941
390 961
391 393
391 394
391 395
391 396
391 397
391 398
391 399
391 420
391 491
392 393
392 395
392 396
392 397
392 399
392 400
392 515
392 747
392 778
392 849
393 394
393 396
393 397
393 398
393 399
393 400
393 432
393 498
393 572
393 585
393 687
393 720
393 782
393 994
394 395
394 396
394 397
394 398
394 399
394 400
394 483
394 576
394 698
394 750
394 944
395 396
395 397
395 398
395 399
395 400
395 569
395 724
395 831
395 957
396 397
396 398
396 399
396 400
396 548
396 812
396 922
396 962
396 998
397 398
397 400
397 496
397 642
397 685
398 399
398 400
398 434
398 451
398 552
398 673
398 695
398 861
398 903
398 985
399 400
399 418
399 681
400 474
400 521
400 597
400 729
400 859
400 941
400 942
400 951
401 402
401 403
401 404
401 405
401 407
401 408
401 409
401 410
401 461
401 527
401 589
401 598
401 765
401 801
401 853
401 967
402 403
402 404
402 405
402 406
402 407
402 409
402 410
402 434
402 523
402 556
402 613
402 740
402 942
402 945
403 405
403 406
403 407
403 408
403 409
403 410
403 456
403 537
403 627
403 773
403 848
404 405
404 406
404 408
404 409
404 410
404 527
404 778
404 883
404 930
405 407
405 408
405 409
405 410
405 597
405 638
405 673
405 775
405 816
405 930
405 950
405 995
406 407
406 408
406 409
406 410
406 554
406 610
406 745
406 768
406 956
407 408
407 410
407 414
407 430
407 553
407 670
407 682
407 732
407 801
407 821
407 948
408 410
408 489
408 664
408 672
408 832
408 891
408 892
408 987
409 569
409 597
409 663
409 744
409 996
410 453
410 547
410 560
410 574
410 612
410 614
410 668
410 803
411 412
411 414
411 415
411 416
411 417
411 418
411 419
411 420
411 429
411 476
411 587
411 680
411 701
412 413
412 414
412 415
412 416
412 417
412 418
412 419
412 420
412 493
412 551
412 693
412 845
412 951
413 414
413 415
413 416
413 417
413 418
413 419
413 420
413 493
413 612
413 858
413 975
414 416
414 417
414 418
414 419
414 463
414 488
414 618
414 748
414 758
414 831
414 833
414 848
414 960
414 963
414 994
415 416
415 417
415 418
415 419
415 420
415 510
415 525
415 734
415 846
415 876
415 912
415 949
416 417
416 418
416 419
416 420
416 494
416 506
416 615
416 709
416 781
416 784
416 838
417 418
417 419
417 420
417 468
417 575
417 657
417 664
417 757
417 842
417 893
418 419
418 420
418 481
418 762
418 797
419 420
419 532
419 541
419 559
419 718
419 818
419 827
419 832
419 938
420 538
420 648
420 657
420 868
420 941
420 948
421 423
421 424
421 425
421 426
421 427
421 428
421 429
421 430
421 438
421 667
421 693
421 788
421 810
421 902
421 979
422 424
422 425
422 426
422 427
422 428
422 429
422 430
422 467
422 553
422 626
422 649
422 842
422 856
422 868
422 886
422 904
422 911
422 992
423 424
423 425
423 426
423 427
423 429
423 430
423 449
423 601
423 638
423 639
423 663
423 806
424 425
424 426
424 427
424 429
424 430
424 511
424 624
424 854
424 956
425 426
425 427
425 428
425 429
425 537
425 582
425 655
425 690
425 699
425 772
425 789
425 904
426 427
426 429
426 430
426 569
426 594
426 604
426 623
426 877
426 915
427 428
427 429
427 430
427 485
427 639
427 878
427 882
427 888
428 429
428 441
428 785
429 430
429 440
429 491
429 496
429 544
429 591
429 668
429 686
429 821
430 465
430 682
430 913
430 950
431 432
431 433
431 434
431 435
431 436
431 437
431 438
431 439
431 440
431 465
431 801
431 931
431 952
432 433
432 435
432 436
432 438
432 440
432 491
432 651
432 663
432 730
432 733
432 856
432 918
433 434
433 435
433 436
433 438
433 439
433 440
433 523
433 703
433 748
433 938
434 435
434 436
434 437
434 438
434 439
434 440
434 842
434 857
434 915
435 436
435 439
435 500
435 652
435 723
435 800
435 943
435 970
436 437
436 439
436 731
436 738
436 783
436 846
436 969
436 992
436 993
437 439
437 440
437 516
437 651
437 735
437 808
437 910
437 916
437 963
438 439
438 440
438 595
438 639
438 658
438 776
438 786
438 840
438 984
439 440
439 501
439 657
440 509
440 513
440 543
440 583
440 614
440 674
440 752
440 758
441 442
441 443
441 444
441 445
441 446
441 447
441 448
441 449
441 450
441 491
441 564
441 613
441 631
441 632
441 646
441 677
441 865
441 929
442 443
442 444
442 445
442 447
442 448
442 449
442 635
442 719
442 860
442 915
442 970
443 444
443 445
443 446
443 447
443 449
443 450
443 456
443 469
443 785
443 833
443 846
444 446
444 447
444 448
444 450
444 521
444 537
444 580
444 637
444 770
444 792
444 949
444 958
445 446
445 447
445 448
445 449
445 450
445 624
445 749
445 761
445 780
445 896
445 936
446 447
446 448
446 449
446 450
446 463
446 495
446 641
446 645
446 749
446 790
446 888
446 915
446 964
447 448
447 466
447 490
447 514
447 564
447 610
447 617
447 659
447 708
447 715
447 869
447 885
448 449
448 450
448 528
448 546
448 576
448 594
448 604
448 661
448 667
448 705
449 450
449 503
449 555
449 595
449 653
449 664
449 667
450 544
450 720
450 732
450 883
451 452
451 453
451 454
451 455
451 456
451 457
451 458
451 459
451 460
451 469
451 581
451 619
451 695
451 974
452 454
452 455
452 456
452 457
452 458
452 459
452 460
452 472
452 854
452 887
452 921
452 947
452 976
453 455
453 456
453 457
453 459
453 460
453 597
453 615
453 763
453 984
454 456
454 458
454 459
454 460
454 563
454 603
454 909
455 456
455 457
455 458
455 459
455 460
455 462
455 499
455 647
455 759
455 948
455 976
456 457
456 458
456 459
456 460
456 461
456 559
456 620
456 707
456 750
456 842
457 459
457 460
457 764
457 796
457 826
457 848
457 877
457 878
458 459
458 460
458 508
458 608
458 689
458 720
458 885
458 890
458 907
458 913
458 963
459 709
459 778
459 854
459 977
460 712
460 727
460 795
460 816
460 885
461 463
461 464
461 467
461 468
461 469
461 470
461 506
461 567
461 647
461 677
461 708
462 463
462 464
462 465
462 466
462 467
462 468
462 469
462 470
462 962
463 464
463 465
463 466
463 467
463 468
463 470
463 535
463 780
463 870
463 928
463 942
464 466
464 467
464 468
464 469
464 577
464 788
465 466
465 467
465 468
465 469
465 703
465 976
466 467
466 470
466 495
466 641
466 675
466 844
466 932
467 468
467 469
467 470
467 495
467 538
467 583
467 648
467 886
467 941
467 953
467 992
468 469
468 470
468 775
468 777
468 993
469 470
469 536
469 616
469 664
469 677
469 713
469 800
469 845
469 928
470 692
470 713
470 741
470 818
471 472
471 473
471 474
471 477
471 478
471 479
471 480
471 735
472 473
472 474
472 475
472 476
472 477
472 479
472 480
472 489
472 642
472 753
472 773
472 855
472 863
472 943
472 979
473 476
473 477
473 478
473 479
473 480
473 721
474 475
474 476
474 477
474 478
474 480
474 731
475 476
475 477
475 479
475 482
475 627
475 737
475 765
475 775
475 963
476 478
476 480
476 534
476 632
476 809
477 478
477 479
477 480
477 484
477 520
477 599
478 479
478 480
478 484
478 486
478 488
478 955
479 735
479 826
479 878
480 500
480 553
480 703
480 778
480 787
480 973
481 482
481 483
481 484
481 485
481 486
481 487
481 488
481 489
481 490
481 514
481 755
481 760
481 854
481 904
482 484
482 485
482 487
482 488
482 489
482 490
482 665
482 678
482 767
482 806
482 856
482 860
482 990
483 484
483 485
483 486
483 487
483 488
483 489
483 490
483 637
483 881
484 485
484 486
484 487
484 488
484 489
484 490
484 629
485 486
485 487
485 488
485 489
485 490
485 518
485 649
485 776
485 811
485 885
486 487
486 488
486 489
486 490
486 612
486 647
486 670
486 810
487 489
487 590
487 621
487 744
487 816
488 490
488 606
488 649
488 658
488 723
488 778
488 802
488 803
488 820
488 942
489 490
489 611
489 618
489 652
489 702
489 822
489 843
489 881
489 952
490 529
490 595
490 924
491 492
491 493
491 494
491 495
491 496
491 497
491 498
491 499
491 500
491 573
491 772
492 494
492 495
492 496
492 497
492 498
492 499
492 508
492 545
492 605
492 645
492 656
492 823
492 922
493 494
493 496
493 497
493 498
493 500
493 510
493 530
493 592
493 608
493 756
493 925
494 496
494 497
494 498
494 499
494 500
494 541
495 496
495 497
495 498
495 499
495 500
495 644
495 845
495 864
495 987
495 992
496 497
496 498
496 499
496 500
496 781
496 800
497 498
497 500
497 534
497 609
497 777
497 817
498 499
498 500
498 530
498 718
498 937
498 992
499 500
499 723
499 733
499 963
500 586
500 808
500 914
500 939
500 950
501 502
501 503
501 505
501 506
501 507
501 508
501 509
501 510
501 572
501 737
501 866
502 504
502 507
502 508
502 509
502 510
502 564
502 698
502 724
502 784
502 871
502 907
503 505
503 506
503 507
503 508
503 510
503 580
503 673
503 686
503 695
503 975
503 991
504 505
504 506
504 507
504 508
504 509
504 510
504 549
504 687
504 702
504 750
504 855
505 506
505 507
505 508
505 509
505 510
505 661
505 757
505 902
505 913
506 507
506 508
506 509
506 510
506 543
506 558
506 818
506 946
507 508
507 509
507 510
507 570
507 993
508 509
508 510
508 745
508 777
509 602
509 835
509 913
509 928
509 984
510 648
510 712
510 768
511 512
511 513
511 514
511 515
511 516
511 517
511 518
511 519
511 520
511 598
511 679
511 734
512 513
512 514
512 515
512 516
512 518
512 519
512 520
512 523
512 604
512 658
512 730
512 748
512 822
512 929
512 957
513 514
513 517
513 518
513 519
513 520
513 540
513 557
513 573
513 810
513 897
514 516
514 517
514 518
514 661
514 668
514 670
514 678
514 949
514 954
515 516
515 517
515 518
515 519
516 517
516 518
516 520
516 552
516 669
516 815
516 891
516 916
517 518
517 519
517 520
517 603
517 706
517 781
518 519
518 520
518 695
518 753
518 769
518 773
518 887
518 919
519 520
519 561
519 611
519 979
520 555
520 781
520 856
520 992
521 522
521 524
521 525
521 526
521 527
521 528
521 529
521 530
521 568
521 665
521 857
521 871
522 524
522 525
522 526
522 527
522 528
522 530
522 650
522 834
522 912
523 524
523 525
523 526
523 528
523 530
523 852
523 884
524 525
524 527
524 528
524 530
524 554
524 624
524 650
524 853
524 876
524 918
524 944
525 526
525 527
525 528
525 530
525 676
525 699
525 712
525 896
525 999
526 527
526 528
526 529
526 530
526 537
526 625
526 629
526 722
526 725
526 765
527 528
527 529
527 530
527 750
527 814
527 827
527 899
527 900
527 951
528 529
528 535
528 682
528 728
528 789
528 813
528 892
528 893
528 930
528 954
529 530
529 627
529 790
529 836
529 912
529 970
529 996
530 725
530 736
530 860
530 941
531 532
531 533
531 534
531 535
531 536
531 537
531 538
531 539
531 540
531 545
531 547
531 698
531 905
532 533
532 534
532 535
532 537
532 538
532 540
532 625
532 700
532 772
532 780
533 535
533 536
533 537
533 538
533 540
533 699
533 747
534 535
534 538
534 539
534 540
534 625
534 908
534 940
535 536
535 539
535 540
535 710
535 723
535 789
535 843
535 968
536 537
536 538
536 539
536 540
536 567
536 773
536 783
536 814
536 846
536 901
537 538
537 539
537 540
537 662
537 702
537 721
537 727
537 753
537 771
537 810
537 831
537 865
538 539
538 540
538 662
538 696
538 819
538 874
538 953
539 540
539 841
539 867
539 890
539 922
539 931
539 1000
540 969
541 542
541 543
541 544
541 545
541 546
541 548
541 550
541 598
541 615
541 630
541 736
541 882
541 914
542 543
542 544
542 545
542 547
542 548
542 549
542 550
542 571
542 600
542 971
542 981
543 544
543 547
543 548
543 550
543 556
543 729
543 733
543 815
543 818
543 876
543 958
543 990
544 545
544 546
544 548
544 549
544 550
544 693
544 915
545 546
545 547
545 549
545 550
545 613
545 750
545 836
545 873
545 954
545 961
545 963
546 547
546 548
546 550
546 693
546 697
547 548
547 549
547 556
547 668
547 874
547 933
547 980
547 985
548 612
548 891
549 550
549 606
549 643
549 655
549 883
549 972
550 580
550 621
550 635
550 960
550 962
551 553
551 554
551 557
551 559
551 722
551 836
551 890
551 937
551 990
552 554
552 555
552 556
552 557
552 558
552 636
552 890
552 946
552 997
553 554
553 556
553 558
553 559
553 560
553 658
553 705
553 998
554 555
554 557
554 558
554 559
554 613
554 854
554 902
554 908
554 925
554 990
555 557
555 558
555 560
555 602
555 817
555 826
555 946
556 558
556 559
556 621
556 694
556 757
556 771
557 558
557 881
557 975
558 559
558 560
558 565
558 659
558 718
558 748
558 763
558 764
558 806
558 837
558 951
558 965
558 969
559 560
559 599
559 707
559 775
559 932
559 967
559 985
560 648
560 793
560 809
560 923
561 562
561 563
561 565
561 567
561 569
561 570
561 635
561 648
561 649
562 563
562 564
562 565
562 566
562 567
562 568
562 569
562 570
562 643
562 684
562 766
562 837
562 920
563 564
563 567
563 568
563 569
563 570
563 598
563 674
563 688
563 725
563 946
563 961
564 565
564 566
564 567
564 604
564 899
565 566
565 567
565 568
565 600
565 794
565 839
565 865
565 898
565 955
566 569
566 605
566 693
566 709
566 733
566 793
566 819
566 922
567 568
567 569
567 570
567 587
567 751
567 786
567 808
567 856
567 919
568 569
568 570
568 856
569 570
569 611
569 635
569 726
569 839
569 888
569 957
570 701
570 704
570 715
570 787
570 952
571 572
571 573
571 574
571 575
571 576
571 577
571 578
571 579
571 608
571 611
571 637
571 669
571 744
571 805
571 810
572 573
572 574
572 575
572 576
572 577
572 578
572 580
572 624
572 643
572 693
572 742
572 812
572 825
572 852
572 945
572 986
573 574
573 575
573 576
573 577
573 578
573 579
573 619
573 671
573 691
573 693
573 702
573 840
573 990
574 575
574 576
574 578
574 579
574 582
574 637
574 809
574 1000
575 576
575 577
575 578
575 579
575 580
575 766
575 837
576 577
576 578
576 579
576 580
576 581
576 634
576 770
577 578
577 579
577 580
577 636
577 711
577 751
577 783
577 887
578 579
578 580
578 832
578 835
578 935
579 580
579 933
580 870
580 971
581 582
581 583
581 584
581 585
581 586
581 588
581 589
581 590
581 642
581 808
581 836
582 583
582 584
582 586
582 587
582 588
582 590
582 630
582 720
582 812
582 828
582 898
582 899
582 915
583 584
583 585
583 586
583 587
583 589
583 697
583 732
583 792
584 585
584 587
584 588
584 589
584 630
584 931
584 933
584 966
585 586
585 587
585 588
585 589
585 590
585 655
585 725
585 815
586 587
586 588
586 589
586 658
586 668
586 697
586 725
586 828
586 954
586 999
587 588
587 590
587 921
587 926
587 946
587 992
588 589
588 590
588 612
588 669
588 775
588 800
588 886
588 900
588 909
589 590
589 660
589 834
589 853
589 863
590 598
590 664
590 702
590 766
590 863
590 874
590 905
591 592
591 593
591 594
591 595
591 596
591 597
591 598
591 599
591 600
591 849
591 934
592 595
592 596
592 598
592 599
592 600
592 607
592 726
592 743
592 776
592 813
592 820
592 996
593 594
593 595
593 596
593 597
593 598
593 599
593 600
593 745
593 782
593 791
593 986
594 595
594 596
594 597
594 598
594 600
594 605
594 779
594 818
594 882
594 896
594 914
594 964
595 598
595 599
595 600
595 601
595 627
595 673
595 700
595 811
595 860
595 924
595 929
595 945
595 957
595 993
596 597
596 598
596 599
596 600
597 598
597 599
597 600
597 626
597 674
597 769
597 798
597 917
597 990
598 599
598 600
598 641
598 724
598 779
598 810
598 812
598 918
599 679
599 712
599 835
600 677
600 863
600 950
601 602
601 603
601 604
601 606
601 607
601 608
601 609
601 610
601 727
601 836
601 956
602 603
602 604
602 606
602 607
602 609
602 678
602 688
602 715
602 983
603 604
603 605
603 606
603 607
603 608
603 609
603 610
603 648
603 860
603 868
603 901
603 944
603 961
604 605
604 606
604 607
604 608
604 609
604 647
604 684
604 930
604 946
604 1000
605 606
605 607
605 609
605 802
605 872
605 911
605 957
606 607
606 608
606 609
606 610
606 833
606 835
606 887
606 900
606 922
607 608
607 609
607 610
607 614
607 624
607 654
607 886
607 961
607 962
608 609
608 610
608 657
608 661
608 710
608 802
608 804
608 944
609 610
609 691
609 724
609 839
609 868
610 702
610 731
610 806
610 875
611 612
611 613
611 614
611 615
611 616
611 617
611 618
611 669
611 769
611 780
611 791
611 878
612 615
612 616
612 618
612 620
612 716
612 772
613 614
613 615
613 618
613 619
613 710
613 736
613 820
614 615
614 616
614 618
614 619
614 674
614 693
614 832
614 937
615 616
615 617
615 618
615 627
615 641
616 618
616 619
616 735
616 745
616 844
616 882
616 962
616 965
617 618
617 619
617 620
617 770
617 778
617 814
617 836
617 953
617 961
617 996
618 620
618 830
618 852
618 898
618 933
618 991
619 620
619 816
619 834
619 844
619 866
620 666
620 769
620 890
621 622
621 623
621 624
621 627
621 701
621 776
621 833
621 859
621 902
622 623
622 624
622 625
622 626
622 627
622 628
622 629
622 630
622 645
622 759
622 790
622 843
622 884
622 949
623 624
623 626
623 628
623 629
623 630
623 770
623 850
624 625
624 626
624 627
624 628
624 629
624 630
625 626
625 627
625 628
625 630
625 652
625 700
625 834
625 973
625 991
626 627
626 628
626 629
626 634
626 660
626 664
626 668
626 800
626 813
626 817
626 821
626 931
627 628
627 629
627 630
627 631
627 880
627 903
628 630
628 736
628 860
628 866
629 630
629 949
630 645
630 687
630 753
630 790
630 901
631 632
631 633
631 634
631 635
631 636
631 637
631 639
631 640
631 662
631 809
631 877
631 979
632 633
632 634
632 635
632 638
632 640
632 654
632 673
632 683
632 691
632 693
632 737
632 817
632 921
632 991
633 634
633 635
633 636
633 637
633 638
633 639
633 640
633 851
633 986
634 636
634 637
634 638
634 639
634 640
634 720
634 829
634 881
634 899
634 941
635 636
635 637
635 639
635 640
635 756
636 637
636 639
636 742
637 638
637 639
637 640
637 726
637 844
638 639
638 640
638 777
638 831
638 953
639 640
639 839
639 970
640 642
640 678
640 708
640 757
640 864
641 642
641 643
641 644
641 647
641 648
641 649
641 650
641 928
642 644
642 645
642 646
642 647
642 648
642 649
642 650
642 676
642 731
642 762
642 796
642 928
643 644
643 646
643 647
643 648
643 649
643 650
643 694
643 763
643 778
643 868
643 888
643 891
644 645
644 646
644 647
644 648
644 649
644 650
644 731
644 732
644 735
644 827
644 970
644 997
645 647
645 648
645 649
645 650
645 972
646 648
646 663
646 693
646 839
646 931
646 964
647 648
647 649
647 680
647 706
647 830
647 831
647 955
648 650
648 782
648 806
648 824
649 769
650 831
650 957
651 653
651 654
651 655
651 656
651 657
651 658
651 660
651 688
652 653
652 654
652 655
652 656
652 657
652 658
652 660
652 774
652 880
653 654
653 656
653 658
653 659
653 660
653 743
653 943
654 656
654 658
654 659
654 740
654 970
655 656
655 657
655 658
655 660
655 776
655 924
655 984
656 657
656 658
656 659
656 660
657 658
657 659
657 829
657 903
658 660
658 709
659 660
659 681
659 864
659 867
659 937
660 668
660 785
660 824
661 662
661 663
661 664
661 665
661 666
661 668
661 669
661 670
661 676
661 847
662 664
662 665
662 666
662 667
662 668
662 669
662 670
662 809
662 817
662 818
662 932
663 664
663 666
663 667
663 669
663 670
663 678
663 761
663 807
663 822
663 999
664 665
664 666
664 667
664 668
664 669
664 670
664 692
664 743
664 790
664 912
665 666
665 667
665 669
665 670
665 694
665 876
665 881
665 891
665 930
666 667
666 668
666 670
666 722
666 768
666 824
666 834
667 669
667 670
667 807
667 900
667 913
668 669
668 715
668 931
669 670
669 874
670 682
670 738
670 758
670 904
671 672
671 673
671 674
671 675
671 676
671 677
671 678
671 679
671 680
671 885
672 673
672 674
672 675
672 677
672 678
672 680
672 789
672 793
673 675
673 676
673 677
673 678
673 679
673 680
673 830
673 854
673 891
674 675
674 676
674 677
674 678
674 679
674 680
674 881
674 913
674 923
674 950
675 676
675 677
675 679
675 680
675 928
675 981
676 677
676 678
676 679
676 680
676 690
676 817
676 845
676 870
676 920
677 678
677 698
677 909
677 932
677 967
678 679
678 680
678 702
678 757
678 900
679 680
679 726
679 838
679 915
680 695
680 924
680 946
681 682
681 683
681 684
681 685
681 686
681 687
681 688
681 689
681 690
681 934
681 984
682 683
682 684
682 685
682 686
682 687
682 688
682 690
682 695
682 759
682 964
682 966
683 684
683 685
683 686
683 688
683 689
683 690
684 685
684 688
684 689
684 690
684 748
684 751
684 929
685 686
685 689
685 690
685 773
685 798
685 884
686 687
686 688
686 689
686 690
686 852
687 689
687 690
687 769
687 921
687 928
687 976
687 986
688 689
688 892
688 931
688 938
689 690
689 727
689 816
689 841
689 869
690 716
690 852
691 692
691 693
691 694
691 695
691 697
691 698
691 699
691 700
691 710
691 797
691 817
691 821
691 964
692 693
692 694
692 695
692 697
692 699
692 700
692 842
692 896
692 924
693 694
693 695
693 696
693 697
693 698
693 699
693 700
693 817
693 912
694 695
694 696
694 697
694 699
694 700
694 704
694 756
694 788
694 912
695 696
695 698
695 699
695 700
695 917
695 944
696 697
696 698
696 699
696 700
696 761
696 986
697 698
697 699
697 794
697 797
697 844
697 920
697 921
697 945
697 951
698 699
698 700
698 877
698 914
698 938
699 700
699 749
699 856
699 864
699 941
699 985
699 986
700 928
700 992
701 702
701 703
701 704
701 705
701 706
701 707
701 708
701 709
701 710
701 875
701 879
702 703
702 704
702 705
702 707
702 708
702 710
702 758
702 884
702 890
702 987
703 704
703 705
703 706
703 707
703 708
703 709
703 710
703 724
703 796
703 822
703 906
704 705
704 706
704 707
704 708
705 706
705 707
705 708
705 709
705 710
705 765
705 769
705 808
705 838
705 847
706 707
706 708
706 709
706 772
706 789
707 708
707 709
707 710
707 752
708 792
708 873
708 875
708 907
708 949
708 966
709 921
709 942
710 779
711 712
711 713
711 715
711 716
711 717
711 718
711 720
711 738
711 879
711 983
711 986
712 713
712 714
712 718
712 720
712 805
712 847
712 980
713 716
713 717
713 719
713 720
713 784
713 920
713 956
713 963
713 968
714 716
714 718
714 719
714 740
714 787
714 835
715 716
715 717
715 718
715 719
715 720
715 893
715 958
716 717
716 718
716 719
716 760
717 718
717 719
717 720
717 734
717 927
718 719
718 720
718 787
718 807
718 824
718 922
719 720
719 739
719 813
719 874
719 992
720 759
720 863
720 871
720 922
720 926
720 937
720 970
720 996
721 722
721 723
721 725
721 727
721 728
721 730
721 855
722 723
722 724
722 725
722 726
722 727
722 728
722 730
722 756
722 828
722 965
723 724
723 725
723 726
723 727
723 728
723 729
723 730
723 814
723 894
723 962
723 995
724 726
724 727
724 729
724 730
725 726
725 727
725 728
725 729
725 790
725 825
725 826
726 727
726 728
726 729
726 730
726 763
726 785
726 952
727 728
727 730
727 732
727 792
727 838
727 941
728 730
728 965
728 967
728 977
729 738
729 744
730 739
730 915
730 945
731 733
731 734
731 736
731 737
731 738
731 740
731 770
731 928
731 940
732 733
732 734
732 735
732 736
732 737
732 738
732 739
732 740
732 804
732 837
733 734
733 735
733 737
733 738
733 740
733 812
733 823
734 735
734 737
734 738
734 739
734 740
734 743
734 771
734 897
734 919
735 736
735 737
735 738
735 739
736 737
736 738
736 739
736 740
736 790
736 798
736 853
736 898
736 921
736 982
736 988
737 738
737 859
737 883
737 992
738 739
738 740
738 946
739 740
739 764
739 860
739 997
740 746
740 845
741 742
741 743
741 744
741 745
741 746
741 747
741 748
741 749
741 750
741 892
741 966
742 743
742 744
742 745
742 746
742 748
742 749
742 750
742 894
742 919
743 744
743 745
743 746
743 747
743 749
743 750
743 779
743 801
743 826
744 746
744 748
744 749
744 750
744 796
744 919
745 747
745 748
745 749
745 750
745 998
746 747
746 748
746 749
746 750
746 823
747 749
747 750
747 827
747 919
748 749
748 750
748 789
748 840
748 854
749 938
749 943
751 752
751 753
751 755
751 756
751 757
751 759
751 760
751 778
751 876
752 754
752 755
752 756
752 757
752 758
752 760
752 762
752 854
752 900
752 944
753 754
753 755
753 756
753 757
753 758
753 759
753 760
753 812
753 849
753 853
753 878
753 937
754 755
754 757
754 758
754 759
754 760
754 770
754 972
755 756
755 757
755 758
755 759
755 760
755 927
756 757
756 758
756 759
756 760
756 778
756 818
756 956
757 758
757 760
758 759
758 783
758 985
759 760
759 872
759 945
761 762
761 763
761 764
761 765
761 766
761 767
761 768
761 769
761 770
761 808
761 865
761 896
761 961
761 979
762 763
762 764
762 765
762 766
762 767
762 768
762 769
762 838
762 925
762 932
763 764
763 765
763 766
763 768
763 769
763 770
763 898
763 911
764 765
764 766
764 769
764 770
764 785
764 796
764 832
764 852
765 766
765 767
765 769
765 770
765 863
765 916
766 767
766 768
766 769
766 770
766 993
767 768
767 769
767 770
767 799
767 880
768 769
768 770
768 781
768 807
768 845
768 917
769 770
769 920
769 997
770 843
770 943
771 772
771 773
771 774
771 775
771 776
771 777
771 778
771 779
771 780
772 773
772 774
772 775
772 777
772 778
772 779
772 780
772 871
772 904
773 774
773 775
773 776
773 777
773 779
773 849
773 869
773 872
774 775
774 777
774 778
774 779
774 780
774 782
774 841
774 982
774 998
775 776
775 777
775 778
775 779
775 780
775 856
775 931
776 778
776 800
776 805
776 846
776 858
776 902
776 907
776 981
777 778
777 779
777 780
777 838
777 920
778 779
778 780
778 897
779 780
779 868
779 886
779 892
781 783
781 784
781 785
781 786
781 787
781 788
781 789
781 790
781 888
781 960
781 984
782 783
782 785
782 786
782 787
782 789
782 790
782 974
783 784
783 785
783 786
783 787
783 788
783 789
783 790
783 950
784 785
784 786
784 787
784 788
784 790
784 855
785 786
785 787
785 788
785 789
785 790
785 806
786 787
786 788
786 789
786 790
786 822
786 885
787 788
787 789
787 790
787 803
787 812
787 827
787 847
787 901
787 972
787 976
788 789
788 790
788 793
788 890
788 998
789 790
789 797
789 919
790 843
790 908
790 945
791 792
791 793
791 794
791 799
791 800
792 793
792 794
792 795
792 796
792 798
792 799
792 800
792 950
793 794
793 795
793 796
793 797
793 798
793 799
793 800
793 945
794 795
794 797
794 798
794 799
794 800
794 911
795 796
795 797
795 799
795 858
795 872
795 875
795 928
796 797
796 799
796 800
797 798
797 799
797 800
797 827
797 836
797 934
798 800
798 811
798 984
799 800
799 849
799 855
799 876
799 890
799 904
800 919
800 941
800 943
801 802
801 803
801 804
801 805
801 806
801 808
801 810
801 811
801 835
801 839
802 804
802 806
802 807
802 808
802 809
802 810
802 950
803 804
803 805
803 806
803 807
803 808
803 809
803 810
803 882
803 939
803 961
804 805
804 807
804 808
804 809
804 810
804 862
804 869
804 890
805 806
805 807
805 808
805 809
805 810
805 853
805 909
806 807
806 809
806 810
806 909
806 995
807 808
807 809
807 810
807 814
807 854
807 927
808 810
808 870
808 917
808 992
809 810
809 856
810 850
810 879
810 887
811 814
811 815
811 816
811 817
811 819
811 820
812 813
812 815
812 816
812 817
812 818
812 870
812 901
812 993
813 815
813 816
813 817
813 818
813 820
814 815
814 816
814 818
814 819
814 823
815 816
815 818
815 819
815 820
815 842
815 909
815 986
816 817
816 818
816 819
816 820
816 866
816 987
817 818
817 819
817 820
817 900
817 923
818 819
818 820
818 875
819 820
819 960
819 961
820 838
820 863
821 824
821 825
821 826
821 828
821 829
821 830
821 851
821 932
821 982
822 823
822 826
822 827
822 828
822 829
823 824
823 825
823 827
823 828
823 829
823 899
823 932
823 946
824 825
824 826
824 829
824 830
825 826
825 827
825 828
825 829
825 830
825 861
826 827
826 828
826 829
826 830
826 870
827 828
827 829
827 830
827 859
827 974
828 829
828 830
828 947
828 950
828 963
829 830
830 878
830 918
831 832
831 833
831 834
831 835
831 836
831 838
831 994
832 833
832 834
832 835
832 837
832 838
832 840
832 872
832 888
832 963
833 834
833 835
833 836
833 838
833 839
833 840
834 836
834 838
834 839
834 840
834 956
835 836
835 837
835 838
835 839
835 840
835 959
836 837
836 838
836 839
836 840
837 838
837 839
837 840
838 839
838 840
838 881
838 884
839 840
839 871
839 901
839 929
841 843
841 844
841 845
841 846
841 847
841 848
841 849
841 850
841 900
841 923
841 953
841 971
841 975
841 976
841 994
842 843
842 844
842 845
842 846
842 847
842 848
842 849
842 850
842 896
843 844
843 845
843 847
843 850
843 988
844 845
844 846
844 849
844 850
844 853
845 846
845 847
845 848
846 847
846 848
846 849
846 850
846 902
846 948
847 848
847 850
848 850
849 850
849 997
851 852
851 853
851 854
851 855
851 856
851 858
851 859
851 914
851 936
852 853
852 854
852 855
852 856
852 857
852 858
852 859
852 860
852 862
852 906
852 982
853 854
853 855
853 857
853 858
853 859
853 860
853 940
854 856
854 857
854 858
854 859
854 860
854 929
854 980
855 856
855 857
855 858
855 859
855 882
855 891
855 942
856 857
856 860
856 873
856 898
856 934
857 858
857 859
857 860
857 910
857 951
858 877
858 895
858 992
859 860
859 872
860 862
860 902
860 964
861 862
861 863
861 864
861 865
861 866
861 867
861 868
861 869
861 870
861 937
862 863
862 865
862 866
862 867
862 869
862 949
863 864
863 866
863 869
863 870
863 928
863 936
863 967
864 865
864 866
864 868
864 869
864 870
864 882
864 900
865 866
865 867
865 869
865 870
865 927
865 930
865 980
866 868
866 869
866 870
867 869
867 870
867 889
868 869
868 870
869 870
869 966
870 905
870 1000
871 872
871 873
871 874
871 875
871 877
871 878
871 879
871 880
871 983
872 873
872 874
872 875
872 878
872 879
872 880
872 974
873 874
873 875
873 876
873 878
873 879
873 880
873 955
874 875
874 876
874 879
874 880
874 884
874 968
875 876
875 877
875 878
875 880
875 990
876 878
876 879
876 880
876 888
876 913
877 878
877 879
877 880
877 973
877 993
878 879
878 892
878 937
878 959
879 880
880 949
881 882
881 883
881 885
881 886
881 888
881 889
881 910
881 953
882 884
882 886
882 887
882 888
882 889
882 890
883 884
883 885
883 886
883 887
883 888
883 889
883 890
883 896
883 927
883 940
884 885
884 886
884 887
884 889
884 890
884 930
884 955
885 886
885 888
885 889
885 953
885 991
885 1000
886 888
886 889
886 890
886 937
887 888
887 889
887 890
887 901
888 889
888 890
888 939
888 996
889 890
890 939
891 893
891 894
891 895
891 897
891 899
891 900
891 914
891 916
891 952
892 893
892 894
892 895
892 896
892 898
892 899
892 900
892 905
892 931
892 936
892 953
893 894
893 895
893 896
893 898
893 900
894 896
894 897
894 899
894 900
894 919
894 947
895 896
895 897
895 898
895 899
895 900
895 927
896 898
896 899
896 900
896 954
897 898
897 899
897 900
897 907
898 899
898 900
898 906
898 940
899 900
899 932
899 978
899 989
901 902
901 903
901 904
901 905
901 907
901 908
901 909
901 910
902 903
902 904
902 905
902 906
902 907
902 909
902 910
903 905
903 906
903 907
903 910
903 957
903 986
904 906
904 907
904 909
904 910
904 971
905 907
905 908
905 909
905 910
905 995
906 907
906 909
906 910
907 908
907 909
907 910
907 962
908 909
908 912
908 953
908 969
909 910
909 957
909 959
910 917
911 912
911 914
911 915
911 917
911 919
911 920
911 989
912 914
912 915
912 916
912 918
912 919
912 920
913 914
913 915
913 916
913 917
913 919
913 920
914 916
914 917
914 918
914 919
914 920
915 917
915 918
915 919
915 920
915 978
916 917
916 918
916 919
916 920
917 918
917 919
917 920
918 919
919 924
921 922
921 923
921 924
921 925
921 927
921 928
921 929
921 930
921 935
922 923
922 924
922 925
922 926
922 927
922 929
922 930
922 979
923 924
923 925
923 927
923 928
923 929
923 930
924 925
924 927
924 928
924 930
924 961
925 926
925 927
925 928
925 929
925 930
926 928
926 929
926 930
927 928
927 929
928 929
928 936
929 930
929 973
929 996
930 965
931 932
931 933
931 934
931 935
931 936
931 939
931 940
931 953
932 933
932 934
932 935
932 936
932 937
932 938
932 940
933 934
933 935
933 937
933 938
933 939
933 940
934 935
934 936
934 937
934 938
934 939
934 953
934 954
934 994
935 938
935 940
936 937
936 939
936 940
937 939
937 940
937 964
938 939
938 940
941 942
941 943
941 944
941 945
941 946
941 947
941 948
941 949
941 950
942 943
942 944
942 945
942 946
942 947
942 948
942 950
943 944
943 945
943 947
943 948
943 949
943 950
944 946
944 947
944 948
944 949
944 950
944 971
945 946
945 948
945 950
946 947
946 948
946 949
946 950
947 948
947 949
947 950
948 950
948 997
949 950
950 953
951 952
951 954
951 956
951 957
951 958
951 959
951 960
952 953
952 954
952 956
952 957
952 960
952 996
953 954
953 955
953 956
953 957
953 958
953 959
953 960
954 955
954 956
954 957
954 958
954 959
954 967
955 956
955 957
955 958
955 959
955 960
956 957
956 959
956 960
957 959
957 960
958 959
959 960
960 998
961 962
961 963
961 964
961 965
961 966
961 967
961 970
962 964
962 965
962 966
962 968
962 969
962 970
963 964
963 967
963 968
963 969
963 970
964 966
964 967
964 968
964 969
964 970
965 967
965 968
965 969
965 970
966 967
966 969
966 970
967 968
967 969
968 969
968 970
969 970
969 980
970 999
971 972
971 974
971 975
971 976
971 977
971 979
972 973
972 974
972 977
972 978
972 979
973 974
973 975
973 976
973 977
973 978
973 979
973 980
974 977
974 978
974 979
974 980
975 976
975 977
975 979
976 977
976 978
976 979
977 978
977 980
978 979
978 980
979 980
981 982
981 983
981 984
981 985
981 986
981 987
981 988
981 989
981 990
982 984
982 986
982 987
982 988
982 989
982 990
983 984
983 985
983 986
983 987
983 988
983 989
983 990
984 985
984 986
984 988
984 989
984 990
985 986
985 987
985 988
985 989
985 990
986 987
986 988
986 989
986 990
987 988
987 989
987 990
988 989
989 990
991 992
991 993
991 994
991 995
991 996
991 998
991 999
991 1000
992 993
992 994
992 995
992 996
992 997
992 999
992 1000
993 994
993 995
993 996
993 997
993 998
993 999
993 1000
994 996
994 997
994 998
994 999
994 1000
995 996
995 997
995 998
995 999
995 1000
996 997
996 998
996 999
996 1000
997 999
997 1000
998 1000
999 1000
