1000 8474
1 2
1 3
1 4
1 6
1 8
1 9
1 10
1 33
1 50
1 85
1 164
1 167
1 213
1 344
1 493
1 506
1 608
1 688
1 690
1 717
1 739
1 847
1 934
1 996
2 5
2 6
2 7
2 8
2 10
2 220
2 244
2 390
2 394
2 473
2 511
2 541
2 590
2 651
2 743
2 893
2 918
3 4
3 5
3 7
3 10
3 63
3 167
3 280
3 347
3 393
3 423
3 555
3 615
4 5
4 6
4 8
4 9
4 10
4 71
4 100
4 365
4 379
4 535
4 581
4 655
4 849
5 9
5 10
5 28
5 319
5 323
5 330
5 371
5 454
5 516
5 566
5 568
5 723
5 791
6 7
6 8
6 9
6 227
6 376
6 591
7 8
7 9
7 10
7 85
7 203
7 244
7 253
7 423
7 450
7 596
7 949
8 9
8 10
8 21
8 70
8 238
8 394
8 412
8 565
8 728
9 10
9 51
9 91
9 127
9 143
9 339
9 379
9 503
9 642
9 710
9 752
9 892
10 19
10 190
10 289
10 831
10 867
10 892
10 932
11 12
11 13
11 14
11 15
11 16
11 18
11 19
11 20
11 132
11 214
11 439
11 765
11 785
11 880
11 951
12 15
12 16
12 19
12 20
12 596
12 797
12 884
13 14
13 15
13 16
13 17
13 19
13 53
13 408
13 547
13 632
13 659
13 710
13 779
13 873
13 956
13 979
14 15
14 16
14 17
14 18
14 19
14 60
14 124
14 136
14 217
14 300
14 368
14 384
14 488
14 716
15 17
15 18
15 19
15 20
15 74
15 188
15 197
15 385
15 469
15 478
15 504
15 779
15 959
16 17
16 18
16 19
16 20
16 209
16 210
16 306
16 311
16 332
16 357
16 435
16 768
16 787
16 817
16 906
17 18
17 19
17 20
17 482
17 549
17 725
17 820
18 19
18 20
18 45
18 54
18 149
18 241
18 335
18 388
18 651
18 720
18 747
18 779
18 955
19 20
19 378
19 400
19 430
19 625
19 657
19 683
20 185
20 190
20 268
20 293
20 297
20 324
20 427
20 518
20 551
20 614
20 701
20 736
20 773
20 924
20 964
21 23
21 24
21 25
21 27
21 28
21 29
21 30
21 246
21 375
21 531
21 607
21 701
21 799
21 929
22 23
22 24
22 25
22 27
22 28
22 96
22 146
22 172
22 342
22 413
22 538
22 549
22 557
22 676
22 700
22 847
22 879
22 924
23 24
23 25
23 26
23 27
23 28
23 30
23 31
23 163
23 426
23 537
23 667
23 774
23 860
23 908
23 978
24 25
24 27
24 28
24 29
24 158
24 202
24 456
24 592
24 603
24 628
25 26
25 27
25 28
25 29
25 30
25 154
25 286
25 435
25 479
25 500
25 713
25 725
25 778
25 854
26 27
26 28
26 29
26 186
26 197
26 436
26 942
27 28
27 54
27 86
27 136
27 194
27 248
27 352
27 381
27 607
27 702
27 767
27 800
27 820
27 924
27 977
28 29
28 85
28 184
28 287
28 291
28 296
28 332
28 783
28 807
28 839
28 847
28 853
28 999
29 30
29 87
29 108
29 112
29 116
29 157
29 232
29 306
29 554
29 744
29 774
29 808
29 987
30 115
30 192
30 256
30 475
30 523
30 541
30 568
30 742
30 752
30 845
30 998
31 33
31 34
31 35
31 36
31 37
31 39
31 40
31 78
31 129
31 132
31 215
31 287
31 309
31 431
31 522
31 592
31 699
31 795
31 804
32 33
32 34
32 35
32 36
32 37
32 38
32 40
32 196
32 225
32 228
32 463
32 731
32 765
32 960
33 35
33 36
33 37
33 38
33 40
33 167
33 181
33 303
33 407
33 409
33 562
33 609
33 724
33 945
33 950
34 35
34 37
34 38
34 39
34 40
34 65
34 382
34 445
34 460
34 729
34 774
34 926
35 36
35 37
35 38
35 39
35 40
35 435
35 523
35 543
35 596
35 737
35 778
35 947
35 964
35 998
36 37
36 38
36 39
36 40
36 56
36 124
36 132
36 192
36 493
36 635
36 941
37 38
37 39
37 164
37 176
37 212
37 214
37 351
37 381
37 501
37 522
37 697
37 816
37 868
37 999
38 39
38 40
38 401
38 496
38 529
38 530
38 543
38 588
38 632
38 778
38 806
38 982
39 40
39 57
39 502
39 611
39 664
39 760
40 158
40 247
40 254
40 257
40 286
40 358
40 372
40 428
40 566
40 697
40 788
40 869
40 883
40 943
41 42
41 43
41 44
41 45
41 46
41 47
41 48
41 49
41 114
41 503
41 506
41 513
41 569
41 685
41 740
41 795
41 819
41 938
41 955
42 43
42 44
42 45
42 46
42 47
42 48
42 49
42 50
42 53
42 60
42 143
42 149
42 394
42 450
42 570
42 895
42 923
42 960
43 44
43 45
43 46
43 47
43 48
43 50
43 123
43 225
43 256
43 273
43 323
43 515
43 516
43 539
43 565
43 627
43 724
43 772
43 909
43 910
43 926
43 955
44 46
44 47
44 48
44 49
44 89
44 209
44 282
44 746
44 810
45 46
45 47
45 49
45 359
45 534
45 616
45 799
45 830
46 47
46 48
46 49
46 89
46 109
46 151
46 527
46 682
46 692
46 853
47 48
47 49
47 50
47 390
47 752
47 773
47 812
47 980
48 49
48 50
48 57
48 77
48 114
48 173
48 327
48 353
48 683
48 711
48 792
48 824
48 880
48 893
49 360
49 720
49 833
49 866
50 169
50 253
50 293
50 366
50 509
50 783
50 957
50 972
51 52
51 53
51 54
51 55
51 57
51 58
51 59
51 60
51 213
51 380
51 430
51 446
51 536
51 576
51 755
51 818
51 849
51 874
51 934
51 949
52 53
52 54
52 55
52 57
52 58
52 59
52 102
52 211
52 212
52 297
52 301
52 337
52 507
52 780
52 910
52 971
53 54
53 57
53 58
53 59
53 132
53 197
53 218
53 321
53 442
53 451
53 801
53 838
53 849
53 986
54 55
54 57
54 58
54 59
54 60
54 167
54 269
54 552
54 575
54 633
54 690
54 706
54 806
54 969
55 56
55 57
55 59
55 88
55 135
55 387
55 397
55 611
55 632
55 644
55 812
55 886
56 57
56 59
56 60
56 143
56 148
56 178
56 185
56 285
56 384
56 429
56 590
56 774
57 58
57 60
57 116
57 404
57 416
57 644
57 649
57 687
57 707
57 890
58 59
58 84
58 331
58 363
58 391
58 462
58 481
58 507
58 642
58 737
58 967
59 60
59 194
59 216
59 315
59 399
59 617
59 630
59 695
59 703
59 708
59 886
59 957
60 176
60 222
60 233
60 309
60 371
60 404
60 541
60 738
60 791
60 884
61 62
61 64
61 65
61 66
61 67
61 68
61 69
61 70
61 160
61 185
61 350
61 453
61 931
61 973
62 63
62 64
62 65
62 67
62 68
62 69
62 70
62 99
62 136
62 185
62 243
62 515
62 635
62 863
62 946
62 995
63 66
63 67
63 68
63 69
63 70
63 292
63 306
63 319
63 350
63 437
63 488
63 543
63 594
63 630
63 671
63 913
63 944
64 65
64 66
64 67
64 68
64 69
64 106
64 203
64 207
64 397
64 442
64 538
64 545
64 942
64 958
65 66
65 67
65 68
65 69
65 70
65 103
65 110
65 790
66 69
66 70
66 99
66 132
66 164
66 243
66 259
66 524
66 672
66 896
66 939
67 68
67 69
67 70
67 81
67 327
67 395
67 420
67 534
67 679
67 784
67 786
67 797
67 948
67 952
67 973
68 69
68 70
68 149
68 155
68 176
68 249
68 293
68 443
68 508
68 551
68 719
68 981
69 166
69 434
69 542
69 558
69 667
69 872
70 181
70 288
70 341
70 364
70 476
70 815
70 872
70 974
71 72
71 73
71 74
71 77
71 78
71 79
71 91
71 113
71 211
71 590
71 722
72 73
72 74
72 76
72 79
72 157
72 187
72 353
72 466
72 540
72 588
72 687
72 792
72 944
72 998
73 75
73 76
73 78
73 79
73 80
73 185
73 242
73 321
73 459
73 504
73 712
73 801
73 812
73 960
74 77
74 78
74 80
74 143
74 175
74 254
74 264
74 288
74 329
74 378
74 436
74 441
74 498
74 870
74 873
74 964
75 76
75 77
75 78
75 79
75 80
75 433
75 445
75 482
75 498
75 717
75 786
75 928
75 996
76 77
76 78
76 79
76 91
76 118
76 121
76 161
76 173
76 340
76 455
76 570
76 725
76 866
76 870
76 950
77 78
77 79
77 80
77 196
77 467
77 596
77 732
77 748
77 942
78 79
78 80
78 368
78 580
78 673
78 803
78 996
79 80
79 118
79 298
79 328
79 337
79 546
79 633
79 690
79 754
79 853
79 886
80 180
80 413
80 453
80 552
80 576
80 582
80 681
80 682
80 781
80 826
80 889
81 82
81 83
81 84
81 85
81 87
81 88
81 89
81 103
81 123
81 208
81 461
81 514
81 650
81 799
81 820
81 852
82 83
82 84
82 86
82 87
82 88
82 90
82 146
82 205
82 221
82 289
82 291
82 306
82 535
82 559
82 561
82 682
82 762
82 776
82 901
83 84
83 87
83 88
83 90
83 230
83 439
83 452
83 550
83 596
83 690
83 698
83 988
84 85
84 86
84 87
84 88
84 89
84 90
84 92
84 194
84 233
84 255
84 284
84 334
84 402
84 617
84 839
84 912
84 980
85 86
85 87
85 88
85 89
85 90
85 115
85 251
85 267
85 447
85 501
85 630
85 894
86 87
86 88
86 89
86 90
86 91
86 142
86 361
86 432
86 504
86 573
86 590
86 797
87 88
87 134
87 235
87 326
87 334
87 474
87 525
87 545
87 574
87 725
87 853
87 885
87 897
87 919
88 89
88 90
88 93
88 224
88 267
88 268
88 276
88 293
88 321
88 589
88 603
88 612
88 673
88 710
88 741
88 770
88 771
88 874
88 959
89 102
89 194
89 225
89 347
89 543
89 781
90 142
90 298
90 337
90 374
90 380
90 390
90 435
90 497
90 702
91 92
91 93
91 94
91 96
91 97
91 98
91 100
91 191
91 195
91 343
91 351
91 451
91 454
91 574
91 645
91 712
91 752
91 772
91 844
92 93
92 94
92 96
92 98
92 100
92 338
92 386
92 424
92 439
92 475
92 612
92 614
92 615
92 644
92 656
92 696
92 722
92 826
92 866
92 888
92 961
93 94
93 95
93 97
93 98
93 100
93 200
93 316
93 517
93 532
93 644
93 655
93 905
93 909
94 95
94 96
94 97
94 98
94 99
94 100
94 271
94 292
94 372
94 626
94 716
94 719
94 757
94 899
94 984
95 96
95 97
95 98
95 99
95 100
95 176
95 298
95 367
95 439
95 589
95 619
95 987
96 97
96 98
96 99
96 192
96 497
96 615
96 685
96 802
96 906
96 926
97 100
97 134
97 184
97 314
97 364
97 376
97 453
97 460
97 721
97 757
98 99
98 100
98 122
98 381
98 415
98 416
98 462
98 504
98 524
98 773
98 803
98 807
98 925
98 930
99 100
99 147
99 153
99 189
99 331
99 359
99 382
99 393
99 410
99 511
99 555
99 717
99 859
99 912
99 975
99 981
100 522
100 526
100 556
100 558
100 745
100 806
100 938
100 953
101 102
101 104
101 105
101 106
101 108
101 109
101 426
101 567
101 720
101 722
101 745
101 847
101 943
102 103
102 105
102 106
102 109
102 129
102 145
102 215
102 402
102 417
102 438
102 523
102 662
102 901
102 938
102 974
103 104
103 105
103 106
103 107
103 109
103 110
103 124
103 139
103 241
103 366
103 731
103 740
103 776
103 872
104 105
104 106
104 107
104 109
104 127
104 197
104 301
104 597
104 601
104 792
104 840
104 978
105 106
105 107
105 108
105 110
105 354
105 414
105 455
105 538
105 696
105 778
105 980
106 108
106 109
106 110
106 144
106 174
106 274
106 344
106 438
106 483
106 508
106 582
106 960
107 108
107 109
107 110
107 310
107 356
107 648
107 751
107 765
107 778
107 779
108 174
108 349
108 421
108 608
108 765
108 806
108 911
109 110
109 113
109 214
109 383
109 415
109 540
109 545
109 690
109 773
109 804
109 876
109 940
110 228
110 538
110 593
110 649
110 704
110 762
111 112
111 113
111 114
111 115
111 117
111 118
111 119
111 288
111 304
111 316
111 347
111 415
111 455
111 492
111 924
111 944
111 979
111 993
112 114
112 116
112 117
112 118
112 119
112 120
112 165
112 356
112 389
112 541
112 555
112 601
112 691
112 845
112 924
112 939
113 115
113 117
113 118
113 290
113 305
113 575
113 686
113 768
113 783
114 115
114 116
114 118
114 119
114 120
114 123
114 201
114 290
114 299
114 391
114 534
114 836
114 916
114 967
114 978
115 116
115 117
115 119
115 241
115 581
115 601
115 651
115 851
115 923
116 117
116 118
116 119
116 120
116 187
116 197
116 250
116 538
116 664
116 690
116 751
116 935
117 118
117 119
117 120
117 163
117 173
117 202
117 211
117 238
117 374
117 429
117 670
117 680
117 724
117 736
117 800
117 956
118 266
118 406
118 491
118 639
118 806
118 830
119 176
119 268
119 330
119 364
119 395
119 546
119 562
119 571
119 605
119 879
119 896
120 267
120 275
120 280
120 532
120 643
120 691
120 783
120 822
121 122
121 124
121 125
121 126
121 128
121 130
121 445
121 856
121 951
121 996
122 123
122 126
122 127
122 128
122 129
122 310
122 553
122 576
122 589
122 595
122 635
122 715
122 763
122 959
122 971
123 124
123 125
123 128
123 129
123 130
123 190
123 267
123 291
123 576
123 747
123 751
123 777
123 867
123 891
123 892
124 125
124 127
124 128
124 129
124 168
124 176
124 253
124 438
124 466
124 518
124 522
124 541
124 559
124 611
124 657
124 682
124 712
124 784
125 126
125 127
125 128
125 129
125 130
125 228
125 229
125 249
125 523
125 592
126 127
126 128
126 130
126 139
126 146
126 154
126 555
126 607
126 736
126 746
126 793
126 828
126 899
127 129
127 130
127 172
127 187
127 433
127 513
127 593
127 629
127 632
127 665
127 775
128 130
128 167
128 426
128 433
128 609
128 641
128 700
128 946
128 955
129 130
129 159
129 356
129 525
129 563
129 575
129 883
129 894
129 983
130 159
130 229
130 271
130 291
130 563
130 627
130 709
130 855
130 971
131 132
131 133
131 134
131 135
131 136
131 138
131 142
131 368
131 394
131 401
131 500
131 510
131 660
131 699
131 878
131 947
132 133
132 134
132 136
132 138
132 140
132 230
132 257
132 680
132 732
132 792
132 835
132 889
132 982
133 136
133 137
133 138
133 139
133 140
133 305
133 306
133 404
133 440
133 489
133 615
133 670
133 673
133 833
133 898
133 947
134 136
134 137
134 139
134 140
134 341
134 574
134 610
134 637
134 797
134 880
134 952
135 138
135 139
135 210
135 304
135 315
135 590
135 614
135 666
135 681
135 889
135 927
136 138
136 139
136 140
136 271
136 288
136 392
136 394
136 428
136 466
136 648
136 669
136 708
136 811
136 858
136 961
137 139
137 140
137 224
137 281
137 308
137 364
137 392
137 454
137 525
137 665
137 670
137 788
138 140
138 202
138 230
138 720
138 841
138 908
139 245
139 382
139 641
139 665
139 696
140 364
140 406
140 434
140 494
140 630
140 641
140 984
141 142
141 143
141 146
141 147
141 149
141 150
141 378
141 401
141 466
141 511
141 544
141 573
141 753
141 796
141 850
141 860
141 897
141 931
142 143
142 144
142 145
142 146
142 148
142 149
142 342
142 406
142 492
142 596
142 651
142 660
142 670
142 704
142 883
143 144
143 145
143 146
143 147
143 148
143 149
143 150
143 201
143 272
143 533
143 563
143 802
143 830
143 873
143 890
143 929
143 941
144 145
144 146
144 147
144 149
144 150
144 559
144 583
144 621
144 723
144 833
144 927
145 146
145 147
145 148
145 149
145 150
145 587
145 629
145 760
146 147
146 149
146 150
146 239
146 262
146 275
146 354
146 573
146 635
146 780
147 148
147 149
147 150
147 588
147 683
147 739
147 772
147 850
147 876
147 975
148 149
148 150
148 186
148 415
148 487
148 758
149 150
149 186
149 424
149 482
149 603
149 665
149 837
149 888
149 896
149 919
150 229
150 301
150 327
150 404
150 450
150 529
150 578
150 608
150 784
150 806
150 914
151 152
151 154
151 155
151 157
151 158
151 159
151 160
151 307
151 354
151 381
151 385
151 470
151 629
151 759
151 792
151 918
151 942
151 966
152 154
152 155
152 157
152 158
152 160
152 178
152 188
152 265
152 399
152 436
152 578
152 701
153 154
153 155
153 156
153 157
153 158
153 159
153 160
153 289
153 351
153 367
153 665
153 719
153 738
153 751
153 776
153 819
154 155
154 156
154 159
154 160
154 213
154 259
154 307
154 355
154 507
154 511
154 525
154 655
154 772
154 956
154 964
155 157
155 159
155 160
155 278
155 345
155 401
155 424
155 618
155 677
155 820
155 922
155 985
156 157
156 158
156 159
156 160
156 177
156 268
156 302
156 363
156 420
156 453
156 464
156 471
156 727
156 790
156 845
156 918
156 941
156 957
156 963
156 999
157 158
157 159
157 160
157 306
157 408
157 537
157 615
157 672
158 159
158 160
158 224
158 272
158 303
158 370
158 406
158 496
158 601
158 732
158 734
158 769
158 774
158 793
158 808
159 204
159 461
159 628
159 705
159 810
159 927
160 317
160 362
160 519
160 685
160 821
160 856
161 162
161 163
161 164
161 165
161 166
161 168
161 169
161 170
161 263
161 283
161 391
161 722
161 812
161 869
161 907
161 917
162 163
162 164
162 165
162 166
162 168
162 169
162 170
162 489
162 514
162 530
162 559
162 855
162 874
162 890
162 948
162 977
162 989
163 165
163 166
163 167
163 170
163 303
163 331
163 365
163 881
163 977
164 165
164 169
164 170
164 237
164 268
164 379
164 761
164 968
165 166
165 167
165 168
165 169
165 220
165 250
165 371
165 419
165 610
165 736
165 847
165 848
165 862
165 975
166 167
166 169
166 384
166 412
166 421
166 438
166 495
166 505
166 513
166 620
166 656
166 744
166 754
167 168
167 169
167 216
167 266
167 364
167 393
167 415
167 579
167 669
167 697
167 703
167 711
167 764
167 895
168 169
168 170
168 228
168 296
168 327
168 342
168 371
168 493
168 584
168 625
168 654
168 672
168 835
169 186
169 191
169 339
169 444
169 655
169 776
169 987
169 991
170 225
170 465
170 514
170 547
170 660
170 827
170 848
170 852
171 172
171 174
171 176
171 177
171 179
171 236
171 616
171 832
172 175
172 176
172 177
172 178
172 179
172 180
172 204
172 205
172 209
172 363
172 434
172 449
172 594
172 610
172 920
172 953
173 174
173 175
173 176
173 177
173 178
173 179
173 180
173 302
173 394
173 431
173 469
173 640
173 808
173 864
173 967
173 974
173 977
173 993
174 175
174 176
174 177
174 178
174 179
174 231
174 452
174 487
174 516
174 609
174 618
174 827
174 941
174 991
175 177
175 178
175 179
175 180
175 218
175 232
175 342
175 472
175 558
175 658
175 715
175 876
176 177
176 178
176 283
176 388
176 436
176 505
176 558
176 656
176 712
176 793
176 887
176 980
176 992
177 178
177 179
177 180
177 309
177 440
177 468
177 575
177 642
177 696
177 992
178 179
178 180
178 188
178 356
178 529
178 594
178 602
178 630
178 632
178 688
178 925
179 180
179 200
179 288
179 300
179 316
179 472
179 504
180 251
180 258
180 526
180 644
180 667
180 857
180 960
181 182
181 183
181 184
181 185
181 186
181 187
181 188
181 315
181 444
181 503
181 517
181 634
181 664
181 744
181 787
181 913
181 934
182 183
182 184
182 185
182 186
182 187
182 188
182 189
182 190
182 519
182 538
182 776
182 895
182 972
183 184
183 185
183 186
183 187
183 188
183 189
183 190
183 381
183 424
183 445
183 548
183 700
183 720
183 734
183 856
183 924
184 185
184 186
184 187
184 190
184 303
184 376
184 453
184 600
184 620
184 650
184 750
184 852
184 873
184 940
184 948
184 996
185 186
185 187
185 188
185 189
185 264
185 447
185 521
185 527
185 664
185 805
185 941
185 990
186 187
186 188
186 190
186 225
186 721
186 803
186 889
186 924
186 967
187 188
187 189
187 190
187 200
187 413
187 763
187 786
187 881
187 969
188 189
188 190
188 330
188 382
188 445
188 560
188 616
188 765
188 839
189 437
189 459
189 544
189 637
189 751
189 881
190 245
190 424
190 478
190 505
190 586
190 653
190 661
190 794
190 878
191 194
191 195
191 197
191 198
191 200
191 212
191 240
191 403
191 443
191 531
191 669
191 896
191 924
192 193
192 194
192 196
192 197
192 198
192 200
192 381
192 391
192 405
192 560
192 621
192 692
192 730
192 825
192 885
192 920
192 975
192 987
192 997
193 194
193 195
193 196
193 197
193 198
193 199
193 200
193 234
193 459
193 535
193 665
193 820
193 913
194 195
194 196
194 197
194 198
194 199
194 200
194 202
194 271
194 377
194 392
194 489
194 615
194 755
194 791
194 880
194 909
195 196
195 197
195 198
195 199
195 200
195 489
195 556
195 696
195 796
195 844
196 197
196 200
196 237
196 952
197 198
197 199
197 384
197 391
197 416
197 440
197 450
197 727
197 742
197 747
197 866
197 974
197 991
197 992
198 200
198 240
198 310
198 393
198 416
198 417
198 437
198 452
198 702
198 705
198 731
198 775
199 200
199 204
199 242
199 350
199 362
199 413
199 435
199 467
199 492
199 718
199 752
199 768
199 866
199 927
199 972
200 255
200 325
200 379
200 393
200 605
200 758
200 771
201 202
201 203
201 204
201 205
201 206
201 207
201 208
201 209
201 210
201 242
201 513
201 571
201 596
201 668
201 716
201 750
201 804
201 873
201 924
201 991
202 203
202 204
202 205
202 206
202 207
202 208
202 209
202 317
202 363
202 375
202 565
202 751
202 837
202 973
203 204
203 205
203 206
203 208
203 210
203 240
203 315
203 619
203 651
203 789
203 878
204 206
204 207
204 208
204 209
204 210
204 292
204 301
204 414
204 424
204 587
204 648
204 743
205 206
205 207
205 209
205 210
205 253
205 370
205 412
205 596
205 911
205 938
205 987
206 207
206 208
206 209
206 210
206 254
206 449
206 774
206 806
206 918
207 208
207 209
207 210
207 250
207 508
207 554
207 594
207 720
207 734
207 811
207 823
207 965
208 209
208 210
208 305
208 359
208 482
208 559
208 745
208 827
208 851
208 872
209 210
209 213
209 435
209 499
209 501
209 596
209 735
209 773
209 774
209 841
210 234
210 357
210 547
210 766
210 771
210 787
210 793
211 212
211 213
211 214
211 215
211 217
211 219
211 220
211 252
211 310
211 438
211 456
211 546
211 880
211 892
212 213
212 214
212 215
212 217
212 218
212 220
212 224
212 264
212 575
212 599
212 746
212 759
212 861
212 933
212 957
213 214
213 215
213 216
213 220
213 303
213 322
213 346
213 353
213 509
213 611
213 674
213 811
213 837
213 873
213 874
213 999
214 216
214 217
214 218
214 219
214 220
214 238
214 271
214 337
214 344
214 713
215 216
215 217
215 218
215 219
215 239
215 243
215 275
215 445
215 626
215 656
215 774
215 873
215 936
215 957
216 217
216 218
216 219
216 261
216 357
216 363
216 542
216 596
216 962
216 966
217 218
217 220
217 247
217 279
217 292
217 520
217 615
217 668
217 790
217 867
217 954
217 977
217 1000
218 284
218 364
218 466
218 566
218 604
218 722
218 772
218 958
218 976
218 984
219 220
219 298
219 486
219 599
219 628
219 659
219 742
219 789
219 794
219 966
220 290
220 355
220 428
220 470
220 565
220 623
220 828
220 835
220 912
221 222
221 223
221 224
221 226
221 227
221 228
221 241
221 327
221 348
221 421
221 422
221 503
221 552
221 585
221 612
221 952
221 956
222 223
222 224
222 225
222 227
222 229
222 521
222 523
222 563
222 584
222 599
222 608
222 622
222 656
222 665
222 757
223 224
223 225
223 226
223 228
223 464
223 531
223 712
223 743
224 225
224 226
224 227
224 228
224 229
224 230
224 350
224 467
224 568
224 720
224 723
224 791
224 915
224 995
225 226
225 228
225 229
225 230
225 355
225 389
225 434
225 537
225 669
225 808
225 878
225 911
225 975
226 227
226 228
226 229
226 328
226 428
226 534
226 567
226 669
226 822
226 824
226 879
227 228
227 229
227 230
227 465
227 525
227 642
227 783
227 893
228 229
228 230
228 244
228 318
228 359
228 448
228 466
228 475
228 494
228 532
228 763
228 774
228 872
228 905
229 230
229 433
229 438
229 541
229 673
229 826
229 908
229 950
230 274
230 606
230 620
230 647
230 879
230 986
231 233
231 234
231 235
231 236
231 237
231 238
231 239
231 240
231 277
231 296
231 308
231 319
231 451
231 522
231 545
231 578
231 723
231 938
232 233
232 234
232 235
232 236
232 237
232 238
232 239
232 240
232 488
232 614
232 762
233 234
233 236
233 237
233 238
233 239
233 240
233 253
233 427
233 491
233 529
233 537
233 588
233 817
233 838
234 235
234 236
234 239
234 240
234 308
234 486
234 514
234 584
234 759
234 799
234 869
235 237
235 238
235 239
235 240
235 650
235 852
235 985
236 237
236 238
236 239
236 240
236 302
236 364
236 447
236 532
236 596
236 604
236 674
237 240
237 297
237 632
237 867
237 950
238 239
238 240
238 324
238 425
238 455
238 489
238 511
238 534
238 597
238 649
238 692
238 779
238 829
238 871
238 897
239 240
239 281
239 296
239 386
239 622
239 729
239 812
239 874
239 964
239 986
240 276
240 593
240 729
240 827
240 865
240 912
241 242
241 243
241 244
241 245
241 246
241 247
241 249
241 259
241 371
241 480
241 522
241 827
241 841
241 922
241 955
241 982
242 243
242 244
242 246
242 247
242 248
242 249
242 250
242 355
242 450
242 453
242 565
242 723
242 818
242 854
242 887
242 973
243 244
243 245
243 247
243 248
243 249
243 250
243 404
243 468
243 677
243 819
243 851
244 246
244 247
244 248
244 249
244 250
244 269
244 369
244 839
244 841
244 879
244 906
245 246
245 247
245 248
245 249
245 250
245 439
245 531
245 709
245 781
245 800
245 877
246 247
246 249
246 250
246 276
246 309
246 476
246 522
246 587
246 627
246 630
246 646
246 663
246 687
246 814
247 248
247 249
247 250
247 343
247 399
247 553
247 622
247 658
247 696
247 774
247 990
248 249
248 250
248 288
248 289
248 393
248 536
248 751
248 766
248 770
248 887
248 953
248 955
249 250
249 648
249 675
249 868
250 333
250 429
250 456
250 585
250 701
250 834
251 252
251 254
251 255
251 256
251 257
251 258
251 259
251 260
251 326
251 435
251 469
251 554
251 579
251 703
252 253
252 255
252 256
252 257
252 258
252 272
252 355
252 367
252 396
252 615
252 661
252 728
252 768
252 965
253 254
253 255
253 257
253 258
253 259
253 260
253 309
253 504
253 512
253 550
253 731
253 885
254 255
254 256
254 257
254 258
254 259
254 260
254 274
254 393
254 405
254 460
254 546
254 551
255 256
255 258
255 259
255 260
255 409
255 537
255 729
256 258
256 259
256 359
256 370
256 397
256 494
256 643
256 810
256 834
257 258
257 259
257 260
257 359
257 402
257 414
257 536
257 642
257 732
257 771
257 799
257 837
257 856
257 961
257 980
258 259
258 309
258 627
258 641
258 845
258 891
258 913
259 260
259 262
259 423
259 433
259 471
259 626
259 738
259 812
260 332
260 554
260 622
260 639
260 640
260 649
260 734
260 795
260 857
260 911
261 262
261 263
261 264
261 265
261 266
261 268
261 269
261 270
261 481
261 550
262 263
262 264
262 265
262 266
262 267
262 268
262 269
262 451
262 560
262 573
262 581
262 599
262 615
262 912
263 264
263 265
263 266
263 267
263 268
263 270
263 430
263 553
263 600
263 795
263 860
264 265
264 266
264 267
264 268
264 269
264 327
264 450
264 502
264 531
264 645
264 745
264 984
265 266
265 267
265 268
265 269
265 270
265 314
265 662
265 840
265 885
265 901
265 918
266 267
266 268
266 269
266 270
266 313
266 413
266 494
266 607
266 837
266 927
266 939
266 996
267 268
267 269
267 270
267 305
267 430
267 458
267 470
267 739
267 903
267 905
268 269
268 270
268 601
268 666
268 763
268 862
268 888
269 270
269 362
269 428
269 603
269 714
269 925
270 387
270 409
270 507
270 508
270 544
270 585
270 626
270 702
270 833
270 926
270 983
271 274
271 275
271 276
271 277
271 278
271 279
271 564
271 595
271 653
271 700
271 753
271 759
271 960
272 273
272 274
272 275
272 276
272 278
272 280
272 326
272 494
272 550
272 683
272 833
272 842
272 951
272 996
273 274
273 275
273 276
273 277
273 278
273 279
273 280
273 633
273 802
273 843
273 909
274 275
274 276
274 277
274 278
274 279
274 280
274 286
274 287
274 352
274 530
274 653
274 777
274 787
274 888
275 276
275 277
275 278
275 279
275 353
275 404
275 636
275 667
275 674
275 682
275 759
276 278
276 279
276 280
276 492
276 536
276 547
276 574
276 764
276 767
276 810
276 870
276 916
277 278
277 279
277 280
277 283
277 340
277 376
277 444
277 532
277 670
277 680
277 738
277 784
277 834
278 279
278 280
278 447
278 658
278 801
278 890
278 895
278 940
279 280
279 511
279 584
279 711
279 713
279 788
279 798
280 886
280 989
281 282
281 283
281 284
281 285
281 287
281 288
281 289
281 290
281 453
281 467
281 521
281 576
281 594
281 660
281 681
281 709
281 852
281 936
282 283
282 284
282 285
282 286
282 287
282 289
282 290
282 488
282 575
282 675
282 739
282 904
282 910
282 965
282 984
283 284
283 286
283 287
283 288
283 289
283 290
283 359
283 388
283 548
283 580
283 805
284 285
284 287
284 288
284 289
284 290
284 394
284 426
284 459
284 492
284 505
284 536
284 592
284 651
284 731
284 748
284 784
285 286
285 287
285 288
285 289
285 290
285 304
285 332
285 364
285 409
285 478
285 592
285 624
285 964
285 978
286 287
286 288
286 289
286 290
286 309
286 369
286 435
286 437
286 462
286 489
286 533
286 567
286 604
286 688
286 715
286 845
287 288
287 290
287 606
287 747
288 290
288 629
288 631
288 731
288 969
288 971
289 290
289 555
289 565
289 710
289 776
289 885
290 360
290 620
290 656
290 868
291 292
291 293
291 296
291 298
291 299
291 364
291 419
291 499
291 569
291 654
291 866
291 907
291 950
292 293
292 294
292 295
292 297
292 298
292 299
292 300
292 309
292 324
292 620
292 773
292 999
293 294
293 295
293 297
293 298
293 299
293 300
293 411
293 471
293 531
293 642
293 692
293 742
293 833
293 901
294 296
294 297
294 298
294 299
294 300
294 407
294 451
294 940
294 952
295 296
295 297
295 298
295 299
295 300
295 361
295 483
295 573
295 598
295 639
295 645
295 672
295 924
295 951
296 299
296 300
296 339
296 426
296 588
296 647
296 775
296 861
296 906
297 299
297 300
297 345
297 370
297 497
297 534
297 539
297 656
297 658
297 728
297 769
297 773
298 299
298 300
298 404
298 430
298 525
298 584
298 695
298 699
298 744
298 747
298 779
298 819
298 879
298 908
299 300
299 352
299 403
299 440
299 680
299 683
299 865
299 918
300 312
300 429
300 489
300 622
300 748
300 835
300 906
300 913
300 947
301 302
301 303
301 304
301 305
301 308
301 309
301 416
301 714
301 723
301 769
301 1000
302 303
302 304
302 306
302 307
302 308
302 309
302 310
302 409
302 683
302 689
302 917
302 950
302 978
303 304
303 306
303 307
303 308
303 309
303 310
303 344
303 536
303 589
303 593
303 627
303 755
303 761
303 769
303 788
303 810
304 306
304 307
304 309
304 310
304 319
304 329
304 344
304 368
304 369
304 645
304 745
304 764
304 770
304 939
304 944
304 947
304 972
304 990
305 306
305 307
305 310
305 342
305 360
305 371
305 519
305 659
305 972
306 307
306 308
306 309
306 351
306 597
306 600
306 654
306 672
306 815
307 308
307 309
307 310
307 415
307 423
307 426
307 481
307 492
307 509
307 675
307 892
307 959
308 310
308 365
308 426
308 648
308 696
308 726
308 728
308 841
308 943
309 310
309 370
309 395
309 502
309 530
309 636
309 641
309 770
310 334
310 341
310 371
310 420
310 539
310 618
310 907
310 937
310 974
311 312
311 313
311 314
311 315
311 316
311 317
311 318
311 325
311 357
311 492
311 749
311 785
311 820
311 993
312 314
312 315
312 317
312 318
312 319
312 320
312 331
312 408
312 502
312 594
312 677
312 774
312 844
312 908
312 965
313 314
313 315
313 316
313 317
313 319
313 406
313 428
313 968
313 986
314 315
314 316
314 317
314 318
314 319
314 320
314 378
314 547
314 641
314 683
314 788
314 813
314 880
314 890
314 940
314 972
315 316
315 317
315 318
315 319
315 320
315 329
315 544
315 576
315 615
315 647
315 817
315 971
315 999
316 317
316 319
316 320
316 419
316 502
316 580
316 698
316 832
316 941
316 983
317 319
317 320
317 436
317 475
317 497
317 631
317 829
317 868
318 319
318 320
318 524
318 795
318 933
318 956
319 320
319 345
319 424
319 648
319 686
319 697
319 801
319 843
319 891
320 516
320 521
320 526
320 567
320 631
320 703
320 737
320 791
320 906
320 955
321 323
321 324
321 325
321 326
321 329
321 330
321 456
321 562
321 598
321 633
321 896
322 323
322 324
322 325
322 326
322 327
322 329
322 330
323 325
323 326
323 328
323 330
323 367
323 829
324 325
324 326
324 327
324 328
324 329
324 330
324 385
324 471
324 548
324 679
324 727
325 326
325 327
325 328
325 329
325 330
325 383
325 397
325 402
325 499
325 514
325 590
325 597
325 623
325 735
325 816
325 826
325 943
326 327
326 328
326 398
326 436
326 447
326 499
326 508
326 749
326 928
327 328
327 329
327 330
327 412
327 576
327 786
327 835
327 903
327 951
328 329
328 420
328 500
328 664
328 920
328 993
329 330
329 360
329 451
329 710
329 939
330 356
330 478
330 543
330 600
330 689
330 737
330 776
331 332
331 333
331 334
331 335
331 336
331 338
331 339
331 340
331 391
331 397
331 483
331 619
331 663
331 807
331 995
332 333
332 334
332 337
332 338
332 339
332 340
332 426
332 454
332 506
332 592
332 601
332 766
332 990
333 334
333 335
333 336
333 337
333 338
333 339
333 400
333 497
333 517
333 692
333 858
333 929
334 335
334 336
334 339
334 340
334 401
334 517
334 795
334 850
334 866
334 945
334 978
335 336
335 338
335 339
335 404
335 472
335 640
335 654
335 802
335 911
335 961
336 337
336 338
336 339
336 340
336 341
336 534
336 554
336 631
336 691
336 706
336 738
336 779
336 797
336 833
337 338
337 339
337 340
337 456
337 528
337 674
337 699
337 759
337 813
337 817
337 837
337 889
337 933
337 979
338 451
338 795
338 821
338 932
338 955
339 340
339 372
339 382
339 407
339 453
339 489
339 517
339 621
339 725
340 433
340 598
340 636
340 652
340 736
340 809
340 819
340 879
340 886
340 894
340 942
340 972
341 342
341 344
341 345
341 347
341 348
341 349
341 350
341 694
341 784
341 843
342 344
342 346
342 347
342 348
342 349
342 350
342 566
342 583
342 591
342 612
342 636
342 655
342 732
342 846
343 344
343 345
343 346
343 347
343 348
343 349
343 350
343 352
343 415
343 438
343 441
343 508
343 696
343 725
343 736
343 774
343 787
343 861
343 898
343 950
343 988
344 345
344 346
344 347
344 349
344 350
344 509
344 529
344 594
344 604
344 692
344 719
344 755
344 877
344 933
344 992
345 348
345 349
345 361
345 372
345 461
345 527
345 891
346 347
346 348
346 350
346 437
346 440
346 566
346 624
346 708
346 986
347 348
347 349
347 350
347 449
347 520
347 524
347 551
347 866
347 951
348 349
348 350
348 374
348 426
348 452
348 579
348 740
348 780
348 876
348 892
349 350
349 384
349 422
349 470
349 485
349 499
349 627
349 666
349 756
349 845
349 871
349 987
350 438
350 486
350 498
350 723
350 884
350 995
351 352
351 354
351 355
351 356
351 357
351 358
351 359
351 360
351 440
352 353
352 354
352 355
352 356
352 357
352 358
352 359
352 360
352 398
352 501
352 652
352 673
352 719
353 354
353 355
353 356
353 357
353 358
353 359
353 360
353 421
353 435
353 617
353 904
354 355
354 356
354 357
354 358
354 360
354 386
354 476
354 567
354 809
354 962
354 997
355 356
355 357
355 358
355 359
355 360
355 618
355 672
355 817
355 911
355 938
356 357
356 358
356 359
356 379
356 821
356 843
356 903
356 995
357 358
357 359
357 360
357 380
357 485
357 538
357 549
357 760
357 866
357 962
358 359
358 360
358 362
358 490
358 602
358 709
359 360
359 412
359 623
359 832
360 471
360 537
360 616
360 625
360 801
360 907
360 990
360 1000
361 362
361 363
361 364
361 366
361 367
361 368
361 369
361 370
361 463
361 497
361 524
361 713
361 798
361 855
361 870
361 979
362 363
362 364
362 365
362 366
362 367
362 368
362 369
362 370
362 549
362 551
362 667
362 774
362 881
362 885
362 916
362 974
363 364
363 365
363 366
363 368
363 369
363 370
363 493
363 561
363 683
364 367
364 368
364 369
364 370
364 431
364 504
364 600
364 831
364 851
364 904
365 367
365 368
365 369
365 370
365 570
365 643
365 727
365 832
365 881
365 907
366 367
366 369
366 370
366 388
366 558
366 577
366 682
366 685
366 696
366 726
366 893
367 368
367 369
367 370
367 408
367 596
367 629
368 370
368 429
368 468
368 492
368 517
368 705
368 715
368 825
368 862
369 399
369 655
369 826
369 918
369 927
369 949
370 468
370 740
370 819
370 890
370 972
371 372
371 373
371 374
371 375
371 376
371 377
371 378
371 379
371 424
371 444
371 466
371 522
371 638
371 751
371 769
371 872
372 374
372 375
372 377
372 378
372 379
372 380
372 445
372 452
372 454
372 465
372 646
372 652
372 654
372 665
372 980
373 374
373 376
373 379
373 380
373 492
373 628
374 376
374 377
374 379
374 380
374 384
374 551
374 591
374 838
375 376
375 377
375 378
375 379
375 380
375 434
375 461
375 618
375 825
375 963
376 378
376 379
376 380
376 467
376 471
376 481
376 626
376 631
376 732
376 757
376 782
376 981
377 378
377 379
377 380
377 555
377 691
377 768
377 770
378 379
378 380
378 525
378 624
378 686
378 756
378 792
378 921
378 984
379 380
379 540
379 586
379 766
379 811
380 393
380 524
380 726
380 918
380 982
381 382
381 383
381 384
381 385
381 386
381 387
381 388
381 390
381 406
381 493
381 623
381 735
381 843
381 855
381 872
381 907
382 383
382 384
382 385
382 386
382 387
382 388
382 389
382 390
382 490
382 724
383 384
383 385
383 386
383 387
383 388
383 395
383 756
383 971
384 385
384 386
384 387
384 388
384 389
384 390
384 452
384 600
384 710
385 386
385 388
385 389
385 390
385 436
385 612
385 744
385 852
385 999
386 387
386 411
386 715
386 736
386 853
387 388
387 389
387 390
387 416
387 424
387 501
387 599
387 649
387 669
387 705
387 710
387 732
387 910
388 390
388 486
388 698
389 423
389 525
389 573
389 829
389 939
390 532
390 771
390 827
390 945
390 956
391 393
391 394
391 395
391 396
391 397
391 398
391 399
391 416
391 497
391 541
391 612
391 629
391 653
391 682
391 844
391 972
392 393
392 394
392 395
392 396
392 397
392 398
392 399
392 400
392 489
392 707
392 798
392 832
392 880
392 908
392 948
393 394
393 395
393 396
393 397
393 398
393 399
393 400
393 451
393 458
393 539
393 570
393 668
393 708
393 902
393 981
394 395
394 396
394 397
394 398
394 399
394 400
394 586
394 651
394 689
394 818
394 850
394 861
394 876
394 885
395 396
395 397
395 399
395 400
395 441
395 531
395 562
395 625
395 784
395 859
395 910
395 951
396 397
396 398
396 400
396 429
396 562
396 676
396 767
396 862
396 932
396 954
397 398
397 400
397 405
397 556
397 598
397 618
397 650
397 675
397 796
397 891
397 898
397 944
397 948
398 399
398 511
398 541
399 400
399 492
399 519
399 626
399 730
400 605
400 636
400 799
401 402
401 403
401 405
401 408
401 409
401 410
401 598
401 677
401 862
402 404
402 405
402 406
402 407
402 408
402 409
402 410
402 522
402 571
402 759
402 788
402 873
402 898
403 404
403 405
403 406
403 407
403 408
403 413
403 530
403 661
403 674
403 924
404 406
404 407
404 408
404 409
404 410
404 715
404 770
405 406
405 407
405 409
405 410
405 451
405 490
405 984
405 992
406 407
406 409
406 410
406 583
406 662
406 785
406 864
407 408
407 410
407 647
407 657
407 840
408 409
408 410
408 563
408 865
408 906
408 941
409 410
409 572
409 625
409 643
409 745
409 840
409 900
410 605
410 643
410 765
410 783
410 789
411 412
411 417
411 419
411 420
411 465
411 595
411 820
411 945
412 413
412 414
412 415
412 416
412 417
412 418
412 419
412 420
412 583
412 770
413 414
413 415
413 416
413 417
413 418
413 420
413 454
413 623
413 638
413 670
413 678
413 730
413 783
413 794
414 415
414 416
414 417
414 418
414 419
414 420
414 458
414 504
414 534
414 685
414 831
415 416
415 417
415 418
415 419
415 420
415 460
415 466
415 626
415 671
415 753
415 754
415 846
415 948
415 981
416 417
416 418
416 420
416 497
416 535
416 593
416 799
416 890
417 418
417 419
417 420
417 477
417 631
417 750
417 892
417 895
417 994
418 420
418 445
418 538
418 724
418 734
418 762
418 862
419 458
419 508
419 914
419 962
420 500
420 765
420 859
420 869
420 877
420 912
420 961
420 978
421 423
421 424
421 426
421 427
421 428
421 430
421 450
421 484
421 524
421 533
421 591
421 728
421 794
421 810
421 891
421 927
421 941
421 958
422 423
422 424
422 425
422 426
422 428
422 429
422 535
422 538
422 540
422 846
422 981
423 424
423 428
423 429
423 430
423 588
423 770
423 784
423 944
423 973
424 426
424 427
424 428
424 430
424 460
424 678
424 843
424 863
424 907
424 998
425 426
425 427
425 428
425 429
425 430
425 554
425 769
425 793
425 838
425 854
425 869
425 957
425 974
426 427
426 432
426 483
426 872
426 916
427 428
427 429
427 581
427 633
427 659
427 707
427 735
427 919
427 967
427 969
428 429
428 484
428 517
428 763
428 978
428 988
429 430
429 463
429 622
429 736
429 773
429 928
429 988
430 599
430 610
430 821
430 974
431 432
431 434
431 435
431 437
431 439
431 440
431 446
431 518
431 654
431 661
431 759
431 839
431 943
432 433
432 436
432 438
432 439
432 440
432 533
432 822
432 860
432 920
433 434
433 435
433 436
433 437
433 438
433 439
433 440
433 718
433 750
433 922
434 435
434 436
434 438
434 440
434 905
434 943
435 436
435 438
435 439
435 440
435 499
435 556
435 654
435 696
435 880
435 882
435 963
436 438
436 439
436 440
436 698
436 779
436 887
436 902
437 438
437 440
437 521
437 551
437 600
437 607
437 732
437 813
438 439
438 440
438 676
438 799
438 892
438 924
438 927
438 941
439 440
439 475
439 594
439 741
439 758
439 789
439 813
439 824
439 876
440 442
440 461
440 650
440 896
441 442
441 443
441 444
441 445
441 446
441 449
441 450
441 455
441 515
441 566
441 862
442 443
442 444
442 445
442 446
442 447
442 448
442 449
442 450
442 467
442 509
442 515
442 553
442 581
442 840
442 899
442 924
443 444
443 445
443 446
443 447
443 448
443 449
443 450
443 530
443 642
443 660
443 683
443 690
443 702
443 931
443 934
444 445
444 446
444 447
444 449
444 450
444 576
444 729
444 761
444 832
445 446
445 448
445 449
445 450
445 678
445 760
446 447
446 448
446 449
446 450
446 454
446 481
446 494
446 552
446 556
446 648
446 750
446 869
446 939
446 968
447 448
447 449
447 450
447 576
447 700
447 760
447 933
448 450
448 568
448 677
448 709
448 905
448 943
449 450
449 457
449 621
449 668
449 671
449 724
449 753
449 775
449 788
449 998
450 653
450 719
450 774
450 776
450 892
450 951
450 957
451 453
451 454
451 455
451 456
451 457
451 458
451 459
451 460
451 520
451 551
451 599
451 882
451 906
451 934
452 453
452 454
452 455
452 456
452 457
452 458
452 459
452 595
452 699
452 702
452 726
452 884
452 920
452 927
453 454
453 455
453 456
453 457
453 458
453 459
453 460
453 498
453 550
453 614
453 736
453 877
453 917
454 455
454 456
454 457
454 458
454 459
454 460
454 497
454 520
454 532
454 598
454 616
454 649
454 650
454 758
454 777
454 894
454 975
455 456
455 457
455 458
455 459
455 483
455 611
455 641
455 737
455 772
455 814
455 871
455 975
455 984
456 457
456 458
456 459
456 460
456 660
456 798
456 852
457 458
457 459
457 460
457 695
457 710
457 770
457 791
458 459
458 460
458 529
458 676
458 767
458 800
458 856
458 879
458 897
458 938
458 949
459 460
459 544
459 662
459 679
459 684
459 896
460 632
460 817
460 909
460 920
460 949
461 462
461 465
461 466
461 468
461 469
461 470
461 741
461 803
461 819
461 881
461 914
461 920
461 937
461 997
462 465
462 467
462 468
462 501
462 673
462 677
462 699
462 755
462 763
462 830
462 985
463 464
463 465
463 466
463 467
463 468
463 469
463 470
463 687
463 714
463 811
463 823
463 891
464 465
464 466
464 468
464 469
464 518
464 605
464 663
464 852
464 877
464 906
464 937
464 953
465 466
465 467
465 468
465 469
465 470
465 509
465 588
465 813
465 884
466 467
466 468
466 469
466 470
466 638
466 903
467 468
467 469
467 662
468 469
468 470
468 522
468 677
468 718
468 760
468 912
468 935
468 959
469 505
469 568
469 578
469 735
469 813
469 894
469 999
470 499
470 709
470 942
471 472
471 473
471 474
471 476
471 479
471 480
471 546
471 701
471 707
471 718
471 740
471 822
471 855
471 869
471 885
472 473
472 475
472 477
472 479
472 480
472 582
472 904
472 910
473 474
473 475
473 476
473 477
473 478
473 479
473 630
473 818
473 835
473 958
473 969
473 993
473 999
474 477
474 479
474 480
474 547
474 600
474 606
474 609
474 677
474 689
474 713
474 823
474 830
474 961
474 963
475 476
475 477
475 478
475 479
475 480
475 748
475 809
475 895
475 896
476 477
476 478
476 480
476 492
476 563
476 571
476 696
476 744
476 773
476 824
476 843
476 923
477 478
477 479
477 480
477 521
477 579
477 734
477 737
477 933
478 479
478 483
478 631
478 633
478 988
479 480
479 510
479 907
479 921
480 511
480 599
480 699
480 727
480 980
481 482
481 483
481 484
481 487
481 488
481 489
481 501
481 511
481 674
481 745
482 483
482 484
482 485
482 486
482 487
482 489
482 490
482 564
482 595
482 807
482 818
482 827
482 854
482 978
483 484
483 485
483 486
483 487
483 488
483 489
483 929
484 485
484 486
484 488
484 489
484 490
484 681
484 956
485 486
485 487
485 488
485 490
485 528
485 565
485 743
485 758
485 858
485 950
486 487
486 490
486 707
486 725
486 848
486 849
486 852
486 927
486 996
487 488
487 489
487 490
487 569
487 590
487 666
487 723
487 736
487 849
487 914
488 490
488 502
488 695
488 749
488 818
488 931
488 951
488 991
489 490
489 931
490 539
490 652
490 663
490 680
490 713
490 732
490 870
490 999
491 492
491 495
491 498
491 499
491 500
491 566
491 752
491 763
491 922
491 956
491 989
492 493
492 495
492 496
492 497
492 498
492 500
492 549
492 652
492 663
493 494
493 495
493 496
493 497
493 499
493 500
493 770
493 798
493 964
494 495
494 496
494 497
494 499
494 897
495 496
495 498
495 499
495 500
495 564
495 571
495 681
495 868
495 981
496 497
496 499
496 500
496 524
496 880
496 897
496 911
496 913
497 498
497 499
497 500
497 664
497 670
497 707
497 972
497 978
498 499
498 500
498 686
498 724
498 740
498 944
498 947
499 500
499 558
499 625
499 628
499 651
499 714
499 882
499 941
500 664
500 736
500 826
500 887
500 916
500 959
500 981
501 502
501 503
501 504
501 505
501 506
501 507
501 508
501 509
501 510
501 748
501 850
501 946
502 503
502 504
502 505
502 506
502 508
502 509
502 510
502 577
502 641
502 889
502 895
503 504
503 507
503 508
503 509
503 510
503 532
503 729
504 505
504 506
504 508
504 509
504 510
504 512
504 573
504 619
504 652
504 742
504 980
505 506
505 507
505 508
505 510
505 622
505 632
505 634
505 658
505 668
505 774
505 992
506 509
506 510
506 554
506 766
507 508
507 509
507 516
507 530
507 665
507 697
507 772
508 509
508 510
508 517
508 630
508 640
508 769
508 803
508 808
508 992
509 510
509 576
509 850
509 960
510 574
510 740
510 800
510 973
511 512
511 513
511 514
511 515
511 518
511 519
511 520
511 803
511 813
511 900
511 916
511 934
512 514
512 515
512 516
512 518
512 520
512 596
512 745
512 800
512 987
513 515
513 516
513 517
513 518
513 519
513 537
513 566
513 630
513 770
513 775
513 812
513 820
513 829
514 515
514 516
514 518
514 519
514 520
514 813
514 912
514 969
514 974
515 516
515 517
515 518
515 519
515 520
515 702
515 733
516 517
516 518
516 519
516 520
516 627
516 847
517 518
517 519
517 578
517 632
517 758
517 840
517 849
517 897
518 519
518 520
518 867
518 887
518 957
519 560
519 690
519 829
519 841
519 993
520 831
520 882
520 898
520 957
521 522
521 523
521 524
521 525
521 526
521 528
521 529
521 530
521 644
521 804
521 936
521 958
521 995
522 523
522 524
522 525
522 526
522 527
522 528
522 530
522 543
522 563
522 573
522 580
522 596
522 740
522 838
522 860
522 910
522 914
522 973
523 524
523 525
523 527
523 528
523 529
523 530
523 643
523 899
523 905
523 994
524 525
524 526
524 528
524 529
524 647
524 664
524 773
525 526
525 527
525 528
525 529
525 608
525 613
525 616
525 828
525 925
525 1000
526 527
526 528
526 529
526 530
526 560
526 572
526 685
526 767
526 809
527 528
527 529
527 645
527 656
527 797
527 887
527 893
527 932
528 529
528 530
528 566
528 579
528 600
528 790
528 905
529 530
529 926
530 543
530 619
530 694
530 728
530 739
530 867
530 898
531 534
531 535
531 536
531 537
531 538
531 539
531 622
531 734
531 804
531 959
532 533
532 534
532 536
532 538
532 539
532 540
532 605
532 719
532 734
532 911
532 979
533 535
533 536
533 537
533 538
533 539
533 540
533 709
533 722
534 535
534 536
534 537
534 539
534 592
534 614
534 672
534 746
534 964
535 536
535 537
535 538
535 539
535 540
535 621
535 734
535 759
535 789
536 537
536 538
536 539
536 540
536 589
536 694
536 768
536 769
537 539
537 540
537 558
537 818
537 958
538 615
538 717
538 748
538 850
539 647
539 658
539 721
539 768
539 878
540 620
540 628
540 765
540 891
540 935
540 993
541 542
541 543
541 544
541 545
541 546
541 547
541 549
541 550
541 642
541 891
541 983
542 543
542 545
542 546
542 547
542 548
542 549
542 716
542 741
542 810
543 544
543 547
543 548
543 550
543 551
543 629
543 727
543 866
543 886
543 930
543 936
544 545
544 546
544 547
544 548
544 549
544 550
544 656
544 674
544 808
545 547
545 548
545 549
545 550
545 615
545 672
545 705
545 826
545 884
545 966
545 981
546 547
546 548
546 549
546 745
546 812
547 548
547 549
547 765
547 839
547 868
547 964
547 988
548 549
548 550
548 695
548 800
548 804
548 940
549 588
549 760
549 800
549 852
549 853
549 876
549 903
550 839
550 882
551 552
551 553
551 554
551 555
551 556
551 558
551 559
551 727
551 752
551 759
551 764
551 881
551 905
551 915
552 553
552 554
552 556
552 557
552 558
552 559
552 560
552 571
552 798
552 800
552 876
552 881
552 956
553 554
553 555
553 556
553 557
553 558
553 559
553 560
553 682
553 685
553 693
553 703
553 901
553 917
554 555
554 556
554 557
554 558
554 559
554 560
554 562
554 611
554 631
554 669
554 701
554 739
554 900
555 556
555 557
555 558
555 559
555 560
555 680
555 920
556 558
556 559
556 560
556 579
556 589
556 753
556 785
556 958
557 558
557 559
557 560
557 729
557 812
557 853
557 908
557 951
558 559
558 560
558 615
558 670
558 816
558 858
558 984
559 560
559 764
559 776
559 785
559 928
559 990
560 844
561 564
561 565
561 567
561 568
561 569
561 773
561 819
562 563
562 564
562 565
562 567
562 569
562 570
562 719
562 753
562 760
562 869
562 890
563 564
563 565
563 566
563 568
563 569
563 570
563 611
563 832
563 985
564 565
564 566
564 567
564 569
564 622
564 648
564 992
565 567
565 568
565 569
565 570
565 573
565 658
565 826
565 832
565 898
566 567
566 568
566 569
566 570
566 643
566 742
566 780
566 974
566 990
567 568
567 569
567 570
567 637
567 839
567 932
567 991
568 569
568 570
568 652
568 739
568 833
568 1000
569 570
569 639
569 711
569 790
569 981
570 589
571 572
571 573
571 574
571 575
571 576
571 577
571 578
571 579
571 580
571 673
571 812
571 911
572 573
572 574
572 575
572 576
572 577
572 580
572 676
572 857
572 998
573 574
573 575
573 576
573 577
573 578
573 579
573 580
573 732
573 780
573 962
574 575
574 576
574 577
574 578
574 579
574 580
574 584
574 586
574 742
574 936
575 576
575 577
575 578
575 579
575 580
575 821
575 883
575 958
576 577
576 578
576 754
576 766
576 813
576 854
576 866
576 958
577 655
577 674
577 731
577 831
577 839
578 579
578 580
578 649
578 754
578 834
578 852
578 857
578 882
578 907
579 682
579 764
579 778
580 714
580 785
581 582
581 583
581 584
581 585
581 586
581 587
581 588
581 589
581 721
581 785
581 832
581 926
581 946
582 584
582 585
582 586
582 588
582 589
582 680
582 977
582 988
582 992
583 587
583 588
583 590
584 585
584 586
584 587
584 588
584 589
584 590
584 778
584 906
584 930
584 994
585 586
585 587
585 590
585 728
585 769
585 844
585 893
585 922
586 587
586 588
586 589
586 590
586 690
586 764
586 822
586 881
587 588
587 590
587 658
587 660
587 808
587 969
588 589
588 590
588 667
588 703
588 766
588 942
588 994
589 590
589 617
589 715
589 920
590 730
590 737
590 817
590 880
590 966
591 592
591 595
591 596
591 597
591 598
591 599
591 600
591 615
591 767
591 790
591 960
592 593
592 596
592 597
592 598
592 599
592 600
592 624
592 785
593 595
593 596
593 597
593 598
593 599
593 600
593 647
593 723
593 837
594 595
594 596
594 597
594 599
594 600
594 638
594 649
594 691
594 779
594 850
594 925
595 596
595 597
595 598
595 599
595 600
595 695
595 819
595 903
595 926
596 597
596 598
596 599
596 600
596 741
597 598
597 599
597 600
597 613
597 634
597 780
598 599
598 776
598 789
598 864
598 912
599 600
599 617
599 618
599 832
599 931
599 953
599 992
600 735
600 863
601 602
601 603
601 604
601 605
601 607
601 608
601 609
601 610
601 628
601 637
601 833
601 848
601 870
601 874
601 975
602 603
602 604
602 605
602 607
602 608
602 609
602 871
603 604
603 605
603 606
603 607
603 608
603 609
603 610
603 650
603 806
603 823
603 864
603 883
604 606
604 607
604 608
604 609
604 610
604 611
604 691
604 894
605 607
605 608
605 609
605 610
605 648
605 653
605 663
605 938
606 607
606 608
606 609
606 610
606 801
606 806
607 608
607 610
607 727
607 818
607 897
607 906
607 920
608 609
608 610
608 677
608 694
608 706
608 749
608 929
608 942
609 610
609 636
609 736
609 761
609 799
609 929
609 955
610 699
610 825
610 869
610 889
610 922
610 936
610 984
611 613
611 614
611 615
611 616
611 617
611 619
611 657
611 662
611 708
611 809
611 837
612 613
612 614
612 615
612 616
612 617
612 618
612 619
612 620
612 660
612 759
612 839
612 852
612 987
613 616
613 617
613 618
613 619
613 620
613 809
614 615
614 616
614 617
614 618
614 619
614 620
614 670
614 703
614 758
614 887
615 617
615 619
615 620
615 769
615 798
615 809
615 869
615 979
616 617
616 618
616 619
616 620
616 648
616 821
617 618
617 619
617 620
617 689
617 718
617 764
617 813
617 832
617 989
617 998
618 619
618 620
618 729
618 886
619 620
619 622
619 632
619 708
619 769
619 837
620 659
620 766
621 622
621 623
621 624
621 625
621 626
621 627
621 628
621 629
621 630
621 661
621 689
621 787
622 623
622 624
622 626
622 627
622 629
622 630
622 695
622 936
623 624
623 625
623 626
623 628
623 629
623 630
623 845
623 953
624 625
624 626
624 627
624 628
624 629
624 630
624 730
624 795
624 872
624 883
625 626
625 627
625 628
625 629
625 848
625 890
625 916
626 627
626 630
626 667
626 712
626 836
626 926
626 992
627 628
627 629
627 630
627 663
627 681
627 849
627 853
627 952
627 973
628 629
628 630
628 801
628 945
629 856
629 988
629 991
630 893
630 969
631 632
631 634
631 636
631 637
631 638
631 639
631 640
631 724
631 775
631 840
631 861
631 881
631 937
631 971
632 633
632 635
632 636
632 637
632 638
632 639
632 640
632 692
632 774
632 782
632 847
633 635
633 637
633 638
633 639
633 640
633 697
633 834
633 875
633 954
634 635
634 636
634 637
634 638
634 639
634 723
634 911
635 636
635 637
635 639
635 640
635 693
635 713
635 760
635 822
635 888
635 970
636 637
636 640
636 782
636 850
637 638
637 639
637 640
637 695
637 788
637 930
638 639
638 640
638 710
638 866
639 640
639 656
639 713
639 753
639 783
639 789
639 846
639 884
639 912
640 794
640 877
641 642
641 645
641 646
641 647
641 648
641 649
641 650
641 851
642 643
642 644
642 645
642 646
642 647
642 648
642 650
642 728
642 863
642 871
642 932
643 646
643 647
643 648
643 649
643 650
643 686
643 720
643 767
643 811
643 913
644 645
644 646
644 647
644 648
644 649
644 650
644 755
644 853
645 646
645 647
645 648
645 649
645 829
645 833
645 870
645 907
645 971
646 648
646 649
646 650
646 655
646 905
647 649
647 650
647 676
647 812
648 650
648 706
648 719
648 994
649 650
649 692
649 889
650 955
650 993
650 996
651 653
651 655
651 656
651 657
651 733
651 827
651 928
651 934
652 653
652 654
652 655
652 656
652 657
652 658
652 659
652 660
652 709
652 744
653 654
653 655
653 656
653 657
653 658
653 659
653 736
653 810
653 860
653 868
653 873
653 910
654 655
654 656
654 657
654 658
654 659
654 689
654 722
654 790
654 842
654 855
654 859
655 656
655 657
655 658
655 659
655 660
655 726
655 749
655 852
655 999
656 658
656 659
656 660
656 799
656 912
656 984
657 658
657 659
657 660
657 814
658 659
658 660
658 824
659 660
659 782
659 832
659 964
661 662
661 663
661 664
661 665
661 666
661 668
661 669
661 670
661 716
661 823
662 663
662 664
662 665
662 666
662 667
662 668
662 669
662 796
662 841
662 871
663 665
663 666
663 667
663 668
663 669
663 670
663 677
663 875
664 665
664 666
664 667
664 668
664 669
664 670
664 766
664 887
664 952
665 666
665 667
665 668
665 669
665 670
665 779
665 809
665 937
666 667
666 668
666 669
666 670
666 686
666 824
666 873
666 987
667 668
667 669
667 670
667 780
667 851
667 918
668 669
668 751
669 670
669 918
669 981
669 998
670 770
670 817
670 864
671 672
671 673
671 674
671 675
671 676
671 678
671 680
671 757
671 760
671 765
671 772
671 858
671 872
672 674
672 675
672 676
672 677
672 678
672 817
672 821
672 830
672 941
673 676
673 677
673 678
673 679
673 680
673 692
673 785
673 802
673 804
673 851
674 675
674 676
674 677
674 680
674 837
674 857
675 676
675 677
675 678
675 679
675 963
676 678
676 696
676 752
676 804
676 886
676 937
677 678
677 680
677 878
677 937
678 679
678 680
678 786
678 824
678 880
678 881
678 918
678 972
679 680
679 834
679 914
680 828
680 833
680 836
680 912
680 974
681 682
681 684
681 688
681 689
681 690
682 683
682 684
682 685
682 686
682 687
682 688
682 689
682 690
682 747
682 786
682 948
683 684
683 685
683 686
683 687
683 688
683 689
683 690
683 694
683 840
684 685
684 686
684 687
684 688
684 689
684 690
685 686
685 687
685 735
685 905
685 939
686 687
686 688
686 689
686 690
686 728
686 845
686 996
687 688
687 689
687 690
687 718
688 689
688 690
688 757
688 765
688 783
688 848
688 860
688 926
688 967
689 709
689 717
689 877
690 742
690 907
690 925
691 693
691 697
691 699
691 700
691 787
691 817
692 694
692 695
692 696
692 697
692 698
692 699
692 700
692 828
692 858
693 696
693 697
693 698
693 699
693 866
693 922
694 695
694 696
694 697
694 698
694 699
694 700
694 704
694 888
694 942
695 696
695 697
695 698
695 699
695 700
695 956
696 697
696 700
696 729
696 827
696 929
696 963
697 698
697 699
697 700
697 836
698 699
698 873
698 903
699 786
699 832
699 836
699 928
699 971
699 978
700 775
700 807
700 868
700 919
700 951
701 702
701 704
701 705
701 706
701 708
701 710
701 753
701 772
701 917
701 986
702 703
702 704
702 705
702 706
702 708
702 709
702 710
702 843
702 852
702 855
702 934
702 941
703 704
703 705
703 706
703 707
703 709
703 710
703 785
703 821
703 940
704 705
704 707
704 709
704 728
704 948
704 962
705 706
705 707
705 708
705 709
705 710
705 753
705 907
705 910
705 983
706 707
706 708
706 709
706 710
706 733
706 855
706 895
706 966
707 708
707 709
707 811
707 895
708 710
708 954
708 998
709 781
709 913
710 756
710 809
710 933
711 713
711 714
711 715
711 716
711 717
711 719
711 744
711 879
712 713
712 714
712 715
712 716
712 717
712 718
712 719
712 720
712 757
712 918
713 714
713 715
713 716
713 717
713 718
713 719
713 720
713 766
714 715
714 716
714 717
714 718
714 719
714 720
714 809
714 826
714 968
714 973
715 716
715 718
715 719
715 720
715 780
716 717
716 718
716 719
716 720
716 780
716 875
717 718
717 719
717 769
717 968
718 719
718 806
718 818
718 932
718 979
718 980
719 720
719 942
720 753
720 865
720 898
720 912
720 961
721 722
721 723
721 725
721 727
721 728
721 729
721 730
721 846
721 860
721 894
721 961
722 725
722 726
722 727
722 729
722 733
722 914
723 724
723 725
723 727
723 728
723 730
724 725
724 726
724 727
724 728
724 729
724 837
724 849
724 934
725 726
725 727
725 728
725 729
725 730
725 920
725 922
725 933
725 987
726 727
726 728
726 729
726 730
726 786
726 811
726 882
727 729
727 730
727 759
727 778
727 966
728 729
728 730
728 751
728 844
728 931
729 730
729 745
729 752
729 798
729 842
729 844
729 850
729 901
729 911
730 840
731 732
731 733
731 734
731 737
731 738
731 740
731 814
731 835
731 923
732 733
732 734
732 735
732 736
732 737
732 738
732 739
732 740
732 859
733 734
733 736
733 737
733 739
733 740
733 773
733 777
733 829
733 877
734 735
734 736
734 737
734 738
734 739
734 740
735 736
735 737
735 739
735 740
735 787
735 808
735 845
735 898
736 738
736 739
736 740
736 787
736 798
736 975
737 738
737 739
737 740
737 751
737 823
738 739
738 740
739 740
739 865
740 756
740 786
740 883
740 997
741 742
741 743
741 744
741 745
741 746
741 747
741 748
741 750
741 862
742 743
742 744
742 746
742 747
742 748
742 749
742 750
742 838
742 848
742 912
743 744
743 745
743 746
743 747
743 748
743 749
743 750
743 904
743 924
743 940
743 960
744 745
744 746
744 748
744 895
745 746
745 747
745 749
745 750
745 894
745 926
746 748
746 749
746 794
746 866
746 979
747 750
747 958
748 749
748 750
748 755
748 869
748 910
748 931
749 750
749 771
749 835
749 915
751 752
751 753
751 754
751 756
751 758
751 759
752 754
752 755
752 756
752 757
752 758
752 759
752 760
753 754
753 755
753 756
753 757
753 759
753 760
753 771
753 860
753 967
754 755
754 756
754 757
754 758
754 760
754 855
754 919
754 954
755 756
755 757
755 759
755 760
755 807
755 895
755 955
755 987
756 757
756 758
756 759
756 760
756 897
757 758
757 759
757 760
757 779
757 951
758 759
758 868
758 965
759 760
759 763
759 881
759 972
759 997
760 779
760 837
760 849
760 871
760 884
760 909
760 965
761 762
761 764
761 766
761 767
761 769
761 770
761 771
761 941
761 995
761 996
762 763
762 764
762 765
762 767
762 769
762 770
762 847
762 976
763 765
763 766
763 767
763 768
763 769
763 770
763 959
764 766
764 767
764 769
764 770
764 993
765 766
765 767
765 768
765 769
766 768
766 770
766 821
766 879
766 970
767 768
767 769
767 770
767 791
767 805
767 932
768 769
768 770
768 818
768 864
768 874
768 928
769 770
769 784
769 804
770 964
770 982
771 772
771 773
771 775
771 776
771 777
771 778
772 773
772 774
772 776
772 777
772 778
772 779
772 780
773 775
773 776
773 777
773 778
773 779
773 830
773 907
773 977
773 1000
774 776
774 777
774 778
774 779
774 780
774 804
775 776
775 777
775 778
775 779
775 780
775 907
776 777
776 778
776 779
776 780
776 910
776 938
777 779
777 789
777 860
777 906
778 779
778 911
778 922
779 780
779 826
779 988
780 839
780 879
781 782
781 783
781 784
781 785
781 786
781 788
781 789
781 848
781 922
782 783
782 784
782 785
782 786
782 787
782 790
782 852
782 893
782 948
782 986
783 784
783 785
783 786
783 787
783 788
783 789
783 790
783 817
783 933
783 945
784 785
784 787
784 973
785 786
785 787
785 788
785 789
785 790
785 853
785 873
785 910
785 938
785 995
786 787
786 789
786 790
786 982
786 1000
787 788
787 789
787 790
787 975
788 789
788 790
788 794
788 885
788 907
788 950
789 790
789 857
789 862
791 792
791 793
791 794
791 795
791 797
791 798
791 799
792 793
792 797
792 800
792 824
793 794
793 795
793 796
793 797
793 798
793 799
793 859
793 925
793 939
794 795
794 797
794 798
794 799
795 797
795 799
795 800
795 830
795 878
795 916
795 926
795 943
796 797
796 798
796 800
796 960
796 984
797 798
797 800
797 807
797 893
797 933
797 984
798 800
798 856
799 800
799 901
799 975
799 998
800 844
800 852
800 885
800 960
801 802
801 803
801 804
801 806
801 807
801 808
801 809
801 810
801 900
801 998
802 804
802 805
802 806
802 807
802 808
802 809
802 810
802 827
802 929
802 952
802 954
803 805
803 808
803 810
803 854
803 897
804 805
804 806
804 807
804 809
804 810
804 912
805 806
805 807
805 808
805 809
805 810
805 900
806 807
806 808
806 810
806 904
807 808
807 809
807 846
808 809
808 813
809 898
809 904
811 812
811 813
811 814
811 815
811 816
811 817
811 818
811 819
811 855
811 881
812 813
812 814
812 815
812 816
812 817
812 818
812 819
812 820
812 828
812 992
812 999
813 814
813 815
813 816
813 817
813 819
813 820
813 881
813 917
813 999
814 815
814 816
814 817
814 818
814 819
814 820
814 916
815 816
815 817
815 818
815 820
815 822
815 871
815 948
816 818
816 819
816 820
816 896
816 978
817 818
817 820
817 822
817 908
817 991
818 819
818 820
818 938
818 982
819 838
819 880
820 977
821 822
821 823
821 824
821 825
821 827
821 829
821 830
822 823
822 824
822 825
822 826
822 827
822 828
822 829
822 900
823 824
823 825
823 826
823 827
823 828
823 830
823 942
823 952
824 825
824 826
824 827
824 829
824 830
824 960
824 966
825 827
825 828
825 829
825 830
825 906
825 989
826 830
826 875
826 996
827 828
827 829
827 830
827 962
828 829
829 830
830 841
830 923
831 832
831 833
831 834
831 835
831 837
831 838
831 839
831 840
831 895
832 833
832 834
832 835
832 836
832 837
832 839
832 840
832 959
833 834
833 835
833 836
833 837
833 838
833 839
833 840
833 921
833 934
834 835
834 836
834 838
834 839
834 853
834 915
834 916
835 836
835 838
835 839
835 840
835 894
835 951
835 999
836 837
836 840
836 857
836 917
836 969
837 838
837 839
837 840
837 912
837 922
837 953
838 840
838 842
838 863
838 888
838 952
838 966
838 984
839 840
839 870
839 907
839 919
841 844
841 845
841 846
841 847
841 848
841 850
841 865
842 843
842 844
842 845
842 847
842 849
842 850
842 879
842 913
842 977
843 844
843 846
843 847
843 848
843 850
843 943
843 984
844 845
844 846
844 847
844 848
844 849
844 850
845 847
845 848
845 849
845 850
846 847
846 848
846 850
846 937
846 965
847 849
847 925
848 850
848 903
848 973
849 850
849 854
849 896
849 932
851 853
851 854
851 855
851 856
851 857
851 858
851 859
851 860
852 853
852 854
852 855
852 856
852 857
852 858
852 859
852 860
852 898
852 960
852 974
853 854
853 855
853 856
853 857
853 858
853 859
853 860
853 911
854 855
854 856
854 857
854 858
854 859
854 899
854 949
854 983
855 856
855 858
855 859
855 860
856 857
856 859
856 860
857 858
857 859
857 860
857 866
858 859
858 887
858 918
858 976
859 860
859 968
859 987
860 887
860 933
861 862
861 863
861 866
861 867
861 868
861 869
861 870
861 976
862 863
862 864
862 865
862 866
862 867
862 868
862 869
862 870
862 906
862 919
863 864
863 866
863 868
864 865
864 866
864 867
864 869
864 870
864 942
865 866
865 867
865 868
865 869
866 867
866 868
866 869
866 870
867 868
867 869
867 870
867 905
868 869
868 870
868 899
868 987
869 870
869 926
870 965
871 872
871 874
871 875
871 876
871 877
871 878
871 879
871 880
871 915
871 944
872 874
872 875
872 877
872 878
872 879
872 880
872 961
873 874
873 875
873 876
873 879
873 880
873 921
873 928
874 876
874 877
874 878
875 876
875 877
875 878
875 879
875 880
875 897
875 945
875 973
876 877
876 878
876 879
876 880
876 953
877 878
877 879
877 880
877 914
877 974
878 879
879 880
879 911
879 985
881 882
881 883
881 885
881 886
881 887
881 889
881 890
881 990
882 883
882 884
882 885
882 888
882 889
882 890
883 884
883 885
883 886
883 887
883 888
883 889
883 890
884 885
884 886
884 887
884 888
884 889
884 890
884 951
885 886
885 887
885 888
885 889
885 890
885 942
886 887
886 889
887 888
887 889
887 905
887 948
888 889
888 890
888 899
889 890
890 918
891 893
891 896
891 898
891 899
891 927
891 964
892 894
892 895
892 896
892 898
892 899
892 900
892 942
893 894
893 895
893 896
893 897
893 898
893 899
893 900
893 957
893 974
894 895
894 897
894 898
894 899
894 900
895 896
895 897
895 898
895 899
895 900
895 954
896 897
896 898
896 899
896 900
896 994
897 898
897 899
897 900
898 900
898 928
899 900
899 947
899 969
901 902
901 903
901 905
901 906
901 907
901 908
901 910
901 933
901 956
902 903
902 904
902 905
902 906
902 907
902 908
902 909
902 910
903 904
903 905
903 906
903 907
903 908
903 909
904 905
904 907
904 908
904 909
904 910
904 997
905 907
905 908
905 909
905 910
905 966
905 992
906 907
906 908
906 910
907 908
907 909
907 910
908 910
908 991
909 910
909 951
910 964
911 912
911 913
911 914
911 915
911 916
911 917
911 918
911 920
911 945
912 913
912 914
912 915
912 916
912 917
912 918
912 919
912 920
913 915
913 916
913 917
913 918
914 915
914 917
914 918
914 919
914 920
914 922
914 982
915 916
915 917
915 918
915 919
915 920
916 917
916 918
916 919
916 920
917 919
917 920
917 928
918 920
918 936
920 942
920 969
921 922
921 923
921 924
921 925
921 927
921 928
921 929
921 930
922 923
922 925
922 926
922 927
922 928
922 929
922 930
922 955
923 925
923 926
923 974
924 925
924 926
924 927
924 928
924 929
924 930
925 926
925 928
925 929
925 930
926 928
926 929
926 930
926 984
927 929
927 930
927 954
928 929
928 930
928 970
929 930
929 1000
930 943
931 932
931 933
931 934
931 935
931 936
931 937
931 938
931 939
931 940
932 933
932 934
932 935
932 936
932 937
932 938
932 939
932 940
932 955
933 934
933 935
933 936
933 937
933 938
933 939
933 945
933 951
933 952
934 935
934 936
934 937
934 938
934 939
934 940
934 999
935 936
935 937
935 938
935 939
935 940
936 937
936 938
936 939
936 948
936 981
937 939
937 940
938 939
938 940
938 969
938 994
939 940
939 990
940 944
940 989
941 942
941 944
941 946
941 947
941 949
941 950
941 964
941 975
942 943
942 944
942 945
942 946
942 947
942 948
942 949
942 950
943 944
943 945
943 946
943 947
943 948
943 949
943 950
944 945
944 946
944 948
944 949
944 950
944 974
945 947
945 948
945 949
945 950
946 947
946 948
946 976
947 948
947 949
947 950
948 950
949 950
951 952
951 953
951 954
951 955
951 956
951 959
951 960
952 954
952 955
952 958
952 959
952 960
953 954
953 955
953 956
953 957
953 958
953 959
953 960
954 955
954 956
954 957
954 958
954 959
954 960
955 956
955 957
955 959
956 957
956 958
956 959
956 960
957 958
957 959
957 960
958 959
959 960
960 961
961 962
961 963
961 964
961 966
961 967
961 968
961 969
961 970
962 964
962 965
962 967
962 968
962 969
962 970
963 964
963 966
963 967
963 968
963 969
964 965
964 966
964 967
964 968
964 969
964 970
964 995
965 967
965 968
965 969
965 991
965 995
966 967
966 968
966 969
966 970
966 975
966 986
966 988
967 968
967 973
968 969
969 970
971 972
971 973
971 976
971 977
971 979
971 980
972 973
972 976
972 978
972 980
973 975
973 976
973 978
973 979
973 980
974 975
974 976
974 977
974 978
974 979
975 976
975 977
975 978
975 979
975 980
976 977
976 978
976 979
976 980
977 978
977 979
977 980
978 980
979 980
981 982
981 983
981 984
981 987
981 989
981 990
981 993
982 983
982 984
982 985
982 987
982 989
982 990
983 984
983 986
983 987
983 988
983 990
984 985
984 986
984 987
984 988
984 989
985 986
985 987
985 988
985 989
986 987
986 988
986 990
987 988
987 989
987 990
988 989
988 990
989 990
991 992
991 993
991 994
991 996
991 997
991 998
991 999
991 1000
992 993
992 995
992 997
992 998
993 994
993 996
993 998
994 995
994 996
994 999
994 1000
995 996
995 997
995 998
995 1000
996 997
996 999
996 1000
997 998
997 999
997 1000
998 999
998 1000
999 1000
