1000 8475
1 2
1 3
1 5
1 7
1 9
1 10
1 142
1 210
1 277
1 383
1 479
1 570
1 709
1 781
2 3
2 5
2 7
2 8
2 9
2 50
2 129
2 264
2 284
2 329
2 384
2 587
2 604
2 622
2 674
2 931
3 4
3 7
3 8
3 9
3 287
3 557
3 652
3 657
3 695
4 5
4 6
4 7
4 8
4 9
4 10
4 26
4 92
4 298
4 357
4 400
4 435
4 560
4 675
4 960
4 971
5 6
5 7
5 9
5 74
5 313
5 433
5 468
5 478
5 519
5 582
5 716
5 731
5 795
6 7
6 8
6 9
6 243
6 347
6 383
6 475
6 595
6 643
6 679
6 908
6 976
7 9
7 437
7 439
7 547
7 568
7 734
7 765
7 903
8 9
8 196
8 237
8 242
8 304
8 376
8 748
8 776
9 30
9 124
9 138
9 286
9 337
9 450
9 477
9 524
9 752
9 975
10 36
10 142
10 300
10 352
10 369
10 393
10 420
10 475
10 544
10 650
10 833
10 889
10 890
10 978
10 984
11 12
11 13
11 14
11 15
11 17
11 18
11 19
11 20
11 41
11 111
11 157
11 202
11 254
11 340
11 360
11 392
11 451
11 483
11 629
11 631
11 637
11 646
11 683
11 702
11 719
11 846
11 887
11 901
11 935
12 14
12 15
12 18
12 19
12 44
12 48
12 52
12 87
12 168
12 202
12 208
12 371
12 623
12 897
12 956
13 14
13 15
13 16
13 17
13 18
13 19
13 126
13 237
13 243
13 513
13 610
13 638
14 16
14 17
14 18
14 20
14 39
14 65
14 299
14 425
14 430
14 678
14 748
14 893
15 16
15 17
15 18
15 19
15 20
15 38
15 114
15 147
15 200
15 206
15 221
15 231
15 359
15 360
15 522
15 525
15 658
15 709
15 728
15 747
15 869
15 890
15 911
16 17
16 20
16 162
16 201
16 221
16 247
16 313
16 371
16 442
16 761
16 788
16 795
16 942
17 19
17 89
17 101
17 167
17 233
17 272
17 413
17 457
17 470
17 492
17 508
17 539
17 548
17 557
17 589
17 606
17 615
17 647
17 759
17 829
17 836
17 888
18 19
18 20
18 102
18 108
18 176
18 444
18 658
18 763
18 781
18 901
19 20
19 205
19 207
19 252
19 259
19 304
19 305
19 334
19 665
19 898
19 971
20 91
20 267
20 322
20 425
20 603
20 627
20 709
20 767
20 813
20 954
21 22
21 23
21 24
21 25
21 26
21 28
21 29
21 30
21 178
21 234
21 362
21 943
21 958
22 23
22 24
22 27
22 28
22 29
22 30
22 143
22 158
22 205
22 310
22 456
22 556
22 593
23 24
23 27
23 28
23 29
23 30
23 265
23 349
23 483
23 553
23 616
23 640
23 668
23 725
23 738
23 866
23 917
23 921
24 28
24 29
24 30
24 113
24 497
24 510
24 514
24 613
24 625
24 834
24 987
25 26
25 27
25 29
25 30
25 56
25 683
25 926
25 964
26 27
26 29
26 30
26 48
26 98
26 205
26 284
26 313
26 446
26 500
26 644
27 28
27 29
27 30
27 75
27 92
27 258
27 411
27 443
27 506
27 547
27 615
27 620
27 710
27 711
27 726
27 739
27 780
27 812
27 893
27 958
28 29
28 332
28 627
28 698
28 803
28 857
29 30
29 89
29 90
29 580
29 823
30 69
30 259
30 322
30 479
30 509
30 857
31 32
31 33
31 34
31 36
31 37
31 38
31 39
31 86
31 265
31 471
31 536
31 668
32 33
32 34
32 35
32 36
32 37
32 38
32 40
32 69
32 384
32 490
32 696
32 734
32 778
32 895
33 34
33 35
33 37
33 38
33 39
33 40
33 125
33 185
33 289
33 345
33 588
33 614
33 616
33 653
33 656
33 693
33 798
33 892
33 910
34 35
34 36
34 37
34 38
34 39
34 40
34 121
34 415
34 442
34 680
34 884
35 36
35 37
35 38
35 100
35 150
35 277
35 310
35 518
35 665
35 817
35 998
36 37
36 38
36 39
36 40
36 174
36 215
36 494
36 514
36 518
36 621
36 840
36 900
37 38
37 39
37 64
37 78
37 114
37 141
37 323
37 349
37 372
37 490
37 549
37 697
37 737
37 900
37 946
38 39
38 40
38 102
38 210
38 239
38 515
38 595
38 601
38 673
38 690
38 759
38 818
38 948
38 952
39 40
39 108
39 182
39 290
39 441
39 568
39 633
40 139
40 206
40 303
40 480
40 564
40 623
40 824
41 42
41 43
41 44
41 45
41 46
41 47
41 48
41 50
41 444
41 530
41 540
41 546
41 711
41 720
42 44
42 45
42 46
42 47
42 48
42 49
42 145
42 201
42 267
42 329
42 449
42 608
42 609
42 659
42 719
42 973
43 45
43 48
43 49
43 50
43 76
43 440
43 586
43 748
43 778
43 836
43 867
43 909
43 914
43 932
43 944
43 997
44 45
44 47
44 48
44 49
44 50
44 121
44 164
44 183
44 490
44 567
44 581
44 595
44 661
44 671
44 674
44 696
44 808
44 924
44 941
44 986
45 46
45 49
45 200
45 253
45 303
45 565
45 648
45 670
45 671
45 737
45 776
45 827
45 943
45 992
46 47
46 48
46 49
46 50
46 122
46 188
46 204
46 237
46 495
46 610
46 637
46 714
46 762
46 768
46 875
46 901
46 956
47 48
47 49
47 50
47 57
47 123
47 127
47 240
47 320
47 461
47 469
47 732
47 761
48 49
48 50
48 527
48 565
48 621
48 793
48 903
48 935
48 936
48 943
49 50
49 107
49 231
49 312
49 368
49 468
49 536
49 546
49 597
49 644
49 645
49 798
49 889
49 943
50 286
50 333
50 350
50 675
50 709
50 794
50 890
51 52
51 53
51 54
51 55
51 56
51 57
51 58
51 59
51 369
51 387
51 407
51 486
51 607
51 761
51 783
51 794
51 892
51 959
52 53
52 54
52 55
52 56
52 57
52 58
52 59
52 60
52 95
52 363
52 475
52 672
52 944
52 989
53 54
53 55
53 56
53 57
53 58
53 184
53 190
53 283
53 296
53 318
53 333
53 434
53 500
53 611
53 649
53 682
53 877
53 933
53 954
53 967
53 986
53 997
54 55
54 56
54 57
54 58
54 59
54 60
54 334
54 370
54 505
54 569
54 663
54 677
54 760
54 769
55 56
55 57
55 59
55 60
55 210
55 314
55 415
55 615
55 681
55 807
55 821
56 58
56 59
56 60
56 68
56 111
56 646
56 665
56 910
56 931
56 947
57 58
57 59
57 60
57 756
57 957
57 978
58 60
58 173
58 179
58 256
58 286
58 356
58 378
58 443
58 560
58 897
59 208
59 247
59 277
59 382
59 457
59 588
59 900
59 951
59 991
59 996
60 109
60 129
60 466
60 494
60 497
60 518
60 538
60 621
60 623
60 666
60 795
60 878
60 880
60 901
60 919
60 973
61 62
61 63
61 64
61 65
61 66
61 68
61 292
61 364
61 394
61 400
61 425
61 491
61 596
61 602
61 668
61 670
61 751
61 782
61 800
61 831
62 63
62 64
62 65
62 66
62 67
62 68
62 254
62 404
62 460
62 566
62 586
62 682
62 849
62 874
63 65
63 66
63 68
63 69
63 268
63 448
63 579
63 612
64 65
64 69
64 175
64 256
64 488
64 674
65 66
65 67
65 68
65 69
65 144
65 221
65 239
65 269
65 557
65 700
65 786
66 67
66 68
66 69
66 70
66 305
66 369
66 780
67 68
67 69
67 70
67 144
67 283
67 632
67 840
67 893
68 70
68 95
68 126
68 289
68 517
68 564
68 565
68 567
68 807
69 70
69 287
69 334
69 456
69 563
69 844
70 78
70 124
70 262
70 268
70 438
70 499
70 590
70 650
70 739
70 805
71 72
71 73
71 74
71 75
71 76
71 77
71 78
71 79
71 80
71 298
71 391
71 457
71 551
71 610
71 645
71 652
71 686
71 757
71 818
71 935
71 978
71 988
72 74
72 75
72 76
72 77
72 78
72 79
72 80
72 141
72 323
72 461
72 477
72 482
72 602
72 605
72 635
72 683
72 827
73 76
73 77
73 78
73 79
73 321
73 447
73 476
73 645
73 748
73 754
73 768
73 946
74 75
74 76
74 77
74 78
74 79
74 80
74 85
74 333
74 362
74 377
74 678
74 711
74 798
74 994
75 76
75 77
75 78
75 79
75 80
75 185
75 248
75 575
75 609
75 637
75 748
75 910
76 77
76 78
76 80
76 259
76 365
76 744
76 747
76 879
76 906
76 944
76 956
76 957
77 78
77 80
77 226
77 284
77 321
77 467
77 487
77 616
77 890
77 950
77 952
78 79
78 80
78 237
78 337
78 410
78 431
78 460
78 622
78 642
78 861
78 921
79 297
79 401
79 489
79 517
79 619
79 795
79 915
80 126
80 325
80 440
80 574
80 731
81 82
81 83
81 84
81 85
81 86
81 87
81 89
81 90
81 93
81 332
81 500
81 577
81 624
81 727
81 858
81 866
81 889
81 901
81 909
82 83
82 84
82 86
82 87
82 89
82 212
82 260
82 414
82 622
82 680
82 750
82 769
83 84
83 85
83 86
83 87
83 88
83 89
83 192
83 360
83 439
83 697
83 783
83 870
83 945
84 85
84 86
84 87
84 89
84 90
84 127
84 161
84 227
84 261
84 285
84 359
84 361
84 456
84 598
84 641
84 694
84 912
85 87
85 88
85 89
85 161
85 229
85 320
85 363
85 560
85 849
86 87
86 88
86 89
86 90
86 158
86 188
86 195
86 237
86 240
86 413
86 424
86 440
86 486
86 556
86 604
86 754
87 88
87 89
87 141
87 163
87 229
87 382
87 399
87 575
87 684
87 706
87 777
87 961
87 995
88 89
88 90
88 200
88 341
88 368
88 576
88 624
88 654
88 676
88 981
89 113
89 279
89 298
89 390
89 600
89 628
89 855
89 886
89 922
89 981
90 142
90 162
90 212
90 347
90 350
90 390
90 431
90 562
90 578
90 735
90 738
91 92
91 94
91 95
91 96
91 100
91 194
91 364
91 614
91 689
91 727
91 741
91 747
91 804
91 833
91 872
91 915
91 927
92 93
92 94
92 97
92 98
92 99
92 100
92 121
92 422
92 427
92 587
92 638
92 643
92 709
92 974
93 95
93 96
93 97
93 98
93 99
93 100
93 154
93 214
93 316
93 349
93 380
93 444
93 499
93 502
93 563
93 669
93 784
93 823
93 861
93 892
93 896
93 999
94 95
94 97
94 98
94 99
94 537
94 592
95 96
95 97
95 98
95 99
95 217
95 252
95 534
95 692
95 718
95 734
95 741
95 744
96 97
96 98
96 99
96 100
96 127
96 616
96 853
96 872
97 98
97 99
97 100
97 261
97 308
97 413
97 425
97 455
97 530
97 546
97 613
97 825
97 855
97 881
97 934
98 99
98 100
98 256
98 267
98 290
98 597
98 636
98 754
98 758
98 811
98 868
98 990
99 100
99 199
99 235
99 257
99 295
99 419
99 532
99 672
99 766
99 923
100 132
100 151
100 171
100 184
100 411
100 538
100 566
100 766
100 769
101 102
101 103
101 104
101 105
101 107
101 108
101 110
101 458
101 464
101 622
101 681
101 797
101 886
102 103
102 104
102 106
102 108
102 110
102 206
102 229
102 363
102 656
102 693
102 779
102 815
102 821
102 849
102 886
102 895
102 919
102 923
102 951
103 104
103 106
103 107
103 108
103 110
103 366
103 429
103 456
103 470
103 546
103 634
103 703
103 718
103 908
104 105
104 106
104 107
104 108
104 109
104 552
104 680
104 837
104 851
104 943
105 106
105 107
105 108
105 109
105 110
105 141
105 240
105 400
105 489
105 594
105 610
105 659
105 812
105 895
105 911
106 108
106 109
106 119
106 169
106 213
106 294
106 380
106 427
106 497
106 686
106 869
106 908
107 109
107 110
107 201
107 208
107 367
107 407
107 450
107 578
107 600
107 678
107 857
108 110
108 140
108 181
108 231
108 283
108 374
108 524
108 640
108 786
108 996
109 125
109 271
109 394
109 396
109 485
109 624
109 923
109 994
110 168
110 200
110 287
110 299
110 315
110 386
110 593
110 765
110 767
110 812
111 112
111 113
111 114
111 115
111 116
111 118
111 120
111 211
111 481
111 501
111 521
111 657
112 113
112 114
112 115
112 117
112 118
112 119
112 120
112 168
112 189
112 281
112 357
112 594
112 638
112 646
112 889
112 905
112 960
113 114
113 115
113 116
113 119
113 120
113 482
113 505
113 815
114 115
114 117
114 118
114 119
114 143
114 268
114 321
114 558
114 727
115 117
115 120
115 228
115 262
115 318
115 457
115 463
115 475
115 489
115 559
115 579
115 655
115 783
115 922
115 950
115 981
116 117
116 118
116 119
116 120
116 195
116 261
116 503
116 570
116 584
116 770
116 785
116 839
116 904
117 118
117 119
117 282
117 355
117 376
117 379
117 391
117 470
117 630
117 658
117 665
117 797
117 823
117 994
118 119
118 120
118 306
118 426
118 475
118 839
118 857
118 905
119 120
119 154
119 161
119 459
119 500
119 573
119 627
119 798
120 203
120 292
120 339
120 607
120 670
120 796
121 123
121 124
121 125
121 126
121 127
121 128
121 129
121 130
121 152
121 156
121 214
121 224
121 299
121 336
121 444
121 555
121 644
121 670
121 675
121 853
121 889
121 891
121 908
122 123
122 124
122 125
122 126
122 127
122 128
122 129
122 130
122 276
122 288
122 425
122 466
122 478
122 577
122 661
122 714
122 730
122 922
122 931
123 124
123 125
123 126
123 129
123 130
123 146
123 414
123 635
123 658
123 686
123 749
123 951
124 125
124 126
124 128
124 129
124 130
124 217
124 342
124 400
124 414
124 485
124 811
124 924
124 992
125 126
125 127
125 128
125 129
125 130
125 323
125 385
125 448
125 508
125 545
125 585
125 802
125 911
126 128
126 129
126 130
126 421
126 594
126 602
126 681
126 733
126 908
126 920
126 948
126 965
126 997
127 128
127 129
127 130
127 216
127 441
127 447
127 619
127 622
127 680
127 698
127 718
127 726
128 129
128 130
128 208
128 215
128 349
128 468
128 696
128 731
128 796
128 930
128 944
129 130
129 245
129 594
129 634
129 780
129 855
129 893
129 912
130 131
130 410
130 416
130 429
130 937
130 981
130 987
131 132
131 133
131 134
131 135
131 136
131 137
131 138
131 139
131 140
131 216
131 399
131 427
131 489
131 525
131 538
131 678
131 868
131 880
131 887
131 939
132 133
132 134
132 135
132 137
132 138
132 139
132 197
132 396
132 443
132 523
132 568
132 572
132 624
132 728
132 881
132 898
132 968
133 135
133 136
133 138
133 139
133 140
133 186
133 290
133 387
133 809
133 846
133 926
134 135
134 136
134 137
134 138
134 140
134 225
134 400
134 419
134 592
134 606
134 617
134 666
134 750
134 870
134 933
135 137
135 139
135 140
135 266
135 269
135 323
135 481
135 550
135 551
135 577
135 600
135 675
135 691
135 710
135 888
135 994
136 138
136 139
136 140
136 335
136 457
136 747
136 779
136 829
136 880
137 138
137 140
137 232
137 250
137 303
137 315
137 403
137 544
137 558
137 745
137 824
137 849
138 139
138 140
138 347
138 366
138 508
138 513
138 588
138 677
138 729
139 140
139 281
139 469
139 499
139 620
139 653
139 694
139 741
139 968
140 144
140 146
140 151
140 262
140 271
140 346
140 378
140 704
140 875
140 893
140 910
140 953
141 142
141 143
141 145
141 146
141 147
141 148
141 149
141 150
141 346
141 372
141 433
141 463
141 479
141 530
141 592
141 602
141 635
141 681
141 731
141 785
141 793
142 143
142 144
142 145
142 146
142 148
142 150
142 153
142 175
142 423
142 442
142 462
142 602
142 928
142 944
143 144
143 145
143 146
143 148
143 149
143 391
143 421
143 473
143 577
143 694
143 700
143 701
143 819
143 856
143 881
143 937
143 964
144 145
144 146
144 147
144 149
144 310
144 484
144 800
144 811
144 850
145 147
145 148
145 149
145 150
145 167
145 196
145 198
145 294
145 606
145 630
145 775
145 888
146 147
146 148
146 149
146 150
146 311
146 376
146 411
146 413
146 565
146 681
146 754
146 893
147 149
147 150
147 279
147 340
147 365
147 498
147 591
147 607
147 699
147 744
147 797
147 950
147 964
148 149
148 150
148 473
148 503
148 553
148 706
148 838
148 883
148 984
148 988
149 150
149 162
149 187
149 340
149 440
149 443
149 537
149 550
149 552
149 612
149 618
149 759
149 762
149 773
150 213
150 364
150 444
150 508
150 511
150 723
150 984
151 152
151 153
151 154
151 157
151 159
151 160
151 195
151 403
151 430
151 520
151 525
151 689
151 757
151 777
151 868
151 934
152 154
152 155
152 156
152 158
152 159
152 213
152 385
152 407
152 432
152 538
152 670
152 703
152 828
153 155
153 156
153 157
153 159
153 500
153 671
153 773
153 963
154 155
154 156
154 157
154 158
154 180
154 711
154 810
154 824
154 892
154 938
155 157
155 159
155 160
155 452
155 492
155 606
155 689
155 722
155 851
155 892
156 157
156 158
156 159
156 160
156 357
156 391
156 423
156 492
156 742
156 785
156 997
157 159
157 167
157 177
157 230
157 237
157 240
157 291
157 365
157 366
157 401
157 524
157 612
157 643
157 828
157 931
158 160
158 250
158 348
158 395
158 408
158 542
158 638
158 714
158 723
159 160
159 441
159 813
160 194
160 339
160 582
160 651
160 777
161 162
161 163
161 164
161 165
161 166
161 168
161 169
161 170
161 257
161 272
161 295
161 355
161 398
161 438
161 978
162 163
162 164
162 165
162 166
162 167
162 169
162 170
162 246
162 310
162 335
162 486
162 647
162 784
163 164
163 166
163 167
163 168
163 169
163 269
163 282
163 618
163 644
163 724
163 736
163 960
163 987
164 166
164 167
164 168
164 169
164 170
164 189
164 226
164 432
164 473
164 507
164 658
164 828
164 863
165 166
165 167
165 168
165 169
165 170
165 302
165 368
165 379
165 458
165 469
165 525
165 529
165 566
165 763
165 771
165 840
165 845
165 900
165 959
166 167
166 168
166 169
166 177
166 192
166 780
166 857
166 957
167 168
167 169
167 170
167 206
167 249
167 289
167 291
167 300
167 360
167 525
167 571
167 660
167 801
167 974
168 169
168 170
168 298
168 813
168 827
168 930
168 962
168 983
169 252
169 471
169 624
169 791
169 874
169 967
169 970
170 505
170 521
170 671
170 726
170 790
171 173
171 174
171 175
171 176
171 177
171 178
171 179
171 180
171 203
171 434
171 477
171 495
171 558
171 619
171 891
171 929
171 930
172 173
172 174
172 175
172 176
172 178
172 179
172 180
172 227
172 252
172 410
172 527
172 711
172 926
173 174
173 175
173 177
173 178
173 179
173 180
173 197
173 281
173 477
173 488
173 528
173 705
173 780
173 829
173 883
173 931
174 175
174 176
174 178
174 179
174 180
174 348
174 430
174 508
174 513
174 530
174 868
175 178
175 179
175 180
175 190
175 298
175 458
175 484
175 530
175 572
175 688
175 711
175 854
175 872
175 883
175 900
175 985
176 177
176 178
176 179
176 180
176 181
176 210
176 222
176 276
176 363
176 431
176 555
176 574
176 623
176 685
176 711
176 759
176 808
176 910
176 921
176 955
176 975
177 179
177 180
177 200
177 277
177 540
177 745
177 804
177 847
177 877
177 905
178 179
178 180
178 345
178 418
178 428
178 654
178 671
178 697
178 792
178 795
178 906
179 180
179 194
179 343
179 359
179 418
179 546
179 556
179 609
179 797
179 836
179 839
180 264
180 423
180 455
180 507
180 511
180 604
180 814
180 815
180 852
180 907
181 182
181 183
181 184
181 186
181 187
181 188
181 189
181 190
181 291
181 309
181 378
181 402
181 640
181 696
181 719
181 829
181 850
181 875
181 959
182 183
182 184
182 185
182 186
182 187
182 189
182 190
182 456
182 495
182 534
182 596
182 609
182 819
182 978
183 184
183 189
183 190
183 305
183 421
183 432
183 508
183 674
183 754
183 831
183 932
183 978
184 185
184 186
184 187
184 188
184 189
184 190
184 263
184 404
184 434
184 694
184 707
184 960
185 186
185 187
185 188
185 190
185 285
185 340
185 453
185 463
185 674
185 705
185 769
185 949
185 978
186 187
186 188
186 189
186 190
186 358
186 409
186 540
186 541
186 644
186 716
186 745
186 826
186 974
186 987
186 991
187 188
187 189
187 190
187 256
187 393
187 529
187 547
187 556
187 715
187 865
187 978
188 190
188 389
188 462
188 597
188 661
188 695
188 913
189 194
189 225
189 400
189 457
189 667
189 694
189 826
189 874
189 922
190 212
190 307
190 324
190 459
190 517
190 523
190 648
190 753
190 778
190 897
190 898
190 917
190 973
190 974
191 192
191 193
191 194
191 195
191 198
191 199
191 200
191 263
191 336
191 372
191 629
191 869
192 193
192 195
192 196
192 197
192 198
192 200
192 314
192 338
192 360
192 444
192 477
192 727
192 781
192 842
192 981
193 195
193 196
193 198
193 199
193 200
193 335
193 419
193 596
193 826
193 846
193 984
194 195
194 196
194 197
194 198
194 199
194 231
194 370
194 411
194 490
194 557
194 691
194 753
194 849
194 871
194 926
194 981
195 196
195 197
195 198
195 199
195 414
195 620
195 663
195 686
195 715
195 774
195 921
196 197
196 198
196 199
196 200
196 343
196 375
196 549
196 703
196 792
196 806
196 832
196 927
196 963
197 198
197 199
197 200
197 201
197 218
197 318
197 563
197 810
197 915
197 917
197 918
197 964
198 199
198 263
198 293
198 295
198 458
198 471
198 538
198 560
198 609
198 628
198 725
198 817
198 853
198 899
199 200
199 311
199 377
199 544
199 566
199 616
199 793
200 439
200 499
200 604
200 631
200 666
200 695
200 718
200 729
200 900
200 962
200 1000
201 202
201 204
201 205
201 206
201 207
201 209
201 442
201 578
201 677
201 678
201 813
201 859
201 910
201 938
202 203
202 205
202 206
202 207
202 208
202 209
202 210
202 307
202 403
202 555
202 715
202 752
202 817
202 915
202 950
203 204
203 206
203 208
203 210
203 277
203 343
203 473
203 616
203 986
204 205
204 206
204 208
204 209
204 210
204 308
204 330
204 535
204 712
204 805
204 980
205 206
205 208
205 209
205 210
205 330
205 402
205 853
205 967
206 208
206 209
206 210
206 307
206 318
206 475
206 494
206 662
206 834
206 872
206 879
206 890
206 940
207 208
207 209
207 240
207 292
207 566
207 629
207 729
207 775
207 857
207 959
207 994
208 210
208 246
208 321
208 353
208 465
208 578
208 786
208 876
208 953
208 962
208 995
209 469
209 518
209 595
209 683
209 716
209 757
209 789
209 796
209 850
209 990
210 364
210 587
210 594
210 883
210 932
211 212
211 213
211 214
211 216
211 217
211 218
211 219
211 220
211 696
211 835
211 934
211 945
212 213
212 214
212 216
212 217
212 218
212 219
212 255
212 427
212 481
212 661
212 722
212 966
212 992
213 214
213 215
213 216
213 217
213 218
213 219
213 220
213 282
213 438
213 576
213 660
213 723
213 730
213 758
213 766
213 858
213 884
213 912
214 216
214 217
214 218
214 219
214 220
214 357
214 700
214 903
214 997
215 217
215 218
215 219
215 220
215 335
215 367
215 848
215 873
215 883
215 951
216 217
216 218
216 219
216 220
216 279
216 287
216 329
216 365
216 384
216 578
216 677
216 731
216 855
216 895
217 218
217 219
217 220
217 279
217 284
217 338
217 346
217 689
217 717
217 732
217 874
218 219
218 220
218 360
218 692
218 710
218 792
218 800
218 840
219 220
219 269
219 439
219 467
219 608
219 642
219 726
219 776
219 825
219 912
220 328
220 391
220 493
220 553
220 569
220 659
220 663
220 683
220 700
220 744
220 892
221 223
221 225
221 226
221 227
221 228
221 229
221 452
221 470
221 471
221 498
221 511
221 567
221 571
221 703
221 706
221 922
221 956
222 223
222 224
222 225
222 226
222 227
222 229
222 271
222 374
222 414
222 423
222 555
222 595
222 802
222 810
222 814
222 953
223 224
223 225
223 227
223 228
223 230
223 249
223 316
223 574
223 692
223 810
223 961
223 992
224 225
224 226
224 227
224 230
224 504
224 564
224 738
224 775
224 903
224 920
225 226
225 227
225 228
225 229
225 230
225 370
225 656
225 873
226 227
226 228
226 229
226 261
226 304
226 336
226 346
226 434
226 460
226 469
226 557
226 592
226 706
226 790
226 854
226 945
227 229
227 230
227 286
227 313
227 379
227 417
227 617
227 684
227 691
227 724
227 825
227 970
228 229
228 230
228 244
228 280
228 398
228 409
228 609
228 657
228 662
228 665
228 820
228 915
228 935
229 230
229 281
229 296
229 407
229 489
229 502
229 572
229 609
229 670
229 807
229 813
229 932
230 338
230 385
230 404
230 459
230 584
230 610
230 647
230 905
230 969
231 232
231 233
231 234
231 235
231 236
231 237
231 239
231 240
231 294
231 443
231 560
231 575
231 643
231 793
231 812
231 878
231 881
231 908
232 233
232 234
232 235
232 236
232 276
232 386
232 482
232 557
232 898
232 932
232 955
233 234
233 235
233 236
233 238
233 240
233 302
233 538
233 660
233 719
233 745
233 897
233 940
233 984
234 235
234 236
234 237
234 238
234 239
234 240
234 245
234 393
234 481
234 492
234 649
234 788
234 805
234 814
234 825
234 835
234 991
235 236
235 237
235 239
235 240
235 371
235 411
235 458
235 716
235 851
236 237
236 238
236 239
236 240
236 468
236 787
236 806
236 868
236 945
237 238
237 239
237 303
237 312
237 396
237 722
237 828
238 239
238 240
238 277
238 418
238 653
238 809
238 890
238 975
239 240
239 288
239 307
239 390
239 533
239 572
239 588
239 677
239 887
239 917
239 937
239 954
239 999
240 357
240 397
240 551
240 593
240 638
240 662
240 884
240 932
241 242
241 244
241 246
241 247
241 248
241 343
241 347
241 399
241 611
241 643
241 726
241 920
241 961
242 244
242 245
242 246
242 247
242 248
242 249
242 322
242 398
242 541
242 639
242 641
242 765
242 954
243 244
243 245
243 247
243 248
243 250
243 296
243 298
243 325
243 539
243 590
243 674
243 994
244 245
244 246
244 247
244 248
244 249
244 250
244 255
244 291
244 409
244 418
244 708
244 729
244 787
244 823
244 875
244 887
244 947
244 979
245 246
245 248
245 249
245 250
245 462
245 580
245 715
245 757
245 881
245 896
245 899
245 977
245 982
246 247
246 248
246 250
246 281
246 285
246 477
246 500
246 685
246 788
246 794
247 248
247 249
247 250
247 387
247 392
247 406
247 450
247 595
247 615
247 636
247 794
247 943
248 249
248 250
248 484
248 494
248 672
248 688
248 725
248 891
249 250
249 378
249 562
249 746
249 790
250 318
250 418
250 564
250 602
250 638
250 658
250 686
251 252
251 253
251 254
251 257
251 258
251 259
251 260
251 281
251 409
251 472
251 474
251 660
251 680
251 768
251 983
252 253
252 254
252 255
252 256
252 257
252 258
252 306
252 504
252 599
252 905
252 955
253 255
253 256
253 257
253 258
253 259
253 260
253 408
253 650
253 771
253 932
254 255
254 256
254 258
254 406
254 498
254 536
254 540
254 603
254 861
254 877
254 885
254 913
254 920
254 943
255 256
255 257
255 258
255 259
255 260
255 340
255 360
255 425
255 697
255 735
255 738
255 827
256 257
256 259
256 260
256 406
256 483
256 529
256 881
256 887
257 259
257 260
257 322
257 332
257 372
257 653
257 907
257 924
257 989
258 259
258 260
258 278
258 350
258 461
258 514
258 621
258 697
258 705
258 800
258 814
258 951
259 260
259 449
259 451
259 528
259 574
259 584
259 587
259 783
259 875
260 394
260 649
260 660
260 732
260 878
260 986
261 262
261 263
261 265
261 266
261 267
261 270
261 278
261 329
261 477
261 527
261 581
261 647
261 656
262 263
262 264
262 265
262 266
262 267
262 268
262 269
262 270
262 291
262 292
262 314
262 343
262 509
262 519
262 533
262 540
262 546
262 551
262 711
262 751
263 264
263 266
263 268
263 269
263 270
263 536
263 619
263 971
264 265
264 267
264 268
264 269
264 270
264 423
264 426
264 454
264 582
264 688
264 740
264 783
264 924
265 266
265 267
265 270
265 305
265 405
265 462
265 470
265 640
265 829
265 962
265 969
266 267
266 269
266 270
266 365
266 459
266 488
266 701
266 857
266 961
266 989
267 268
267 269
267 270
267 279
267 688
267 696
267 786
268 270
268 297
268 447
268 463
268 597
268 730
268 989
269 270
269 334
269 427
269 455
269 457
269 656
269 735
269 772
269 900
270 276
270 282
270 463
270 537
270 559
270 615
270 953
270 966
270 995
270 998
271 272
271 273
271 274
271 276
271 277
271 278
271 279
271 280
271 293
271 473
271 671
271 883
272 274
272 275
272 276
272 277
272 278
272 279
272 280
272 304
272 312
272 319
272 366
272 416
272 460
272 680
272 917
273 274
273 278
273 359
273 444
273 504
273 666
273 682
273 938
273 965
273 996
274 278
274 309
274 412
274 419
274 437
274 454
274 519
274 719
274 754
274 757
274 813
274 856
274 889
274 979
275 276
275 277
275 278
275 279
275 291
275 560
275 631
275 638
275 806
275 831
275 869
275 888
276 277
276 338
276 463
276 478
276 696
276 700
276 728
276 941
276 985
277 278
277 327
277 331
277 606
277 650
277 916
277 993
278 280
278 308
278 342
278 525
278 622
278 940
278 980
279 370
279 407
279 481
279 569
279 667
279 843
279 847
279 868
279 900
279 980
280 351
280 418
280 559
280 740
280 749
280 852
280 869
280 881
280 899
280 907
280 928
281 283
281 284
281 285
281 286
281 287
281 289
281 290
281 377
281 492
281 556
281 567
281 672
281 733
281 889
281 927
282 283
282 285
282 286
282 287
282 288
282 289
282 290
282 332
282 477
282 539
282 645
282 648
282 705
282 752
282 869
282 954
282 964
283 284
283 285
283 286
283 287
283 288
283 289
283 290
283 424
283 490
283 593
283 722
283 914
283 967
284 285
284 286
284 287
284 288
284 290
284 423
284 496
284 715
284 737
284 743
284 825
284 834
285 286
285 288
285 289
285 290
285 319
285 324
285 423
285 457
285 537
285 702
285 733
285 959
286 287
286 288
286 289
286 290
286 440
286 473
286 553
286 557
286 626
286 714
286 930
286 933
286 939
287 288
287 289
287 290
287 304
287 324
287 328
287 330
287 333
287 346
287 521
287 642
287 768
287 918
288 289
288 396
288 514
288 524
288 612
288 688
288 875
288 891
288 991
288 996
289 290
289 354
289 492
289 507
289 902
289 914
290 332
290 407
290 546
290 642
290 673
290 811
290 903
291 292
291 294
291 295
291 296
291 297
291 298
291 299
291 300
291 388
291 721
291 840
292 293
292 294
292 295
292 296
292 467
292 529
293 294
293 295
293 297
293 299
293 300
293 310
293 402
293 511
293 548
293 641
293 702
293 753
293 846
293 935
294 295
294 296
294 298
294 299
294 300
294 439
294 475
294 865
294 937
294 968
295 297
295 298
295 299
295 300
295 478
295 492
295 562
295 615
295 776
295 908
295 962
296 297
296 298
296 300
296 349
296 474
296 801
296 874
296 990
297 298
297 331
297 572
297 880
297 954
298 299
298 300
298 354
298 407
298 435
298 444
298 704
298 828
298 920
298 973
299 364
299 397
299 405
299 444
299 469
299 734
299 796
299 842
299 850
300 376
300 401
300 441
300 521
300 526
300 536
300 562
300 678
300 695
300 791
300 912
300 971
301 302
301 303
301 304
301 305
301 306
301 308
301 309
301 310
301 440
301 464
301 531
301 535
301 550
301 595
301 767
301 908
301 939
302 303
302 304
302 305
302 307
302 308
302 309
302 310
302 339
302 359
302 476
302 502
302 575
302 596
302 656
302 709
302 887
302 908
303 304
303 305
303 306
303 308
303 309
303 310
303 453
303 458
303 482
303 526
303 597
303 758
303 851
303 993
304 305
304 306
304 307
304 309
304 310
304 368
304 375
304 573
304 627
304 848
304 861
304 869
304 875
304 932
305 307
305 308
305 309
305 310
305 332
305 350
305 709
305 734
305 742
305 782
306 307
306 308
306 309
306 310
306 376
306 449
306 630
306 741
306 844
307 308
307 309
307 310
307 581
307 632
307 744
307 821
308 310
308 508
308 800
308 805
308 809
308 889
308 913
308 921
309 310
309 331
309 404
309 436
309 903
309 988
310 401
310 705
310 771
310 892
310 919
311 312
311 313
311 314
311 315
311 316
311 317
311 318
311 319
311 320
311 651
311 796
311 854
311 937
311 960
312 313
312 314
312 316
312 317
312 318
312 319
312 320
312 324
312 437
312 440
312 496
312 697
312 698
312 741
312 748
312 785
312 983
313 314
313 315
313 316
313 317
313 318
313 320
313 598
313 664
313 690
313 721
313 894
313 926
314 315
314 316
314 317
314 318
314 422
314 429
314 519
314 588
314 615
314 623
314 729
314 860
315 317
315 318
315 319
315 320
315 361
315 641
315 658
315 666
315 784
315 869
316 317
316 319
316 320
316 884
316 913
317 318
317 319
317 320
317 456
317 768
317 783
317 962
318 319
318 320
318 414
318 700
318 909
318 947
319 320
319 329
319 373
319 505
319 594
319 620
319 897
319 995
320 468
320 499
320 896
320 900
320 924
321 323
321 324
321 327
321 328
321 329
321 330
321 401
321 450
321 496
321 499
321 532
321 552
321 692
321 734
321 895
321 968
321 976
321 1000
322 323
322 324
322 325
322 326
322 327
322 328
322 329
322 330
322 509
322 518
322 811
322 836
322 911
323 324
323 325
323 326
323 327
323 328
323 329
323 330
323 350
323 509
323 658
323 875
323 913
323 969
323 999
324 325
324 326
324 327
324 328
324 329
324 330
324 549
324 714
324 735
324 787
324 833
325 326
325 327
325 328
325 330
325 375
325 546
325 669
325 682
325 736
325 801
325 871
325 948
326 327
326 328
326 329
326 330
326 415
326 575
326 639
326 704
326 900
326 925
326 988
327 328
327 329
327 331
327 390
327 514
327 574
327 660
327 773
328 329
328 330
328 628
328 711
328 752
328 933
329 432
329 490
329 528
329 558
329 614
329 659
329 722
329 741
329 822
329 857
329 872
329 944
329 980
330 355
330 552
330 597
330 647
330 704
330 705
331 332
331 335
331 336
331 337
331 338
331 340
331 414
331 434
331 510
331 590
331 832
331 840
331 878
331 925
332 333
332 334
332 335
332 336
332 337
332 338
332 339
332 340
332 411
332 438
332 449
332 459
332 602
332 652
332 684
332 708
332 840
332 880
332 915
332 951
333 334
333 336
333 338
333 339
333 340
333 419
333 433
333 642
333 691
333 719
333 864
333 892
334 336
334 337
334 338
334 339
334 340
334 414
334 448
334 453
334 517
334 535
334 655
334 722
334 743
334 888
334 909
334 971
334 973
335 337
335 338
335 493
335 521
335 552
335 657
335 701
335 983
335 985
336 337
336 338
336 339
336 376
336 569
336 736
336 749
336 932
337 338
337 339
337 340
337 361
337 394
337 445
337 586
337 757
337 910
337 974
338 339
338 340
338 489
338 587
338 595
338 715
338 726
338 974
339 340
339 347
339 364
339 408
339 477
339 478
339 766
340 365
340 419
340 566
340 580
340 616
340 707
340 801
341 342
341 343
341 344
341 345
341 346
341 347
341 348
341 349
341 350
341 445
341 661
341 720
341 818
341 918
342 343
342 344
342 345
342 347
342 348
342 349
342 350
342 404
342 561
342 583
342 861
343 344
343 345
343 346
343 347
343 348
343 349
343 350
343 389
343 556
343 592
343 594
343 651
343 858
344 345
344 346
344 347
344 348
344 350
344 830
344 842
344 877
344 893
344 908
345 346
345 347
345 349
345 350
345 552
345 563
345 592
346 347
346 348
346 350
346 469
346 582
346 683
346 704
346 756
346 851
346 917
347 348
347 350
347 441
347 467
347 524
347 530
347 606
347 661
347 723
347 751
347 843
348 349
348 350
348 431
348 601
348 713
348 992
349 350
349 439
349 558
349 590
349 727
349 764
349 862
349 866
349 931
350 354
350 757
350 839
350 861
350 964
350 990
351 352
351 353
351 354
351 355
351 357
351 359
351 360
351 391
351 449
351 501
351 528
351 905
352 353
352 354
352 355
352 356
352 357
352 360
352 368
352 417
352 469
352 528
352 604
352 732
352 780
352 907
352 918
352 922
352 953
353 354
353 356
353 357
353 358
353 406
353 443
353 502
353 712
353 795
353 810
353 852
353 867
353 895
353 921
354 355
354 356
354 357
354 358
354 359
354 360
354 380
354 653
354 669
354 749
354 804
354 810
354 936
354 947
355 356
355 357
355 358
355 359
355 360
355 451
355 664
355 825
355 887
355 891
356 359
356 360
356 834
356 911
356 933
357 358
357 359
357 411
357 639
357 765
357 907
358 359
358 360
358 458
358 495
358 546
359 360
359 457
359 830
359 937
360 573
360 622
360 714
360 745
360 753
360 822
360 924
361 363
361 364
361 365
361 366
361 369
361 370
361 503
361 997
362 363
362 365
362 367
362 368
362 369
362 370
362 373
362 444
362 606
362 610
362 782
362 787
362 835
362 987
363 365
363 366
363 367
363 369
363 370
363 515
363 803
363 879
364 366
364 367
364 368
364 369
364 370
364 462
364 629
364 812
365 366
365 367
365 369
365 370
365 375
365 443
365 628
365 663
365 731
365 943
366 367
366 368
366 369
366 370
366 430
366 480
366 494
366 583
366 743
366 793
366 846
366 917
367 369
367 370
367 372
367 485
367 491
367 553
367 692
367 706
367 774
367 839
368 369
368 370
368 534
368 741
368 769
369 370
369 433
369 679
369 759
369 770
369 805
369 995
370 434
370 592
370 722
370 957
370 969
370 992
371 372
371 373
371 374
371 375
371 376
371 377
371 379
371 635
371 658
371 742
371 890
371 944
371 996
372 373
372 374
372 375
372 376
372 377
372 380
372 537
373 374
373 375
373 379
373 380
373 435
373 490
373 593
373 609
373 758
373 770
373 772
373 812
373 940
374 375
374 376
374 377
374 378
374 379
374 393
374 514
374 553
374 676
374 795
374 940
374 961
374 971
374 997
375 379
375 557
375 624
375 835
376 377
376 378
376 388
376 467
376 491
376 525
376 720
376 743
376 904
376 917
376 999
377 378
377 460
377 574
377 718
378 379
378 435
378 570
378 623
378 702
378 761
379 380
379 434
379 489
379 846
379 888
380 464
380 517
380 579
380 764
380 782
380 863
381 383
381 384
381 387
381 388
381 389
381 390
381 680
381 741
381 765
381 863
381 871
381 910
381 932
382 383
382 384
382 385
382 388
382 389
382 390
382 471
382 606
382 778
382 919
383 385
383 386
383 387
383 388
383 389
383 390
383 454
383 520
383 611
383 672
383 763
383 918
383 930
383 980
384 385
384 386
384 387
384 388
384 390
384 556
384 614
384 617
384 714
384 799
385 386
385 387
385 389
385 390
385 713
385 843
386 387
386 388
386 389
386 390
386 521
386 659
386 787
386 857
386 870
386 999
387 388
387 389
387 390
387 421
387 477
387 593
387 596
387 655
387 696
387 717
387 769
388 390
388 422
388 428
388 579
388 760
388 860
388 959
388 976
389 390
389 533
389 565
389 695
389 713
389 749
389 804
389 812
389 883
390 456
390 521
390 540
390 609
390 670
390 865
390 916
391 392
391 393
391 394
391 395
391 396
391 397
391 398
391 399
391 400
391 546
391 582
391 649
391 655
391 709
391 727
391 802
391 807
391 906
391 997
392 393
392 394
392 396
392 397
392 398
392 400
392 606
392 631
392 830
392 861
393 394
393 396
393 398
393 400
393 440
393 454
393 543
393 560
393 568
393 639
393 652
393 727
393 895
393 934
393 954
394 395
394 397
394 398
394 400
394 549
394 638
394 783
394 952
395 396
395 397
395 399
395 400
395 553
395 846
395 872
395 946
396 397
396 398
396 399
396 400
396 461
396 466
396 511
396 573
396 738
397 398
397 399
397 501
397 611
397 615
397 637
397 683
397 715
397 757
397 828
397 883
397 915
398 399
398 400
398 538
398 786
398 920
398 981
399 400
399 585
399 603
399 645
399 698
399 743
399 749
399 818
399 918
400 476
400 744
400 758
400 857
400 913
400 954
400 966
401 402
401 403
401 404
401 405
401 406
401 407
401 408
401 409
401 410
401 456
401 512
401 642
401 736
401 806
401 885
401 981
402 403
402 404
402 405
402 406
402 407
402 408
402 409
402 410
402 527
402 572
402 641
402 807
402 881
402 940
403 404
403 405
403 406
403 409
403 439
403 446
403 725
403 740
403 837
403 945
404 405
404 407
404 410
404 564
404 743
404 801
404 878
404 898
404 918
404 972
405 406
405 409
405 410
405 609
405 613
405 787
405 812
405 882
406 407
406 408
406 409
406 410
406 441
406 529
406 630
406 719
406 909
406 974
406 982
407 409
407 432
407 454
407 552
407 660
407 732
407 785
407 846
407 893
408 409
408 410
408 443
408 447
408 568
408 588
408 595
408 617
408 683
408 722
408 800
408 887
408 925
408 998
409 420
409 436
409 722
409 867
409 871
409 944
410 568
410 577
410 578
410 583
410 601
410 664
410 725
410 767
410 970
410 982
411 413
411 414
411 416
411 417
411 418
411 419
411 420
411 499
411 542
411 548
411 831
411 835
411 853
411 854
411 864
411 918
412 413
412 414
412 415
412 416
412 418
412 419
412 420
412 468
412 655
412 795
412 866
412 896
413 414
413 415
413 416
413 420
413 438
413 485
413 511
413 600
413 715
413 718
414 415
414 417
414 418
414 419
414 420
414 591
414 715
414 796
415 417
415 418
415 419
415 420
415 738
415 748
415 755
415 837
416 417
416 418
416 419
416 420
416 455
416 496
416 617
416 771
416 873
416 926
417 418
417 419
417 420
417 444
417 446
417 464
417 795
418 419
418 420
418 696
418 862
419 450
419 671
419 743
419 832
419 932
420 467
420 484
420 564
420 693
420 770
420 985
420 998
421 423
421 424
421 426
421 427
421 428
421 430
421 546
421 616
421 736
422 423
422 424
422 425
422 426
422 427
422 429
422 430
422 471
422 587
422 733
422 979
422 990
423 424
423 425
423 429
423 430
423 520
423 539
423 751
423 797
423 802
423 825
423 998
424 425
424 426
424 427
424 428
424 429
424 430
424 432
424 437
424 446
424 457
424 511
424 565
424 614
424 652
424 780
424 823
424 933
424 985
425 428
425 430
425 434
425 854
425 861
425 927
425 929
425 968
426 427
426 428
426 429
426 430
426 518
426 644
426 678
426 937
427 429
427 438
427 493
427 537
427 541
427 545
427 697
427 698
427 792
427 818
427 879
427 933
427 971
428 429
428 430
428 852
429 430
429 574
429 705
429 707
429 773
429 777
429 884
429 969
430 667
430 716
430 891
431 432
431 433
431 434
431 435
431 436
431 437
431 438
431 439
431 440
431 446
431 595
431 748
431 879
431 887
431 932
432 433
432 434
432 435
432 436
432 437
432 438
432 439
432 440
432 621
432 712
432 963
432 968
433 434
433 435
433 436
433 438
433 439
433 440
433 567
433 685
433 720
433 891
433 934
434 435
434 436
434 437
434 438
434 439
434 440
434 447
434 483
434 766
434 897
434 962
435 436
435 438
435 439
435 556
435 568
435 584
435 709
435 787
436 437
436 438
436 439
436 440
436 537
436 643
436 730
436 849
436 854
436 992
437 438
437 439
437 688
437 782
437 816
438 439
438 440
438 490
438 572
438 672
438 955
439 444
439 510
439 580
439 902
439 933
440 613
440 721
440 784
440 833
440 854
441 442
441 443
441 445
441 446
441 447
441 449
441 450
441 493
441 593
441 617
441 730
441 863
441 918
441 977
442 444
442 445
442 446
442 447
442 448
442 449
442 450
442 497
442 639
442 683
442 689
442 752
442 895
443 444
443 446
443 447
443 449
443 450
443 538
443 717
443 738
443 761
444 446
444 449
444 524
444 569
444 618
444 685
444 705
444 935
444 964
444 978
445 446
445 447
445 448
445 449
445 450
445 517
445 525
445 677
445 753
445 912
445 996
446 447
446 448
446 450
446 631
446 637
446 646
446 654
446 781
446 918
447 449
447 450
447 567
447 582
448 449
448 450
448 635
449 456
449 714
449 816
449 924
450 459
450 532
450 540
450 597
450 610
450 652
450 772
451 452
451 453
451 454
451 455
451 456
451 458
451 459
451 475
451 535
451 540
451 572
451 587
451 683
451 727
451 745
452 453
452 454
452 455
452 456
452 457
452 458
452 460
452 601
452 637
452 759
452 774
452 856
452 990
453 454
453 456
453 457
453 458
453 459
453 460
453 569
453 807
453 822
453 943
454 455
454 456
454 457
454 458
454 459
454 460
454 508
454 608
454 625
454 647
454 654
454 677
455 456
455 457
455 458
455 459
455 532
455 547
455 555
455 706
455 851
455 875
455 964
456 457
456 458
456 459
456 460
456 550
456 613
456 691
456 847
456 924
456 962
456 965
457 458
457 459
457 460
457 482
457 497
457 567
457 673
457 679
457 939
458 459
458 460
458 463
458 578
458 638
458 646
458 672
458 797
458 822
458 823
458 910
458 944
458 959
458 969
458 975
459 460
459 482
459 496
459 697
459 785
459 800
459 829
459 853
459 904
460 603
460 607
460 621
460 721
460 807
460 886
461 462
461 463
461 464
461 465
461 466
461 468
461 469
461 470
461 505
461 572
461 655
461 760
461 903
462 463
462 464
462 466
462 467
462 468
462 469
462 470
462 487
462 504
462 835
462 887
463 464
463 467
463 468
463 474
463 580
463 604
463 614
463 643
463 907
463 960
463 988
464 465
464 466
464 467
464 468
464 469
464 470
464 482
464 649
464 744
464 795
464 816
464 922
464 940
464 964
465 466
465 467
465 468
465 469
465 470
465 495
465 507
465 512
465 545
465 550
465 581
465 637
465 658
465 837
466 467
466 468
466 469
466 563
466 670
466 758
466 790
466 829
467 468
467 469
467 470
467 592
467 961
467 971
468 469
468 470
468 500
468 534
468 577
468 646
468 809
468 973
468 998
469 470
469 508
469 568
469 853
469 949
470 551
470 884
470 911
471 472
471 473
471 474
471 476
471 477
471 479
471 480
471 511
471 573
471 624
471 690
471 696
471 735
471 873
471 877
471 889
472 473
472 474
472 475
472 477
472 480
472 536
472 878
472 972
472 992
473 474
473 475
473 477
473 479
473 480
473 484
473 517
473 524
473 583
473 614
474 476
474 477
474 480
474 526
474 548
474 567
474 601
474 812
474 856
474 892
474 903
474 921
475 476
475 477
475 478
475 480
475 619
475 634
475 718
475 756
475 962
476 477
476 479
476 664
476 899
477 478
477 858
477 899
477 972
478 480
478 925
479 480
479 633
480 516
480 541
480 861
480 892
481 482
481 483
481 484
481 485
481 486
481 488
481 490
481 554
481 626
481 789
481 905
482 483
482 484
482 485
482 486
482 487
482 488
482 489
482 490
482 529
482 585
482 737
482 777
482 913
482 979
482 991
483 484
483 485
483 486
483 487
483 488
483 489
483 557
483 978
484 485
484 487
484 488
484 489
484 490
484 643
484 808
484 915
485 486
485 487
485 488
485 489
485 490
485 566
485 592
485 718
485 791
485 847
485 915
485 999
486 488
486 489
486 575
486 583
486 664
486 785
486 998
487 488
487 489
487 490
487 491
487 529
487 680
487 753
487 754
487 892
487 984
487 990
488 489
488 490
488 601
488 626
488 678
488 828
489 490
489 525
489 692
489 727
489 767
489 814
489 846
489 925
489 961
490 575
490 579
491 492
491 494
491 496
491 497
491 498
491 499
491 684
491 771
491 890
491 972
492 494
492 496
492 497
492 499
492 500
492 533
492 535
492 617
492 635
492 949
493 495
493 496
493 497
493 498
493 499
493 500
493 713
493 785
494 495
494 496
494 497
494 498
494 499
494 500
494 580
494 599
494 617
494 640
494 651
494 667
494 675
494 701
494 735
495 496
495 498
495 499
495 500
495 555
495 581
495 716
495 788
495 949
496 497
496 499
496 500
496 724
496 776
496 824
496 861
496 874
496 905
496 983
497 498
497 499
497 500
497 646
497 957
497 975
498 500
498 548
498 585
498 779
498 782
498 800
498 810
498 814
498 818
499 500
499 535
499 565
499 591
499 646
499 854
499 882
499 923
500 583
500 639
501 502
501 503
501 504
501 505
501 507
501 508
501 509
501 632
501 738
501 752
501 834
501 843
501 968
502 503
502 504
502 506
502 508
502 509
502 510
502 564
502 687
502 718
502 923
502 952
502 972
503 504
503 505
503 506
503 507
503 508
503 509
503 510
503 513
503 863
503 940
503 984
504 505
504 506
504 507
504 508
504 510
504 591
504 606
504 627
504 847
504 883
504 944
504 989
505 506
505 507
505 508
505 510
505 526
505 848
505 894
505 953
505 969
506 508
506 509
506 510
506 517
506 524
506 526
506 544
506 860
506 943
507 509
507 510
507 518
507 536
507 559
507 634
507 695
507 898
507 909
508 509
508 550
508 703
508 721
508 970
509 510
509 699
509 749
509 792
509 949
509 985
510 656
510 695
510 807
511 512
511 513
511 514
511 517
511 518
511 637
511 820
511 895
512 517
512 518
512 551
512 567
512 600
512 642
512 644
512 726
512 732
512 751
512 902
512 907
513 514
513 515
513 516
513 517
513 518
513 519
513 520
513 524
513 733
513 769
513 943
514 515
514 516
514 517
514 518
514 519
514 520
514 632
514 815
514 898
515 518
515 520
515 597
515 637
515 642
515 700
515 731
515 749
516 517
516 518
516 519
516 520
516 684
517 518
517 519
517 710
517 747
517 759
517 864
517 889
517 911
518 519
518 520
518 541
518 634
518 723
518 762
518 787
518 821
518 911
519 520
519 581
520 555
520 609
520 660
520 674
520 735
520 821
520 824
520 862
520 899
520 953
521 522
521 524
521 525
521 526
521 530
521 559
521 578
521 780
521 983
522 523
522 524
522 526
522 527
522 528
522 529
522 530
522 728
522 921
522 926
522 1000
523 524
523 525
523 526
523 527
523 528
523 529
523 530
523 628
523 745
523 873
523 947
523 962
524 525
524 527
524 528
524 530
524 546
524 644
524 890
524 911
525 526
525 527
525 528
525 529
525 648
525 846
525 882
526 527
526 528
526 529
526 593
526 768
526 908
527 528
527 529
527 530
527 557
527 745
527 807
527 817
527 826
527 874
527 892
528 529
528 530
528 565
528 768
528 769
528 823
529 530
529 666
529 706
529 718
529 888
530 545
530 612
530 693
530 734
530 765
530 778
530 828
530 829
530 978
530 981
531 532
531 533
531 535
531 536
531 537
531 538
531 539
531 540
531 733
531 813
532 533
532 534
532 536
532 537
532 538
532 559
532 579
532 636
532 871
533 534
533 535
533 536
533 537
533 539
533 540
533 568
533 642
533 772
534 535
534 536
534 537
534 538
534 539
534 540
534 616
534 782
534 932
534 986
535 536
535 538
535 539
535 568
535 701
535 712
535 974
535 986
536 537
536 539
536 540
536 571
536 703
536 881
536 984
537 538
537 539
537 540
537 541
537 682
537 812
537 843
537 880
537 910
537 1000
538 539
538 612
538 813
538 857
538 985
538 997
539 540
539 694
539 785
539 812
539 984
539 989
540 550
540 680
540 735
540 873
540 979
541 542
541 543
541 544
541 546
541 547
541 549
541 550
541 834
542 543
542 544
542 545
542 546
542 547
542 548
542 549
542 550
542 573
542 628
542 670
542 774
542 782
542 917
543 544
543 545
543 546
543 547
543 548
543 550
543 579
543 603
543 668
543 702
543 880
544 545
544 546
544 547
544 548
544 550
544 644
544 654
544 788
544 827
545 546
545 547
545 548
545 549
545 550
545 560
545 710
545 803
545 818
545 966
545 967
546 549
546 550
546 675
546 694
546 796
546 874
547 548
547 549
547 550
547 552
547 656
547 714
547 854
548 549
548 550
548 580
548 678
548 712
548 874
549 606
549 771
549 828
549 858
550 558
550 942
550 990
551 553
551 554
551 556
551 557
551 559
551 560
551 645
551 784
551 837
551 932
551 934
551 953
552 553
552 554
552 555
552 556
552 557
552 560
552 776
552 993
553 554
553 555
553 556
553 557
553 559
553 560
553 841
553 855
554 555
554 557
554 558
554 559
554 560
554 646
554 788
555 556
555 557
555 558
555 559
555 560
555 664
555 765
555 862
555 886
555 889
556 557
556 558
556 560
556 606
556 624
556 639
556 739
556 740
556 749
557 558
557 560
557 759
557 865
557 877
558 559
558 560
558 652
558 657
558 714
558 847
559 560
559 839
559 881
559 943
559 984
560 744
560 844
561 563
561 566
561 569
561 570
561 644
561 666
561 784
561 799
562 563
562 564
562 565
562 566
562 568
562 569
562 907
562 922
562 929
563 565
563 567
563 568
563 585
563 661
563 838
563 910
564 565
564 566
564 567
564 569
564 570
564 617
564 703
565 566
565 569
565 570
565 571
565 677
565 771
565 815
565 848
566 567
566 568
566 570
566 608
566 654
566 666
566 842
566 926
567 568
567 569
567 570
567 639
567 686
568 569
568 570
568 671
568 986
569 570
569 728
569 766
569 877
569 912
569 992
570 762
570 972
570 998
571 573
571 575
571 578
571 579
571 580
571 703
571 866
571 879
571 973
572 573
572 575
572 577
572 578
572 580
572 694
572 696
572 714
572 771
572 884
572 924
572 936
573 574
573 576
573 578
573 580
573 708
573 775
573 821
574 575
574 576
574 577
574 578
574 579
574 580
574 672
574 682
574 704
574 794
574 994
575 576
575 577
575 578
575 610
575 655
575 663
575 671
575 756
575 859
576 577
576 578
576 579
576 580
576 784
576 807
577 579
577 580
577 614
577 685
577 721
577 833
577 938
578 580
578 594
578 640
578 702
578 764
579 580
579 596
579 704
579 987
579 994
580 609
580 672
580 721
581 582
581 583
581 584
581 586
581 587
581 588
581 589
581 771
581 889
581 891
582 583
582 584
582 585
582 586
582 587
582 588
582 589
582 604
582 622
583 584
583 585
583 587
583 588
583 589
583 590
583 821
583 880
583 882
583 956
583 958
584 586
584 587
584 588
584 589
584 590
584 596
584 785
584 843
584 938
585 586
585 587
585 589
585 590
585 719
585 727
585 767
585 921
586 587
586 588
586 589
586 599
586 621
586 692
586 750
586 905
586 950
587 588
587 590
587 896
587 955
588 589
588 590
588 603
588 702
588 782
588 830
589 590
589 695
589 724
589 797
589 830
590 614
590 717
590 779
590 816
590 836
590 850
590 883
591 593
591 594
591 595
591 596
591 631
591 709
591 817
591 846
592 594
592 595
592 596
592 597
592 894
592 915
593 594
593 595
593 596
593 597
593 599
593 600
593 904
594 595
594 596
594 597
594 711
594 847
594 943
594 996
595 596
595 597
595 598
595 599
595 600
595 609
595 770
595 782
595 791
595 986
596 597
596 598
596 599
596 600
596 604
596 763
596 764
596 799
596 865
596 886
596 922
597 598
597 599
597 600
597 715
597 794
597 829
597 861
597 985
598 600
598 674
599 600
599 705
599 771
600 735
600 856
600 951
600 974
601 602
601 603
601 604
601 605
601 606
601 607
601 608
601 609
601 610
601 730
601 737
601 780
601 837
601 875
602 603
602 604
602 605
602 606
602 608
602 609
602 610
602 697
602 800
602 802
602 843
602 882
603 604
603 605
603 606
603 607
603 608
603 609
603 610
603 961
604 605
604 606
604 607
604 609
604 610
604 614
604 761
604 794
604 860
604 914
605 606
605 607
605 608
605 609
605 610
605 692
605 763
605 846
605 923
605 926
606 607
606 608
606 609
606 610
606 743
607 608
607 609
607 610
607 777
607 874
607 942
607 952
608 609
608 610
608 887
608 902
608 969
609 610
609 804
609 845
609 919
610 735
610 741
610 813
610 955
611 612
611 614
611 615
611 617
611 618
611 622
611 867
612 613
612 614
612 615
612 616
612 617
612 618
612 619
612 620
612 882
613 615
613 616
613 618
613 619
613 620
613 803
613 860
613 978
613 989
614 618
614 619
614 620
614 676
614 734
614 768
614 831
614 846
614 945
615 616
615 617
615 618
615 619
615 620
615 739
615 782
615 878
615 903
615 916
615 928
616 618
616 620
616 673
616 736
616 849
617 618
617 685
617 686
617 708
617 926
618 619
618 812
618 844
618 925
619 620
619 817
619 948
620 691
620 709
621 622
621 623
621 624
621 625
621 626
621 627
621 630
621 774
621 914
621 938
621 959
622 623
622 624
622 625
622 626
622 627
622 628
622 630
622 654
622 740
622 881
622 885
622 906
623 624
623 625
623 626
623 627
623 628
623 629
623 630
623 711
623 834
623 896
623 909
623 966
624 625
624 626
624 628
624 629
624 734
624 805
624 820
625 626
625 627
625 628
625 629
625 630
625 721
625 727
625 785
625 884
625 940
626 628
626 630
626 799
626 878
627 629
627 630
627 683
627 728
627 851
627 867
628 629
628 630
628 728
628 794
628 804
628 879
628 958
629 630
629 641
629 681
629 810
629 887
629 941
629 996
630 702
630 735
630 958
631 632
631 633
631 634
631 636
631 637
631 638
631 639
631 855
632 633
632 636
632 639
632 640
632 821
632 860
632 935
632 992
633 634
633 635
633 636
633 637
633 638
633 639
633 648
633 672
633 711
633 776
633 794
633 831
634 635
634 636
634 639
634 640
634 646
634 658
634 717
635 636
635 637
635 638
635 639
635 640
635 818
635 823
635 829
635 845
635 903
636 637
636 638
636 639
636 640
636 651
636 708
636 875
636 997
637 638
637 639
637 640
637 675
637 773
637 959
638 639
638 640
638 695
638 727
638 728
639 640
639 642
639 755
639 787
639 799
639 845
639 851
639 993
640 705
640 720
640 839
641 642
641 644
641 645
641 646
641 648
641 650
641 832
641 838
641 849
642 643
642 644
642 645
642 646
642 647
642 648
642 649
642 650
642 673
642 691
642 787
642 809
642 927
642 955
643 644
643 645
643 646
643 647
643 649
643 650
643 991
644 645
644 646
644 647
644 649
644 650
644 742
644 761
644 890
644 924
644 931
645 647
645 648
645 649
645 650
645 787
645 823
645 875
645 909
645 943
646 647
646 648
646 649
646 650
646 732
646 779
646 981
647 648
647 649
647 650
647 765
647 891
648 649
648 650
648 732
648 739
648 754
648 787
648 934
649 650
649 692
649 772
649 898
649 945
649 968
649 982
649 999
650 757
650 889
650 917
650 931
650 970
651 652
651 653
651 654
651 655
651 656
651 657
651 658
651 659
651 660
651 666
651 746
651 768
651 923
651 956
652 653
652 654
652 655
652 656
652 657
652 658
652 659
652 660
652 857
652 901
652 958
653 655
653 656
653 657
653 658
653 659
653 660
653 682
653 896
654 655
654 656
654 657
654 658
654 659
654 660
654 747
654 979
654 987
655 656
655 657
655 658
655 659
655 660
655 696
655 845
656 657
656 658
656 659
656 660
656 677
656 837
657 658
657 659
657 660
657 775
657 779
657 844
657 993
658 659
658 660
658 776
658 787
658 955
659 660
660 766
660 820
660 826
660 834
661 662
661 663
661 664
661 667
661 668
661 669
661 670
661 783
661 906
661 915
661 981
662 663
662 665
662 666
662 667
662 668
662 669
662 670
662 691
662 714
662 745
662 911
662 920
663 664
663 665
663 666
663 667
663 668
663 669
663 670
663 789
663 886
664 665
664 666
664 667
664 670
664 806
664 810
664 858
664 929
664 994
665 666
665 667
665 669
665 670
665 746
665 862
665 929
666 667
666 668
666 670
666 986
667 668
667 669
667 670
667 677
667 733
668 669
668 670
668 680
668 725
668 865
669 670
669 827
669 917
670 671
670 846
670 897
671 672
671 673
671 674
671 675
671 676
671 677
671 678
671 679
671 680
671 735
671 780
671 815
671 843
671 969
671 990
672 673
672 674
672 675
672 676
672 677
672 679
672 680
672 719
672 724
672 931
673 674
673 675
673 676
673 677
673 678
673 679
673 680
673 827
673 901
673 975
674 677
674 678
674 679
674 680
674 861
675 676
675 677
675 678
675 680
675 702
675 705
675 741
675 856
675 861
675 864
676 677
676 678
676 679
676 680
676 688
676 862
676 893
677 678
677 679
677 680
677 799
678 679
678 752
678 776
678 913
678 940
679 680
679 716
679 750
679 780
679 817
679 944
679 993
681 682
681 683
681 684
681 685
681 686
681 689
681 690
681 830
681 846
681 879
682 683
682 684
682 685
682 686
682 687
682 688
682 689
682 690
682 721
682 731
682 740
682 840
682 863
683 684
683 685
683 686
683 687
683 688
683 689
683 690
683 776
683 867
683 875
684 685
684 686
684 687
684 688
684 690
684 707
684 790
685 686
685 688
685 690
686 689
686 690
686 698
686 780
686 799
686 877
686 991
687 688
687 689
687 690
687 752
687 762
687 854
687 955
688 689
688 690
688 771
688 807
689 690
689 732
689 953
689 961
690 728
690 745
690 768
690 955
691 693
691 694
691 695
691 696
691 697
691 698
691 700
691 841
692 693
692 695
692 696
692 697
692 698
692 700
693 694
693 698
693 699
693 700
693 828
693 950
694 696
694 697
694 699
694 811
694 949
695 696
695 698
695 700
696 697
696 699
696 883
696 889
696 985
697 698
697 699
697 700
697 754
697 804
697 943
698 699
698 700
698 742
698 804
698 966
698 972
699 700
699 750
699 790
699 821
699 948
699 967
700 733
700 750
700 918
701 702
701 703
701 704
701 705
701 706
701 707
701 708
701 710
701 730
701 777
701 785
701 913
701 968
702 703
702 704
702 705
702 707
702 709
702 710
702 958
703 706
703 707
703 708
703 709
703 710
703 929
704 705
704 706
704 707
704 708
704 709
704 710
705 706
705 707
705 708
705 709
705 710
705 756
705 860
705 914
705 939
706 707
706 708
706 709
707 709
707 710
707 726
707 825
707 829
707 913
708 709
708 710
708 784
708 989
709 761
709 829
709 869
709 871
709 920
710 788
710 933
710 960
710 998
711 714
711 715
711 716
711 717
711 718
711 719
711 720
711 983
712 713
712 714
712 715
712 716
712 717
712 719
712 720
713 714
713 715
713 717
713 718
713 719
713 720
713 763
714 715
714 716
714 717
714 718
714 719
714 720
714 789
714 907
714 919
715 716
715 717
715 718
715 719
715 735
715 798
715 886
715 984
716 717
716 718
716 719
716 731
716 774
716 789
716 872
716 900
717 719
718 719
718 720
718 891
718 900
718 903
718 909
718 981
718 988
719 720
719 741
719 781
719 826
719 840
719 873
719 896
719 930
719 968
719 997
720 798
721 722
721 723
721 726
721 728
721 729
721 730
721 788
721 945
721 953
722 723
722 724
722 726
722 727
722 728
722 729
722 730
723 724
723 725
723 726
723 727
723 729
723 730
723 787
723 874
724 725
724 727
724 729
724 730
724 767
724 782
724 932
724 936
724 956
724 988
725 726
725 727
725 729
725 730
725 820
725 856
725 879
726 727
726 729
726 730
726 812
726 872
726 962
727 728
727 729
727 730
727 734
727 898
728 730
728 764
728 819
728 826
728 836
728 839
728 843
728 858
729 730
730 779
730 861
730 888
731 732
731 733
731 734
731 736
731 737
731 738
731 740
731 760
731 842
731 899
731 947
732 733
732 735
732 736
732 737
732 738
732 739
732 740
732 745
732 791
732 812
732 826
732 972
733 734
733 735
733 736
733 737
733 738
733 739
733 764
733 815
733 844
733 886
734 735
734 737
734 738
734 739
734 740
734 764
734 803
734 809
734 847
734 885
734 990
735 736
735 737
735 738
735 739
735 799
735 858
735 908
735 926
735 996
736 738
736 739
736 740
736 832
736 835
736 983
737 738
737 739
737 740
737 816
737 937
738 740
738 773
738 800
738 822
738 825
739 740
739 877
739 915
739 975
740 869
741 742
741 743
741 744
741 745
741 746
741 747
741 748
741 749
741 750
741 834
742 743
742 744
742 745
742 746
742 747
742 748
742 750
742 816
742 819
742 858
742 947
743 744
743 745
743 747
743 748
743 749
743 750
743 840
744 745
744 747
744 748
744 749
744 750
744 785
744 922
745 746
745 747
745 749
745 750
745 866
746 748
746 749
746 786
747 748
747 749
747 750
748 749
748 750
748 829
748 923
748 924
749 774
749 783
749 931
749 949
749 971
750 773
750 810
750 813
750 961
750 993
751 752
751 753
751 754
751 756
751 757
751 758
751 760
751 761
751 926
752 753
752 754
752 755
752 756
752 757
752 758
752 760
752 863
752 974
753 754
753 756
753 757
753 758
753 759
753 760
754 755
754 757
754 758
754 759
755 758
755 759
756 757
756 758
756 760
756 804
756 886
757 758
757 760
757 946
758 760
758 827
761 762
761 763
761 764
761 767
761 768
761 770
762 765
762 766
762 767
762 768
762 769
762 770
762 792
763 764
763 765
763 766
763 767
763 770
763 788
763 867
764 765
764 767
764 768
764 769
764 770
765 766
765 767
765 768
765 769
765 770
765 861
765 948
765 965
766 767
766 768
766 769
766 770
766 829
766 971
766 975
767 768
767 769
767 770
767 826
767 857
767 928
767 931
767 934
767 989
768 769
768 770
768 916
769 905
769 937
770 949
771 772
771 773
771 774
771 775
771 776
771 777
771 778
771 779
771 780
772 773
772 774
772 776
772 777
772 778
772 779
772 780
773 775
773 776
773 777
773 778
773 779
773 780
773 883
774 775
774 778
774 780
774 817
775 776
775 777
775 778
775 779
775 780
776 778
776 779
776 780
776 817
776 924
776 937
777 778
777 780
777 912
777 929
777 978
778 779
778 780
778 912
778 934
778 974
779 780
779 934
780 784
780 789
780 852
780 929
781 782
781 783
781 785
781 786
781 787
781 788
781 789
781 790
781 839
781 895
781 916
782 783
782 784
782 785
782 787
782 788
782 789
782 790
782 817
782 980
783 784
783 785
783 786
783 787
783 788
783 789
783 790
783 957
783 961
783 989
783 995
783 996
784 785
784 786
784 787
784 788
784 789
784 824
784 836
784 904
785 786
785 787
785 788
785 790
785 867
785 894
785 915
785 963
786 787
786 789
786 790
786 831
786 992
787 788
787 789
787 790
787 943
788 789
788 790
788 994
789 790
789 813
789 850
789 886
790 929
790 970
791 792
791 794
791 795
791 796
791 797
791 798
791 799
791 800
791 923
791 941
792 793
792 794
792 795
792 796
792 797
792 798
792 799
792 800
792 824
792 868
792 982
793 794
793 796
793 797
793 798
793 799
793 800
793 820
793 878
793 883
793 901
794 795
794 796
794 797
794 799
794 800
794 854
795 796
795 797
795 798
795 799
795 800
796 798
796 799
796 800
796 812
797 798
797 799
797 800
797 869
798 799
798 800
798 961
798 972
799 836
799 843
800 831
800 896
800 909
800 954
801 802
801 803
801 804
801 806
801 807
801 809
801 810
802 803
802 804
802 805
802 806
802 807
802 808
802 809
802 978
803 805
803 806
803 807
803 808
803 809
803 810
804 805
804 806
804 807
804 808
804 809
804 810
804 849
804 877
804 995
805 806
805 807
805 809
805 892
805 993
806 807
806 808
806 809
806 810
806 973
806 984
807 809
807 810
807 847
808 809
808 810
808 947
809 810
809 901
809 908
810 865
811 812
811 813
811 814
811 815
811 816
811 817
811 819
811 820
812 813
812 814
812 815
812 816
812 817
812 818
812 820
812 871
812 909
812 967
813 815
813 818
813 819
813 820
813 935
813 947
814 816
814 817
814 819
814 820
814 940
815 817
815 818
815 820
815 875
816 820
817 818
817 819
817 827
817 978
817 991
818 820
818 830
819 820
819 960
820 920
821 822
821 823
821 825
821 826
821 827
821 829
821 830
822 824
822 825
822 826
822 828
822 829
822 914
822 985
822 995
823 825
823 826
823 828
823 829
823 830
823 938
823 947
824 826
824 828
824 857
824 868
825 826
825 827
825 828
825 829
825 830
826 827
826 828
826 829
826 830
826 847
826 923
826 931
827 828
827 829
827 830
827 884
828 830
828 831
828 833
828 901
828 963
828 988
828 999
829 830
829 879
829 881
830 924
831 833
831 834
831 837
831 839
831 902
832 833
832 836
832 838
832 839
833 835
833 836
833 837
833 838
833 840
833 861
834 835
834 836
834 838
834 839
834 840
834 853
835 836
835 837
835 838
835 839
835 845
835 861
835 892
835 954
836 837
836 838
836 839
836 840
837 838
837 839
837 840
838 840
838 842
838 869
838 957
838 960
839 840
839 978
840 869
840 956
841 842
841 843
841 844
841 845
841 846
841 848
841 849
841 850
841 876
841 912
842 844
842 846
842 848
842 850
843 844
843 845
843 846
843 847
843 848
843 849
843 850
843 878
843 951
844 845
844 847
844 848
844 849
844 850
845 846
845 847
845 849
845 850
845 895
846 847
846 848
846 849
846 850
846 886
846 906
846 915
846 924
846 948
847 849
847 850
847 859
847 983
848 849
848 850
848 853
848 927
848 955
849 850
850 898
850 986
851 852
851 853
851 854
851 855
851 857
851 858
851 859
851 880
852 853
852 854
852 855
852 856
852 857
852 858
852 860
852 884
852 918
852 924
853 854
853 856
853 857
853 858
853 859
854 855
854 856
854 857
854 858
854 860
855 856
855 857
855 858
855 859
855 920
856 857
856 858
856 859
856 860
856 903
856 959
857 858
857 859
857 860
858 859
858 860
858 927
859 860
859 869
859 901
859 949
860 892
860 912
861 862
861 864
861 866
861 868
861 869
861 870
862 863
862 865
862 866
862 867
862 868
862 870
862 945
863 864
863 867
863 868
863 869
863 945
863 947
864 865
864 866
864 867
864 869
864 870
865 866
865 867
865 868
865 869
865 870
865 886
866 867
866 868
866 869
866 870
866 947
867 868
867 869
867 870
867 908
868 869
868 906
868 914
869 870
869 881
869 992
870 955
870 963
871 872
871 874
871 875
871 876
871 877
871 927
872 874
872 875
872 876
872 877
872 878
872 879
872 880
872 937
873 874
873 875
873 876
873 877
873 878
873 879
873 880
874 876
874 878
874 879
874 880
874 897
874 924
874 927
874 989
875 876
875 877
875 878
875 880
875 975
875 985
876 877
876 878
876 879
876 898
877 878
877 879
878 879
878 880
879 880
880 887
880 949
880 959
880 976
880 991
881 882
881 883
881 884
881 885
881 886
881 887
881 889
881 890
882 883
882 885
882 886
882 887
882 888
882 889
882 906
883 884
883 885
883 887
883 888
883 889
883 890
883 894
883 978
884 887
884 888
884 889
884 937
884 982
885 886
885 887
885 888
885 890
886 887
886 888
886 889
886 890
886 971
887 888
887 889
887 890
887 947
888 889
888 890
888 930
889 890
889 935
891 892
891 893
891 894
891 895
891 896
891 897
891 898
891 899
891 900
891 933
891 999
892 893
892 895
892 896
892 899
892 900
892 979
893 894
893 895
893 896
893 897
893 898
893 899
893 900
894 895
894 896
894 897
894 898
894 900
894 908
895 896
895 897
895 899
895 900
895 954
896 897
896 900
897 898
897 899
897 900
897 915
898 899
898 900
898 909
898 922
898 935
899 900
900 959
900 976
901 902
901 903
901 905
901 906
901 908
901 909
901 910
901 930
901 949
901 986
902 903
902 904
902 905
902 906
902 908
902 909
902 910
902 980
903 905
903 906
903 908
903 909
903 910
904 905
904 906
904 907
904 909
904 910
904 946
904 964
904 976
905 907
905 908
905 909
905 910
906 908
906 909
906 910
907 908
907 914
908 910
909 910
910 947
911 912
911 913
911 915
911 916
911 917
911 918
911 920
911 974
912 915
912 916
912 918
912 920
912 968
913 914
913 915
913 917
913 918
913 919
913 920
914 915
914 918
914 919
914 920
914 937
914 970
915 916
915 917
915 918
915 920
916 917
916 918
916 919
916 920
916 1000
917 918
917 919
917 920
917 962
917 979
918 919
918 920
918 941
918 976
919 920
919 977
920 924
920 950
920 955
921 923
921 924
921 925
921 926
921 927
921 928
921 929
922 925
922 927
922 928
922 929
922 930
923 924
923 925
923 926
923 927
923 929
923 930
923 979
924 926
924 928
924 929
925 926
925 927
925 928
925 929
926 927
926 928
926 930
927 928
927 929
927 930
928 929
928 930
928 954
928 990
929 932
930 938
930 966
931 932
931 933
931 934
931 935
931 936
931 937
931 938
931 939
931 963
931 996
932 933
932 934
932 935
932 936
932 938
932 940
933 934
933 935
933 936
933 937
933 938
933 939
933 940
933 966
934 935
934 936
934 937
934 938
934 939
934 940
935 937
935 938
935 939
935 940
936 938
936 939
936 940
936 946
936 950
936 960
936 963
937 938
937 940
938 940
939 967
939 981
941 943
941 944
941 945
941 946
941 947
941 948
941 949
941 950
941 977
942 943
942 944
942 945
942 946
942 947
942 950
943 945
943 946
943 947
943 949
944 945
944 946
944 947
944 948
944 949
944 963
944 993
945 946
945 947
945 948
945 949
945 974
946 948
946 949
946 950
946 999
947 948
947 949
947 950
947 977
948 949
948 950
951 952
951 953
951 955
951 956
951 957
951 959
951 960
952 953
952 954
952 955
952 956
952 957
952 958
952 959
952 960
953 954
953 955
953 956
953 957
953 958
953 960
953 979
954 955
954 957
954 958
954 959
954 960
955 957
955 958
955 959
955 960
956 957
956 958
956 959
957 958
957 959
957 960
958 960
959 995
961 962
961 963
961 965
961 966
961 967
961 968
961 969
961 970
961 973
962 963
962 964
962 966
962 968
962 969
962 970
963 964
963 966
963 968
963 969
963 970
963 1000
964 966
964 967
964 968
964 969
964 970
965 966
965 967
965 968
965 969
965 970
966 967
966 968
966 969
966 970
967 968
967 969
967 970
967 988
968 969
968 970
968 971
969 970
969 986
971 972
971 973
971 974
971 975
971 978
971 980
971 993
972 973
972 974
972 975
972 976
972 977
972 979
972 980
973 974
973 975
973 976
973 977
973 978
973 980
974 975
974 976
974 977
974 978
974 979
974 980
975 976
975 977
975 978
975 979
975 984
976 977
976 978
976 980
977 979
977 980
977 994
978 979
978 980
979 980
981 982
981 983
981 984
981 985
981 986
981 987
981 988
981 989
981 990
982 983
982 984
982 985
982 986
982 987
982 988
982 989
982 990
983 984
983 985
983 987
983 988
983 989
983 990
984 985
984 986
984 988
984 989
985 986
985 988
985 989
985 990
986 987
986 988
987 989
987 990
989 990
991 992
991 994
991 995
991 996
991 997
991 998
991 999
991 1000
992 993
992 994
992 995
992 996
992 998
992 999
993 994
993 995
993 996
993 998
993 999
993 1000
994 996
994 997
994 998
994 999
994 1000
995 996
995 999
995 1000
996 997
996 998
997 998
997 999
999 1000
