1000 8546
1 2
1 4
1 5
1 6
1 7
1 8
1 9
1 10
1 28
1 62
1 96
1 115
1 162
1 172
1 239
1 863
2 3
2 4
2 5
2 6
2 7
2 8
2 9
2 10
2 170
2 612
2 631
2 642
2 656
2 823
2 874
2 877
3 5
3 6
3 7
3 8
3 9
3 10
3 197
3 358
3 363
3 489
3 873
3 886
3 984
3 989
4 5
4 7
4 8
4 9
4 10
4 96
4 105
4 216
4 253
4 401
4 690
4 721
4 790
4 830
4 857
4 888
5 7
5 8
5 9
5 110
5 233
5 279
5 280
5 510
5 847
5 867
5 871
5 881
5 884
5 903
5 977
6 7
6 8
6 9
6 322
6 368
6 448
6 449
6 459
6 565
6 582
6 604
6 636
6 759
6 812
6 825
6 908
6 949
7 8
7 9
7 10
7 70
7 106
7 181
7 198
7 218
7 297
7 536
7 635
7 663
7 824
7 905
8 9
8 10
8 48
8 100
8 436
8 479
8 524
8 619
8 632
8 679
8 712
8 955
9 10
9 80
9 112
9 182
9 299
9 379
9 410
9 895
9 933
9 965
9 981
10 102
10 106
10 150
10 364
10 476
10 598
10 666
10 761
10 811
10 851
11 12
11 13
11 15
11 16
11 18
11 20
11 102
11 128
11 137
11 392
11 482
11 650
11 921
11 991
12 13
12 14
12 15
12 16
12 17
12 18
12 19
12 20
12 69
12 254
12 365
12 513
12 867
12 916
12 928
12 973
13 14
13 15
13 16
13 17
13 18
13 19
13 26
13 218
13 220
13 419
13 471
13 479
13 547
13 607
13 689
13 751
13 929
14 15
14 16
14 17
14 18
14 19
14 20
14 34
14 42
14 54
14 166
14 359
14 449
14 486
14 590
14 776
14 808
14 831
15 16
15 17
15 18
15 19
15 20
15 113
15 146
15 282
15 648
15 699
15 729
15 871
15 960
16 17
16 18
16 19
16 35
16 142
16 555
16 640
16 656
16 709
16 797
16 913
17 18
17 19
17 20
17 238
17 461
17 537
17 839
17 864
17 874
17 944
17 993
18 19
18 20
18 145
18 184
18 246
18 561
18 572
18 627
18 851
18 879
18 973
19 20
19 515
19 837
19 998
20 170
20 648
20 810
20 835
20 899
20 981
21 22
21 24
21 26
21 27
21 28
21 29
21 30
21 173
21 216
21 259
21 335
21 401
21 412
21 421
21 518
21 630
22 23
22 24
22 25
22 26
22 27
22 28
22 29
22 30
22 147
22 264
22 882
22 957
23 24
23 26
23 27
23 28
23 29
23 109
23 136
23 278
23 573
23 641
23 655
23 768
23 778
24 26
24 27
24 28
24 30
24 128
24 202
24 208
24 441
24 506
24 559
24 743
24 768
24 859
24 958
25 26
25 27
25 28
25 29
25 30
25 247
25 401
25 480
25 701
25 781
25 830
25 926
26 27
26 28
26 30
26 212
26 350
26 372
26 480
26 536
26 645
26 958
27 28
27 29
27 30
27 210
27 228
27 241
27 572
27 635
27 731
27 760
27 761
27 798
27 831
27 900
28 29
28 58
28 140
28 182
28 215
28 426
28 576
28 595
28 600
28 750
28 799
29 128
29 246
29 320
29 428
29 473
30 115
30 161
30 211
30 277
30 387
30 555
30 607
30 790
30 907
30 961
31 32
31 33
31 34
31 35
31 37
31 38
31 39
31 40
31 241
31 335
31 417
31 454
31 511
31 660
32 33
32 34
32 35
32 36
32 37
32 39
32 152
32 190
32 327
32 365
32 400
32 459
32 660
32 694
32 903
33 34
33 35
33 36
33 37
33 38
33 39
33 40
33 334
33 392
33 443
33 742
33 779
33 873
33 890
34 35
34 36
34 37
34 38
34 39
34 40
34 278
34 403
34 456
34 460
34 495
34 585
34 600
34 701
34 733
34 896
34 899
34 905
34 930
35 36
35 37
35 38
35 40
35 198
35 384
35 446
35 628
36 37
36 38
36 39
36 40
36 191
36 220
36 308
36 422
36 628
36 629
36 752
36 788
36 806
36 986
36 999
37 38
37 40
37 172
37 182
37 277
37 312
37 389
37 473
37 581
38 39
38 40
38 238
38 326
38 391
38 392
38 545
38 548
38 589
38 916
38 992
39 40
39 130
39 247
39 334
39 533
39 540
39 564
39 700
39 901
39 972
40 266
40 287
40 314
40 383
40 395
40 397
40 462
40 585
40 692
40 738
40 890
41 42
41 43
41 44
41 45
41 47
41 49
41 128
41 416
41 553
41 785
41 829
41 842
41 859
41 896
41 983
42 43
42 44
42 45
42 46
42 47
42 48
42 49
42 231
42 233
42 244
42 331
42 386
42 437
42 477
42 662
42 762
42 847
42 877
42 953
42 963
43 44
43 45
43 46
43 47
43 48
43 49
43 50
43 294
43 514
43 560
43 599
43 634
43 740
43 748
43 915
44 45
44 46
44 47
44 48
44 49
44 50
44 75
44 129
44 156
44 200
44 347
44 472
44 480
44 609
44 717
44 734
45 49
45 50
45 102
45 131
45 415
45 451
45 749
45 853
45 913
46 47
46 48
46 50
46 210
46 218
46 239
46 267
46 403
46 556
46 633
46 744
46 783
46 796
46 801
46 835
47 49
47 50
47 140
47 142
47 250
47 301
47 528
47 630
47 652
47 698
47 735
47 800
47 836
47 860
47 874
48 49
48 50
48 416
48 588
48 629
48 693
48 809
49 50
49 122
49 406
49 521
49 533
49 723
49 766
49 784
50 270
50 373
50 438
50 483
50 520
50 567
50 702
50 773
50 953
51 52
51 53
51 54
51 56
51 57
51 59
51 60
51 211
51 280
51 400
51 582
51 587
51 795
52 53
52 54
52 55
52 56
52 58
52 59
52 60
52 99
52 166
52 178
52 332
52 359
52 419
52 667
52 702
52 839
52 848
53 55
53 56
53 59
53 75
53 79
53 515
53 632
53 727
53 745
53 877
53 998
54 57
54 58
54 59
54 60
54 259
54 325
54 335
54 390
54 416
54 444
54 456
54 534
54 639
54 716
54 851
54 997
55 56
55 57
55 58
55 59
55 160
55 279
55 680
55 736
55 911
55 945
55 955
55 961
56 57
56 58
56 59
56 60
56 125
56 152
56 211
56 271
56 348
56 538
56 546
56 679
56 739
56 794
56 919
57 59
57 60
57 197
57 345
57 356
57 387
57 393
57 396
57 432
57 435
57 446
57 484
57 504
57 613
57 638
57 662
57 715
57 750
57 774
57 786
57 788
57 892
57 909
57 957
57 970
58 59
58 215
58 227
58 368
58 389
58 423
58 665
58 924
58 955
59 60
59 119
59 270
59 290
59 336
59 367
59 435
59 468
59 662
59 682
59 931
59 963
60 254
60 273
60 288
60 375
60 433
60 508
60 546
60 568
60 646
60 759
61 62
61 63
61 64
61 65
61 66
61 67
61 69
61 99
61 388
61 691
61 695
61 869
62 63
62 64
62 65
62 66
62 67
62 68
62 70
62 201
62 294
62 374
62 556
62 669
62 699
62 715
62 719
62 777
62 789
62 821
62 926
62 988
63 64
63 65
63 67
63 68
63 69
63 120
63 166
63 288
63 345
63 500
63 650
63 874
64 65
64 66
64 67
64 68
64 69
64 70
64 424
64 656
64 676
64 698
64 791
64 881
64 979
65 66
65 68
65 69
65 70
65 78
65 151
65 176
65 256
65 392
65 721
65 752
66 67
66 68
66 69
66 70
66 287
66 297
66 533
66 597
66 623
66 696
66 834
66 880
67 68
67 69
67 70
67 151
67 166
67 189
67 207
67 222
67 232
67 311
67 328
67 419
67 459
67 891
67 975
67 992
68 69
68 70
68 204
68 327
68 361
68 532
68 704
68 823
68 842
69 70
69 107
69 175
69 187
69 468
69 504
69 510
69 821
69 947
70 233
70 281
70 418
70 473
70 493
70 749
70 846
70 948
71 72
71 73
71 74
71 76
71 77
71 78
71 79
71 80
71 101
71 160
71 184
71 331
71 764
71 779
71 799
71 835
71 845
71 861
71 947
71 953
72 73
72 74
72 75
72 76
72 77
72 78
72 79
72 80
72 287
72 307
72 312
72 335
72 402
72 404
72 408
72 416
72 589
72 594
72 848
72 962
72 977
73 74
73 75
73 76
73 77
73 78
73 79
73 80
73 269
73 334
73 409
73 472
73 592
73 675
73 769
73 771
73 809
73 841
73 856
73 958
74 77
74 78
74 80
74 137
74 143
74 231
74 379
74 390
74 689
74 709
74 766
74 858
74 918
75 77
75 78
75 79
75 80
75 134
75 140
75 238
75 398
75 406
75 420
75 570
75 579
75 698
75 959
76 79
76 80
76 224
76 229
76 240
76 251
76 264
76 279
76 292
76 491
76 492
76 565
76 586
76 681
77 78
77 79
77 80
77 243
77 395
77 484
77 527
77 544
77 670
77 685
77 697
77 704
77 922
77 932
78 79
78 80
78 464
78 575
78 582
78 683
78 774
78 844
79 183
79 314
79 318
79 480
79 528
79 632
79 716
79 787
79 919
80 164
80 198
80 300
80 332
80 533
80 707
80 798
80 850
80 868
80 958
81 83
81 84
81 85
81 86
81 87
81 88
81 89
81 90
81 157
81 176
81 236
81 329
81 332
81 552
81 655
81 763
81 983
82 83
82 85
82 86
82 87
82 88
82 90
82 202
82 232
82 238
82 248
82 427
82 569
82 578
82 621
82 627
82 639
82 692
82 804
83 84
83 85
83 86
83 87
83 88
83 89
83 90
83 205
83 683
83 831
83 880
83 893
84 86
84 87
84 88
84 90
84 97
84 166
84 385
84 596
84 668
84 703
85 87
85 323
85 354
85 364
85 388
85 430
85 674
85 712
85 980
85 997
86 87
86 88
86 89
86 90
86 209
86 672
86 700
86 726
86 969
87 89
87 90
87 134
87 302
87 501
87 604
87 635
87 947
88 89
88 90
88 164
88 333
88 391
88 948
89 90
89 93
89 309
89 459
89 493
89 546
89 577
89 690
89 840
89 897
89 911
89 984
90 168
90 284
90 351
90 375
90 456
90 696
90 852
90 965
91 92
91 93
91 95
91 97
91 98
91 100
91 144
91 156
91 183
91 333
91 347
91 566
91 781
91 914
92 93
92 94
92 95
92 97
92 98
92 99
92 100
92 174
92 179
92 504
92 634
92 669
93 94
93 95
93 96
93 97
93 98
93 99
93 100
93 253
93 354
93 503
93 761
93 800
93 808
93 882
93 980
94 95
94 96
94 98
94 99
94 100
94 103
94 161
94 304
94 433
94 592
94 804
94 828
94 978
95 98
95 99
95 100
95 281
95 323
95 339
95 425
95 503
95 601
95 693
95 716
95 937
96 97
96 98
96 99
96 100
96 182
96 266
96 270
96 333
96 358
96 364
96 372
96 447
96 490
96 785
96 805
97 98
97 99
97 298
97 402
97 423
97 491
97 660
97 739
97 823
98 100
98 114
98 231
98 249
98 261
98 262
98 327
98 335
98 376
98 509
98 539
98 768
98 934
99 102
99 307
99 339
99 370
99 505
99 526
99 569
99 599
99 842
99 848
99 879
100 248
100 410
100 703
100 803
100 928
100 958
101 102
101 103
101 104
101 105
101 106
101 107
101 108
101 110
101 276
101 490
101 494
101 565
101 748
101 880
101 940
101 995
102 103
102 104
102 105
102 106
102 107
102 108
102 109
102 111
102 313
102 426
102 519
102 675
102 733
102 744
102 785
102 859
102 869
102 887
102 936
103 104
103 105
103 109
103 110
103 213
103 278
103 359
103 541
103 568
103 651
103 677
103 705
103 757
103 949
103 968
104 105
104 107
104 108
104 109
104 110
104 125
104 161
104 207
104 294
104 336
104 347
104 445
104 497
104 574
104 713
104 819
104 876
104 897
105 106
105 107
105 108
105 109
105 110
105 191
105 288
105 480
105 668
105 734
105 740
105 998
106 108
106 109
106 110
106 170
106 219
106 331
106 487
106 510
106 672
106 712
106 743
106 785
106 798
106 833
107 108
107 110
107 149
107 349
107 407
107 492
107 753
108 143
108 154
108 175
108 246
108 330
108 488
108 570
108 599
108 603
108 621
108 817
108 821
108 877
108 912
108 978
109 110
109 194
109 499
109 524
109 590
109 628
109 721
109 733
109 734
109 990
110 290
110 375
110 393
110 492
110 642
110 667
110 689
110 705
110 744
111 112
111 113
111 115
111 116
111 118
111 119
111 120
111 168
111 199
111 214
111 297
111 350
111 394
111 400
111 408
111 492
111 550
111 715
111 849
112 113
112 114
112 115
112 117
112 118
112 119
112 120
112 163
112 194
112 244
112 257
112 264
112 278
112 376
112 559
112 660
112 709
112 718
112 757
112 815
112 856
112 900
113 114
113 116
113 117
113 120
113 131
113 161
113 270
113 340
113 572
113 618
113 690
113 826
113 882
114 115
114 116
114 117
114 118
114 119
114 120
114 121
114 225
114 277
114 350
114 453
114 513
114 543
114 544
114 560
114 584
114 793
115 119
115 120
115 232
115 250
115 515
115 545
115 774
115 782
115 784
115 861
115 869
115 914
115 920
115 998
116 117
116 119
116 120
116 205
116 301
116 354
116 604
116 624
116 646
116 676
116 893
116 963
117 118
117 119
117 120
117 192
117 500
117 504
117 596
117 640
117 737
117 783
117 914
117 922
118 119
118 120
118 290
118 504
118 551
118 679
118 807
118 818
118 957
119 120
119 179
119 192
119 276
119 548
119 555
119 563
119 761
119 792
119 919
120 138
120 208
120 249
120 273
120 650
120 811
120 872
120 995
121 122
121 123
121 124
121 125
121 126
121 127
121 128
121 129
121 130
121 277
121 297
121 303
121 317
121 424
121 468
121 550
121 620
122 123
122 124
122 125
122 126
122 127
122 128
122 129
122 130
122 321
122 648
122 720
122 721
122 833
122 920
123 124
123 125
123 126
123 127
123 128
123 129
123 130
123 299
123 384
123 415
123 488
123 777
123 938
123 996
124 125
124 127
124 128
124 130
124 152
124 208
124 372
124 394
124 580
124 604
124 631
124 693
124 706
124 757
124 774
124 978
125 126
125 127
125 128
125 129
125 130
125 296
125 383
125 495
125 549
125 568
125 687
125 801
125 835
125 842
126 128
126 129
126 130
126 314
126 618
126 637
126 662
126 734
126 851
126 898
126 905
127 128
127 129
127 130
127 432
127 727
127 820
127 936
128 129
128 130
128 160
128 274
128 349
128 358
128 365
128 747
128 834
128 928
128 945
129 130
129 176
129 188
129 217
129 286
129 325
129 414
129 546
129 782
129 877
129 895
130 274
130 376
130 418
130 471
130 588
130 805
131 132
131 133
131 134
131 135
131 137
131 138
131 139
131 140
131 311
131 314
131 523
131 526
131 583
131 742
131 813
132 133
132 134
132 135
132 136
132 138
132 140
132 258
132 478
132 485
132 530
132 587
132 752
132 799
132 863
133 134
133 135
133 136
133 137
133 138
133 139
133 140
133 142
133 262
133 328
133 338
133 379
133 486
133 518
133 595
133 653
133 783
133 841
134 135
134 136
134 137
134 139
134 140
134 191
134 290
134 415
134 540
134 552
134 556
134 655
134 726
134 786
134 836
134 870
134 967
135 136
135 137
135 140
135 190
135 267
135 339
135 413
135 450
135 535
135 554
135 594
135 814
135 921
135 961
135 963
135 993
136 137
136 138
136 139
136 140
136 348
136 399
136 477
136 619
136 660
136 712
136 775
136 831
136 836
136 839
136 915
137 138
137 139
137 140
137 189
137 419
137 521
137 575
137 639
137 650
137 824
137 854
137 924
138 139
138 140
138 223
138 233
138 247
138 371
138 675
138 693
138 859
138 905
139 140
139 326
139 611
139 730
139 894
140 333
140 417
140 447
140 525
140 983
141 145
141 147
141 149
141 255
141 275
141 477
141 568
141 619
141 675
141 846
141 881
142 143
142 144
142 145
142 147
142 148
142 150
142 173
142 287
142 386
142 498
142 569
142 650
142 760
142 987
143 144
143 146
143 147
143 148
143 194
143 344
143 357
143 361
143 544
143 562
143 706
143 785
143 901
143 918
143 921
144 145
144 147
144 148
144 149
144 150
144 165
144 174
144 334
144 530
144 537
144 584
144 675
144 678
144 775
144 834
145 147
145 148
145 149
145 150
145 563
145 651
145 725
145 766
145 854
145 866
145 880
146 147
146 148
146 149
146 150
146 216
146 372
146 396
146 514
146 601
146 656
146 796
146 954
147 148
147 149
147 150
147 215
147 375
147 412
147 465
147 490
147 571
147 670
147 723
147 859
147 873
148 149
148 150
148 296
148 326
148 388
148 552
148 898
148 960
148 987
149 169
149 201
149 287
149 304
149 395
149 435
149 452
149 610
149 612
149 676
149 736
149 784
149 996
150 192
150 199
150 212
150 215
150 264
150 328
150 333
150 396
150 404
150 580
150 588
150 638
150 740
150 946
150 953
150 999
151 152
151 153
151 154
151 155
151 156
151 157
151 160
151 183
151 424
151 446
151 476
151 502
151 552
151 572
151 905
152 153
152 154
152 156
152 157
152 158
152 159
152 160
152 276
152 283
152 400
152 419
152 444
152 736
152 872
153 154
153 155
153 156
153 157
153 158
153 159
153 160
153 240
153 442
153 561
153 596
153 624
153 779
153 821
154 155
154 156
154 157
154 159
154 160
154 270
154 273
154 343
154 509
154 611
154 823
155 156
155 157
155 158
155 160
155 223
155 234
155 402
155 485
155 491
155 506
155 529
155 793
155 795
155 811
156 157
156 158
156 159
156 160
156 335
156 340
156 486
156 580
156 654
156 670
157 159
157 160
157 548
157 631
157 752
157 862
158 585
158 603
158 913
158 968
159 160
159 269
159 303
159 393
159 483
159 497
159 528
159 596
159 602
159 640
159 811
159 895
160 175
160 212
160 628
160 632
160 644
160 681
160 886
160 920
160 933
161 162
161 163
161 164
161 165
161 166
161 167
161 168
161 169
161 170
161 297
161 398
161 609
161 649
161 686
161 859
161 863
161 890
162 163
162 164
162 165
162 167
162 168
162 169
162 170
162 218
162 271
162 399
162 787
162 829
162 836
162 865
162 964
162 967
163 164
163 166
163 167
163 168
163 169
163 170
163 173
163 299
163 321
163 327
163 358
163 488
163 489
163 909
163 964
164 165
164 167
164 168
164 169
164 170
164 216
164 282
164 308
164 353
164 364
164 414
164 507
164 514
164 733
164 905
165 166
165 167
165 168
165 170
165 251
165 267
165 269
165 590
165 637
165 706
165 906
165 943
166 167
166 168
166 512
166 634
166 635
166 752
166 768
166 769
166 775
166 949
167 168
167 169
167 170
167 204
167 268
167 457
167 578
167 657
167 685
167 725
167 741
167 817
167 864
167 870
168 169
168 170
168 280
168 388
168 641
168 659
168 728
168 825
168 836
169 170
169 258
169 275
169 303
169 397
169 463
169 555
169 652
169 881
169 922
169 953
170 293
170 466
170 622
170 673
170 897
171 172
171 173
171 174
171 175
171 176
171 177
171 179
171 180
171 288
171 418
171 478
171 629
171 658
171 674
171 726
171 840
171 965
172 173
172 174
172 175
172 176
172 177
172 178
172 179
172 180
172 278
172 508
172 544
172 561
172 813
172 960
172 989
173 175
173 176
173 178
173 180
173 317
173 381
173 390
173 429
173 456
173 941
174 175
174 177
174 178
174 180
174 216
174 244
174 571
174 598
174 692
174 699
174 789
174 867
175 176
175 177
175 178
175 179
175 180
175 520
175 668
175 839
175 923
175 927
176 177
176 179
176 616
176 620
176 667
176 721
176 846
176 895
176 962
177 178
177 179
177 184
177 253
177 259
177 456
177 604
177 696
177 712
177 734
177 859
177 966
178 180
178 183
178 292
178 342
178 431
178 878
178 881
178 919
179 221
179 227
179 255
179 439
179 440
179 591
179 646
179 838
179 860
180 232
180 284
180 409
180 457
180 502
181 182
181 183
181 184
181 185
181 186
181 188
181 189
181 190
181 257
181 367
181 388
181 392
181 530
181 542
181 594
181 735
181 808
182 183
182 184
182 185
182 187
182 188
182 189
182 255
182 271
182 445
182 450
182 616
182 648
183 184
183 186
183 187
183 188
183 189
183 216
183 486
183 551
183 555
183 576
183 580
183 681
183 722
183 802
183 827
183 854
183 886
183 917
184 185
184 186
184 187
184 188
184 189
184 222
184 360
184 423
184 445
184 455
184 597
184 607
184 686
184 711
184 798
184 879
184 925
185 186
185 187
185 287
185 345
185 495
185 528
185 553
185 641
185 844
186 187
186 188
186 189
186 316
186 348
186 379
186 536
186 547
186 747
186 764
186 939
187 188
187 189
187 190
187 713
187 846
187 932
188 189
188 190
188 327
188 536
188 743
188 836
188 848
188 901
188 941
189 190
189 219
189 240
189 405
189 441
189 466
189 548
189 690
189 736
189 818
189 869
189 908
190 421
190 474
190 491
190 561
190 586
190 629
190 645
190 720
190 757
190 875
190 995
191 193
191 194
191 195
191 196
191 199
191 200
191 222
191 326
191 390
191 467
191 600
191 705
191 708
191 885
191 897
192 193
192 195
192 196
192 198
192 199
192 200
192 201
192 242
192 357
192 463
192 723
192 743
192 918
193 194
193 195
193 196
193 197
193 199
193 200
193 292
193 303
193 425
193 508
193 606
193 724
193 999
194 195
194 196
194 197
194 198
194 199
194 200
194 318
194 331
194 564
194 572
194 590
194 819
194 831
194 896
194 920
194 968
195 196
195 198
195 199
195 200
195 231
195 298
195 365
195 439
195 496
195 572
195 574
195 948
195 999
196 197
196 198
196 199
196 248
196 294
196 562
196 625
196 695
196 715
196 825
196 901
196 924
196 997
197 199
197 200
197 390
197 601
197 759
197 936
197 954
198 200
198 210
198 336
198 454
198 542
198 932
199 200
199 234
199 249
199 281
199 390
199 537
199 567
199 568
199 571
199 608
199 685
199 719
199 943
200 310
200 481
200 519
200 521
200 752
200 768
201 202
201 203
201 204
201 205
201 206
201 207
201 208
201 209
201 358
201 410
201 499
201 560
201 660
201 791
201 917
202 203
202 204
202 205
202 206
202 207
202 208
202 209
202 210
202 249
202 355
202 362
202 444
202 577
202 638
202 813
202 861
203 204
203 206
203 207
203 208
203 209
203 210
203 279
203 351
203 460
203 502
203 577
203 700
203 832
203 836
203 963
204 206
204 207
204 208
204 209
204 210
204 287
204 383
204 407
204 433
204 619
204 713
204 758
205 206
205 207
205 208
205 210
205 234
205 250
205 363
205 422
205 423
205 443
205 719
205 873
205 934
205 948
205 977
205 998
206 207
206 208
206 210
206 242
206 375
206 465
206 471
206 513
206 742
206 877
207 208
207 209
207 210
207 271
207 321
207 667
207 720
207 745
207 843
207 846
207 874
208 209
208 210
208 227
208 236
208 322
208 358
208 414
208 447
208 514
208 531
208 556
208 574
208 611
208 747
208 809
208 858
208 927
208 990
209 210
209 237
209 283
209 319
209 394
209 402
209 450
209 553
209 592
209 769
209 837
209 883
209 966
210 401
210 496
210 512
210 637
210 644
210 657
210 673
210 684
210 903
210 904
211 212
211 215
211 216
211 218
211 220
211 346
211 493
211 546
211 851
211 883
211 901
212 214
212 215
212 216
212 217
212 218
212 219
212 220
212 323
212 357
212 412
212 475
212 537
212 621
212 689
212 784
212 850
212 862
212 983
213 214
213 215
213 216
213 217
213 218
213 219
213 220
213 406
213 607
213 840
213 869
213 886
213 945
214 215
214 216
214 217
214 218
214 219
214 220
214 403
214 502
214 621
214 711
214 996
215 216
215 217
215 218
215 219
215 220
215 234
215 310
215 442
215 494
215 497
215 503
215 540
215 562
215 653
215 669
215 743
215 790
215 955
216 217
216 218
216 219
216 220
216 276
216 628
216 693
216 709
217 218
217 219
217 220
217 228
217 240
217 297
217 316
217 417
217 518
217 561
217 620
217 623
217 778
217 870
217 970
218 220
218 253
218 436
218 499
218 682
218 916
219 220
219 234
219 248
219 265
219 447
219 568
219 756
219 818
219 963
220 381
220 519
220 754
220 802
220 929
220 961
221 224
221 225
221 226
221 227
221 228
221 229
221 230
221 286
221 301
221 338
221 370
221 712
221 749
221 773
221 880
222 223
222 224
222 225
222 226
222 227
222 229
222 230
222 236
222 342
222 372
222 390
222 516
222 535
222 538
222 780
222 788
222 961
222 996
223 225
223 226
223 227
223 230
223 291
223 337
223 431
223 444
223 603
223 606
223 619
223 723
223 734
223 741
223 799
223 859
223 922
223 975
224 225
224 226
224 227
224 230
224 620
224 680
224 731
224 935
225 226
225 227
225 229
225 230
225 289
225 571
225 681
225 686
225 695
225 752
225 966
226 227
226 229
226 230
226 267
226 354
226 362
226 392
226 538
226 733
226 824
226 876
226 928
226 945
227 228
227 229
227 230
227 246
227 280
227 282
227 371
227 469
227 478
227 861
228 229
228 230
228 264
228 341
228 407
228 458
228 607
228 655
228 720
228 736
228 834
228 850
229 230
229 281
229 492
229 572
229 702
229 739
229 807
229 852
230 270
230 283
230 342
230 594
230 919
230 999
231 232
231 234
231 235
231 236
231 238
231 239
231 240
231 270
231 274
231 276
231 631
231 848
232 233
232 234
232 235
232 237
232 239
232 240
232 242
232 276
232 288
232 397
232 646
232 655
232 678
232 700
233 235
233 236
233 237
233 238
233 240
233 251
233 334
233 415
233 482
233 528
233 617
233 624
233 664
233 729
233 778
233 989
234 235
234 236
234 237
234 239
234 240
234 358
234 453
234 498
234 509
234 571
234 606
234 646
234 829
234 878
234 891
234 906
234 988
235 236
235 239
235 240
235 363
235 639
235 695
235 759
235 795
235 998
236 237
236 238
236 239
236 240
236 380
236 433
236 469
236 529
236 557
236 842
236 967
237 238
237 239
237 240
237 492
237 590
237 595
237 718
237 959
238 239
238 240
238 300
238 416
238 523
238 540
238 663
238 962
238 969
239 240
239 252
239 264
239 513
239 702
239 847
239 854
239 909
240 270
240 292
240 356
240 371
240 375
240 508
240 601
240 769
240 932
240 993
241 242
241 244
241 245
241 246
241 247
241 249
241 250
241 279
241 304
241 338
241 362
241 450
241 657
241 669
241 783
241 864
242 243
242 244
242 245
242 246
242 247
242 249
242 250
242 386
242 390
242 413
242 463
242 521
242 628
242 870
242 915
243 245
243 246
243 247
243 248
243 249
243 250
243 292
243 451
243 541
243 554
243 627
243 710
243 824
243 854
243 880
243 997
244 245
244 246
244 247
244 248
244 249
244 250
244 298
244 397
244 417
244 508
244 513
244 549
244 679
244 696
244 804
244 820
244 822
245 246
245 248
245 249
245 250
245 450
245 586
245 702
245 733
245 778
245 905
246 247
246 248
246 250
246 283
246 339
246 599
246 602
246 696
246 885
247 248
247 249
247 250
247 252
247 359
247 426
247 428
247 433
247 450
247 536
247 572
247 826
247 831
247 968
247 977
248 249
248 292
248 410
248 559
248 574
248 770
248 927
248 940
248 988
249 250
249 315
249 354
249 576
250 409
250 697
250 859
250 906
250 936
251 252
251 254
251 255
251 256
251 260
251 426
251 614
251 667
251 675
251 713
251 751
251 973
252 253
252 254
252 255
252 256
252 258
252 260
252 272
252 293
252 317
252 417
252 684
252 880
253 254
253 255
253 256
253 259
253 260
253 287
253 292
253 374
253 375
253 501
253 754
253 956
254 255
254 256
254 257
254 258
254 259
254 260
254 263
254 286
254 305
254 347
254 350
254 383
254 427
254 431
254 588
254 672
254 685
254 735
254 832
254 834
254 852
254 895
254 963
254 972
254 993
255 256
255 257
255 259
255 260
255 308
255 330
255 405
255 496
255 645
255 733
255 959
256 259
256 260
256 299
256 385
256 614
256 947
256 972
257 258
257 259
257 260
257 366
257 448
257 537
257 637
257 781
257 992
258 259
258 260
258 417
258 421
258 570
258 583
258 584
258 596
258 627
258 708
258 813
258 849
258 914
259 260
259 492
259 530
259 590
259 664
259 783
260 555
260 746
261 262
261 263
261 264
261 265
261 266
261 267
261 268
261 270
261 482
261 722
261 794
262 264
262 266
262 267
262 270
262 327
262 422
262 512
262 536
262 585
262 712
262 732
262 797
263 264
263 265
263 266
263 267
263 268
263 269
263 270
263 354
263 667
263 724
263 799
263 812
264 265
264 267
264 268
264 270
264 290
264 468
264 907
265 266
265 267
265 268
265 269
265 378
265 521
265 544
265 555
265 561
265 577
265 597
265 687
265 784
265 866
265 874
266 268
266 269
266 270
266 276
266 297
266 304
266 451
266 574
266 722
266 755
267 268
267 269
267 270
267 306
267 310
267 545
267 613
267 648
267 683
267 848
267 897
267 944
267 968
268 269
268 270
268 380
268 419
268 432
268 440
268 737
268 855
268 981
269 270
269 297
269 321
269 500
269 562
269 620
269 670
269 822
269 870
269 872
269 931
269 975
270 286
270 325
270 368
270 430
270 456
270 635
270 743
270 886
271 274
271 275
271 276
271 277
271 278
271 279
271 404
271 524
271 766
271 788
271 858
271 876
271 957
272 273
272 274
272 275
272 277
272 278
272 279
272 280
272 382
272 417
272 445
272 483
272 512
272 797
272 859
272 883
272 952
273 274
273 275
273 276
273 277
273 280
273 283
273 401
273 527
273 732
273 937
274 275
274 276
274 277
274 278
274 279
274 280
274 328
274 588
274 656
274 695
274 739
274 806
274 860
274 889
274 928
274 933
275 276
275 278
275 280
275 352
275 366
275 391
275 410
275 430
275 684
275 694
275 744
275 754
275 822
275 929
276 277
276 278
276 279
276 280
276 602
276 657
276 842
276 844
276 862
276 928
277 278
277 280
277 445
277 468
277 610
277 635
277 637
277 691
277 699
277 801
277 907
277 922
278 280
278 414
278 502
278 648
278 816
278 997
279 280
279 296
279 370
279 443
279 677
279 704
279 747
279 811
279 831
279 960
280 435
280 460
280 464
280 621
280 631
280 748
280 883
280 919
281 282
281 283
281 284
281 285
281 286
281 287
281 288
281 289
281 290
281 316
281 418
281 522
281 616
281 692
281 701
281 829
281 849
281 988
282 283
282 284
282 285
282 286
282 288
282 289
282 290
282 376
282 439
282 462
282 493
282 595
282 726
282 783
282 841
282 850
282 970
283 284
283 285
283 286
283 287
283 289
283 290
283 614
283 811
283 856
284 286
284 288
284 289
284 507
284 575
284 577
284 623
284 697
285 286
285 287
285 288
285 289
285 290
285 514
286 287
286 288
286 289
286 290
286 338
286 358
286 373
286 374
286 556
286 574
286 651
286 697
286 750
286 858
286 999
287 288
287 289
287 341
287 477
287 509
287 535
287 583
287 813
287 875
287 887
288 289
288 290
288 387
288 392
288 440
288 647
288 838
289 290
289 352
289 531
289 574
289 759
289 860
289 875
289 917
289 982
290 493
290 521
290 873
290 874
291 292
291 293
291 294
291 296
291 297
291 298
291 300
291 388
291 471
291 611
291 696
291 736
291 943
291 994
292 294
292 295
292 296
292 297
292 298
292 300
292 388
292 400
292 486
292 491
292 679
292 693
292 701
292 855
293 294
293 295
293 297
293 298
293 299
293 300
293 595
293 623
293 747
293 806
293 940
294 295
294 296
294 297
294 298
294 299
294 300
294 759
294 803
294 895
295 297
295 298
295 299
295 300
295 309
295 340
295 546
295 555
295 570
295 572
295 591
295 744
295 783
295 898
295 991
296 298
296 300
296 322
296 328
296 358
296 381
296 399
296 653
296 706
296 824
296 842
296 871
296 883
297 299
297 300
297 327
297 537
297 586
297 849
297 867
297 923
297 948
297 959
297 987
298 300
298 387
298 430
298 452
298 531
298 590
298 717
298 822
298 990
299 469
299 478
299 494
299 498
299 669
299 718
299 728
299 788
299 931
299 983
300 301
300 306
300 343
300 395
300 406
300 449
300 533
300 582
300 616
300 646
300 886
300 888
300 994
301 302
301 303
301 305
301 306
301 308
301 309
301 310
301 435
301 468
301 540
302 303
302 305
302 306
302 307
302 308
302 309
302 310
302 650
302 673
302 677
302 764
302 786
302 843
302 906
303 304
303 306
303 307
303 309
303 310
303 370
303 394
303 631
303 814
304 305
304 306
304 308
304 309
304 310
304 437
304 451
304 459
304 519
304 621
304 684
304 724
304 980
305 307
305 308
305 309
305 310
305 311
305 622
305 630
305 635
305 641
305 941
305 998
306 307
306 308
306 309
306 310
306 336
306 417
306 450
306 529
306 557
306 803
306 870
306 875
306 924
307 309
307 310
307 490
307 510
307 523
307 548
307 559
307 650
307 673
307 776
307 889
307 904
308 403
308 482
308 524
308 581
308 610
308 752
308 780
308 795
308 838
308 903
308 985
309 310
309 380
309 417
309 793
309 843
309 846
309 970
310 451
310 495
310 503
310 666
310 682
310 706
310 787
310 792
310 828
310 976
311 312
311 313
311 314
311 315
311 316
311 317
311 319
311 320
311 456
311 492
311 586
312 314
312 315
312 317
312 318
312 320
312 450
312 550
312 692
312 713
312 789
312 878
312 934
313 314
313 315
313 316
313 317
313 318
313 319
313 337
313 377
313 730
313 872
313 902
313 964
313 965
314 316
314 318
314 319
314 320
314 323
314 516
314 886
315 316
315 320
315 695
315 903
315 906
315 917
315 930
316 317
316 318
316 319
316 375
316 399
316 629
316 705
316 707
316 753
316 826
316 866
316 871
317 318
317 319
317 353
317 398
317 530
317 585
317 798
317 862
317 865
318 319
318 320
318 603
318 722
318 742
318 784
318 810
318 920
318 965
319 320
319 492
319 555
319 587
319 627
319 716
319 741
320 423
320 458
320 527
320 710
320 717
320 735
321 322
321 323
321 324
321 325
321 326
321 328
321 330
321 363
321 394
321 445
321 459
321 676
321 962
322 323
322 325
322 328
322 329
322 330
322 339
322 366
322 561
322 645
322 759
322 857
323 324
323 325
323 326
323 327
323 330
323 359
323 374
323 386
323 716
323 796
323 810
323 868
323 940
324 325
324 326
324 327
324 328
324 330
324 404
324 497
324 731
324 783
324 901
325 326
325 327
325 328
325 329
325 330
325 389
325 439
325 626
325 776
325 808
325 931
326 328
326 330
326 356
326 468
326 472
326 527
326 692
326 706
326 748
326 758
326 759
326 794
326 839
326 893
326 939
326 971
327 329
327 330
327 483
327 556
327 791
328 329
328 330
328 383
328 419
328 513
328 518
328 586
328 827
328 890
328 954
329 330
329 463
329 502
329 576
329 680
329 745
329 831
329 841
329 901
329 932
330 373
330 418
330 453
330 497
330 509
330 583
330 731
330 797
330 885
330 948
331 334
331 335
331 336
331 337
331 338
331 340
331 569
331 917
332 333
332 334
332 335
332 336
332 340
332 348
332 600
332 867
332 903
333 334
333 335
333 337
333 338
333 339
333 340
333 384
333 677
334 335
334 336
334 337
334 338
334 340
334 495
334 530
334 553
334 638
334 804
334 991
335 336
335 337
335 338
335 339
335 340
335 377
335 426
335 464
335 614
335 926
336 339
336 340
336 458
336 591
336 654
336 696
336 733
336 772
336 785
336 813
336 883
336 990
337 340
337 445
337 592
337 628
337 657
337 774
337 779
337 809
337 905
337 915
337 927
338 339
338 340
338 426
338 468
338 505
338 624
338 635
338 676
338 729
338 770
338 847
338 961
338 978
339 340
339 351
339 367
339 434
339 471
339 543
339 564
339 601
339 646
339 750
339 811
339 843
339 847
340 398
340 516
340 588
340 593
340 707
340 708
340 769
340 792
340 941
341 342
341 343
341 344
341 345
341 347
341 348
341 349
341 441
341 554
341 670
341 686
341 687
342 345
342 348
342 349
342 350
342 449
342 496
342 590
342 791
342 900
343 345
343 346
343 347
343 348
343 349
343 350
343 364
343 428
343 596
343 671
343 746
343 958
344 345
344 347
344 348
344 349
344 415
344 422
344 525
344 570
344 637
344 971
345 346
345 347
345 348
345 349
345 522
345 649
345 657
345 750
345 782
345 817
345 831
345 964
345 986
346 347
346 349
346 473
346 478
346 550
346 640
346 830
346 858
346 890
346 998
347 348
347 349
347 350
347 580
347 865
347 866
347 883
347 897
347 909
347 917
348 349
348 351
348 442
348 523
348 550
348 553
348 567
348 616
348 619
348 693
348 732
348 873
348 917
349 350
349 374
349 443
349 557
349 597
349 685
349 790
349 804
349 830
349 835
349 868
349 875
349 914
350 410
350 458
350 614
350 633
350 657
350 693
350 902
350 904
351 352
351 353
351 354
351 355
351 356
351 357
351 358
351 359
351 440
351 451
351 532
351 619
351 628
351 788
351 930
351 997
352 353
352 357
352 358
352 359
352 360
352 436
352 450
352 468
352 583
352 638
352 673
352 941
353 354
353 355
353 356
353 357
353 359
353 360
353 468
353 583
353 589
353 606
353 633
353 773
353 828
353 942
354 355
354 356
354 357
354 358
354 359
354 485
354 504
354 544
354 569
354 624
354 769
354 789
354 860
355 356
355 357
355 358
355 359
355 360
355 396
355 579
355 653
355 709
355 820
355 821
355 908
356 357
356 359
356 360
356 527
356 623
356 686
356 803
356 833
356 838
356 962
356 968
357 358
357 359
357 360
357 407
357 444
357 554
357 588
357 626
357 762
357 780
357 917
358 359
358 360
358 407
358 598
358 605
358 800
358 933
358 985
359 360
359 485
359 526
359 707
359 708
359 732
359 741
359 777
359 826
360 373
360 574
360 682
360 835
361 362
361 363
361 364
361 365
361 366
361 367
361 368
361 369
361 474
361 565
361 570
361 634
361 720
361 736
361 786
361 926
361 964
362 363
362 364
362 365
362 366
362 368
362 370
362 394
362 438
362 475
362 577
362 609
362 751
362 754
362 822
362 833
362 921
362 944
362 993
363 364
363 365
363 367
363 368
363 369
363 370
363 928
364 365
364 366
364 367
364 368
364 369
364 370
364 398
364 509
364 516
364 532
364 561
364 611
364 800
364 812
365 366
365 367
365 368
365 370
365 456
365 599
365 620
365 726
365 776
365 857
365 874
366 368
366 369
366 420
366 501
366 584
366 598
366 636
366 733
366 739
366 916
366 930
367 368
367 369
367 370
367 428
367 691
368 369
368 370
368 484
368 490
368 624
368 751
368 850
369 370
369 439
369 485
369 499
369 615
369 637
369 664
369 681
369 712
369 735
369 942
369 965
370 392
370 428
370 431
370 559
370 614
370 657
370 908
370 965
371 374
371 375
371 376
371 377
371 378
371 379
371 380
371 503
371 669
371 681
371 948
371 982
372 373
372 374
372 375
372 376
372 377
372 379
372 390
372 421
372 674
373 374
373 375
373 376
373 377
373 378
373 379
373 380
373 488
373 540
373 582
373 607
373 677
373 682
373 772
373 800
373 804
374 375
374 376
374 377
374 378
374 380
374 495
374 515
374 586
374 698
374 699
374 722
374 724
375 376
375 377
375 378
375 379
375 380
375 440
375 462
375 752
375 754
375 801
375 906
376 377
376 378
376 379
376 380
376 545
376 764
376 772
376 776
376 903
377 378
377 389
377 392
377 446
377 480
377 546
377 567
377 965
378 379
378 471
378 521
378 598
378 629
378 661
378 866
379 380
379 569
379 574
379 597
379 618
379 817
379 824
379 851
380 526
380 630
380 967
381 382
381 383
381 385
381 387
381 388
381 389
381 390
381 495
381 567
381 586
381 656
381 812
381 946
381 967
382 384
382 385
382 386
382 387
382 388
382 423
382 501
382 934
382 999
383 385
383 386
383 387
383 388
383 389
383 390
383 432
383 616
383 682
383 769
384 385
384 386
384 388
384 389
384 390
384 417
384 477
384 478
384 581
384 600
384 653
384 671
384 750
384 793
384 955
384 978
385 386
385 388
385 389
385 390
385 466
385 499
385 572
385 603
385 950
386 387
386 388
386 389
386 390
386 538
386 595
386 912
386 976
387 388
387 389
387 390
387 450
387 496
387 574
387 645
387 813
387 824
387 902
388 390
388 508
388 543
388 611
388 717
388 803
389 390
389 527
389 534
389 819
389 845
389 954
389 964
390 405
390 488
390 713
390 806
390 838
390 868
390 966
390 984
391 392
391 393
391 394
391 395
391 396
391 398
391 399
391 400
391 415
391 473
391 664
391 807
391 930
392 393
392 394
392 395
392 396
392 397
392 398
392 399
392 405
392 524
392 527
392 778
392 825
392 928
393 396
393 397
393 398
393 400
393 583
393 743
393 825
393 932
394 395
394 396
394 397
394 398
394 399
394 400
394 488
394 570
394 575
394 693
394 768
394 834
394 864
394 944
395 396
395 397
395 398
395 399
395 400
395 454
395 522
395 591
395 719
395 787
395 797
395 852
395 880
396 397
396 398
396 399
396 400
396 492
396 580
396 708
396 828
396 830
396 895
396 913
397 398
397 399
397 495
397 521
397 662
397 668
397 818
397 856
397 906
398 399
398 430
398 436
398 962
399 400
399 455
399 544
399 592
399 633
399 660
399 697
399 805
399 846
400 482
400 667
400 729
400 793
400 837
401 402
401 403
401 405
401 406
401 407
401 408
401 409
401 498
401 564
401 614
401 769
401 857
402 403
402 405
402 406
402 407
402 408
402 409
402 446
402 485
402 946
402 975
402 993
403 404
403 405
403 406
403 407
403 409
403 410
403 543
403 580
403 601
403 642
403 703
403 824
403 837
403 842
404 405
404 406
404 408
404 409
404 410
404 419
404 622
404 632
404 637
404 741
405 406
405 407
405 408
405 581
405 609
405 720
405 884
405 905
405 936
406 407
406 408
406 409
406 429
406 452
406 542
406 618
406 792
406 893
406 952
406 958
407 409
407 410
407 419
407 509
407 581
407 693
407 773
407 782
407 844
407 953
408 409
408 559
408 614
408 667
408 698
409 410
409 558
409 713
409 812
409 816
409 824
409 867
410 435
410 509
410 571
410 592
410 651
410 921
410 945
410 990
411 412
411 413
411 414
411 415
411 417
411 418
411 419
411 420
411 525
411 552
411 707
411 972
411 986
412 413
412 414
412 415
412 416
412 417
412 418
412 419
412 420
412 495
412 563
412 731
412 792
412 800
412 813
412 822
412 906
412 932
412 958
412 973
413 414
413 415
413 416
413 417
413 418
413 419
413 420
413 430
413 472
413 480
413 749
413 903
413 918
414 415
414 416
414 417
414 418
414 419
414 420
414 493
414 615
414 700
414 821
414 845
414 919
415 416
415 417
415 419
415 420
415 545
415 690
415 739
415 791
416 417
416 418
416 419
416 420
416 680
416 719
416 721
416 737
416 746
416 847
416 965
417 418
417 419
417 420
417 598
418 419
418 668
418 702
418 763
418 891
419 420
419 442
419 508
419 518
419 523
419 564
419 606
419 643
419 854
419 963
419 975
420 443
420 467
421 422
421 424
421 425
421 427
421 428
421 429
421 430
421 478
421 626
421 992
422 423
422 424
422 425
422 426
422 427
422 428
422 429
422 430
422 759
423 424
423 425
423 427
423 428
423 429
423 563
423 671
423 768
424 425
424 426
424 427
424 428
424 429
424 430
424 505
424 545
424 625
424 713
424 848
424 962
424 969
425 426
425 427
425 428
425 430
425 614
425 695
425 928
425 964
426 427
426 428
426 429
426 434
426 445
426 531
427 428
427 429
427 430
427 461
427 520
427 847
427 850
428 429
428 432
428 605
428 646
428 704
428 799
428 854
428 888
428 987
429 430
429 502
429 778
429 799
429 915
429 926
429 970
429 974
430 559
430 624
430 801
430 883
431 432
431 433
431 434
431 435
431 436
431 437
431 438
431 440
431 469
431 496
431 519
431 675
431 798
431 954
432 433
432 434
432 435
432 436
432 437
432 439
432 440
432 467
432 470
432 523
432 567
432 629
432 721
432 827
432 880
432 902
433 436
433 437
433 438
433 440
433 726
433 828
433 846
433 890
434 435
434 437
434 439
434 440
434 823
434 918
435 436
435 437
435 438
435 439
435 440
435 476
435 520
435 652
435 909
435 935
435 962
435 963
435 989
436 437
436 438
436 439
436 440
436 569
436 708
436 993
437 439
437 440
437 594
437 686
437 711
437 850
437 893
438 439
438 440
438 488
438 494
438 596
438 769
438 812
438 936
439 481
439 517
439 699
439 803
439 886
439 907
440 594
440 654
440 804
440 838
440 975
441 442
441 443
441 445
441 446
441 447
441 448
441 449
441 450
441 579
441 959
442 444
442 445
442 446
442 447
442 448
442 449
442 525
442 817
442 822
442 901
442 910
443 445
443 446
443 448
443 449
443 450
443 464
443 520
443 736
443 740
443 875
443 953
444 445
444 446
444 447
444 448
444 449
444 450
444 513
444 516
444 636
444 916
444 942
444 1000
445 446
445 447
445 448
445 450
445 488
445 737
445 788
445 857
446 448
446 450
446 479
446 653
446 716
446 885
446 970
447 448
447 449
447 450
447 540
447 735
447 915
447 969
448 449
448 559
448 644
448 682
448 838
448 856
448 949
449 450
449 549
449 558
449 561
449 567
449 740
449 775
449 804
449 930
449 956
449 963
450 517
450 592
450 647
450 939
450 993
451 452
451 453
451 454
451 456
451 457
451 458
451 541
451 578
451 614
451 733
451 764
451 861
451 898
451 927
451 938
452 453
452 458
452 459
452 579
452 586
452 628
452 740
452 933
452 999
453 454
453 455
453 456
453 457
453 459
453 460
453 465
453 569
453 700
453 784
453 800
453 960
453 981
454 456
454 457
454 458
454 459
454 460
454 490
454 547
454 610
454 641
454 963
455 457
455 458
455 459
455 471
455 786
455 857
456 457
456 458
456 459
456 460
456 811
456 855
456 877
456 882
456 986
457 459
457 658
457 713
457 725
457 816
457 839
457 882
457 895
458 460
458 586
458 599
458 788
458 821
459 460
459 491
459 500
459 504
459 561
459 571
459 622
459 670
459 683
459 751
459 787
459 797
459 978
459 987
460 517
460 544
460 670
460 782
460 844
461 462
461 463
461 464
461 465
461 466
461 468
461 469
461 470
461 496
461 515
461 613
461 698
461 719
461 786
462 464
462 465
462 467
462 468
462 469
462 584
462 629
462 631
462 809
463 464
463 465
463 467
463 468
463 470
463 602
463 610
463 866
463 974
464 465
464 469
464 573
464 626
464 680
464 688
464 706
464 725
464 746
464 811
464 882
465 467
465 469
465 470
465 501
465 624
465 766
465 791
465 821
465 876
466 467
466 468
466 584
466 660
466 733
466 832
466 874
467 468
467 469
467 470
467 498
467 713
467 770
467 772
467 880
467 934
468 469
468 470
468 485
468 578
468 778
468 783
469 470
469 474
469 557
469 608
469 673
469 818
469 997
470 602
470 753
470 823
470 982
471 472
471 475
471 476
471 478
471 479
471 588
471 670
471 866
471 868
471 911
472 473
472 474
472 475
472 476
472 477
472 478
472 480
472 721
472 889
472 911
472 980
473 475
473 476
473 477
473 478
473 479
473 525
473 530
473 577
473 614
473 676
473 716
473 800
473 866
473 916
473 921
473 923
474 475
474 476
474 477
474 478
474 479
474 480
474 511
474 590
475 476
475 477
475 478
475 479
475 480
475 797
475 816
475 837
475 892
475 959
476 478
476 479
476 480
476 601
476 699
476 862
477 478
477 480
477 616
477 679
477 697
478 479
478 480
478 583
478 711
478 714
478 858
478 1000
479 489
479 728
479 747
479 773
479 785
479 868
479 878
480 491
480 657
480 702
480 714
480 735
480 829
480 924
480 987
481 483
481 484
481 485
481 487
481 488
481 490
481 570
481 581
481 675
481 759
481 920
482 483
482 484
482 485
482 487
482 488
482 489
482 490
482 660
482 863
483 485
483 486
483 487
483 489
483 490
483 687
483 904
484 486
484 487
484 489
484 490
484 621
484 643
484 941
484 982
485 486
485 487
485 490
485 511
485 517
485 773
485 943
485 981
486 487
486 489
486 490
486 522
486 528
486 560
486 706
486 986
487 488
487 489
487 490
487 537
487 638
487 689
488 489
488 490
488 521
488 531
488 570
488 784
488 999
489 490
489 746
489 776
489 870
490 509
490 568
490 594
490 647
491 492
491 496
491 497
491 498
491 499
491 500
491 510
491 515
491 556
491 793
491 865
492 494
492 495
492 497
492 498
492 499
492 500
492 827
492 872
492 983
492 995
493 494
493 495
493 496
493 497
493 498
493 499
493 500
493 712
493 736
493 764
493 816
493 859
493 881
494 495
494 496
494 497
494 499
494 500
494 508
494 533
494 598
494 666
494 849
494 926
495 496
495 497
495 498
495 500
495 536
495 797
495 832
495 920
496 497
496 499
496 500
496 530
496 711
496 738
496 750
496 758
497 498
497 500
497 775
497 925
498 499
498 500
498 539
498 781
498 797
499 500
499 504
499 759
499 882
500 576
500 626
500 642
500 663
500 758
500 822
501 502
501 503
501 508
501 509
501 510
501 686
501 736
501 745
502 503
502 505
502 506
502 507
502 508
502 509
502 510
502 523
502 613
502 812
502 926
503 504
503 505
503 506
503 507
503 508
503 509
503 510
503 655
503 702
503 731
503 733
503 755
503 904
504 505
504 507
504 509
504 510
504 531
504 553
504 606
504 635
504 713
504 946
504 980
504 993
505 507
505 508
505 510
505 543
505 548
505 617
505 640
505 826
506 507
506 508
506 509
506 510
506 657
506 674
506 715
506 765
506 810
506 830
506 916
506 985
507 509
507 530
507 680
507 760
507 788
507 804
507 892
507 918
507 938
508 510
508 672
508 930
509 510
509 584
509 868
510 693
510 860
511 512
511 513
511 514
511 516
511 517
511 519
511 520
511 758
511 772
511 799
512 513
512 514
512 515
512 516
512 517
512 518
512 519
512 577
512 686
512 765
512 934
513 514
513 517
513 518
513 519
513 520
513 568
513 591
513 603
513 719
513 779
514 515
514 518
514 520
514 631
514 762
514 813
514 940
514 955
515 516
515 517
515 518
515 519
515 520
515 569
515 573
515 600
515 732
515 810
515 858
516 517
516 518
516 520
516 533
516 605
516 777
516 794
516 857
517 518
517 519
517 520
517 541
517 578
517 738
517 828
517 899
517 970
518 520
518 714
518 896
518 935
519 520
519 594
519 743
519 772
520 583
520 703
520 967
521 522
521 523
521 524
521 525
521 526
521 527
521 528
521 529
521 530
521 559
521 635
521 660
521 769
521 798
521 811
521 981
522 523
522 525
522 526
522 527
522 528
522 529
522 530
522 876
522 985
522 995
523 524
523 525
523 526
523 527
523 528
523 529
523 530
523 539
523 553
523 620
523 633
523 725
523 916
523 925
524 526
524 527
524 528
524 529
524 530
524 569
524 610
524 663
525 526
525 527
525 529
525 530
525 641
525 878
526 527
526 528
526 529
526 530
526 631
526 700
526 723
526 847
526 888
527 529
527 530
527 587
527 717
527 776
527 855
528 529
528 530
528 661
528 733
528 877
528 882
528 886
528 935
528 983
529 530
529 554
529 865
530 626
530 670
530 706
530 711
530 713
530 893
530 900
531 532
531 533
531 534
531 535
531 536
531 537
531 538
531 539
531 540
531 585
531 638
531 734
531 857
531 879
531 885
531 970
531 971
531 977
532 533
532 534
532 536
532 537
532 539
532 540
532 729
532 823
532 905
532 934
533 534
533 535
533 538
533 539
533 540
533 558
533 570
533 626
533 694
533 949
534 535
534 536
534 537
534 538
534 539
534 540
534 631
534 783
534 964
534 993
535 536
535 537
535 538
535 539
535 540
535 596
535 640
535 656
535 665
535 804
535 816
535 860
536 537
536 539
536 575
536 590
536 719
536 763
536 914
536 989
537 538
537 602
537 640
537 745
537 769
537 892
537 944
537 993
538 539
538 540
538 596
538 646
538 692
538 801
538 898
538 919
538 947
538 971
539 540
539 694
539 822
539 935
539 991
540 644
540 753
540 865
540 885
540 915
541 542
541 543
541 544
541 545
541 546
541 547
541 548
541 549
541 550
541 554
541 565
541 690
541 759
541 900
541 958
542 543
542 544
542 545
542 546
542 547
542 548
542 720
542 732
542 817
542 843
542 916
542 932
543 546
543 547
543 549
543 550
543 843
543 916
543 927
543 930
544 545
544 546
544 547
544 549
544 550
544 644
544 654
544 772
544 816
544 947
545 546
545 548
545 549
545 659
545 692
545 693
545 847
545 864
545 923
545 988
546 547
546 548
546 549
546 550
546 596
546 765
546 798
546 876
547 548
547 549
547 550
547 583
547 693
547 703
547 740
547 772
547 844
548 549
548 550
548 638
548 842
548 875
549 550
549 852
549 854
549 899
549 946
550 582
550 704
550 796
550 993
551 552
551 553
551 554
551 555
551 557
551 558
551 560
551 602
551 728
551 801
551 812
552 553
552 554
552 555
552 556
552 557
552 558
552 559
552 560
552 659
552 664
552 830
552 944
553 554
553 556
553 557
553 558
553 584
553 598
553 750
554 555
554 556
554 558
554 559
554 560
554 623
554 770
554 774
554 889
554 977
555 556
555 557
555 558
555 571
555 593
555 662
555 842
555 992
556 557
556 558
556 559
556 560
556 905
557 558
557 560
557 604
557 683
558 559
558 560
558 564
558 689
558 800
558 947
559 560
559 714
559 798
559 811
560 571
560 610
560 924
560 994
561 562
561 563
561 564
561 567
561 568
561 569
561 570
561 705
561 734
561 754
561 796
561 934
561 998
562 563
562 565
562 566
562 568
562 569
562 680
562 791
562 823
563 564
563 566
563 567
563 568
563 569
563 570
563 580
563 618
563 623
563 954
564 565
564 566
564 567
564 568
564 613
564 629
564 692
564 806
564 810
565 566
565 567
565 568
565 569
565 570
565 588
565 645
565 748
565 789
565 847
565 890
566 570
566 629
566 701
566 744
566 931
566 935
566 975
567 568
567 569
567 570
567 897
567 965
567 995
568 569
568 570
568 577
568 795
568 811
569 677
569 692
569 767
569 778
570 702
570 808
570 906
570 956
570 990
571 572
571 573
571 574
571 575
571 576
571 577
571 578
571 579
571 580
571 622
571 643
571 658
571 659
571 703
571 716
571 764
572 573
572 574
572 575
572 576
572 578
572 579
572 580
572 720
572 789
572 804
573 574
573 575
573 576
573 577
573 579
573 580
573 605
573 813
574 576
574 577
574 578
574 579
574 580
574 663
574 680
574 777
574 876
575 576
575 578
575 579
575 664
575 852
575 936
576 578
576 579
576 580
576 630
576 890
576 927
577 578
577 579
577 580
577 650
577 879
577 912
578 579
578 580
578 758
578 766
578 795
578 896
579 580
579 592
579 644
579 884
579 958
580 636
580 677
580 889
580 931
580 945
580 951
581 582
581 583
581 584
581 586
581 589
581 590
581 724
581 840
581 998
582 584
582 585
582 587
582 589
582 590
582 661
582 692
582 931
582 935
583 584
583 587
583 588
583 636
583 645
583 821
584 585
584 587
584 588
584 589
584 764
585 586
585 587
585 588
585 589
585 590
585 702
585 721
585 794
586 587
586 588
586 590
586 613
586 621
586 736
586 783
586 855
586 907
586 997
587 588
587 589
587 604
587 656
587 877
587 911
587 935
588 589
588 590
588 769
588 895
588 911
589 590
589 695
589 885
589 912
589 981
589 991
590 690
590 715
590 743
590 829
590 912
590 973
590 975
591 592
591 593
591 594
591 595
591 596
591 597
591 598
591 599
591 600
591 602
591 640
591 821
591 985
592 595
592 596
592 598
592 599
592 600
592 664
592 834
592 884
593 594
593 595
593 596
593 597
593 600
593 791
593 815
593 830
594 595
594 596
594 597
594 598
594 600
594 634
594 727
594 754
594 900
594 956
594 991
595 596
595 598
595 599
595 600
595 700
595 772
595 884
595 922
595 942
595 976
596 597
596 598
596 599
596 600
596 685
596 697
596 702
596 807
596 808
596 832
596 859
597 598
597 599
597 600
597 648
597 891
597 979
598 599
598 600
598 605
598 700
598 724
598 761
598 770
598 777
599 600
599 777
600 617
600 646
600 695
600 823
600 836
600 847
600 891
600 932
601 602
601 603
601 604
601 605
601 606
601 608
601 609
601 610
601 670
601 765
601 979
602 603
602 604
602 605
602 606
602 607
602 608
602 609
602 770
602 937
603 604
603 606
603 609
603 688
603 719
603 751
603 904
604 605
604 606
604 607
604 608
604 609
604 610
604 632
604 658
604 670
604 733
604 755
604 832
604 893
604 942
604 950
605 606
605 608
605 609
605 610
605 769
605 808
605 810
605 829
605 863
605 977
605 996
606 608
606 610
606 643
606 756
606 924
607 608
607 858
607 956
607 986
608 609
608 610
608 800
608 849
608 950
608 992
609 610
609 659
609 726
609 728
609 798
609 816
609 883
609 896
609 941
610 839
610 962
611 612
611 613
611 614
611 615
611 617
611 618
611 619
611 620
611 641
611 722
611 954
612 613
612 614
612 615
612 617
612 618
612 619
612 620
612 730
612 830
612 896
612 978
613 614
613 615
613 616
613 617
613 618
613 620
613 625
613 732
613 779
613 932
613 942
613 987
614 615
614 617
614 618
614 619
614 620
614 784
614 839
615 619
615 684
616 617
616 618
616 619
616 620
616 668
616 695
616 804
616 916
616 923
617 618
617 619
617 620
617 624
617 697
617 718
617 742
617 780
617 783
617 953
618 619
618 620
618 757
618 814
618 859
618 987
619 620
619 695
620 635
620 653
620 774
620 779
620 907
621 623
621 626
621 628
621 630
621 673
621 690
621 721
621 772
621 792
621 821
622 623
622 624
622 625
622 626
622 627
622 628
622 629
622 630
622 640
622 785
622 787
622 932
623 624
623 625
623 626
623 627
623 628
623 629
623 630
623 728
623 732
624 625
624 626
624 628
624 629
624 630
624 731
624 740
624 865
625 626
625 627
625 628
625 629
625 847
625 870
625 954
626 627
626 630
626 633
626 851
626 952
627 628
627 695
627 749
627 957
628 629
628 630
628 636
628 820
628 825
628 989
629 630
629 675
629 723
629 976
631 632
631 634
631 636
631 637
631 638
631 640
631 683
631 804
631 953
631 999
632 633
632 636
632 637
632 638
632 639
632 640
632 657
632 904
633 634
633 636
633 637
633 638
633 639
633 644
633 791
633 820
633 864
633 980
634 635
634 636
634 638
634 639
634 640
634 701
634 708
634 723
634 740
634 768
634 967
635 636
635 638
635 639
635 715
635 807
636 638
636 639
636 640
636 703
636 819
636 920
636 932
636 938
636 949
636 951
636 967
637 638
637 639
637 701
637 817
637 908
638 640
638 666
638 699
638 842
638 996
639 738
639 755
640 654
640 668
640 853
641 642
641 643
641 644
641 645
641 646
641 647
641 648
641 649
641 650
641 731
641 841
641 864
642 643
642 644
642 648
642 649
642 650
642 825
642 845
642 927
643 644
643 645
643 646
643 647
643 648
643 650
643 660
643 738
643 769
643 771
643 783
643 840
643 856
643 968
644 646
644 647
644 648
644 650
644 755
644 836
645 646
645 647
645 650
645 813
646 647
646 648
646 649
646 650
646 709
646 710
646 781
646 786
646 855
646 939
646 969
646 976
647 648
647 781
647 822
647 911
647 971
648 650
648 932
649 650
649 887
649 916
649 926
649 984
650 720
650 747
650 934
650 954
651 653
651 654
651 655
651 656
651 657
651 658
651 659
651 660
651 695
651 959
651 997
651 999
652 653
652 655
652 656
652 657
652 658
652 659
652 842
652 913
653 654
653 655
653 656
653 657
653 658
653 659
653 660
653 862
653 976
654 655
654 656
654 657
654 658
654 659
654 660
655 656
655 657
655 658
655 659
655 660
655 673
655 781
655 793
655 816
656 657
656 658
656 660
656 710
656 810
656 928
656 935
656 953
656 959
657 658
657 659
657 715
657 725
657 904
657 993
658 659
658 660
658 861
658 965
659 660
659 885
660 703
660 751
660 875
661 662
661 663
661 665
661 666
661 667
661 668
661 669
661 670
661 762
661 956
662 663
662 664
662 665
662 667
662 669
662 670
662 794
662 890
663 664
663 665
663 666
663 667
663 668
663 669
663 670
664 665
664 666
664 668
664 669
664 909
665 666
665 667
665 668
665 669
665 686
665 903
665 986
666 667
666 669
666 670
666 702
666 801
666 838
666 905
666 937
667 669
667 670
667 732
667 763
667 808
667 894
668 669
668 670
668 837
669 670
669 683
669 827
669 906
669 953
669 976
670 736
671 672
671 673
671 675
671 676
671 677
671 678
671 679
671 680
671 727
671 778
671 784
671 971
671 975
672 674
672 675
672 676
672 677
672 679
672 680
672 773
672 859
673 674
673 675
673 676
673 677
673 678
673 679
673 748
673 783
673 873
673 981
674 676
674 677
674 678
674 679
674 844
674 855
674 884
674 925
675 676
675 679
675 680
675 710
675 728
675 747
675 875
675 915
675 942
676 679
676 895
677 679
677 680
677 943
678 679
678 680
678 818
679 680
679 856
679 987
680 769
680 833
680 864
680 875
681 682
681 683
681 686
681 687
681 688
681 689
681 690
681 766
681 994
682 685
682 686
682 687
682 689
682 698
682 700
682 791
682 862
683 684
683 685
683 687
683 688
683 689
683 690
683 713
683 774
684 685
684 687
684 688
684 689
684 690
684 820
684 1000
685 686
685 687
685 688
685 689
685 690
685 710
685 745
685 755
685 855
686 687
686 689
686 732
687 690
687 733
687 767
688 689
688 690
688 901
689 690
689 692
689 741
689 879
691 692
691 693
691 695
691 696
691 697
691 698
691 699
691 700
691 715
691 852
691 934
692 694
692 695
692 696
692 697
692 698
692 699
692 700
692 754
693 695
693 696
693 697
693 698
693 700
693 713
693 735
693 750
693 786
693 824
693 977
693 987
694 696
694 697
694 698
694 699
694 700
694 779
694 780
694 792
694 812
694 833
694 866
694 896
695 696
695 698
695 700
695 765
695 956
695 971
696 698
696 699
696 700
696 954
697 699
697 700
697 706
697 911
698 699
698 700
698 701
698 854
699 700
699 830
699 977
700 743
700 872
700 910
700 922
700 959
700 976
701 702
701 703
701 704
701 705
701 706
701 707
701 708
701 710
701 779
701 828
701 847
701 880
701 970
702 703
702 704
702 705
702 706
702 708
702 709
702 710
702 884
702 918
703 704
703 705
703 708
703 709
703 710
703 828
703 982
704 705
704 706
704 707
704 708
704 709
704 710
704 754
704 757
704 882
704 883
704 990
704 994
705 707
705 708
705 709
705 734
705 845
705 878
705 992
706 707
706 708
706 709
706 710
707 708
707 709
707 710
707 772
707 934
707 970
708 709
708 710
708 745
709 710
709 833
709 861
710 774
711 712
711 713
711 715
711 718
711 719
711 720
711 982
711 995
712 715
712 716
712 717
712 718
712 719
712 753
712 766
712 773
712 826
712 855
712 907
712 926
712 946
712 963
712 968
713 714
713 716
713 717
713 718
713 719
713 720
713 759
713 766
713 772
713 918
713 945
714 716
714 717
714 719
714 720
715 716
715 717
715 718
715 720
715 743
715 753
715 758
715 807
715 925
716 717
716 719
716 720
716 827
716 844
716 940
717 718
717 720
717 884
717 896
718 720
718 875
719 720
719 861
719 893
719 950
719 976
720 908
720 995
721 722
721 723
721 725
721 726
721 727
721 728
721 729
721 730
721 803
721 884
721 950
721 970
721 987
722 723
722 724
722 725
722 726
722 727
722 728
722 730
722 822
722 983
723 724
723 725
723 726
723 728
723 729
723 730
723 877
724 725
724 726
724 728
724 729
724 730
725 726
725 728
725 729
725 730
725 750
725 844
725 880
725 966
725 997
726 727
726 729
726 826
726 874
726 896
727 728
727 729
727 730
728 729
728 730
728 751
729 730
729 760
730 948
731 733
731 734
731 735
731 737
731 739
731 740
731 746
731 920
731 927
731 936
732 734
732 735
732 736
732 737
732 738
732 739
732 740
732 802
732 914
732 932
733 734
733 739
733 740
733 833
733 919
733 986
734 735
734 736
734 739
734 740
734 871
734 883
734 896
735 736
735 738
735 739
735 740
736 738
736 739
736 740
736 883
736 931
736 968
737 738
737 739
737 740
737 856
737 930
737 972
737 984
738 740
738 814
738 880
738 920
739 806
739 861
740 801
741 742
741 743
741 746
741 748
741 749
741 750
741 823
742 743
742 744
742 745
742 746
742 747
742 750
742 766
742 885
742 994
743 744
743 745
743 746
743 748
743 749
743 750
743 916
743 923
744 746
744 747
744 749
744 759
744 902
744 961
745 746
745 747
745 748
745 749
745 750
746 748
746 750
746 772
746 920
747 835
747 842
747 894
748 749
748 750
748 834
748 876
749 750
749 754
749 878
749 883
749 986
750 815
750 876
750 945
751 752
751 753
751 754
751 755
751 756
751 758
751 759
751 760
751 784
751 831
751 876
752 753
752 755
752 756
752 757
752 758
752 760
752 803
752 864
752 876
752 905
752 934
753 755
753 756
753 759
753 760
753 877
753 898
753 922
754 755
754 757
754 758
754 759
754 760
754 959
754 990
755 756
755 757
755 758
755 759
755 760
755 910
756 757
756 758
756 760
756 780
756 967
757 758
757 759
757 760
757 955
758 760
759 760
759 819
759 878
759 907
760 813
760 927
760 941
760 946
761 762
761 764
761 765
761 766
761 768
761 769
761 770
761 824
761 914
762 764
762 765
762 766
762 767
762 768
762 769
762 770
762 975
763 764
763 766
763 767
763 768
763 769
763 770
763 940
763 966
764 765
764 766
764 767
764 768
764 769
764 770
764 809
764 957
765 768
765 769
765 770
765 806
765 863
765 914
765 988
766 767
766 768
766 769
766 770
766 821
766 823
766 875
766 909
766 974
767 768
767 769
767 859
767 966
768 769
768 770
768 841
768 916
768 965
770 848
770 857
770 981
771 772
771 773
771 774
771 775
771 776
771 778
771 779
771 780
771 800
771 845
771 903
772 775
772 776
772 777
772 778
772 779
773 775
773 776
773 777
773 778
773 779
773 785
773 998
774 775
774 776
774 777
774 779
774 780
774 967
775 776
775 778
775 780
775 814
775 836
776 778
776 779
776 780
776 853
776 980
777 778
777 779
777 780
777 864
777 908
777 956
778 780
778 930
779 851
779 992
779 997
780 861
780 864
780 980
781 782
781 783
781 786
781 788
781 789
781 790
781 809
781 982
781 990
782 783
782 785
782 786
782 787
782 788
782 790
782 843
782 902
783 784
783 785
783 786
783 787
783 788
783 789
783 790
783 905
784 787
784 788
784 789
784 790
784 794
784 996
785 786
785 787
785 789
785 879
786 787
786 788
786 789
786 957
787 789
787 790
787 897
787 913
788 789
788 790
788 991
789 790
789 897
789 966
790 841
790 1000
791 792
791 793
791 794
791 795
791 796
791 797
791 798
791 799
791 800
791 851
791 908
791 932
791 948
791 954
791 969
792 793
792 794
792 795
792 797
792 799
792 800
792 905
793 794
793 795
793 796
793 799
793 800
794 795
794 797
794 798
794 799
794 800
794 831
794 866
794 904
794 963
794 997
795 797
795 799
795 800
795 811
795 844
795 886
796 797
796 798
796 799
796 800
796 846
796 882
796 961
797 799
797 800
797 830
797 867
798 800
798 880
799 809
799 910
799 915
800 854
801 802
801 803
801 804
801 805
801 806
801 807
801 808
801 809
801 810
801 910
801 999
802 803
802 804
802 805
802 806
802 807
802 809
802 810
802 827
802 853
802 983
803 805
803 806
803 807
803 808
803 810
803 987
804 805
804 806
804 807
804 809
804 827
804 863
805 809
805 810
805 823
806 807
806 809
807 808
807 809
807 810
807 859
807 869
807 973
807 998
808 809
808 810
808 885
808 971
808 975
809 810
809 821
809 955
809 964
809 966
810 951
811 812
811 813
811 814
811 815
811 817
811 818
811 819
811 820
811 998
812 813
812 814
812 818
812 819
812 820
812 863
812 886
812 958
812 978
813 814
813 815
813 816
813 817
813 818
813 819
814 815
814 816
814 817
814 818
814 952
815 818
815 819
815 820
816 817
816 962
817 819
817 820
817 836
817 858
817 905
818 819
818 820
819 820
820 864
821 822
821 823
821 824
821 825
821 826
821 827
821 830
821 859
821 981
822 823
822 824
822 825
822 826
822 829
822 854
822 907
823 824
823 825
823 827
823 828
823 829
823 830
823 923
824 825
824 826
824 827
824 829
824 830
824 843
824 846
825 827
825 828
825 829
825 830
825 885
825 925
825 930
825 955
826 827
826 829
826 830
827 830
828 829
828 830
828 873
828 887
828 909
828 930
829 830
829 930
830 883
830 891
830 980
831 832
831 833
831 834
831 836
831 837
831 839
831 840
831 898
831 982
832 833
832 834
832 835
832 836
832 837
832 838
832 839
832 840
833 834
833 835
833 837
833 839
833 840
833 951
833 964
834 835
834 837
834 838
834 839
834 840
834 899
834 915
834 921
835 836
835 837
835 838
835 839
835 840
836 837
836 838
836 839
836 840
836 950
837 838
837 839
837 840
837 978
838 839
838 840
838 920
838 986
838 994
839 840
840 903
840 926
840 931
841 842
841 843
841 844
841 845
841 846
841 847
841 848
841 849
841 938
842 843
842 845
842 846
842 849
842 850
842 856
843 845
843 848
843 849
843 858
843 921
844 845
844 847
844 848
844 849
844 850
845 846
845 847
845 848
845 849
845 850
845 857
845 893
845 959
846 847
846 848
846 849
847 849
847 850
848 849
848 850
848 879
848 960
849 956
850 880
850 914
850 998
851 852
851 853
851 855
851 856
851 857
851 859
851 860
852 853
852 855
852 856
852 857
852 858
852 859
852 860
853 854
853 855
853 858
853 859
853 860
853 923
853 945
854 856
854 857
854 858
854 859
854 860
854 902
854 909
854 949
855 856
855 857
855 859
855 860
855 870
855 896
855 918
856 857
856 858
856 859
856 860
857 858
857 859
857 860
857 966
858 859
858 860
859 860
859 926
859 970
861 862
861 863
861 865
861 868
861 869
861 870
862 863
862 867
862 868
862 869
862 870
862 892
862 938
862 981
862 986
863 864
863 865
863 867
863 868
863 869
864 865
864 866
864 867
864 868
864 869
864 870
865 866
865 867
865 868
865 869
865 870
865 894
865 911
865 975
866 867
866 868
866 870
866 951
867 868
867 870
867 917
868 869
868 870
868 902
868 910
869 870
870 883
870 1000
871 872
871 874
871 876
871 877
871 879
871 880
871 907
871 914
871 925
871 972
872 873
872 875
872 876
872 877
872 878
872 879
872 880
872 884
873 874
873 875
873 876
873 877
873 878
873 879
873 880
873 933
873 942
874 876
874 878
874 879
874 981
874 999
875 876
875 877
875 878
875 879
875 880
875 919
875 933
876 877
876 878
876 879
876 880
876 891
877 878
877 879
877 880
877 890
877 961
878 879
878 880
879 896
880 928
880 944
880 960
881 882
881 883
881 884
881 885
881 886
881 887
881 888
881 889
881 890
881 952
881 995
882 883
882 884
882 886
882 887
882 888
882 890
883 884
883 885
883 886
883 887
883 888
883 889
883 890
883 996
884 885
884 887
884 888
884 889
884 890
884 972
884 992
885 886
885 888
885 890
886 887
886 888
886 889
886 890
886 985
887 888
887 889
887 890
887 937
888 889
888 890
888 972
889 890
889 972
889 988
890 898
891 893
891 894
891 896
891 897
891 898
891 899
891 900
892 893
892 894
892 895
892 896
892 897
892 898
892 899
892 900
892 905
893 896
893 897
893 898
893 900
893 963
893 974
894 895
894 896
894 897
894 900
894 932
895 896
895 898
895 899
895 900
895 979
896 897
896 898
896 899
896 952
897 898
897 899
898 899
898 965
899 915
901 902
901 903
901 904
901 906
901 908
901 909
901 910
901 999
902 903
902 904
902 906
902 907
902 908
902 910
903 904
903 906
903 907
903 908
903 909
903 910
903 939
904 906
904 907
904 908
904 910
904 922
904 999
905 906
905 907
905 908
905 909
905 910
905 988
906 908
906 909
906 910
907 908
907 909
907 910
907 921
907 999
908 909
908 910
909 910
909 933
910 950
911 912
911 913
911 914
911 915
911 917
911 919
911 920
912 914
912 915
912 916
912 917
912 918
912 919
912 969
912 985
913 915
913 916
913 917
913 918
913 919
913 920
913 990
914 916
914 917
914 918
914 919
914 920
915 917
915 919
916 917
916 918
916 919
916 920
916 963
917 918
917 919
918 919
918 920
918 988
919 920
919 963
919 974
920 940
920 961
920 972
921 922
921 923
921 924
921 925
921 926
921 927
921 928
921 929
921 930
922 923
922 924
922 927
922 928
922 929
922 930
922 980
923 924
923 925
923 926
923 927
923 928
923 930
923 968
924 926
924 927
924 928
924 929
924 930
924 971
925 926
925 927
925 928
925 929
925 930
925 974
926 927
926 928
926 929
926 930
926 958
927 929
927 930
927 966
928 929
928 930
928 954
929 930
930 937
930 970
931 933
931 934
931 935
931 937
931 938
931 940
932 933
932 934
932 935
932 937
932 938
932 968
933 934
933 935
933 936
933 937
933 938
933 940
933 996
934 935
934 936
934 938
934 939
934 940
934 994
935 936
935 937
935 938
935 984
936 937
936 938
936 939
936 940
936 966
937 938
937 939
938 939
939 940
939 956
941 942
941 944
941 945
941 947
941 948
941 950
941 959
942 943
942 944
942 945
942 948
942 950
942 961
942 976
943 944
943 946
943 947
943 948
943 949
943 950
943 960
944 945
944 946
944 947
944 948
944 949
944 950
945 946
945 947
945 948
945 949
946 947
946 948
946 949
946 950
946 989
947 948
947 949
947 950
948 949
948 950
951 952
951 953
951 955
951 957
951 959
951 960
952 953
952 954
952 955
952 957
952 958
952 959
952 960
953 954
953 955
953 956
953 957
953 958
953 959
953 960
954 956
954 957
954 958
954 959
954 979
955 956
955 957
955 958
955 960
956 957
956 958
956 959
956 960
956 965
957 959
957 960
958 959
958 960
958 998
959 960
961 962
961 963
961 964
961 965
961 966
961 967
961 968
961 969
961 970
961 996
962 963
962 964
962 965
962 966
962 967
962 968
962 969
962 970
962 994
963 964
963 965
963 966
963 967
963 968
963 969
963 970
963 972
963 978
963 997
964 966
964 969
964 970
965 966
965 967
965 968
965 969
965 970
966 967
966 968
966 969
967 970
968 969
968 970
969 970
969 992
971 972
971 973
971 974
971 975
971 976
971 977
971 978
972 973
972 975
972 976
972 978
972 979
973 974
973 975
973 976
973 977
973 978
973 980
974 975
974 976
974 977
974 978
974 979
974 986
974 994
975 976
975 977
975 979
976 978
976 979
977 979
977 980
977 991
978 979
978 980
978 986
978 999
979 980
981 982
981 983
981 985
981 986
981 987
981 988
981 989
981 990
982 983
982 984
982 985
982 986
982 988
982 989
982 990
983 984
983 986
983 989
984 985
984 986
984 988
984 989
984 990
985 986
985 987
985 990
986 987
986 988
986 989
986 990
987 988
987 989
988 989
988 990
989 990
991 992
991 993
991 994
991 995
991 996
991 997
991 998
991 999
992 993
992 994
992 995
992 996
992 997
992 998
992 999
992 1000
993 994
993 995
993 996
993 997
993 999
993 1000
994 996
994 997
994 998
994 999
995 996
995 997
995 999
995 1000
996 997
996 998
996 999
997 998
997 999
997 1000
998 999
998 1000
