1000 8587
1 2
1 3
1 4
1 5
1 7
1 8
1 9
1 10
1 97
1 160
1 217
1 359
1 474
1 640
1 658
1 681
1 869
1 901
1 931
2 3
2 4
2 5
2 7
2 8
2 9
2 10
2 41
2 49
2 166
2 338
2 366
2 424
2 509
2 593
3 4
3 6
3 7
3 8
3 9
3 10
3 55
3 231
3 232
3 402
3 504
3 512
3 582
3 631
3 637
3 710
3 746
3 804
3 912
3 925
4 5
4 6
4 7
4 8
4 10
4 40
4 65
4 72
4 89
4 122
4 127
4 149
4 223
4 281
4 325
4 372
4 404
4 476
4 504
4 509
4 605
4 635
4 639
4 805
4 935
4 938
5 6
5 7
5 8
5 10
5 294
5 355
5 385
5 426
5 510
5 684
5 739
5 809
5 935
6 7
6 8
6 9
6 10
6 171
6 256
6 288
6 397
6 416
6 798
6 803
6 812
7 8
7 81
7 297
7 326
7 360
7 491
7 606
7 649
7 769
7 903
8 9
8 10
8 58
8 112
8 265
8 339
8 460
8 495
8 531
8 687
8 716
8 759
8 791
9 10
9 268
9 312
9 354
9 368
9 468
9 604
9 643
9 858
9 891
9 930
10 44
10 184
10 392
10 426
10 457
10 519
10 803
10 826
10 997
11 12
11 13
11 16
11 17
11 18
11 19
11 20
11 130
11 138
11 417
11 544
11 561
11 607
11 620
11 662
11 684
11 712
12 13
12 14
12 15
12 16
12 17
12 18
12 19
12 20
12 45
12 311
12 322
12 485
12 584
12 617
12 645
12 734
12 767
12 863
12 930
12 994
13 14
13 15
13 16
13 17
13 18
13 19
13 20
13 64
13 270
13 301
13 428
13 435
13 511
13 730
13 824
13 849
13 962
14 15
14 16
14 17
14 18
14 19
14 20
14 59
14 94
14 122
14 138
14 150
14 226
14 260
14 276
14 388
14 487
14 522
14 547
14 589
14 815
14 872
15 16
15 17
15 18
15 19
15 45
15 49
15 75
15 100
15 129
15 162
15 227
15 270
15 289
15 337
15 392
15 477
15 611
15 654
15 663
15 798
15 816
15 887
16 17
16 19
16 20
16 86
16 257
16 408
16 646
16 675
16 713
16 796
17 18
17 19
17 20
17 133
17 437
17 510
17 601
17 795
17 815
17 874
18 19
18 20
18 38
18 70
18 143
18 383
18 496
18 823
19 47
19 348
19 391
19 525
19 563
19 613
19 674
19 781
19 969
20 82
20 412
20 430
20 736
20 916
20 944
20 983
21 22
21 24
21 25
21 26
21 28
21 29
21 30
21 87
21 195
21 203
21 210
21 276
21 372
21 535
21 600
21 668
21 682
21 705
21 724
21 730
21 738
21 767
21 941
21 964
22 23
22 24
22 26
22 27
22 28
22 29
22 30
22 149
22 164
22 219
22 334
22 488
22 614
22 911
23 25
23 26
23 27
23 28
23 29
23 30
23 189
23 427
24 26
24 28
24 56
24 141
24 263
24 316
24 455
24 503
24 518
24 561
24 583
24 586
24 741
24 784
24 865
24 881
24 950
24 961
25 27
25 28
25 29
25 30
25 121
25 133
25 294
25 425
25 426
25 436
25 482
25 729
26 27
26 30
26 286
26 355
26 492
26 500
26 550
27 28
27 29
27 30
27 108
27 245
27 276
27 297
27 303
27 323
27 631
27 646
27 676
27 881
27 904
27 974
28 29
28 30
28 50
28 114
28 509
28 575
28 617
28 801
28 852
29 30
29 64
29 92
29 206
29 328
29 374
29 388
29 567
29 572
29 737
29 759
29 806
29 913
29 986
30 46
30 125
30 131
30 323
30 384
30 860
30 861
31 32
31 33
31 34
31 35
31 37
31 38
31 39
31 103
31 148
31 529
31 547
31 583
31 627
31 666
31 708
31 714
31 795
32 33
32 34
32 35
32 36
32 37
32 39
32 40
32 41
32 404
32 534
32 679
32 831
32 838
32 913
33 34
33 35
33 36
33 37
33 38
33 39
33 40
33 154
33 160
33 272
33 344
33 440
33 578
33 722
33 733
33 874
33 891
34 35
34 36
34 37
34 38
34 39
34 40
34 140
34 252
34 320
34 588
34 613
34 668
34 699
34 703
34 779
34 832
34 948
34 964
35 36
35 38
35 39
35 40
35 115
35 150
35 313
35 388
35 569
36 39
36 40
36 139
36 486
36 745
37 38
37 39
37 40
37 50
37 61
37 106
37 230
37 272
37 507
37 564
37 832
37 953
37 963
38 39
38 40
38 73
38 180
38 603
38 670
38 680
38 743
38 842
38 881
38 925
39 40
39 207
39 239
39 387
39 497
39 513
39 994
40 41
40 234
40 310
40 532
40 730
40 811
40 946
40 974
41 42
41 44
41 45
41 46
41 47
41 48
41 49
41 50
41 110
41 639
41 643
41 649
41 662
41 711
41 754
42 43
42 44
42 45
42 46
42 47
42 48
42 50
42 166
42 472
42 519
42 712
42 770
42 855
42 878
43 44
43 45
43 47
43 48
43 50
43 447
43 546
43 609
43 699
43 755
43 767
43 912
44 45
44 46
44 47
44 48
44 49
44 50
44 102
44 136
44 210
44 297
44 309
44 326
44 539
44 626
44 666
44 720
44 737
45 47
45 48
45 50
45 335
45 533
45 797
45 869
46 47
46 48
46 49
46 50
46 94
46 101
46 216
46 336
46 400
46 418
46 554
46 608
46 833
47 48
47 49
47 50
47 71
47 109
47 128
47 356
47 409
47 444
47 469
47 476
47 615
47 685
48 49
48 181
48 297
48 386
48 412
48 547
48 589
48 594
48 601
48 806
48 956
49 50
49 166
49 182
49 255
49 293
49 430
49 596
49 674
49 770
49 893
49 951
49 955
49 968
50 395
50 433
50 434
50 460
50 518
50 547
50 829
50 846
50 917
51 52
51 53
51 54
51 55
51 56
51 57
51 58
51 59
51 60
51 279
51 332
51 455
51 568
51 793
51 857
51 904
51 929
51 954
52 53
52 54
52 56
52 58
52 59
52 60
52 207
52 223
52 384
52 484
52 539
52 624
52 675
52 709
52 730
52 774
53 54
53 55
53 56
53 58
53 59
53 60
53 220
53 224
53 337
53 447
53 534
53 540
53 804
54 55
54 56
54 57
54 59
54 60
54 188
54 198
54 203
54 234
54 341
54 367
54 445
54 535
54 679
54 903
54 969
54 973
55 56
55 57
55 58
55 59
55 252
55 305
55 317
55 436
55 557
55 565
55 574
55 670
55 764
55 767
55 802
55 888
55 920
56 57
56 58
56 59
56 60
56 82
56 98
56 279
56 310
56 312
56 406
56 743
56 778
56 825
56 985
56 989
57 58
57 59
57 60
57 352
57 494
57 519
57 619
57 757
57 996
58 59
58 60
58 91
58 129
58 227
58 342
58 397
58 406
58 415
58 750
59 60
59 71
59 100
59 123
59 145
59 234
59 255
59 644
60 287
60 412
60 426
60 429
60 488
60 639
61 63
61 64
61 65
61 66
61 67
61 69
61 70
61 88
61 92
61 122
61 210
61 383
61 547
61 587
61 590
61 713
61 763
61 934
61 977
62 63
62 65
62 66
62 67
62 68
62 69
62 279
62 297
62 316
62 325
62 437
62 534
62 544
62 549
62 777
63 64
63 65
63 68
63 70
63 136
63 257
63 310
63 357
63 941
64 68
64 69
64 70
64 154
64 504
64 551
64 833
65 66
65 67
65 69
65 119
65 193
65 590
65 648
65 795
65 990
66 67
66 68
66 69
66 70
66 136
66 214
66 318
66 411
66 667
66 877
66 978
67 68
67 69
67 70
67 76
67 185
67 453
67 636
67 715
67 887
68 69
68 70
68 102
68 126
68 133
68 220
68 238
68 383
68 421
68 576
68 585
68 601
69 70
69 212
69 254
69 322
69 560
69 600
69 641
69 689
69 795
69 950
69 968
70 113
70 119
70 186
70 357
70 451
70 558
70 645
70 714
70 943
71 72
71 73
71 74
71 75
71 76
71 77
71 78
71 79
71 204
71 216
71 320
71 460
71 636
71 736
72 73
72 74
72 75
72 77
72 78
72 79
72 80
72 92
72 151
72 234
72 455
72 505
72 584
72 606
72 753
72 906
72 992
73 74
73 75
73 76
73 77
73 78
73 79
73 80
73 145
73 356
73 740
73 853
73 944
74 75
74 76
74 79
74 80
74 140
74 391
74 401
74 406
74 513
74 528
74 532
74 638
74 738
74 783
74 839
74 981
75 76
75 78
75 79
75 80
75 164
75 228
75 243
75 369
75 480
75 602
75 722
75 791
75 871
75 963
75 971
75 973
76 77
76 78
76 79
76 80
76 83
76 86
76 115
76 121
76 125
76 201
76 211
76 364
76 394
76 418
76 540
76 565
76 595
76 605
76 645
76 789
76 897
76 987
77 79
77 80
77 86
77 91
77 153
77 203
77 370
77 414
77 448
77 452
77 475
77 513
77 620
77 721
77 836
77 859
78 79
78 80
78 88
78 314
78 321
78 523
78 612
78 715
78 793
78 860
78 920
79 80
79 83
79 120
79 199
79 210
79 251
79 265
79 330
79 517
79 554
79 568
79 616
79 877
79 898
79 903
80 351
80 508
80 589
80 656
80 736
80 754
80 818
80 833
81 82
81 83
81 84
81 85
81 87
81 88
81 89
81 90
81 137
81 143
81 492
81 564
81 712
81 715
81 787
81 825
81 893
82 83
82 84
82 87
82 90
82 175
82 195
82 253
82 411
82 441
82 656
82 708
82 718
82 719
82 793
82 900
82 999
83 84
83 85
83 86
83 87
83 88
83 90
83 112
83 189
83 191
83 200
83 379
83 453
83 460
83 480
83 507
83 521
83 548
83 950
84 85
84 87
84 88
84 89
84 90
84 177
84 183
84 449
84 887
84 943
85 86
85 87
85 88
85 89
85 90
85 434
85 488
85 627
85 653
85 870
86 88
86 89
86 90
86 106
86 126
86 131
86 280
86 288
86 452
86 466
86 540
86 543
86 575
86 651
86 971
87 88
87 89
87 90
87 189
87 300
87 356
87 376
87 441
87 525
87 557
87 737
87 755
87 887
87 902
87 932
87 979
88 89
88 90
88 314
88 505
88 734
88 747
88 886
88 992
89 90
89 350
89 387
89 433
89 444
89 580
89 683
89 693
89 796
89 813
89 873
89 945
89 962
90 110
90 154
90 233
90 302
90 357
90 373
90 634
90 705
90 732
91 92
91 95
91 96
91 97
91 98
91 99
91 100
91 135
91 171
91 214
91 408
91 650
91 824
92 93
92 94
92 95
92 96
92 97
92 98
92 100
92 223
92 229
92 296
92 600
92 634
92 778
92 898
92 936
93 94
93 95
93 96
93 97
93 100
93 178
93 211
93 378
93 438
93 502
93 599
93 790
93 814
93 985
94 95
94 96
94 97
94 98
94 99
94 100
94 372
94 494
94 716
94 749
94 775
94 825
94 961
95 96
95 99
95 100
95 213
95 481
95 551
95 568
95 617
95 899
95 927
96 97
96 98
96 99
96 267
96 301
96 406
96 441
96 442
96 535
96 725
96 810
96 960
97 98
97 99
97 178
97 386
97 463
97 540
97 573
97 639
97 888
98 99
98 100
98 123
98 271
98 311
98 326
98 361
98 532
98 567
98 633
98 679
98 746
98 855
98 864
99 100
99 217
99 270
99 331
99 490
99 565
99 624
99 659
99 706
99 785
99 805
99 922
99 930
99 995
100 150
100 383
100 560
100 621
100 633
100 655
100 663
100 701
100 946
101 103
101 105
101 106
101 107
101 108
101 109
101 110
101 146
101 386
101 406
101 472
101 513
101 665
101 712
101 793
101 796
101 814
102 103
102 104
102 105
102 106
102 107
102 108
102 109
102 110
102 165
102 230
102 242
102 250
102 739
102 783
102 796
102 856
102 950
102 966
103 104
103 105
103 106
103 107
103 108
103 109
103 256
103 266
103 379
103 382
103 399
103 484
103 508
103 680
103 681
103 769
103 910
103 975
103 985
104 106
104 107
104 108
104 109
104 110
104 291
104 320
104 374
104 389
104 421
104 521
104 539
104 677
104 970
105 108
105 109
105 110
105 215
105 218
105 225
105 235
105 411
105 434
105 613
105 797
106 107
106 108
106 109
106 110
106 176
106 244
106 407
106 428
106 435
106 459
106 466
106 488
106 502
106 560
106 795
106 909
107 108
107 109
107 110
107 137
107 673
107 685
107 793
108 110
108 111
108 223
108 225
108 392
108 523
108 556
108 660
108 722
109 110
109 163
109 179
109 186
109 227
109 316
109 366
109 392
109 420
109 505
109 553
109 562
109 612
109 626
109 811
110 328
110 352
110 873
110 953
110 980
111 112
111 113
111 114
111 115
111 116
111 117
111 119
111 120
111 260
111 479
111 698
111 797
111 988
112 113
112 114
112 116
112 117
112 118
112 119
112 120
112 226
112 237
112 554
112 602
112 751
112 963
113 114
113 115
113 116
113 117
113 118
113 170
113 257
113 297
113 457
113 595
113 729
113 826
113 908
114 115
114 116
114 118
114 119
114 120
114 142
114 173
114 177
114 198
114 200
114 257
114 305
114 316
114 364
114 462
114 572
114 573
114 581
114 672
114 697
114 827
114 866
114 867
115 116
115 117
115 119
115 120
115 323
115 434
115 447
115 466
115 722
115 809
115 834
115 836
115 920
115 931
116 117
116 118
116 120
116 191
116 225
116 299
116 366
116 403
116 641
116 643
116 706
116 839
116 953
117 119
117 120
117 159
117 336
117 417
117 779
117 933
118 119
118 120
118 227
118 468
118 470
118 520
118 537
119 120
119 202
119 288
119 315
119 351
119 388
119 519
119 543
119 676
119 857
120 240
120 245
120 265
120 277
120 306
120 485
120 532
120 575
120 751
120 925
121 124
121 125
121 126
121 127
121 128
121 129
121 130
121 177
121 211
121 255
121 305
121 410
121 476
121 490
121 650
121 867
121 897
122 123
122 124
122 125
122 126
122 127
122 129
122 130
122 174
122 323
122 461
122 498
122 529
122 576
122 587
122 729
122 838
122 891
122 892
123 124
123 125
123 128
123 129
123 130
123 156
123 199
123 256
123 289
123 337
123 352
123 387
123 389
123 634
123 808
123 846
124 125
124 127
124 128
124 129
124 130
124 198
124 268
124 290
124 405
124 439
124 549
124 703
124 764
124 813
125 126
125 127
125 128
125 129
125 130
125 157
125 168
125 332
125 349
125 367
125 411
125 453
125 496
125 580
125 785
126 127
126 128
126 129
126 130
126 156
126 170
126 223
126 287
126 419
126 515
126 580
126 587
126 782
126 922
127 128
127 129
127 130
127 202
127 315
127 387
127 454
127 562
127 689
127 710
127 771
127 862
127 868
127 956
128 129
128 130
128 298
128 351
128 755
128 964
129 130
129 391
129 813
129 913
130 291
130 886
130 889
130 905
131 133
131 134
131 135
131 136
131 137
131 138
131 139
131 140
131 176
131 238
131 388
131 419
131 468
131 718
131 729
132 135
132 136
132 137
132 139
132 140
132 148
132 150
132 222
132 262
132 281
132 325
132 405
132 596
132 736
132 835
132 886
132 899
132 964
132 978
133 134
133 135
133 136
133 137
133 138
133 139
133 140
133 148
133 243
133 248
133 363
133 366
133 398
133 483
133 503
133 511
133 910
134 135
134 136
134 137
134 139
134 140
134 934
134 1000
135 137
135 138
135 139
135 140
135 155
135 299
135 392
135 412
135 463
135 572
135 616
135 690
136 137
136 138
136 139
136 152
136 206
136 407
136 419
136 450
136 535
136 595
136 715
136 843
137 138
137 139
137 140
137 191
137 232
137 271
137 322
137 336
137 346
137 354
137 412
137 427
137 554
137 582
137 611
137 775
137 943
138 139
138 140
138 225
138 253
138 284
138 305
138 368
138 393
138 447
138 599
138 643
138 667
138 704
138 728
138 831
138 888
139 140
139 213
139 303
139 322
139 411
139 591
139 688
139 739
139 865
139 937
139 946
139 978
140 238
140 273
140 357
140 567
140 595
140 609
140 836
140 983
141 142
141 143
141 145
141 146
141 148
141 149
141 150
141 172
141 331
141 340
141 378
141 427
141 437
141 465
141 535
141 551
141 621
141 640
141 715
141 812
141 824
141 907
141 936
141 994
142 143
142 145
142 146
142 147
142 148
142 149
142 150
142 254
142 319
142 540
142 759
142 773
142 791
142 826
142 885
142 903
142 919
142 945
142 986
143 144
143 145
143 146
143 147
143 148
143 149
143 150
143 261
143 310
143 362
143 392
143 452
143 713
143 719
143 751
144 145
144 147
144 148
144 149
144 150
144 230
144 259
144 300
144 679
144 728
144 811
144 813
144 944
144 954
144 998
145 146
145 147
145 148
145 149
145 150
145 202
145 497
145 547
145 572
145 747
145 758
145 788
146 147
146 148
146 150
146 322
146 392
146 492
146 498
146 817
146 859
146 941
147 148
147 150
147 243
147 278
147 486
147 795
147 827
147 920
147 933
148 149
148 150
148 167
148 174
148 349
148 610
148 927
148 957
149 150
149 264
149 279
149 444
149 529
149 558
149 689
149 838
150 151
150 212
150 246
150 340
150 609
150 676
150 686
150 710
150 762
150 778
150 898
150 991
151 152
151 153
151 154
151 155
151 156
151 157
151 159
151 200
151 224
151 242
151 384
151 529
151 552
151 673
151 735
152 153
152 154
152 155
152 156
152 157
152 158
152 159
152 160
152 184
152 314
152 331
152 351
152 455
152 827
153 155
153 157
153 158
153 159
153 160
153 439
153 499
153 599
153 693
153 712
153 779
153 866
154 155
154 156
154 157
154 158
154 159
154 189
154 232
154 587
154 686
154 854
154 916
154 937
154 955
155 156
155 159
155 160
155 199
155 222
155 282
155 470
155 582
155 670
155 691
155 727
155 757
155 768
156 157
156 158
156 159
156 160
156 368
156 469
156 491
156 614
156 661
156 727
156 778
156 962
156 986
156 993
157 158
157 160
157 291
157 323
157 692
157 801
157 843
157 872
157 963
158 159
158 160
158 534
158 540
158 648
158 830
158 852
158 951
158 995
159 160
159 271
159 815
159 865
160 175
160 216
160 365
160 403
160 432
160 582
160 660
160 680
160 995
161 162
161 163
161 165
161 166
161 167
161 168
161 169
161 170
161 216
161 626
161 750
161 763
161 887
161 916
162 163
162 164
162 165
162 166
162 167
162 168
162 169
162 177
162 363
162 620
162 656
162 682
162 871
162 917
163 165
163 166
163 167
163 170
163 359
163 377
163 384
163 659
163 876
163 954
163 994
164 165
164 166
164 167
164 168
164 170
164 373
164 381
164 404
164 431
164 538
164 548
164 567
164 622
164 670
164 723
164 727
164 736
164 879
164 964
165 167
165 168
165 169
165 170
165 200
165 208
165 354
165 493
165 540
165 778
166 167
166 168
166 169
166 170
166 222
166 441
166 499
166 515
166 777
166 996
167 168
167 169
167 170
167 387
167 475
167 573
167 613
167 624
167 686
167 903
167 996
168 169
168 244
168 628
168 829
168 916
168 938
169 176
169 325
169 552
169 592
169 636
169 645
169 853
170 296
170 528
170 658
170 702
170 750
170 788
170 855
171 172
171 173
171 174
171 175
171 176
171 177
171 179
171 180
171 248
171 331
171 416
171 445
171 573
171 871
171 927
172 173
172 175
172 176
172 177
172 179
172 180
172 210
172 311
172 338
172 342
172 494
172 674
172 691
172 907
172 910
172 979
173 174
173 175
173 177
173 178
173 179
173 180
173 302
173 487
173 662
173 700
173 704
173 748
174 175
174 176
174 178
174 180
174 268
174 565
174 719
174 838
174 919
175 176
175 178
175 179
175 180
175 295
175 344
175 346
175 351
175 381
175 773
175 776
175 873
176 177
176 178
176 251
176 338
176 383
176 473
176 575
176 610
176 713
176 785
176 988
177 178
177 180
177 270
177 327
177 426
177 570
177 617
177 710
177 872
177 901
178 180
178 191
178 219
178 269
178 429
178 539
178 718
178 720
178 890
179 180
179 188
179 285
179 352
179 395
179 425
179 446
179 666
179 763
180 228
180 263
180 452
180 470
180 629
180 860
180 881
180 889
180 910
181 183
181 184
181 185
181 187
181 189
181 190
181 248
181 262
181 286
181 388
181 519
181 592
181 793
181 956
181 998
182 184
182 185
182 186
182 187
182 188
182 190
182 255
182 270
182 272
182 352
182 745
182 792
182 997
183 184
183 185
183 186
183 187
183 188
183 189
183 190
183 240
183 334
183 467
183 577
183 635
183 723
183 768
183 957
184 185
184 186
184 189
184 190
184 248
184 299
184 306
184 408
184 467
184 550
184 622
184 625
184 753
184 788
184 853
184 881
185 186
185 187
185 188
185 189
185 257
185 431
185 513
185 627
185 711
185 905
186 187
186 188
186 189
186 325
186 601
186 714
186 786
186 904
186 954
187 188
187 190
187 349
187 568
187 629
187 662
187 897
187 926
188 189
188 190
188 201
188 227
188 424
188 450
188 472
188 482
188 521
188 531
188 990
189 190
189 273
189 373
189 447
189 534
189 547
189 578
189 582
189 687
189 791
189 799
189 904
189 918
190 240
190 315
190 605
190 843
190 961
191 192
191 193
191 194
191 195
191 196
191 197
191 198
191 199
191 200
191 279
191 310
191 333
191 438
191 471
191 580
191 797
191 853
191 876
192 194
192 195
192 196
192 197
192 198
192 199
192 200
192 205
192 256
192 309
192 321
192 474
192 477
192 520
192 854
192 925
193 194
193 195
193 197
193 198
193 199
193 200
193 217
193 342
193 353
193 388
193 421
193 522
193 621
193 680
193 836
193 867
194 196
194 197
194 198
194 200
194 400
194 475
194 523
195 196
195 198
195 199
195 200
195 218
195 385
195 423
195 494
195 648
195 878
195 934
195 943
196 198
196 199
196 200
196 214
196 286
196 387
196 431
196 515
196 716
196 800
196 886
196 911
197 198
197 199
197 221
197 309
197 416
197 437
197 495
197 533
197 685
197 718
197 832
198 199
198 200
198 260
198 348
198 463
198 477
198 588
198 685
198 710
198 766
198 917
198 981
199 200
199 241
199 414
199 467
199 550
199 567
199 654
199 658
199 659
199 794
199 938
200 207
200 218
200 278
200 524
200 669
200 671
200 678
200 731
200 748
200 859
200 995
201 202
201 203
201 204
201 205
201 206
201 207
201 208
201 209
201 210
201 248
201 327
201 331
201 664
201 860
202 204
202 206
202 207
202 208
202 209
202 320
202 514
202 584
202 703
202 772
202 808
203 204
203 206
203 208
203 209
203 210
203 346
203 425
203 536
203 597
203 661
204 205
204 206
204 207
204 208
204 209
204 210
204 263
204 269
204 392
204 602
204 902
204 958
204 969
204 973
204 979
205 206
205 207
205 209
205 210
205 498
205 567
205 622
205 654
205 704
205 722
205 758
205 790
205 809
205 810
205 972
206 207
206 208
206 210
206 349
206 375
206 489
206 583
206 640
206 707
206 727
206 796
206 862
206 891
206 898
206 921
207 209
207 210
207 347
207 392
207 463
207 484
207 558
207 591
207 671
207 776
207 785
207 797
208 210
208 371
208 376
208 599
208 621
208 634
208 655
208 734
208 742
208 743
208 751
208 853
208 961
209 210
209 256
209 284
209 296
209 386
209 397
209 525
209 537
209 590
209 709
209 717
209 789
209 946
210 212
210 244
210 262
210 360
210 440
210 548
210 562
210 601
210 760
210 810
210 892
210 896
210 916
211 214
211 215
211 217
211 218
211 265
211 361
211 718
211 746
211 907
211 971
212 218
212 219
212 220
212 554
212 573
212 683
212 793
212 808
212 945
213 214
213 215
213 216
213 217
213 218
213 219
213 220
213 307
213 340
213 372
213 584
213 700
213 787
213 869
214 216
214 217
214 220
214 327
214 423
214 453
214 511
214 539
214 583
214 987
215 216
215 218
215 220
215 256
215 356
215 491
215 500
215 535
215 536
215 553
215 569
215 599
215 644
215 723
215 727
215 750
215 784
215 876
216 217
216 218
216 482
216 662
217 218
217 219
217 220
217 319
217 387
217 501
217 523
217 668
217 769
217 785
217 794
217 853
217 917
217 964
217 977
218 219
218 220
218 375
218 395
218 421
218 586
218 617
218 635
218 698
218 759
218 783
218 880
218 976
218 980
218 995
219 220
219 278
219 553
219 666
219 702
219 805
219 819
219 852
219 872
219 986
220 421
220 746
220 948
221 222
221 223
221 224
221 225
221 226
221 227
221 228
221 229
221 230
221 321
221 346
221 374
221 389
221 434
221 538
221 553
221 841
222 223
222 224
222 226
222 228
222 229
222 230
222 279
222 294
222 316
222 482
222 517
222 518
222 666
222 723
222 894
222 987
223 224
223 225
223 226
223 227
223 228
223 229
223 230
223 342
223 514
223 535
223 658
223 942
223 986
224 225
224 226
224 227
224 228
224 229
224 230
224 309
224 841
224 867
224 926
225 226
225 227
225 230
225 268
225 431
225 519
225 729
226 228
226 229
226 230
226 558
226 584
226 682
226 715
226 777
226 814
226 871
226 989
227 228
227 229
227 230
227 411
227 473
227 503
227 604
227 629
227 669
227 772
227 788
227 874
227 911
228 229
228 230
228 257
228 288
228 303
228 353
228 466
228 588
228 776
228 974
229 230
229 261
229 486
229 540
229 603
229 709
229 755
229 961
230 252
230 282
230 505
230 567
230 690
230 723
230 786
230 845
230 908
231 233
231 234
231 235
231 236
231 237
231 238
231 240
231 241
231 413
231 426
231 445
231 530
231 697
231 710
231 729
231 787
231 904
231 943
232 234
232 237
232 238
232 239
232 240
232 503
232 566
232 679
232 755
232 808
232 956
233 234
233 235
233 236
233 237
233 238
233 239
233 240
233 278
233 556
233 719
233 874
233 993
234 235
234 236
234 238
234 239
234 293
234 405
234 422
234 446
234 498
234 518
234 636
234 716
234 731
234 750
234 767
234 906
234 938
234 975
234 996
235 237
235 240
235 296
235 324
235 374
235 399
235 528
235 569
235 605
235 702
235 772
235 946
236 237
236 238
236 239
236 240
236 262
236 474
236 576
236 621
236 652
236 712
236 749
236 826
236 862
236 930
237 238
237 239
237 240
237 373
237 451
237 529
237 606
237 654
237 691
237 870
237 926
238 240
238 352
238 664
238 736
238 748
238 889
239 240
239 402
239 422
239 649
239 808
239 913
239 923
240 308
240 356
240 560
240 693
240 711
241 242
241 244
241 246
241 247
241 248
241 249
241 537
241 614
241 642
241 688
241 706
241 716
241 742
241 779
241 874
241 931
242 244
242 245
242 246
242 247
242 248
242 249
242 293
242 419
242 589
242 625
242 895
242 976
243 244
243 245
243 246
243 247
243 248
243 249
243 250
243 285
243 287
243 384
243 398
243 435
243 761
243 891
243 970
244 245
244 246
244 247
244 249
244 250
244 681
244 738
244 884
245 246
245 247
245 248
245 249
245 250
245 443
245 476
245 486
245 533
245 674
245 911
246 249
246 250
246 297
246 423
246 580
246 683
246 727
246 734
246 762
246 784
247 248
247 250
247 259
247 371
247 538
247 588
247 704
247 777
247 833
247 909
248 249
248 250
248 253
248 257
248 272
248 366
248 375
248 390
248 450
248 483
248 556
248 699
248 714
248 820
248 826
248 829
249 250
249 252
249 297
249 459
249 460
249 514
249 534
249 786
249 899
249 952
250 509
250 845
250 849
250 895
250 931
250 961
251 252
251 253
251 254
251 255
251 256
251 257
251 258
251 259
251 428
251 457
251 526
251 579
251 582
251 609
251 707
251 757
251 808
251 928
251 980
252 253
252 254
252 256
252 258
252 365
252 381
252 432
252 626
252 738
252 821
252 924
253 254
253 255
253 257
253 259
253 260
253 324
253 928
253 951
253 967
254 255
254 256
254 257
254 258
254 259
254 260
254 269
254 272
254 323
254 415
254 444
254 525
254 621
255 256
255 257
255 258
255 259
255 260
255 303
255 356
255 560
255 672
255 913
255 945
256 257
256 258
256 259
256 390
256 398
256 466
256 549
256 600
256 655
256 732
257 259
257 260
257 315
257 400
257 414
257 457
257 604
257 734
257 756
257 838
257 876
257 955
258 259
258 260
258 626
258 640
258 735
258 919
258 938
259 260
259 277
259 490
259 588
259 637
259 833
259 854
259 865
259 867
260 350
260 560
260 589
260 636
260 685
260 730
260 802
260 815
261 263
261 264
261 265
261 266
261 267
261 268
261 269
261 360
261 580
261 855
261 924
261 926
262 263
262 265
262 266
262 267
262 268
262 269
262 270
262 294
262 366
262 393
262 446
262 505
262 761
263 264
263 265
263 266
263 267
263 269
263 270
263 454
263 465
263 484
263 635
263 779
263 897
264 265
264 266
264 267
264 268
264 269
264 270
264 306
264 547
264 881
264 898
264 906
265 266
265 267
265 268
265 269
265 270
265 292
265 404
265 415
265 569
265 702
265 746
265 830
265 895
265 967
266 267
266 268
266 269
266 270
266 356
266 365
266 485
266 723
266 729
266 806
266 851
266 970
266 987
267 268
267 269
267 270
267 380
267 414
267 438
267 469
267 507
267 776
267 789
267 856
267 926
267 989
268 269
268 270
268 302
268 378
268 401
268 415
268 514
268 612
268 760
269 428
269 445
269 458
269 471
269 474
269 519
269 881
269 995
270 341
270 490
270 589
270 769
270 887
270 982
271 272
271 273
271 274
271 275
271 277
271 279
271 280
271 332
271 349
271 360
271 475
271 608
271 614
271 785
271 807
272 273
272 274
272 276
272 277
272 278
272 279
272 280
272 292
272 397
272 472
272 520
272 632
272 654
272 670
272 732
272 781
272 861
272 929
273 274
273 275
273 276
273 278
273 279
273 280
273 346
273 503
273 565
273 722
273 894
273 994
274 275
274 277
274 279
274 280
274 406
274 770
274 797
274 822
274 944
275 276
275 277
275 279
275 336
275 773
275 876
275 900
275 981
275 982
276 277
276 278
276 279
276 280
276 435
276 459
276 460
276 486
276 557
276 692
277 278
277 279
277 280
277 288
277 513
277 549
278 280
278 756
278 828
278 908
278 967
278 980
279 280
279 325
279 474
279 582
279 642
279 679
279 993
280 300
280 394
280 510
280 653
280 664
280 667
280 745
280 809
281 283
281 284
281 285
281 287
281 288
281 289
281 290
281 320
281 505
281 695
281 821
281 889
281 950
282 283
282 284
282 285
282 287
282 288
282 289
282 290
282 315
282 513
282 748
283 284
283 289
283 290
283 525
283 862
283 868
283 871
283 882
283 985
284 285
284 286
284 287
284 288
284 289
284 392
284 399
284 488
284 563
284 586
284 682
284 715
284 857
284 881
285 286
285 287
285 288
285 289
285 290
285 314
285 323
285 532
285 568
285 685
285 698
285 768
285 781
285 832
285 838
285 859
285 985
286 287
286 288
286 289
286 290
286 380
286 433
286 466
286 715
286 783
286 876
286 887
286 907
287 288
287 289
287 290
287 475
287 573
287 605
287 633
287 646
287 701
288 289
288 290
288 325
288 507
288 511
288 552
288 644
288 927
288 964
289 290
289 295
289 769
289 788
290 418
290 431
290 800
290 957
291 292
291 293
291 295
291 296
291 297
291 298
291 299
291 300
291 363
291 470
291 510
291 608
291 771
291 798
292 293
292 294
292 296
292 297
292 298
292 299
292 300
292 308
292 627
292 680
292 698
292 934
292 936
293 294
293 295
293 296
293 297
293 299
293 314
293 360
293 430
293 518
293 522
293 572
293 735
293 850
293 992
293 994
294 295
294 296
294 297
294 298
294 299
294 521
294 761
294 805
295 296
295 297
295 298
295 299
295 300
295 332
295 454
295 588
295 931
296 298
296 299
296 300
296 305
296 354
296 418
296 535
296 542
296 545
296 552
296 591
296 671
296 688
296 793
296 933
296 994
297 298
297 299
297 305
297 338
297 358
297 746
297 799
297 810
297 909
297 981
298 299
298 464
298 550
298 954
299 300
299 306
299 365
299 474
299 687
299 816
299 860
299 991
300 448
300 538
300 546
300 553
300 957
301 303
301 305
301 306
301 307
301 308
301 309
301 310
301 444
301 462
301 556
301 681
301 686
301 736
301 878
301 889
302 303
302 305
302 306
302 307
302 308
302 309
302 310
302 363
302 369
302 383
302 581
302 603
302 857
302 905
302 923
302 928
303 304
303 305
303 309
303 310
303 353
303 376
303 461
303 472
303 632
303 916
303 957
304 305
304 306
304 307
304 308
304 309
304 310
304 346
304 541
304 668
304 739
304 839
304 978
305 306
305 307
305 309
305 323
305 454
305 580
305 598
305 921
305 959
306 307
306 308
306 310
306 374
306 490
306 526
306 733
306 736
306 762
307 308
307 309
307 310
307 313
307 538
307 633
307 656
307 898
307 931
308 309
308 548
308 556
308 657
308 694
308 935
308 981
309 310
309 461
309 477
309 493
309 499
309 579
309 625
309 654
309 724
310 373
310 582
310 652
310 705
310 712
310 741
310 796
310 923
311 312
311 313
311 314
311 317
311 318
311 319
311 320
311 384
311 481
311 567
311 654
311 758
311 863
311 998
312 313
312 314
312 315
312 316
312 317
312 318
312 319
312 345
312 347
312 352
312 400
312 643
312 864
312 868
312 935
313 314
313 315
313 316
313 317
313 318
313 319
313 320
313 332
313 364
313 480
313 486
313 497
313 578
313 596
313 634
313 753
313 869
313 943
314 316
314 317
314 318
314 320
314 362
314 435
314 544
314 675
314 702
314 774
315 316
315 317
315 318
315 319
315 320
315 424
315 550
315 777
315 862
315 927
316 318
316 319
316 320
316 360
316 471
316 513
316 544
316 600
316 902
316 961
317 318
317 319
317 320
317 361
317 374
317 529
317 632
317 768
317 772
317 846
318 319
318 320
318 493
318 668
318 873
318 891
318 950
319 320
319 350
319 363
319 403
319 416
319 469
319 474
319 491
319 500
319 617
319 704
319 904
319 933
320 426
320 583
320 585
320 717
320 754
320 812
320 934
321 322
321 323
321 324
321 325
321 326
321 327
321 328
321 329
321 330
321 374
321 422
321 476
321 499
321 511
321 721
321 722
322 323
322 325
322 326
322 328
322 330
322 560
322 590
322 626
322 712
323 324
323 325
323 326
323 327
323 328
323 329
323 330
323 488
323 632
323 652
323 732
323 764
323 848
323 907
324 325
324 326
324 327
324 328
324 329
324 330
324 681
324 914
325 326
325 327
325 328
325 329
325 330
325 564
325 580
325 599
325 618
326 327
326 328
326 329
326 330
326 342
326 348
326 365
326 514
326 560
326 684
326 791
326 962
327 328
327 329
327 330
327 552
327 607
327 720
327 773
327 802
327 837
328 329
328 330
328 429
328 444
328 608
328 621
328 678
328 740
329 330
329 361
329 450
329 462
329 757
329 807
329 909
330 425
330 634
330 757
330 847
330 878
331 332
331 333
331 334
331 335
331 336
331 338
331 339
331 463
331 466
331 474
331 503
331 526
331 707
332 334
332 335
332 336
332 337
332 338
332 339
332 340
332 505
332 564
332 631
332 749
332 767
333 334
333 335
333 336
333 337
333 338
333 339
333 340
333 361
333 526
333 884
334 335
334 336
334 337
334 338
334 340
334 644
334 677
334 707
334 786
334 955
335 336
335 338
335 339
335 340
335 476
335 569
335 572
335 591
335 752
335 773
335 854
335 891
335 900
335 977
336 338
336 339
336 340
336 449
336 725
337 338
337 339
337 340
337 413
337 460
337 498
337 558
337 594
337 633
337 697
337 939
338 339
338 355
338 364
338 434
338 575
338 728
338 801
338 816
338 951
339 340
339 411
339 465
339 474
339 635
339 964
340 341
340 488
340 556
340 587
340 760
340 867
341 344
341 345
341 346
341 347
341 349
341 350
341 357
341 465
341 511
341 727
341 903
341 961
342 343
342 344
342 345
342 347
342 350
342 422
342 596
342 649
342 671
342 852
343 344
343 347
343 350
343 407
343 459
343 772
343 850
344 345
344 346
344 347
344 348
344 349
344 350
344 356
344 510
344 537
344 682
344 742
344 834
344 919
344 970
345 346
345 347
345 348
345 349
345 367
345 536
345 660
345 665
345 737
345 928
346 347
346 349
346 350
346 464
346 465
346 553
346 598
346 629
346 674
346 715
346 819
346 887
346 961
347 348
347 349
347 574
347 618
347 625
347 682
347 685
347 937
348 349
348 437
348 622
348 702
348 819
348 920
348 955
348 962
348 985
349 350
349 386
349 476
349 535
349 689
349 746
350 405
350 569
351 352
351 353
351 354
351 355
351 356
351 357
351 358
351 359
351 360
351 580
351 813
351 932
351 941
352 353
352 354
352 356
352 357
352 358
352 359
352 360
352 404
352 492
352 903
352 943
352 986
353 355
353 356
353 357
353 358
353 359
353 360
353 396
353 653
353 749
353 981
354 356
354 357
354 358
354 359
354 360
354 413
354 709
354 845
354 985
355 356
355 357
355 358
355 359
355 661
355 703
355 715
355 938
355 939
355 997
356 358
356 359
356 360
356 397
356 532
356 542
356 635
356 726
356 803
356 811
357 359
357 360
357 399
357 471
357 542
357 676
357 864
357 902
357 942
358 359
358 360
358 472
358 491
358 545
358 632
358 709
358 746
358 852
359 360
359 391
359 526
359 560
359 580
359 634
359 694
359 830
359 924
360 384
360 428
360 696
360 702
360 758
360 778
360 866
361 363
361 365
361 368
361 369
361 370
361 448
361 569
361 671
361 734
362 363
362 364
362 366
362 367
362 368
362 369
362 370
362 377
362 466
362 608
362 614
362 615
362 723
362 893
362 904
362 996
363 364
363 365
363 366
363 367
363 368
363 369
363 394
363 420
363 522
363 659
363 760
363 763
363 816
364 365
364 366
364 368
364 369
364 370
364 463
364 504
364 560
364 685
364 745
364 801
364 999
365 367
365 368
365 369
365 370
365 401
365 405
365 468
365 521
365 544
365 558
365 619
365 876
365 996
366 369
366 370
366 421
366 428
366 461
366 652
366 724
366 904
367 368
367 370
367 425
367 518
367 552
367 563
367 669
367 840
367 968
368 370
368 511
368 546
368 607
368 616
368 644
368 667
368 699
368 737
368 776
368 802
368 938
368 945
369 370
369 380
369 410
369 509
369 544
369 558
369 614
369 634
369 678
369 712
369 764
369 870
369 977
370 514
370 606
370 737
370 760
370 830
370 920
370 957
371 372
371 373
371 375
371 376
371 377
371 378
371 379
371 380
371 426
371 591
371 854
371 964
371 972
372 373
372 375
372 376
372 377
372 378
372 379
372 512
372 599
372 685
372 695
372 854
372 895
373 374
373 375
373 376
373 377
373 378
373 379
373 380
373 388
373 626
373 889
374 375
374 376
374 378
374 379
374 380
374 508
374 509
374 519
374 648
374 703
374 793
374 795
374 901
375 376
375 378
375 379
375 380
375 636
375 652
375 681
375 697
375 968
376 377
376 378
376 379
376 380
376 402
376 421
376 700
376 773
376 774
376 803
376 964
377 378
377 379
377 380
377 489
377 603
377 997
378 379
378 380
378 444
378 518
378 670
378 706
378 788
378 806
378 819
378 865
378 887
378 905
378 992
379 420
379 454
379 525
379 604
379 674
379 711
379 730
379 731
379 990
380 483
380 492
381 382
381 383
381 384
381 385
381 386
381 387
381 388
381 389
381 410
381 573
381 575
381 597
381 687
381 746
382 384
382 385
382 386
382 387
382 388
382 389
382 390
382 439
382 598
382 609
382 632
382 653
382 870
382 911
383 384
383 385
383 387
383 390
383 575
383 754
383 877
384 385
384 386
384 387
384 388
384 389
384 390
384 398
384 442
384 454
384 699
384 784
384 918
385 387
385 388
385 389
385 390
385 413
385 499
385 721
385 723
385 981
386 387
386 388
386 389
386 390
386 424
386 826
386 883
386 959
387 388
387 389
387 397
387 521
387 522
387 528
387 734
387 817
387 825
387 828
387 844
387 891
387 934
387 991
388 389
388 390
388 453
388 486
388 623
388 796
388 867
388 923
388 1000
389 390
389 401
389 417
389 489
389 772
389 795
389 906
389 957
390 540
390 618
390 767
390 933
390 934
391 392
391 393
391 394
391 395
391 396
391 397
391 398
391 399
391 400
391 502
391 585
391 859
392 393
392 394
392 396
392 397
392 399
392 400
392 407
392 462
392 465
392 574
392 613
392 621
392 938
393 394
393 395
393 396
393 397
393 398
393 399
393 400
393 471
393 541
393 734
393 832
393 845
393 877
393 910
393 982
394 395
394 396
394 397
394 398
394 399
394 400
394 595
394 666
394 673
394 689
394 775
394 806
394 947
395 396
395 398
395 399
395 400
395 529
395 880
395 958
396 397
396 398
396 399
396 400
396 578
396 623
396 665
396 757
396 891
396 992
397 398
397 399
397 400
397 452
397 564
397 659
397 803
397 805
397 822
397 868
397 876
397 977
397 980
397 999
398 399
398 403
398 544
398 632
398 674
398 704
398 848
399 400
399 682
399 799
399 888
399 987
400 444
400 683
400 820
400 827
400 958
401 402
401 403
401 404
401 406
401 407
401 408
401 410
401 424
401 513
401 516
401 582
401 607
401 634
401 702
401 727
401 868
402 403
402 404
402 405
402 406
402 407
402 408
402 409
402 551
402 661
402 722
402 802
403 404
403 405
403 406
403 407
403 408
403 409
403 410
403 411
403 570
403 789
403 953
403 983
404 405
404 406
404 407
404 409
404 410
404 553
404 645
404 712
404 980
405 406
405 407
405 410
405 607
405 701
405 736
405 785
405 831
406 407
406 409
406 410
406 421
406 450
406 556
406 582
406 673
406 775
406 781
406 877
406 934
407 408
407 409
407 410
407 930
408 529
408 709
408 731
408 966
409 451
409 759
409 769
409 847
409 894
410 533
410 575
410 812
410 858
410 984
411 413
411 414
411 415
411 416
411 417
411 418
411 419
411 420
411 482
411 702
411 709
411 712
411 768
411 784
411 822
411 963
412 413
412 414
412 415
412 416
412 417
412 419
412 420
412 434
412 453
412 729
412 856
412 875
413 414
413 415
413 417
413 418
413 419
413 420
413 464
413 499
413 506
413 549
413 700
413 720
413 837
414 415
414 416
414 417
414 418
414 419
414 420
414 481
414 652
414 702
414 882
414 911
415 417
415 418
415 420
415 479
415 535
415 579
415 727
415 810
415 970
415 971
415 986
416 417
416 419
416 420
416 521
416 555
416 634
416 641
416 716
416 932
416 940
416 946
416 990
417 418
417 419
417 420
417 462
417 520
417 558
417 591
417 610
417 629
417 794
417 855
417 859
417 984
418 419
418 420
418 834
418 970
419 420
419 478
419 485
419 588
419 860
420 446
420 577
420 710
420 731
420 848
420 956
420 965
420 996
421 423
421 424
421 425
421 427
421 428
421 429
421 580
421 596
421 788
421 848
421 903
421 929
421 975
422 423
422 424
422 425
422 426
422 427
422 428
422 429
422 430
422 455
422 608
422 638
422 728
422 941
423 424
423 427
423 429
423 551
423 800
423 843
423 901
423 926
423 950
423 956
424 426
424 427
424 428
424 429
424 430
424 460
424 518
424 523
424 620
424 629
424 789
424 931
424 969
425 426
425 427
425 428
425 429
425 530
425 869
425 929
426 427
426 429
426 433
426 595
426 719
426 760
426 905
427 428
427 429
427 430
427 628
427 741
427 781
427 837
427 924
427 925
428 429
428 544
428 762
428 813
428 834
428 869
428 891
428 920
428 977
429 430
429 684
429 761
429 816
429 904
429 926
430 464
430 604
430 613
430 724
430 742
430 746
430 765
430 799
430 916
430 991
431 432
431 433
431 435
431 436
431 437
431 438
431 440
431 615
431 625
431 677
431 700
431 743
431 763
431 805
432 433
432 434
432 436
432 438
432 439
432 440
432 466
432 552
432 576
432 650
432 782
432 891
432 899
433 436
433 437
433 438
433 439
433 440
433 849
434 435
434 436
434 437
434 438
434 439
434 440
434 476
434 563
434 564
434 724
434 962
435 436
435 439
435 440
435 548
436 437
436 439
436 440
436 548
436 570
436 583
436 819
436 855
436 983
436 985
437 438
437 439
437 440
437 445
437 480
437 588
437 614
437 713
437 731
437 747
437 794
437 800
437 851
437 929
438 439
438 440
438 469
438 482
438 724
438 874
439 440
439 718
439 776
439 804
439 825
439 940
440 462
440 726
440 851
440 868
440 921
441 442
441 443
441 445
441 446
441 447
441 448
441 449
441 450
441 589
441 663
441 930
441 934
442 443
442 444
442 445
442 448
442 450
442 491
442 608
442 661
442 692
442 765
442 925
442 936
443 444
443 445
443 448
443 449
443 450
443 467
443 496
443 500
443 592
443 684
443 760
443 770
443 773
443 791
443 846
443 926
444 445
444 446
444 447
444 448
444 449
444 503
444 504
444 827
444 866
444 904
445 446
445 447
445 448
445 449
445 450
445 620
445 678
445 846
445 913
445 971
446 447
446 449
446 734
446 911
446 926
447 449
447 450
447 503
447 543
447 564
447 598
447 648
447 685
447 936
447 973
448 511
448 545
448 622
448 697
448 832
448 845
448 860
448 862
448 909
448 945
448 947
448 979
448 982
449 450
449 535
449 628
449 720
449 752
449 786
449 904
449 943
449 954
449 968
450 672
450 780
450 883
451 452
451 454
451 455
451 456
451 457
451 458
451 460
451 541
451 582
451 674
451 724
451 763
451 795
451 873
451 949
452 453
452 454
452 455
452 456
452 457
452 458
452 459
452 468
452 531
452 631
452 769
452 779
452 999
453 456
453 457
453 458
453 459
453 460
453 464
453 912
453 918
454 455
454 456
454 457
454 458
454 459
454 460
454 623
454 637
454 779
454 815
455 456
455 457
455 459
455 460
455 466
455 520
455 596
455 651
455 716
455 745
455 794
455 945
456 457
456 458
456 459
456 460
456 498
456 526
456 558
456 565
457 458
457 459
457 460
457 508
457 533
457 573
457 806
457 834
457 867
458 459
458 460
458 538
458 670
458 696
458 831
458 844
458 994
458 997
459 509
459 630
459 649
459 681
459 747
459 838
459 854
459 951
460 506
460 522
460 595
460 661
460 721
460 916
460 968
461 462
461 463
461 464
461 465
461 466
461 467
461 468
461 469
461 470
461 611
461 663
461 861
461 981
462 463
462 464
462 465
462 466
462 467
462 468
462 469
462 743
462 864
462 901
463 464
463 465
463 466
463 467
463 468
463 469
463 470
463 611
463 676
463 717
463 774
464 465
464 466
464 468
464 469
464 470
464 502
464 691
464 732
464 785
464 943
465 466
465 468
465 469
465 470
465 869
466 468
466 469
466 470
466 671
466 799
466 820
466 874
467 468
467 469
467 801
467 906
468 469
468 470
468 475
468 602
468 633
468 738
468 776
468 876
468 886
468 963
469 470
469 543
469 609
469 619
469 632
469 686
469 872
469 926
469 951
469 957
470 555
470 589
470 883
470 948
471 472
471 473
471 474
471 475
471 476
471 477
471 478
471 479
471 480
471 481
471 527
471 782
471 836
471 937
472 473
472 474
472 475
472 476
472 477
472 478
472 479
472 480
472 528
472 563
472 634
472 952
473 474
473 475
473 477
473 478
473 479
473 480
473 499
473 703
473 715
473 747
473 948
474 475
474 476
474 477
474 478
474 479
474 480
474 663
474 729
474 749
474 926
475 476
475 478
475 479
475 480
475 524
475 546
475 780
475 837
475 908
476 478
476 479
476 480
476 555
476 823
476 842
476 987
477 478
477 480
477 503
477 555
477 636
477 686
477 735
477 814
477 837
477 911
477 930
478 480
478 507
478 577
478 689
478 721
478 763
478 839
478 862
479 480
479 867
479 945
479 983
480 651
480 828
480 938
480 998
481 482
481 483
481 484
481 485
481 486
481 487
481 488
481 489
481 490
481 515
481 594
481 601
481 705
481 747
481 761
481 838
481 936
481 955
482 485
482 486
482 487
482 488
482 490
482 507
482 718
482 770
482 871
482 944
482 984
483 484
483 485
483 486
483 488
483 490
483 493
483 504
483 530
483 591
483 860
483 896
484 485
484 486
484 487
484 488
484 489
484 490
484 582
484 598
484 630
484 737
484 830
484 914
484 938
484 965
485 486
485 488
485 489
485 490
485 503
485 578
485 580
485 610
485 619
485 814
485 945
485 960
486 487
486 488
486 489
486 490
486 568
486 618
486 754
486 903
487 488
487 489
487 553
487 575
487 626
487 753
487 880
487 892
487 961
488 489
488 490
488 657
488 764
488 917
488 963
488 966
489 490
489 510
489 598
489 799
489 882
489 998
490 592
490 717
490 792
490 842
490 890
491 493
491 494
491 495
491 496
491 497
491 499
491 500
491 768
491 855
492 493
492 494
492 495
492 496
492 497
492 500
492 573
492 591
492 624
492 837
492 986
493 494
493 495
493 496
493 497
493 498
493 499
493 650
493 746
493 810
494 495
494 496
494 497
494 498
494 500
494 600
494 665
494 984
495 497
495 500
495 766
495 836
495 980
496 498
496 499
496 500
496 578
496 631
496 660
496 728
496 745
497 498
497 499
497 500
497 697
497 788
497 879
497 980
498 500
498 742
498 847
498 902
498 910
498 964
499 500
499 689
499 791
499 795
499 818
499 920
500 608
500 882
500 932
501 502
501 503
501 504
501 505
501 506
501 508
501 509
501 510
501 529
501 714
502 503
502 504
502 505
502 506
502 507
502 508
502 510
502 685
502 717
502 751
502 808
502 910
502 936
502 962
503 504
503 505
503 506
503 507
503 508
503 510
503 536
503 544
503 674
503 719
503 886
503 961
504 505
504 506
504 507
504 510
504 721
504 754
504 782
504 788
504 794
505 506
505 508
505 509
505 510
505 512
505 969
505 995
506 507
506 508
506 509
506 510
506 623
506 782
506 805
506 809
506 884
506 928
507 508
507 509
507 510
507 692
507 835
507 959
508 509
508 510
508 584
508 826
508 882
509 510
509 665
509 705
509 877
510 526
510 715
510 750
511 513
511 514
511 515
511 516
511 517
511 518
511 522
511 608
511 646
511 766
511 992
512 513
512 514
512 515
512 516
512 517
512 518
512 519
512 556
512 810
512 963
513 514
513 515
513 517
513 518
513 519
513 520
513 594
513 651
513 804
513 807
514 515
514 518
514 519
514 520
514 767
514 770
514 819
514 860
515 516
515 517
515 518
515 519
515 520
515 532
515 558
515 566
515 602
515 709
515 793
515 813
515 952
516 517
516 518
516 519
516 520
516 742
516 760
516 796
517 518
517 519
517 539
517 598
517 720
517 762
518 519
518 520
518 621
518 650
518 663
518 815
518 919
518 955
519 520
519 564
519 601
519 648
519 707
519 713
519 717
519 750
519 772
519 931
520 574
520 618
520 882
520 971
520 1000
521 522
521 523
521 524
521 525
521 526
521 527
521 528
521 530
521 671
521 697
521 827
521 861
521 872
521 897
522 524
522 525
522 528
522 529
522 530
522 605
522 647
522 678
522 721
522 778
523 524
523 525
523 527
523 528
523 529
523 530
523 560
523 577
523 627
523 670
523 693
523 923
524 525
524 526
524 527
524 529
524 530
524 584
524 621
524 934
524 999
525 526
525 527
525 528
525 529
525 530
525 588
525 635
525 791
525 797
525 869
525 874
525 928
526 527
526 528
526 529
526 530
526 537
526 541
526 572
526 573
526 649
526 826
526 890
526 929
527 528
527 611
527 655
527 659
527 825
527 902
528 529
528 530
528 615
528 870
528 876
528 953
529 530
529 595
529 612
529 680
529 731
529 739
529 806
529 854
529 859
529 885
529 931
529 957
529 962
530 627
530 673
530 789
531 532
531 533
531 534
531 535
531 536
531 726
531 791
532 534
532 535
532 537
532 538
532 539
532 540
532 562
532 563
532 613
532 813
532 941
532 954
533 534
533 536
533 537
533 538
533 539
533 540
533 591
533 718
533 833
533 838
533 858
533 936
534 535
534 536
534 537
534 538
534 539
534 540
534 614
534 633
534 746
534 748
534 753
535 536
535 538
535 540
535 541
535 766
535 801
535 882
535 894
536 537
536 538
536 539
536 540
536 542
536 653
536 762
536 822
536 847
536 898
536 986
537 538
537 540
537 573
537 615
537 904
538 539
538 540
538 689
538 824
538 826
539 540
539 588
539 926
539 958
540 573
540 579
540 654
540 685
540 817
540 901
540 991
541 542
541 543
541 544
541 545
541 546
541 548
541 549
541 550
541 753
541 788
542 543
542 544
542 545
542 546
542 547
542 548
542 550
542 742
542 749
542 927
542 936
543 544
543 546
543 549
543 550
543 572
543 748
543 833
543 863
544 545
544 546
544 548
544 550
544 557
544 655
544 744
544 928
545 546
545 547
545 548
545 549
545 550
545 652
545 730
545 753
545 844
545 907
545 926
546 547
546 548
546 549
546 550
546 721
546 739
546 785
546 944
547 548
547 549
547 550
547 650
547 722
547 798
547 830
547 873
548 549
548 550
548 721
548 740
548 802
548 845
548 904
548 916
548 960
548 999
549 550
549 681
549 727
549 950
550 756
550 773
550 880
551 552
551 553
551 554
551 555
551 557
551 558
551 559
551 725
551 847
552 553
552 554
552 555
552 556
552 557
552 558
552 559
552 679
552 741
552 743
552 826
552 828
553 554
553 555
553 556
553 557
553 558
553 559
553 561
553 665
553 681
553 733
553 793
553 924
554 556
554 557
554 558
554 559
554 560
554 572
554 752
554 868
554 886
555 556
555 558
555 559
555 560
555 587
555 610
555 728
555 800
555 902
555 995
556 557
556 558
556 559
556 560
556 598
556 603
556 619
556 777
556 865
556 962
557 558
557 559
557 560
557 589
557 592
557 684
557 692
557 749
557 832
557 925
558 559
558 560
558 700
558 776
558 801
558 884
558 923
558 933
558 988
559 565
559 740
560 623
560 647
560 734
560 858
560 863
560 868
561 562
561 563
561 565
561 567
561 569
561 570
561 624
561 834
561 999
562 564
562 565
562 568
562 570
562 693
562 767
562 873
562 944
563 564
563 565
563 566
563 567
563 568
563 569
563 723
564 566
564 567
564 568
564 570
564 601
564 761
564 797
565 566
565 567
565 568
565 569
565 570
565 743
565 877
566 567
566 568
566 569
566 570
566 587
566 821
566 867
566 869
566 886
566 895
567 568
567 569
567 570
567 708
567 776
567 864
567 922
567 998
568 569
568 570
568 685
568 754
568 853
568 893
568 997
569 570
569 571
569 576
569 612
569 615
569 711
569 716
570 653
570 835
570 899
570 905
571 572
571 573
571 574
571 575
571 577
571 578
571 580
571 742
571 801
572 573
572 574
572 576
572 577
572 578
572 579
572 580
572 752
572 760
572 851
572 868
572 899
572 994
573 574
573 575
573 576
573 577
573 578
573 579
573 580
573 665
573 729
573 817
573 832
573 952
574 575
574 576
574 577
574 578
574 579
574 580
574 674
574 692
574 750
574 772
574 837
575 576
575 577
575 579
575 580
575 594
575 650
575 674
575 834
575 920
576 577
576 580
576 617
576 775
576 796
576 894
576 927
577 578
577 579
577 590
577 683
577 754
577 875
577 988
578 579
578 580
578 893
578 902
578 944
579 580
579 599
579 704
579 788
579 839
579 901
580 601
580 837
580 850
581 582
581 583
581 584
581 585
581 586
581 587
581 588
581 589
581 590
581 689
581 847
582 583
582 584
582 585
582 586
582 587
582 588
582 589
582 590
582 619
582 711
582 801
582 937
583 584
583 585
583 587
583 588
583 589
583 590
583 613
583 712
583 833
584 585
584 586
584 587
584 588
584 589
584 590
584 718
584 748
584 754
584 776
584 794
584 955
585 586
585 587
585 588
585 589
585 590
585 711
585 712
586 588
586 589
586 590
586 612
586 713
586 846
587 588
587 589
587 590
587 879
588 589
588 590
588 593
588 700
588 723
588 790
588 907
588 950
589 590
589 692
589 806
589 901
589 927
589 952
589 979
590 669
590 702
590 706
590 809
590 963
591 594
591 595
591 596
591 597
591 598
591 599
591 600
591 667
591 948
592 593
592 594
592 595
592 596
592 597
592 598
592 599
592 600
592 664
592 793
592 816
593 594
593 595
593 596
593 597
593 598
593 599
593 600
593 640
593 762
593 840
593 910
594 595
594 597
594 598
594 599
594 600
594 659
594 779
594 839
594 874
595 596
595 597
595 599
595 600
595 714
595 808
595 827
595 928
596 597
596 658
596 697
596 783
596 832
596 886
597 598
597 599
597 919
598 599
598 662
598 821
598 823
598 918
599 600
599 640
599 837
600 638
601 602
601 603
601 604
601 605
601 606
601 608
601 609
601 610
601 612
601 616
601 712
601 732
601 892
602 604
602 605
602 606
602 607
602 609
602 610
602 752
602 767
602 882
602 976
602 990
603 604
603 605
603 606
603 607
603 608
603 609
603 610
603 925
603 928
604 605
604 606
604 608
604 609
604 610
604 829
604 898
605 606
605 608
605 912
606 607
606 608
606 609
606 635
606 639
606 676
606 763
606 777
606 882
606 952
607 608
607 609
607 610
608 609
608 610
608 650
608 826
609 626
609 642
609 695
609 715
609 920
610 679
610 841
610 842
611 612
611 613
611 614
611 615
611 616
611 617
611 618
611 619
611 620
611 734
611 918
611 942
612 613
612 615
612 616
612 618
612 620
612 704
613 614
613 617
613 618
613 620
613 645
613 753
613 820
613 822
613 891
614 615
614 617
614 618
614 620
614 655
614 660
614 741
614 862
614 896
615 616
615 617
615 618
615 619
615 620
615 674
615 765
615 852
615 874
616 617
616 619
616 829
616 865
616 892
616 931
617 618
617 619
617 620
617 637
617 739
617 744
617 747
617 785
617 813
617 831
617 947
618 619
618 620
618 832
618 869
618 901
619 620
619 683
619 737
619 778
619 793
619 838
619 843
619 868
619 907
619 916
620 714
620 721
620 724
620 804
620 925
620 971
621 622
621 623
621 626
621 627
621 629
621 630
621 866
621 889
621 930
622 623
622 624
622 625
622 626
622 627
622 628
622 629
622 687
622 867
622 977
623 624
623 625
623 626
623 627
623 628
623 629
623 678
623 762
624 625
624 626
624 628
624 630
624 648
624 754
624 877
624 969
624 973
624 991
625 626
625 627
625 628
625 629
625 630
625 799
625 843
625 896
625 904
625 918
626 627
626 628
626 629
626 775
627 628
627 629
627 630
627 768
628 629
628 630
628 677
628 719
628 730
628 808
629 873
629 993
630 639
630 722
630 826
630 951
630 953
631 632
631 637
631 638
631 639
631 640
631 966
632 635
632 637
632 638
632 639
632 640
632 661
632 686
632 730
632 745
632 783
632 951
632 977
632 981
632 991
633 634
633 635
633 636
633 638
633 639
633 649
633 681
633 754
633 796
633 882
633 918
633 959
634 635
634 636
634 637
634 638
634 639
634 727
634 763
634 801
634 811
634 995
635 636
635 637
635 638
635 639
635 640
635 975
636 637
636 639
636 640
636 797
637 639
637 641
637 775
637 846
637 857
638 639
638 640
638 867
638 991
639 640
639 885
639 886
640 930
641 643
641 644
641 645
641 646
641 647
641 650
641 658
641 738
641 749
641 757
641 844
641 856
642 643
642 644
642 645
642 647
642 648
642 649
642 650
642 858
642 886
643 644
643 646
643 647
643 648
643 650
643 666
643 679
643 681
643 788
643 877
643 941
644 645
644 646
644 647
644 648
644 649
644 650
644 657
644 688
644 821
645 646
645 647
645 648
645 650
645 703
645 735
645 887
646 648
646 649
646 650
646 655
646 855
646 900
646 967
647 648
647 649
647 650
647 668
647 736
647 775
647 960
648 649
648 650
648 665
648 706
648 869
648 977
648 995
649 650
649 792
649 940
650 677
650 773
650 811
650 826
650 911
651 652
651 653
651 654
651 655
651 657
651 658
651 659
651 805
651 954
652 653
652 654
652 655
652 656
652 658
652 659
652 660
652 803
652 922
653 654
653 655
653 656
653 659
653 660
653 798
653 952
654 655
654 656
654 658
654 659
654 660
654 949
654 956
654 976
655 656
655 658
655 659
655 660
655 699
655 935
656 657
656 658
656 659
656 864
657 658
657 659
657 702
657 714
657 871
657 958
658 660
658 861
658 989
659 660
659 832
659 842
659 918
659 978
660 688
660 719
660 760
660 848
661 665
661 668
661 669
661 670
661 702
661 734
661 768
661 936
662 663
662 664
662 665
662 666
662 667
662 688
662 812
662 883
662 958
663 666
663 668
663 669
663 670
663 777
663 905
663 954
664 666
664 667
664 668
664 669
664 670
664 760
664 763
664 764
664 800
664 922
665 666
665 667
665 669
665 670
665 681
665 772
665 816
665 902
665 908
666 667
666 668
666 669
666 735
666 742
666 793
666 888
666 889
667 668
667 669
667 670
667 684
667 967
668 669
668 670
668 772
668 798
668 843
669 670
670 703
670 746
670 808
670 915
671 672
671 673
671 674
671 675
671 676
671 677
671 678
671 679
671 829
672 673
672 675
672 676
672 678
672 679
672 680
672 681
672 721
672 822
672 826
672 866
672 978
673 674
673 675
673 677
673 678
673 679
673 680
673 810
673 811
673 961
673 977
674 675
674 676
674 677
674 678
674 679
674 700
674 754
674 808
674 818
674 899
674 946
674 993
675 676
675 677
675 678
675 679
675 680
676 677
676 680
676 742
676 753
676 821
676 957
677 679
677 691
678 679
678 712
678 740
678 781
678 965
679 704
679 780
680 754
680 764
680 767
680 817
680 846
681 682
681 683
681 684
681 685
681 686
681 687
681 688
681 689
681 690
681 806
681 904
681 936
682 683
682 684
682 685
682 686
682 687
682 688
682 689
682 690
682 722
682 783
682 834
682 838
682 968
683 684
683 685
683 687
683 688
683 689
683 690
683 728
683 764
683 873
684 685
684 687
684 688
684 690
684 737
684 791
685 686
685 687
685 688
685 689
685 690
685 704
685 753
685 853
685 929
686 687
686 688
686 689
686 795
686 810
686 861
687 688
687 689
687 690
687 708
687 787
687 824
688 689
688 690
688 725
688 763
688 785
688 829
688 863
688 911
689 690
689 703
689 835
690 740
690 798
691 692
691 693
691 694
691 695
691 696
691 697
691 699
691 700
691 803
692 693
692 694
692 695
692 696
692 697
692 698
692 699
692 700
692 720
692 798
693 694
693 695
693 696
693 697
693 698
693 699
693 700
693 715
693 888
694 695
694 697
694 698
694 700
694 797
695 697
695 698
695 700
695 708
695 719
695 778
696 697
696 698
696 699
696 700
696 777
696 804
696 887
697 699
697 700
697 885
697 905
697 923
698 699
698 700
698 791
698 956
698 966
698 967
698 980
699 700
699 723
699 848
699 870
699 916
700 776
700 793
700 849
700 850
700 907
700 910
701 702
701 703
701 705
701 706
701 707
701 708
701 710
701 732
701 741
701 947
702 703
702 704
702 705
702 706
702 707
702 710
702 757
702 856
702 887
703 704
703 706
703 707
703 708
703 709
704 705
704 706
704 707
704 709
704 823
704 965
705 706
705 707
705 708
705 709
705 782
705 798
706 707
706 708
706 709
706 782
706 825
706 995
707 708
707 709
707 710
708 709
708 710
708 841
708 985
709 710
709 777
709 883
709 893
710 752
710 869
710 900
710 934
711 712
711 714
711 715
711 716
711 717
711 718
711 719
711 720
711 723
711 796
711 863
711 880
711 889
712 713
712 715
712 716
712 717
712 720
712 750
712 881
713 714
713 715
713 716
713 719
713 775
713 864
714 715
714 716
714 717
714 718
714 719
714 720
714 808
714 821
714 981
714 986
715 716
715 717
715 718
715 719
715 765
715 798
715 849
715 961
715 992
716 717
716 718
716 719
716 777
716 859
716 944
717 718
717 719
717 720
717 770
718 719
718 720
718 747
718 791
718 882
718 962
718 981
719 720
719 733
719 741
719 790
719 837
720 791
720 900
721 723
721 724
721 725
721 726
721 727
721 728
721 729
721 852
721 889
722 723
722 724
722 725
722 727
722 729
722 730
722 748
722 791
722 801
722 811
722 844
722 924
722 986
723 724
723 726
723 727
723 728
723 729
723 730
723 751
724 726
724 727
724 728
724 730
724 832
724 887
724 924
724 953
724 958
725 728
725 729
725 870
726 727
726 729
726 730
726 951
726 954
726 985
727 728
727 729
727 730
727 743
727 768
727 831
727 861
727 895
728 729
728 730
728 738
728 783
728 971
728 995
729 730
729 818
729 866
729 913
729 956
730 865
730 940
731 733
731 734
731 735
731 739
731 740
731 869
731 881
731 935
732 733
732 734
732 735
732 736
732 737
732 738
732 757
732 764
732 820
732 905
732 989
733 735
733 737
733 738
733 739
733 740
733 760
733 785
733 787
733 815
733 845
733 977
734 736
734 738
734 739
734 740
734 749
735 736
735 737
735 739
735 740
735 830
735 844
736 737
736 738
736 739
736 740
736 785
736 787
736 941
736 946
737 738
737 739
737 740
737 742
737 762
737 797
737 910
737 934
738 739
738 740
738 858
738 920
738 1000
739 740
739 925
740 742
740 784
741 743
741 744
741 745
741 747
741 748
741 749
741 750
741 833
742 743
742 744
742 745
742 746
742 747
742 748
742 749
742 750
742 771
742 801
742 995
743 745
743 746
743 747
743 748
743 749
743 751
743 781
743 818
743 830
743 842
743 945
744 745
744 747
744 748
744 749
744 781
744 795
744 832
744 886
744 922
744 974
745 747
745 748
745 750
745 761
745 949
745 1000
746 747
746 748
746 749
746 750
746 894
746 956
746 975
747 748
747 749
747 750
747 754
747 819
747 831
747 870
747 971
747 981
748 749
748 750
748 841
748 861
749 842
749 886
750 778
750 803
750 844
751 752
751 753
751 755
751 757
751 758
751 781
752 753
752 754
752 755
752 757
752 758
752 759
752 760
752 782
752 949
752 987
753 757
753 758
753 759
753 760
753 770
753 851
753 943
753 999
754 755
754 758
754 759
754 760
754 800
754 810
754 818
754 873
754 961
754 992
755 756
755 758
755 759
755 760
756 757
756 758
756 759
756 760
756 842
756 863
756 940
757 758
757 760
757 802
758 759
758 760
758 874
759 760
759 859
759 921
759 969
759 991
760 764
760 827
760 894
760 948
761 762
761 763
761 764
761 765
761 768
761 769
761 770
761 795
762 764
762 765
762 766
762 768
762 769
762 770
762 778
762 797
762 977
762 983
763 764
763 765
763 766
763 767
763 768
763 769
763 770
763 836
763 891
764 766
764 767
764 768
764 769
764 770
764 885
764 910
765 766
765 768
765 769
765 770
765 959
766 767
766 768
766 769
766 770
766 967
766 986
767 768
767 769
767 770
767 777
767 874
768 769
768 770
768 806
769 770
769 864
769 882
769 897
770 784
770 841
770 891
770 896
770 983
771 775
771 776
771 777
771 779
771 780
771 803
771 810
771 856
771 891
772 773
772 774
772 775
772 776
772 777
772 778
772 779
773 774
773 775
773 776
773 777
773 778
773 779
773 884
773 913
773 967
774 775
774 776
774 777
774 778
774 779
774 780
774 932
775 776
775 777
775 778
775 779
775 780
775 869
776 777
776 779
776 780
776 806
776 824
776 919
776 985
777 778
777 779
777 780
777 819
777 848
777 950
778 779
778 780
778 945
779 780
779 978
780 817
780 937
781 782
781 783
781 784
781 785
781 786
781 787
781 788
781 789
781 790
781 950
781 977
782 783
782 784
782 785
782 786
782 787
782 788
782 789
782 916
783 784
783 785
783 786
783 788
783 789
783 790
783 850
783 955
784 785
784 786
784 788
784 789
784 790
784 821
784 886
784 942
784 947
784 964
785 786
785 787
785 788
785 789
785 790
785 812
785 948
786 787
786 788
786 790
786 832
786 842
786 849
786 917
786 964
787 789
787 889
787 891
788 789
788 842
788 912
789 790
789 833
789 944
790 807
790 977
791 793
791 794
791 795
791 797
791 798
791 799
791 800
791 917
791 956
791 995
792 793
792 794
792 795
792 796
792 797
792 798
792 799
792 800
792 911
792 923
793 794
793 798
793 799
793 866
793 889
793 913
793 968
794 795
794 796
794 797
794 800
794 986
795 797
795 798
795 799
795 800
795 955
795 978
796 798
796 799
796 800
796 890
797 798
797 799
797 800
797 817
797 869
797 880
797 895
798 800
798 835
798 899
800 829
800 923
801 802
801 803
801 804
801 807
801 808
801 809
801 810
801 833
801 857
801 914
801 923
802 803
802 804
802 805
802 806
802 807
802 808
802 809
802 879
803 804
803 805
803 806
803 807
803 810
803 907
803 946
804 805
804 806
804 808
804 970
805 806
805 807
805 810
805 918
805 993
806 807
806 808
806 809
806 810
806 817
806 872
806 923
807 808
807 809
808 809
808 810
808 848
808 919
808 939
808 943
809 810
809 893
810 884
810 959
811 813
811 814
811 815
811 816
811 818
811 820
811 839
812 813
812 814
812 815
812 816
812 817
812 818
812 819
812 820
812 881
813 814
813 816
813 817
813 819
813 820
813 889
814 817
814 818
814 819
814 873
814 963
814 974
815 816
815 817
815 818
815 849
816 818
816 820
816 932
817 820
817 949
818 820
818 851
818 863
818 925
818 967
818 978
820 903
820 931
820 932
820 934
821 822
821 823
821 824
821 825
821 826
821 828
821 829
821 830
821 950
821 955
822 824
822 825
822 826
822 828
822 829
822 830
822 883
822 944
823 825
823 827
823 829
823 830
823 875
823 907
823 975
824 825
824 826
824 827
824 828
824 829
824 830
825 827
825 828
825 829
825 830
825 986
826 827
826 829
826 830
826 919
827 828
827 829
827 830
827 899
827 900
827 961
827 966
827 992
828 829
828 830
828 836
829 830
830 997
831 833
831 834
831 835
831 836
831 837
831 840
832 833
832 834
832 835
832 836
832 837
832 840
832 989
833 834
833 835
833 836
833 837
833 838
833 840
833 847
833 944
833 966
834 835
834 836
834 837
834 838
834 839
834 842
835 837
835 838
835 839
835 840
835 859
836 837
836 838
836 839
836 840
836 841
836 920
837 838
837 839
837 840
837 948
838 840
839 840
839 862
839 946
839 964
840 850
840 915
841 842
841 843
841 845
841 846
841 848
841 849
841 850
841 851
841 891
841 961
841 965
842 843
842 844
842 846
842 847
842 848
842 850
842 870
842 924
842 973
842 993
843 847
843 848
843 849
843 850
844 845
844 846
844 847
844 848
844 849
844 850
844 945
844 998
845 846
845 847
845 848
845 849
845 850
845 871
845 889
846 847
846 850
846 858
846 864
847 848
847 849
847 850
847 950
848 850
849 850
849 879
849 897
849 942
850 952
851 852
851 853
851 854
851 855
851 856
851 857
851 858
851 859
852 853
852 854
852 856
852 857
852 858
852 859
852 860
853 854
853 855
853 859
853 860
853 861
853 959
854 855
854 856
854 857
854 858
854 859
854 860
854 975
855 857
855 858
855 859
855 860
856 857
856 858
856 859
856 860
857 858
857 859
857 860
857 873
857 972
857 993
858 859
858 860
858 955
859 860
860 901
861 862
861 863
861 864
861 865
861 866
861 867
861 868
861 869
861 870
861 891
861 946
862 865
862 867
862 868
863 865
863 866
863 868
864 866
864 867
864 870
865 866
865 867
865 868
865 870
865 875
866 868
866 870
867 868
867 869
867 907
867 915
867 980
868 870
869 870
871 872
871 873
871 874
871 875
871 878
871 879
871 906
872 873
872 875
872 877
872 878
872 879
872 880
873 875
873 876
873 877
873 879
873 880
873 926
874 875
874 876
874 877
874 878
874 879
874 880
875 877
875 878
875 879
875 880
875 933
875 957
875 987
876 878
876 912
876 913
877 878
877 879
877 880
877 906
877 964
877 988
878 880
878 914
879 880
881 882
881 883
881 885
881 886
881 887
881 888
881 889
881 890
882 884
882 885
882 886
882 887
882 888
882 890
882 910
883 884
883 885
883 886
883 887
883 888
883 889
883 890
883 945
884 885
884 886
884 887
884 888
884 889
884 890
884 988
885 886
885 887
885 888
885 890
885 927
886 887
886 888
886 889
886 965
887 888
887 889
887 931
887 960
887 971
888 890
888 965
888 973
889 890
891 892
891 893
891 895
891 897
891 898
891 899
891 900
891 902
891 981
892 894
892 895
892 896
892 897
892 898
892 899
892 909
893 894
893 895
893 897
893 898
893 900
893 943
893 994
894 895
894 896
894 900
894 980
895 896
895 897
895 898
895 899
896 899
896 900
896 941
896 959
897 898
897 899
897 900
897 961
897 973
898 899
898 900
898 947
899 900
899 953
899 966
899 1000
900 950
901 902
901 904
901 906
901 907
901 909
901 910
901 964
902 903
902 904
902 905
902 907
902 908
902 909
902 910
902 966
903 904
903 905
903 906
903 907
903 908
903 982
903 987
904 905
904 906
904 907
904 908
904 909
904 910
905 906
905 910
905 913
906 909
906 919
907 908
907 909
907 910
907 923
908 909
908 924
908 996
910 948
911 912
911 913
911 914
911 915
911 916
911 917
911 919
911 920
912 913
912 914
912 915
912 916
912 917
912 930
912 970
912 990
912 992
913 914
913 915
914 915
914 916
914 917
914 918
914 919
914 920
914 921
915 916
915 917
915 918
915 919
915 920
916 917
916 918
916 919
916 920
916 928
917 918
917 919
917 920
917 987
918 919
919 920
919 966
921 922
921 923
921 924
921 925
921 926
921 927
921 929
921 930
921 931
922 923
922 924
922 925
922 926
922 928
922 930
923 924
923 925
923 926
923 927
923 929
923 930
923 979
924 925
924 926
924 927
924 928
924 929
924 958
925 926
925 927
925 928
925 929
925 930
926 927
926 928
926 929
926 930
926 944
926 985
927 928
927 929
927 930
927 975
928 930
929 930
929 952
929 984
931 932
931 933
931 935
931 937
931 938
931 940
931 941
932 934
932 935
932 936
932 937
932 939
932 940
932 966
932 967
933 934
933 935
933 936
933 938
933 939
933 940
934 936
934 937
934 938
934 939
934 940
934 988
935 937
935 938
935 939
935 940
936 938
936 939
936 940
937 938
937 940
938 939
938 940
938 954
939 940
940 944
940 954
940 986
941 943
941 944
941 945
941 946
941 947
942 943
942 946
942 947
942 948
942 950
943 945
943 946
943 947
943 948
943 949
943 950
944 945
944 947
944 949
944 950
944 975
944 986
945 946
945 948
945 949
945 950
946 947
946 948
946 949
946 950
946 999
947 948
947 949
947 987
948 949
948 963
949 950
950 984
951 955
951 956
951 957
951 958
951 959
952 954
952 955
952 957
952 958
952 959
952 960
953 954
953 955
953 956
953 957
953 958
953 959
953 960
953 981
954 955
954 956
954 957
954 958
954 959
954 960
955 956
955 957
955 958
955 959
955 960
955 994
956 959
956 960
957 958
957 960
959 960
959 992
961 962
961 963
961 964
961 965
961 967
961 968
961 969
961 970
962 963
962 964
962 965
962 966
962 968
962 969
962 970
962 991
963 964
963 965
963 966
963 967
963 968
963 969
963 970
964 966
964 967
964 968
964 970
965 967
965 968
965 969
965 970
966 967
966 969
967 969
968 969
968 970
969 970
969 995
971 972
971 975
971 976
971 977
971 978
971 980
972 973
972 974
972 976
972 977
972 978
972 979
972 980
973 974
973 975
973 976
973 977
973 978
973 979
974 975
974 976
974 977
974 978
974 979
974 980
975 976
975 977
975 978
975 979
975 980
976 977
976 978
976 979
977 978
977 980
978 980
981 982
981 983
981 984
981 985
981 986
981 987
981 988
981 989
981 990
982 983
982 984
982 985
982 986
982 987
982 989
982 990
983 984
983 985
983 986
983 987
983 989
983 990
984 985
984 987
984 989
984 990
985 986
985 988
985 989
985 990
986 987
986 988
986 989
986 990
987 989
987 990
988 989
988 990
989 990
991 992
991 993
991 994
991 995
991 996
991 997
991 998
991 999
991 1000
992 993
992 994
992 995
992 996
992 997
992 998
992 999
992 1000
993 995
993 998
993 999
994 995
994 996
994 997
994 999
994 1000
995 996
995 997
995 998
995 999
995 1000
996 997
996 999
997 998
997 999
997 1000
998 999
998 1000
999 1000
