1000 8610
1 3
1 4
1 5
1 6
1 7
1 8
1 9
1 10
1 100
1 164
1 358
1 384
1 426
1 483
1 504
1 585
1 645
1 661
1 738
1 883
1 908
1 938
2 3
2 4
2 5
2 6
2 7
2 8
2 10
2 57
2 118
2 427
2 547
2 566
2 604
2 816
2 833
2 942
3 4
3 5
3 6
3 7
3 8
3 10
3 307
3 332
3 365
3 387
3 419
3 653
3 732
3 828
3 884
3 980
4 5
4 6
4 8
4 9
4 10
4 552
4 649
4 728
4 987
5 6
5 7
5 8
5 10
5 121
5 183
5 258
5 284
5 377
5 406
5 563
5 577
5 588
5 783
5 831
5 836
5 969
5 973
5 989
6 7
6 8
6 9
6 10
6 46
6 49
6 67
6 86
6 232
6 307
6 408
6 437
6 450
6 452
6 562
6 619
6 622
6 742
6 806
6 827
6 846
6 915
6 954
7 8
7 9
7 26
7 169
7 207
7 297
7 449
7 567
7 634
7 755
7 999
8 9
8 10
8 58
8 104
8 122
8 201
8 282
8 404
8 416
8 634
8 690
8 784
8 804
8 991
9 10
9 179
9 239
9 269
9 323
9 524
9 528
9 609
9 645
9 779
10 114
10 120
10 179
10 251
10 260
10 522
10 547
10 633
10 642
10 909
10 942
10 944
11 12
11 13
11 14
11 15
11 17
11 18
11 19
11 20
11 175
11 182
11 463
11 565
11 654
11 671
11 719
11 741
11 801
11 857
11 864
11 896
11 974
12 13
12 14
12 15
12 17
12 18
12 19
12 20
12 22
12 217
12 378
12 394
12 494
12 583
12 647
12 748
12 975
13 14
13 15
13 16
13 18
13 19
13 20
13 23
13 33
13 100
13 174
13 223
13 308
13 514
13 599
13 656
13 736
13 803
13 853
13 869
13 876
13 913
13 983
14 15
14 16
14 18
14 19
14 29
14 153
14 208
14 297
14 471
14 509
14 834
14 846
15 17
15 18
15 19
15 228
15 324
15 443
15 565
15 584
15 722
15 770
15 783
16 18
16 19
16 20
16 107
16 346
16 505
16 558
16 778
16 880
16 896
17 18
17 19
17 20
17 141
17 167
17 211
17 231
17 236
17 266
17 278
17 485
17 649
17 706
17 745
17 883
17 890
18 19
18 20
18 145
18 468
18 541
18 604
18 879
18 983
19 20
19 44
19 84
19 140
19 368
19 495
19 638
19 821
19 829
19 910
19 925
20 48
20 56
20 369
20 400
20 403
20 799
20 821
20 849
20 934
20 944
20 964
20 968
21 25
21 26
21 27
21 28
21 29
21 30
21 77
21 200
21 246
21 516
21 679
21 853
21 922
21 954
21 996
22 24
22 28
22 29
22 30
22 164
22 264
22 317
22 413
22 460
22 578
22 686
22 716
22 934
22 948
22 960
22 982
23 24
23 25
23 26
23 27
23 28
23 29
23 30
23 187
23 202
23 336
23 675
23 744
23 784
24 25
24 26
24 28
24 29
24 30
24 112
24 132
24 301
24 405
24 558
24 668
24 783
24 885
25 27
25 29
25 99
25 132
25 192
25 216
25 510
25 511
25 550
25 672
25 737
25 745
25 886
26 27
26 28
26 30
26 41
26 57
26 181
26 637
26 639
26 786
26 965
27 28
27 29
27 30
27 85
27 153
27 177
27 186
27 305
27 343
27 425
27 435
27 467
27 518
27 530
27 593
27 605
27 624
27 627
27 650
27 788
27 827
27 922
27 965
27 968
28 29
28 30
28 278
28 395
28 412
28 492
28 523
28 608
28 696
28 700
28 797
28 831
28 875
28 885
29 30
29 119
29 207
29 414
29 568
29 617
29 677
29 820
29 834
29 939
30 159
30 246
30 256
30 500
30 625
30 660
30 708
30 788
30 804
30 935
30 991
31 32
31 34
31 35
31 36
31 38
31 39
31 126
31 193
31 217
31 316
31 653
31 686
31 727
31 766
31 813
31 980
32 33
32 34
32 35
32 36
32 37
32 38
32 39
32 40
32 177
32 204
32 506
32 777
32 804
32 826
33 34
33 35
33 36
33 37
33 38
33 39
33 84
33 160
33 235
33 283
33 370
33 469
33 574
33 594
33 701
33 823
33 878
33 888
33 949
33 986
34 35
34 37
34 40
34 339
34 348
34 539
34 576
34 597
34 670
34 710
34 722
34 881
34 892
34 934
34 965
35 36
35 37
35 39
35 40
35 130
35 186
35 408
35 543
35 561
35 567
35 586
35 778
35 812
35 828
35 872
36 37
36 38
36 39
36 40
36 124
36 344
36 569
36 636
36 667
36 687
36 698
36 938
37 38
37 39
37 40
37 63
37 164
37 183
37 271
37 284
37 527
37 530
37 622
37 686
37 699
37 929
37 994
38 39
38 40
38 378
38 458
38 704
38 743
38 810
38 879
38 947
38 969
38 989
39 40
39 44
39 233
39 277
39 899
40 69
40 83
40 246
40 263
40 426
40 539
40 547
41 42
41 43
41 44
41 45
41 46
41 47
41 48
41 49
41 50
41 72
41 92
41 144
41 147
41 228
41 266
41 410
41 501
41 548
41 610
41 611
41 724
41 836
41 840
41 859
41 863
42 43
42 44
42 46
42 47
42 48
42 49
42 50
42 296
42 435
42 455
42 505
42 547
42 566
42 582
42 689
43 44
43 45
43 46
43 47
43 48
43 49
43 50
43 157
43 219
43 248
43 348
43 376
43 421
43 435
43 466
43 635
43 697
44 45
44 46
44 47
44 49
44 50
44 213
44 274
44 332
44 516
44 553
44 582
44 682
44 806
44 851
44 965
45 46
45 48
45 49
45 50
45 289
45 403
45 441
45 639
45 959
46 47
46 48
46 49
46 50
46 72
46 136
46 332
46 370
46 463
46 475
46 495
46 496
46 520
46 592
46 685
46 688
46 788
46 813
46 866
46 904
47 48
47 49
47 50
47 172
47 194
47 224
47 271
47 456
48 50
48 53
48 142
48 232
48 327
48 362
48 421
48 545
48 591
48 698
48 754
48 803
48 956
49 50
49 110
49 395
49 397
49 417
49 501
49 569
49 617
49 628
49 684
49 766
49 806
49 819
49 829
49 839
49 929
49 958
50 227
50 685
50 744
50 753
50 813
51 52
51 54
51 55
51 56
51 57
51 58
51 59
51 60
51 158
51 193
51 196
51 236
51 724
51 790
51 889
51 977
52 53
52 54
52 56
52 57
52 59
52 138
52 182
52 268
52 313
52 377
52 490
52 575
52 736
52 792
52 813
52 886
53 54
53 55
53 56
53 57
53 59
53 60
53 156
53 328
53 377
53 438
53 445
53 615
53 635
53 685
54 55
54 56
54 58
54 59
54 133
54 222
54 651
54 925
55 56
55 57
55 60
55 126
55 147
55 401
55 554
55 682
56 57
56 59
56 60
56 188
56 251
56 254
56 295
56 416
56 459
56 460
56 471
56 481
56 516
56 654
56 728
57 58
57 59
57 60
57 71
57 78
57 167
57 507
57 600
57 610
57 675
57 684
57 797
57 848
57 890
57 986
58 59
58 60
58 136
58 199
58 295
58 448
58 498
58 499
58 503
58 554
58 606
58 681
58 713
58 772
58 785
59 60
59 221
59 435
59 658
59 913
59 930
59 932
60 61
60 75
60 92
60 239
60 268
60 293
60 377
60 479
60 727
60 871
60 896
61 62
61 63
61 64
61 65
61 70
61 206
61 336
61 723
61 948
61 951
62 63
62 64
62 65
62 66
62 67
62 68
62 69
62 274
62 317
62 465
62 970
63 64
63 65
63 66
63 67
63 68
63 70
63 200
63 325
63 557
63 578
63 585
63 695
63 785
64 65
64 66
64 67
64 68
64 80
64 183
64 349
64 355
64 541
64 581
65 66
65 67
65 68
65 69
65 70
65 403
65 407
65 587
65 667
65 730
65 844
65 848
66 68
66 69
66 70
66 104
66 511
66 683
66 745
66 790
66 968
67 68
67 69
67 70
67 90
67 103
67 223
67 310
67 315
67 329
67 405
67 727
67 968
67 993
68 69
68 70
68 112
68 118
68 217
68 343
68 494
68 535
68 584
68 840
68 958
69 70
69 187
69 289
69 304
69 365
69 505
69 911
70 142
70 169
70 241
70 253
70 351
70 462
70 505
70 604
70 735
70 945
70 959
70 966
70 977
70 985
71 72
71 73
71 74
71 75
71 76
71 78
71 79
71 80
71 344
71 360
71 379
71 380
71 400
71 407
71 608
71 612
71 916
71 923
71 936
71 940
72 73
72 74
72 75
72 77
72 79
72 80
72 109
72 124
72 179
72 363
72 371
72 377
72 790
72 795
72 831
72 868
73 75
73 77
73 78
73 79
73 115
73 118
73 178
73 180
73 188
73 274
73 287
73 343
73 375
73 510
73 615
73 720
73 934
73 962
74 76
74 77
74 78
74 80
74 343
74 363
74 555
74 616
74 728
74 845
74 852
74 856
74 900
74 951
75 76
75 77
75 78
75 80
75 97
75 231
75 402
75 431
75 652
75 813
75 864
76 77
76 78
76 80
76 92
76 173
76 301
76 416
76 439
76 503
76 597
76 685
76 726
77 78
77 80
77 186
77 199
77 235
77 422
77 501
77 535
77 771
77 840
78 79
78 80
78 278
78 288
78 402
78 449
78 495
78 775
78 779
79 80
79 156
79 271
79 275
79 322
79 395
79 445
79 555
79 756
79 770
79 925
79 935
79 956
80 123
80 221
80 352
80 353
80 418
80 556
80 595
80 637
80 718
80 986
81 82
81 83
81 84
81 85
81 86
81 88
81 89
81 90
81 389
81 500
81 642
81 713
81 843
81 898
82 84
82 85
82 88
82 89
82 90
82 200
82 298
82 373
82 374
82 499
82 580
82 814
83 84
83 87
83 88
83 90
83 204
83 382
83 406
83 510
83 619
83 758
83 909
83 972
84 85
84 86
84 88
84 89
84 90
84 263
84 564
84 798
85 86
85 87
85 89
85 104
85 176
85 229
85 395
85 449
85 718
85 761
85 811
85 829
85 847
85 852
85 855
86 87
86 88
86 89
86 90
86 185
86 198
86 276
86 287
86 582
86 638
86 650
86 655
86 680
86 766
86 873
87 89
87 90
87 131
87 261
87 657
87 774
87 860
87 947
88 89
88 90
88 226
88 253
88 320
88 416
88 513
88 609
88 691
88 883
88 904
88 942
89 90
89 93
89 150
89 213
89 251
89 270
89 333
89 349
89 522
89 611
89 694
89 834
89 838
90 152
90 462
90 614
90 883
90 941
90 987
91 92
91 93
91 94
91 95
91 96
91 98
91 100
91 112
91 198
91 401
91 462
91 506
91 587
91 588
91 774
91 842
91 992
92 93
92 94
92 95
92 96
92 97
92 98
92 100
92 408
92 545
92 577
92 583
92 622
92 713
92 759
92 891
93 94
93 97
93 98
93 99
93 138
93 384
93 490
93 608
93 613
93 794
93 827
93 862
93 975
93 981
94 95
94 96
94 97
94 98
94 99
94 100
94 125
94 327
94 332
94 416
94 420
94 614
94 973
94 978
95 97
95 98
95 99
95 100
95 133
95 160
95 181
95 203
95 211
95 414
95 481
95 662
95 770
95 778
95 847
95 876
95 959
96 97
96 98
96 99
96 148
96 246
96 274
96 444
96 470
96 534
96 562
96 708
96 946
97 98
97 99
97 163
97 265
97 289
97 388
97 514
97 550
97 655
98 99
98 100
98 101
98 271
98 367
98 569
98 760
98 824
98 995
99 100
99 265
99 268
99 381
99 409
99 439
99 442
99 444
99 553
99 562
99 567
99 578
99 599
99 747
99 797
99 803
99 989
100 102
100 128
100 454
100 485
100 552
100 864
100 986
101 102
101 103
101 105
101 106
101 108
101 109
101 110
101 195
101 390
101 448
101 456
101 806
102 103
102 104
102 105
102 107
102 108
102 110
102 493
102 566
102 571
102 660
102 703
102 712
102 769
102 915
102 918
103 104
103 105
103 106
103 107
103 108
103 147
103 159
103 198
103 218
103 321
103 383
103 400
103 565
103 757
103 775
103 940
103 959
104 105
104 106
104 107
104 108
104 109
104 110
104 176
104 224
104 273
104 384
104 478
104 498
104 553
104 937
104 976
104 982
105 106
105 107
105 108
105 109
105 110
105 257
105 330
105 351
105 373
105 567
105 662
105 798
105 820
105 874
105 994
106 107
106 109
106 110
106 140
106 222
106 261
106 262
106 435
106 486
106 526
106 615
106 715
106 742
107 108
107 109
107 110
107 164
107 354
107 408
107 539
107 562
107 615
107 658
107 690
107 850
107 932
107 970
108 109
108 110
108 130
108 195
108 475
108 598
108 632
108 692
108 760
109 110
109 141
109 149
109 279
109 391
109 905
110 202
110 379
110 567
110 636
110 954
110 967
111 112
111 114
111 116
111 117
111 119
111 120
111 358
111 373
111 488
111 540
111 627
111 641
111 805
112 113
112 114
112 115
112 117
112 118
112 120
112 258
112 372
112 394
112 624
112 885
113 114
113 115
113 116
113 117
113 118
113 119
113 120
113 339
113 388
113 396
113 530
113 670
113 698
113 777
113 809
113 959
113 961
113 999
114 115
114 116
114 117
114 118
114 119
114 120
114 173
114 275
114 276
114 533
114 679
114 787
114 814
114 898
114 958
115 116
115 118
115 119
115 120
115 220
115 227
115 324
115 643
115 648
115 654
115 766
115 821
115 953
116 117
116 118
116 119
116 120
116 337
116 374
116 439
116 662
116 685
116 761
116 782
116 855
116 984
117 118
117 119
117 120
117 178
117 302
117 353
117 534
117 567
117 664
117 879
117 947
117 948
118 119
118 120
118 130
118 286
118 358
118 501
118 553
118 560
118 810
118 863
119 120
119 251
119 694
119 841
119 988
120 188
120 207
120 268
120 309
120 383
120 391
120 448
120 823
120 999
121 122
121 123
121 125
121 126
121 127
121 128
121 129
121 130
121 212
121 595
121 702
121 820
121 843
121 853
121 944
121 952
122 123
122 124
122 125
122 126
122 127
122 128
122 129
122 130
122 199
122 239
122 369
122 378
122 627
122 721
122 723
122 998
123 124
123 125
123 126
123 129
123 130
123 157
123 280
123 304
123 305
123 391
123 480
123 511
123 607
123 622
123 801
123 859
123 925
124 125
124 127
124 128
124 129
124 130
124 191
124 412
124 471
124 474
124 693
124 736
124 783
124 834
124 962
124 968
125 126
125 127
125 128
125 129
125 200
125 234
125 592
125 728
125 938
125 990
126 127
126 128
126 129
126 130
126 230
126 308
126 848
126 903
126 923
127 128
127 129
127 130
127 511
127 524
127 564
127 613
127 675
127 875
127 905
128 129
128 130
128 284
128 316
128 725
128 827
128 960
129 130
129 150
129 165
129 199
129 226
129 383
129 519
129 673
129 705
129 864
129 986
130 167
130 382
130 456
130 546
130 720
130 882
130 911
130 931
131 132
131 133
131 134
131 135
131 136
131 137
131 138
131 139
131 140
131 457
131 522
131 524
131 542
131 619
131 629
131 682
131 711
131 776
131 822
131 823
131 1000
132 134
132 135
132 136
132 137
132 139
132 162
132 196
132 248
132 259
132 595
132 632
132 901
132 924
133 134
133 135
133 136
133 137
133 140
133 156
133 240
133 254
133 265
133 296
133 438
133 497
133 590
133 637
133 694
133 802
133 856
133 957
134 135
134 136
134 137
134 138
134 139
134 140
134 168
134 232
134 387
134 451
134 516
134 582
134 846
134 849
134 880
134 944
135 137
135 138
135 139
135 140
135 679
135 921
135 997
136 137
136 138
136 139
136 140
136 143
136 155
136 214
136 273
136 379
136 524
136 578
136 639
136 643
136 681
136 718
136 726
136 731
136 793
137 140
137 390
137 549
137 589
137 658
137 725
137 740
137 901
137 990
138 139
138 245
138 508
138 551
138 600
138 619
138 656
138 751
138 799
138 870
138 955
138 974
139 140
139 344
139 658
139 801
139 913
139 982
140 683
140 768
140 847
141 142
141 143
141 144
141 145
141 146
141 147
141 148
141 150
141 204
141 252
141 302
141 371
141 479
141 587
141 589
141 759
141 857
141 867
141 912
142 145
142 146
142 147
142 148
142 149
142 150
142 187
142 209
142 218
142 226
142 267
142 418
142 562
142 637
142 669
142 704
142 724
142 725
142 773
143 144
143 145
143 146
143 148
143 149
143 246
143 248
143 262
143 566
143 613
143 665
143 974
144 145
144 147
144 148
144 150
144 199
144 340
144 357
144 395
144 502
144 692
144 779
144 977
145 146
145 147
145 148
145 149
145 150
145 250
145 550
145 552
145 563
145 619
145 624
145 640
145 760
145 764
145 786
146 147
146 148
146 149
146 150
146 161
146 194
146 204
146 263
146 560
146 689
146 813
146 954
147 148
147 149
147 150
147 316
147 471
147 631
147 675
147 731
147 741
147 774
147 953
148 149
148 150
148 220
148 288
148 311
148 352
148 513
148 590
148 709
149 150
149 244
149 457
149 577
149 656
149 877
149 939
150 175
150 353
150 464
150 631
150 780
150 836
151 152
151 153
151 155
151 156
151 157
151 158
151 159
151 160
151 403
151 409
151 511
151 526
151 555
151 594
151 630
151 817
151 888
151 946
152 153
152 155
152 157
152 158
152 160
152 600
152 693
152 879
152 900
152 992
152 993
153 155
153 156
153 157
153 159
153 160
153 172
153 408
153 423
153 445
153 462
153 486
153 700
153 811
154 156
154 157
154 158
154 160
154 167
154 276
154 414
154 483
154 492
154 653
154 860
154 869
154 877
154 941
155 156
155 157
155 159
155 274
155 620
155 673
155 826
155 839
156 157
156 158
156 160
156 210
156 606
156 668
156 752
156 840
156 944
157 158
157 159
157 217
157 368
157 548
157 731
157 754
157 886
158 159
158 160
158 261
158 386
158 389
158 505
158 701
158 722
158 819
158 865
158 928
159 160
159 437
159 506
159 543
159 641
159 738
159 817
159 832
159 882
160 222
160 311
160 355
160 423
160 457
160 666
160 868
160 911
161 162
161 163
161 164
161 165
161 166
161 167
161 168
161 169
161 170
161 470
161 519
161 542
161 595
161 637
161 639
161 661
161 761
162 163
162 164
162 165
162 166
162 168
162 170
162 188
162 333
162 518
162 553
162 692
162 698
162 717
162 878
163 164
163 165
163 167
163 168
163 169
163 170
163 330
163 420
163 425
163 539
163 612
163 768
163 772
163 837
163 849
164 165
164 166
164 167
164 168
164 170
164 224
164 271
164 418
164 859
164 938
165 166
165 168
165 169
165 170
165 182
165 205
165 214
165 307
165 314
165 517
165 518
165 607
165 648
165 688
165 744
166 169
166 170
166 378
166 549
166 576
166 619
166 671
166 676
166 775
166 779
166 780
166 846
167 168
167 172
167 189
167 442
167 552
167 733
167 773
167 814
167 815
167 872
167 973
167 992
168 169
168 170
168 222
168 351
168 432
168 598
168 681
168 685
168 753
168 925
168 953
168 955
169 170
169 201
169 304
169 326
169 350
169 437
169 740
169 780
169 787
169 789
170 218
170 226
170 236
170 345
170 391
170 405
170 474
170 593
170 693
170 788
170 860
170 877
170 899
170 990
171 172
171 173
171 174
171 175
171 177
171 178
171 179
171 180
171 445
171 618
171 650
171 664
171 678
171 716
171 997
172 173
172 174
172 175
172 176
172 179
172 187
172 214
172 237
172 256
172 258
172 364
172 459
172 514
172 922
172 935
173 175
173 176
173 177
173 178
173 180
173 280
173 302
173 350
173 532
173 588
173 679
173 683
173 690
173 745
173 774
173 906
174 175
174 177
174 178
174 180
174 185
174 273
174 435
174 443
174 450
174 726
174 728
174 896
175 176
175 177
175 178
175 179
175 180
175 328
175 401
175 511
175 643
175 656
175 862
175 872
175 924
176 177
176 178
176 180
176 183
176 261
176 393
176 434
176 627
176 638
176 682
176 691
176 766
176 811
176 873
177 178
177 180
177 181
177 213
177 251
177 271
177 325
177 355
177 400
177 506
177 651
177 964
178 179
178 342
178 423
178 481
178 941
179 180
179 218
179 226
179 412
179 424
179 787
180 266
180 283
180 302
180 344
180 446
180 508
180 671
180 858
180 865
180 904
181 182
181 183
181 184
181 185
181 186
181 187
181 188
181 189
181 190
181 250
181 377
181 451
181 529
181 635
181 893
181 944
182 183
182 184
182 185
182 190
182 250
182 266
182 272
182 436
182 589
182 629
182 932
183 184
183 185
183 187
183 188
183 189
183 190
183 232
183 636
183 734
183 739
183 755
183 939
184 185
184 186
184 187
184 188
184 189
184 190
184 323
184 355
184 442
184 449
184 453
184 454
184 489
184 516
184 586
184 634
184 670
184 679
184 718
184 745
184 761
184 883
184 944
184 955
184 965
185 186
185 187
185 188
185 189
185 190
185 269
185 445
185 449
185 515
185 520
185 630
185 699
185 822
185 906
185 951
186 187
186 188
186 189
186 190
186 378
186 401
186 532
186 562
186 571
186 669
186 713
186 722
186 761
186 867
186 887
186 908
187 188
187 189
187 190
187 259
187 318
187 333
187 372
187 425
187 439
187 448
188 189
188 190
188 254
188 283
188 515
188 658
188 686
188 831
188 970
189 190
189 447
189 648
189 771
189 781
189 911
190 348
190 424
190 598
190 639
190 681
191 192
191 193
191 194
191 195
191 196
191 198
191 199
191 200
191 202
191 211
191 233
191 276
191 277
191 285
191 344
191 349
191 357
191 389
191 436
191 453
191 565
191 785
191 814
191 886
191 993
192 193
192 194
192 195
192 196
192 197
192 199
192 245
192 363
192 373
192 382
192 400
192 409
192 590
192 611
192 621
192 647
192 831
192 854
192 886
192 897
192 937
192 941
193 194
193 195
193 196
193 197
193 198
193 199
193 292
193 308
193 354
193 382
193 551
193 656
193 659
193 732
194 196
194 197
194 198
194 199
194 200
194 213
194 346
194 426
194 527
194 756
194 885
195 196
195 197
195 198
195 199
195 200
195 260
195 643
195 682
195 707
195 818
195 916
195 935
195 981
195 988
196 197
196 199
196 224
196 303
196 532
196 561
196 622
196 891
196 892
196 902
197 198
197 199
197 200
197 257
197 265
197 407
197 503
197 513
197 686
197 803
197 833
197 944
198 199
198 237
198 366
198 383
198 395
198 430
198 503
198 549
198 724
198 963
198 976
198 986
199 200
199 310
199 389
199 464
199 500
199 550
199 638
199 739
199 808
199 945
199 986
199 995
200 389
200 402
200 404
200 605
200 636
200 682
200 704
200 855
200 912
201 202
201 203
201 204
201 205
201 207
201 209
201 352
201 419
201 463
201 473
201 474
201 555
201 825
201 871
202 203
202 204
202 205
202 206
202 207
202 208
202 210
202 257
202 378
202 398
202 399
202 494
202 511
202 658
202 791
202 856
203 204
203 205
203 206
203 207
203 208
203 209
203 210
203 242
203 271
203 277
203 314
203 340
203 477
203 511
203 731
203 796
203 804
203 811
203 816
204 205
204 206
204 207
204 208
204 209
204 210
204 261
204 380
204 436
204 502
204 705
204 939
205 206
205 207
205 208
205 209
205 210
205 218
205 617
205 716
205 758
205 874
205 909
206 207
206 209
206 210
206 217
206 231
206 286
206 520
206 524
206 654
206 762
206 860
206 885
206 887
206 908
206 958
206 963
207 208
207 452
207 475
207 559
207 683
207 888
207 901
207 911
208 209
208 216
208 443
208 463
208 651
208 657
208 694
208 742
208 751
208 908
209 210
209 227
209 231
209 531
209 540
209 565
209 581
209 630
209 723
209 780
210 327
210 386
210 634
210 641
210 709
210 737
210 761
210 797
210 819
210 859
211 212
211 213
211 214
211 215
211 218
211 219
211 238
211 349
211 350
211 450
211 584
211 605
211 886
211 903
211 930
211 932
211 947
211 975
212 213
212 214
212 215
212 216
212 217
212 218
212 220
212 262
212 422
212 483
212 533
212 592
212 803
212 927
212 976
213 214
213 215
213 216
213 218
213 219
213 220
213 384
213 391
213 709
213 987
214 216
214 217
214 218
214 219
214 220
214 240
214 244
214 255
214 307
214 483
214 723
214 751
214 765
214 922
214 961
215 217
215 218
215 219
215 398
215 432
215 684
215 777
215 913
216 218
216 219
216 220
216 609
216 619
216 622
216 625
216 824
216 843
216 934
217 218
217 219
217 220
217 259
217 304
217 372
217 442
217 578
217 774
217 775
217 887
217 905
218 220
218 268
218 271
218 347
218 355
218 450
218 463
218 491
218 529
218 692
218 699
218 742
218 786
219 265
219 384
219 532
219 577
219 630
219 896
219 977
219 993
220 273
220 406
221 222
221 223
221 225
221 226
221 227
221 228
221 229
221 230
221 233
221 536
221 814
221 926
222 225
222 226
222 228
222 229
222 230
222 289
222 341
222 342
222 404
222 410
222 430
222 453
222 495
222 652
222 705
222 752
222 793
222 933
223 224
223 225
223 226
223 227
223 228
223 229
223 230
223 381
223 384
223 397
223 445
223 656
223 702
224 225
224 227
224 228
224 229
224 230
224 265
224 286
224 472
224 478
224 543
224 589
224 656
224 830
224 875
224 971
225 227
225 228
225 229
225 230
225 367
225 423
225 490
225 503
225 572
225 693
225 862
225 945
226 227
226 228
226 229
226 230
226 415
226 437
226 448
226 547
226 829
226 866
227 228
227 230
227 272
227 357
227 365
227 391
227 532
227 582
227 638
227 814
227 951
228 229
228 230
228 297
228 575
228 704
228 787
228 953
229 230
229 249
229 275
229 397
229 428
229 708
229 740
229 768
229 856
229 921
229 968
230 287
230 300
230 342
230 899
231 232
231 234
231 235
231 236
231 238
231 239
231 240
231 274
231 302
231 308
231 590
231 616
231 658
231 698
231 745
231 833
232 233
232 234
232 235
232 237
232 238
232 239
232 240
232 256
232 467
232 543
232 615
232 768
232 785
232 914
232 961
233 234
233 235
233 236
233 238
233 239
233 240
233 291
233 395
233 434
233 462
233 801
233 895
233 947
234 236
234 237
234 238
234 239
234 240
234 540
234 542
234 548
234 894
234 928
234 972
234 989
235 236
235 237
235 239
235 240
235 524
235 726
235 819
235 829
235 902
236 238
236 239
236 240
236 416
236 541
236 559
236 807
236 815
236 903
236 928
237 238
237 239
237 240
237 280
237 451
237 483
237 515
237 557
237 643
237 655
237 922
238 239
238 258
238 301
238 320
238 509
238 518
238 521
238 561
238 833
238 865
238 919
239 240
239 292
239 400
239 411
239 548
239 550
239 681
239 685
239 933
239 945
239 949
240 357
240 626
240 650
240 792
240 852
240 959
241 242
241 243
241 244
241 245
241 246
241 248
241 249
241 250
241 314
241 402
241 553
241 625
241 804
241 806
241 897
242 243
242 245
242 246
242 247
242 248
242 249
242 250
242 254
242 273
242 388
242 397
242 429
242 486
242 678
242 716
242 745
242 781
242 888
243 245
243 246
243 248
243 249
243 250
243 404
243 709
243 723
243 967
244 246
244 247
244 248
244 249
244 250
244 268
244 424
244 563
244 700
244 775
244 896
245 246
245 247
245 248
245 249
245 250
245 445
245 497
245 528
245 704
245 801
245 838
245 864
245 917
246 247
246 249
246 276
246 431
246 590
246 732
246 749
246 780
246 882
246 953
246 955
246 980
247 248
247 249
247 250
247 337
247 380
247 426
247 494
247 684
247 738
248 445
248 617
248 643
248 718
249 250
249 398
249 492
249 600
249 629
249 676
249 807
249 831
249 846
249 883
249 938
249 946
250 315
250 413
250 521
250 557
250 581
250 657
250 808
250 901
250 954
250 984
250 988
251 253
251 254
251 255
251 257
251 768
251 813
251 830
251 881
251 954
252 253
252 254
252 255
252 256
252 258
252 259
252 401
252 712
252 798
252 916
252 957
253 254
253 256
253 258
253 259
253 260
253 738
253 798
253 899
253 905
253 927
254 255
254 256
254 258
254 259
254 260
254 289
254 510
254 603
254 657
254 663
254 945
254 995
255 256
255 260
255 285
255 819
255 915
256 259
256 260
256 274
256 355
256 456
256 457
256 740
256 767
256 868
256 869
256 880
256 988
257 258
257 260
257 346
257 407
257 491
257 504
257 551
257 591
257 602
257 624
257 794
257 857
257 871
257 879
257 892
257 927
257 989
258 259
258 260
258 336
258 401
258 450
258 452
258 491
258 569
258 716
258 745
258 881
259 260
259 275
259 506
259 571
259 575
259 686
259 700
260 276
260 279
260 359
260 494
260 602
260 719
260 796
260 846
260 966
261 262
261 265
261 266
261 267
261 268
261 269
261 270
261 334
261 417
261 633
261 663
261 676
261 762
261 926
262 264
262 265
262 267
262 268
262 269
262 270
262 376
262 642
262 734
262 768
262 874
263 264
263 266
263 267
263 268
263 269
263 270
263 366
263 376
263 444
263 609
263 656
263 826
263 890
263 932
263 955
264 265
264 266
264 267
264 268
264 269
264 270
264 339
264 384
264 599
264 602
264 699
264 893
264 902
264 944
265 267
265 268
265 269
265 362
265 526
265 588
265 694
265 705
265 811
265 858
265 878
265 966
266 267
266 268
266 269
266 270
266 401
266 490
266 517
266 521
266 655
266 731
266 733
266 767
266 847
267 268
267 269
267 270
267 285
267 379
267 400
267 510
267 780
267 882
267 897
267 916
268 269
268 270
268 386
268 455
268 646
268 758
268 772
269 270
269 310
269 399
269 667
269 718
269 761
269 763
269 828
270 320
270 345
270 501
270 583
270 594
270 597
270 622
270 696
270 949
271 272
271 273
271 274
271 276
271 277
271 278
271 279
271 280
271 325
271 451
271 533
271 685
271 802
271 955
271 961
272 273
272 274
272 276
272 278
272 279
272 280
272 500
272 535
272 941
272 954
272 983
273 275
273 276
273 277
273 279
273 280
273 366
273 573
273 650
273 779
273 852
273 899
273 922
274 275
274 276
274 277
274 278
274 280
274 366
274 373
274 416
274 429
274 520
274 598
274 643
274 648
274 662
274 668
274 686
274 689
274 973
275 276
275 277
275 278
275 279
275 280
275 287
275 356
275 383
275 578
275 742
275 744
275 877
275 954
276 277
276 278
276 279
276 280
276 342
276 472
276 563
276 565
276 676
276 918
276 922
276 931
277 278
277 279
277 280
277 368
277 573
277 626
277 876
278 279
278 280
278 452
278 531
278 545
278 551
278 625
278 841
279 280
279 355
279 442
279 492
279 516
279 574
279 653
279 663
279 698
279 868
279 921
279 964
280 540
280 546
280 619
280 631
280 639
280 877
281 283
281 285
281 286
281 287
281 289
281 350
281 401
281 439
281 469
281 631
281 764
281 773
281 839
281 848
281 949
282 283
282 284
282 286
282 288
282 289
282 290
282 403
282 468
282 539
282 554
282 600
282 665
282 680
282 984
283 284
283 285
283 286
283 287
283 288
283 289
283 290
283 331
283 424
283 704
283 876
283 891
283 968
284 285
284 286
284 287
284 289
284 290
284 343
284 403
284 426
284 446
284 643
284 840
284 849
285 286
285 287
285 289
285 290
285 339
285 441
285 593
285 627
285 724
285 784
285 886
286 288
286 289
286 290
286 320
286 699
286 770
287 288
287 289
287 290
287 292
287 344
287 397
287 456
287 465
287 485
287 705
287 836
287 837
287 927
287 962
288 289
288 290
288 321
288 440
288 459
288 792
288 812
288 968
289 335
289 533
289 588
289 833
289 840
290 296
290 542
290 759
290 772
290 916
290 962
291 292
291 293
291 294
291 295
291 296
291 298
291 299
291 300
291 363
291 492
291 547
291 655
291 660
291 845
291 935
292 293
292 294
292 295
292 297
292 298
292 313
292 426
292 475
292 713
292 780
292 782
292 801
292 827
292 864
292 976
293 294
293 295
293 296
293 299
293 300
293 343
293 368
293 379
293 589
293 673
293 698
293 715
293 731
293 846
293 897
293 990
294 295
294 297
294 298
294 299
294 329
294 413
294 480
294 489
294 590
294 610
294 616
294 666
294 945
294 966
295 296
295 297
295 298
295 300
295 311
295 557
295 574
295 765
295 990
296 297
296 298
296 299
296 300
296 463
296 488
296 528
296 593
296 623
296 705
296 759
296 845
296 877
297 298
297 300
297 323
297 345
297 353
297 414
297 487
297 627
297 660
297 728
297 779
297 828
298 299
298 300
298 338
298 346
298 422
298 604
298 697
298 706
298 822
298 870
298 903
298 948
298 968
298 995
299 300
299 316
299 386
299 443
299 458
299 616
299 622
299 629
299 768
299 860
299 986
300 372
300 406
300 425
300 434
300 684
300 849
300 887
300 972
300 973
301 303
301 304
301 306
301 308
301 432
301 478
301 481
301 585
301 618
301 620
301 856
301 989
302 303
302 304
302 307
302 309
302 310
302 339
302 390
302 393
302 417
302 483
302 489
302 652
302 878
302 897
303 304
303 305
303 306
303 309
303 337
303 501
303 583
303 713
303 777
303 900
303 972
304 305
304 306
304 308
304 309
304 310
304 617
304 686
304 740
304 744
304 801
304 847
304 860
305 306
305 324
305 340
305 446
305 673
305 686
305 796
305 801
306 308
306 309
306 310
306 405
306 422
306 523
306 737
306 780
306 833
306 860
306 868
307 309
307 310
307 397
307 945
308 310
308 429
308 430
308 476
308 545
308 632
308 636
308 717
308 756
308 805
308 806
308 928
308 989
309 310
309 330
309 578
309 615
309 643
309 729
309 778
309 867
309 899
310 404
310 442
310 445
310 460
310 601
310 639
310 656
310 748
310 786
311 313
311 314
311 315
311 316
311 317
311 318
311 319
311 320
311 374
311 378
311 534
311 584
311 625
311 853
312 314
312 315
312 316
312 318
312 586
312 660
312 703
312 723
312 759
312 805
312 807
312 892
312 895
312 979
313 315
313 316
313 318
313 319
313 320
313 544
313 675
313 803
314 315
314 317
314 318
314 319
314 320
314 500
314 555
314 602
314 634
314 696
314 698
314 773
314 861
314 938
315 316
315 317
315 318
315 319
315 320
315 346
315 430
315 505
315 580
315 891
315 995
316 317
316 318
316 320
316 373
316 439
316 547
316 567
316 586
316 687
316 699
316 707
316 753
316 913
317 318
317 319
317 320
317 389
317 424
317 619
317 648
317 715
317 878
317 996
318 319
318 350
318 540
318 556
319 320
319 333
319 388
319 464
319 477
319 517
319 929
319 981
320 335
320 350
320 363
320 459
320 582
320 592
320 611
320 718
320 975
321 322
321 323
321 324
321 325
321 326
321 327
321 328
321 330
321 625
321 755
321 832
321 977
321 978
321 990
322 323
322 324
322 325
322 326
322 327
322 328
322 351
322 365
322 424
322 503
322 535
322 643
322 722
322 865
322 909
322 963
322 982
323 324
323 325
323 327
323 328
323 330
323 381
323 655
323 866
323 927
324 325
324 328
324 329
324 330
324 445
324 555
324 564
324 648
324 745
324 763
324 818
324 905
324 990
325 326
325 327
325 328
325 329
325 330
325 538
325 591
325 666
325 772
325 826
325 842
326 327
326 328
326 330
326 377
326 525
326 555
326 602
326 609
326 720
326 760
326 770
327 328
327 330
327 435
327 501
327 584
327 645
327 660
327 776
328 329
328 474
328 479
328 544
328 599
328 817
328 822
328 879
328 969
329 330
329 649
329 786
329 978
330 365
330 447
330 486
330 494
330 735
330 759
330 812
331 332
331 333
331 334
331 335
331 336
331 337
331 338
331 339
331 340
331 439
331 514
331 585
331 768
331 799
331 853
331 944
332 333
332 336
332 337
332 338
332 339
332 340
332 510
332 528
332 547
332 566
332 618
332 627
332 638
333 334
333 336
333 337
333 338
333 415
333 432
333 512
333 794
333 864
333 981
334 336
334 337
334 338
334 339
334 340
334 366
334 528
334 632
334 654
334 700
334 764
334 776
334 887
335 337
335 338
335 340
335 498
335 649
335 793
335 811
336 337
336 338
336 339
336 340
336 412
336 418
336 426
336 448
336 694
336 697
336 761
336 806
337 339
337 340
337 364
337 371
337 537
337 665
338 339
338 340
338 355
338 378
338 379
338 499
338 500
338 522
338 560
338 571
338 587
338 713
338 736
338 897
339 340
339 495
339 520
339 674
339 763
339 969
340 609
340 647
340 742
340 808
340 832
340 918
341 342
341 343
341 345
341 346
341 349
341 350
341 408
341 432
341 476
341 498
341 535
341 588
341 622
341 648
341 874
341 923
342 343
342 344
342 345
342 346
342 347
342 348
342 349
342 350
342 352
342 519
342 532
342 888
343 344
343 345
343 346
343 348
343 349
343 350
343 424
343 474
343 484
343 755
343 757
343 778
343 909
344 345
344 346
344 347
344 348
344 349
344 350
344 405
344 525
344 530
344 652
344 726
344 866
345 347
345 348
345 349
345 350
345 495
345 623
345 733
345 736
345 991
346 347
346 348
346 349
346 350
346 425
346 451
346 642
346 677
346 696
346 748
347 348
347 350
347 361
347 464
347 613
347 629
347 695
347 808
347 879
347 992
348 349
348 350
348 407
348 476
348 612
348 727
348 734
348 864
349 350
349 769
349 829
349 985
350 394
350 424
350 516
350 778
350 783
350 946
351 352
351 353
351 354
351 355
351 356
351 357
351 359
351 360
351 388
351 506
351 736
351 758
351 766
351 791
351 821
351 846
351 888
351 955
352 353
352 354
352 355
352 357
352 359
352 360
352 382
352 566
352 590
352 683
352 792
352 814
352 908
353 354
353 355
353 356
353 357
353 358
353 431
353 444
353 663
353 831
353 892
353 920
354 355
354 356
354 357
354 358
354 359
354 360
354 380
354 512
354 650
354 742
355 356
355 358
355 359
355 360
355 365
355 429
355 479
355 489
355 629
355 719
355 752
355 800
355 883
356 358
356 360
356 539
356 709
356 785
356 953
357 358
357 360
357 381
357 424
357 531
357 613
357 614
357 626
357 658
357 677
357 740
357 806
357 952
358 360
358 599
358 642
358 745
358 804
358 855
358 868
359 360
359 574
359 713
359 856
360 473
360 541
360 574
360 659
360 812
360 853
360 856
360 918
360 947
361 362
361 363
361 364
361 365
361 366
361 367
361 368
361 369
361 370
361 772
361 919
361 956
362 363
362 365
362 366
362 367
362 368
362 369
362 370
362 440
362 458
362 556
362 593
362 744
362 787
362 825
362 897
362 952
362 979
363 364
363 365
363 366
363 367
363 368
363 369
363 370
363 534
363 702
363 833
364 365
364 366
364 369
364 370
364 493
364 541
364 831
364 876
364 901
364 918
364 947
365 366
365 367
365 370
365 420
365 525
365 532
365 568
365 716
365 855
365 984
365 987
366 367
366 368
366 369
366 373
366 386
366 462
366 518
366 534
366 664
366 703
366 772
366 818
366 862
366 885
366 889
366 902
366 972
367 368
367 369
367 370
367 487
367 498
367 503
367 571
367 577
367 751
367 837
367 851
367 913
367 957
367 960
367 968
368 369
368 465
368 584
368 864
368 940
368 998
369 370
369 413
369 492
369 666
369 719
369 727
369 752
369 851
369 888
369 946
369 989
370 382
370 570
370 699
370 714
370 792
370 869
370 899
371 372
371 373
371 374
371 375
371 376
371 377
371 378
371 379
371 380
371 581
371 684
371 739
371 818
371 926
372 373
372 374
372 376
372 377
372 378
372 379
372 380
372 430
372 469
372 651
372 717
372 735
372 750
372 945
373 374
373 375
373 376
373 377
373 378
373 421
373 454
373 557
373 606
373 683
373 705
373 791
374 375
374 376
374 377
374 378
374 379
374 380
374 606
374 641
374 805
374 837
374 915
374 940
374 969
374 996
375 376
375 377
375 379
375 380
375 443
375 493
375 613
375 625
375 702
375 985
376 377
376 378
376 379
376 380
376 401
376 586
376 751
376 808
376 836
376 949
376 978
377 378
377 380
377 607
377 676
377 754
377 780
377 806
377 912
377 917
378 379
378 380
378 394
378 637
378 648
378 665
378 670
378 828
378 841
378 860
378 915
378 916
378 937
379 381
379 594
379 696
379 824
379 988
379 993
379 998
380 539
380 597
380 624
380 896
380 956
381 382
381 383
381 384
381 385
381 386
381 387
381 389
381 390
381 668
381 690
381 829
381 872
382 384
382 385
382 386
382 387
382 388
382 389
382 390
382 418
382 543
382 750
382 757
382 766
382 778
383 384
383 385
383 386
383 387
383 388
383 389
383 390
383 416
383 463
383 783
384 385
384 386
384 388
384 389
384 390
384 759
384 854
384 952
384 953
385 386
385 387
385 389
385 390
385 392
385 502
385 504
385 535
385 678
385 827
385 847
385 879
385 920
386 387
386 388
386 389
386 390
386 440
386 607
386 823
386 862
386 930
387 390
387 423
387 451
387 520
387 550
387 662
388 390
388 438
388 600
388 645
388 690
388 981
389 390
389 518
389 924
390 595
390 985
390 988
391 392
391 393
391 394
391 395
391 396
391 397
391 398
391 399
391 400
391 572
391 781
391 787
391 894
391 902
392 393
392 394
392 395
392 397
392 400
392 421
392 446
392 615
392 726
392 832
392 922
392 997
393 394
393 395
393 396
393 397
393 398
393 399
393 400
393 436
393 470
393 628
393 672
393 750
393 807
393 920
393 924
394 396
394 397
394 398
394 400
394 976
395 396
395 397
395 398
395 399
395 400
395 421
395 439
395 684
395 702
395 846
395 858
395 955
396 397
396 398
396 399
396 573
396 715
396 738
397 400
397 470
397 474
397 485
397 628
397 813
397 852
397 906
397 910
398 399
398 400
398 444
398 595
398 645
398 675
398 703
398 868
398 928
399 400
399 412
399 439
399 664
399 686
399 688
399 819
400 420
400 610
400 778
400 832
400 840
401 402
401 405
401 407
401 408
401 409
401 418
401 511
401 514
401 794
402 403
402 405
402 406
402 407
402 408
402 409
402 410
402 476
402 593
402 621
402 883
403 404
403 406
403 582
403 653
403 683
403 867
404 405
404 407
404 408
404 409
404 410
404 752
404 790
404 826
404 845
404 854
404 862
404 925
404 979
405 407
405 408
405 409
405 410
405 429
405 520
405 687
405 830
405 923
406 407
406 408
406 409
406 410
406 456
406 532
406 591
406 606
406 634
406 680
406 863
406 872
406 936
406 977
407 408
407 409
407 611
407 673
407 714
408 409
408 410
408 516
408 575
408 626
408 707
408 753
408 850
409 410
409 477
409 788
409 910
409 912
409 928
410 463
410 495
410 604
410 609
410 614
410 669
410 962
410 981
411 412
411 413
411 414
411 415
411 416
411 417
411 418
411 419
411 617
412 413
412 414
412 416
412 417
412 418
412 419
412 420
412 520
412 574
412 732
412 813
412 945
413 414
413 415
413 416
413 417
413 418
413 420
413 688
413 742
413 821
413 846
413 912
414 415
414 416
414 417
414 418
414 419
414 428
414 431
414 540
414 625
414 676
414 783
414 850
414 922
414 938
415 416
415 417
415 418
415 419
415 589
415 596
415 645
415 944
416 417
416 418
416 419
416 446
416 686
416 754
416 832
416 855
416 870
416 914
416 963
417 418
417 419
417 420
417 455
417 472
417 570
417 591
417 633
417 705
417 797
418 462
418 551
418 646
418 755
418 814
418 818
418 850
418 872
418 908
419 420
419 683
419 730
419 818
419 879
420 485
420 540
420 580
420 817
420 885
420 955
421 423
421 424
421 426
421 427
421 428
421 453
421 559
421 599
421 645
421 683
421 971
421 975
422 423
422 424
422 425
422 426
422 427
422 428
422 429
422 430
422 444
422 522
422 563
422 643
422 660
422 672
422 835
422 888
423 424
423 425
423 426
423 427
423 428
423 430
423 454
423 602
423 695
423 828
423 834
424 426
424 429
424 430
424 453
424 588
424 644
424 865
424 938
425 426
425 427
425 428
425 429
425 484
425 593
425 803
426 428
426 429
426 430
426 559
426 723
426 818
426 943
426 957
426 958
427 428
427 429
427 430
427 476
427 589
427 621
427 628
427 648
427 649
427 666
427 881
427 938
428 429
428 430
428 435
428 455
428 721
428 838
428 869
428 885
429 430
429 663
429 681
429 704
429 876
429 936
429 994
430 436
430 626
430 690
430 856
430 904
430 992
431 433
431 434
431 435
431 436
431 438
431 439
431 440
431 515
431 531
431 536
431 664
431 816
431 893
431 904
431 967
432 434
432 435
432 436
432 438
432 439
432 440
432 502
432 617
432 667
432 689
432 755
432 912
433 434
433 436
433 437
433 439
433 440
433 488
433 919
434 437
434 438
434 439
434 508
434 538
434 807
434 860
435 436
435 438
435 439
436 437
436 438
436 439
436 440
436 471
436 499
436 511
436 648
436 729
436 914
437 438
437 440
437 479
437 512
437 557
437 592
437 643
437 710
437 918
438 440
438 600
438 923
438 974
439 440
439 457
439 534
439 719
439 806
439 855
440 445
440 569
440 776
441 442
441 443
441 444
441 445
441 446
441 447
441 448
441 449
441 450
441 463
441 534
441 555
441 621
441 814
441 837
441 882
441 897
442 443
442 447
442 448
442 450
442 494
442 524
442 543
442 753
442 967
443 444
443 445
443 446
443 447
443 448
443 450
443 678
443 778
443 843
443 892
443 909
443 965
444 448
444 450
444 452
444 605
444 657
444 701
444 882
444 909
444 919
445 447
445 449
445 450
445 600
445 614
445 732
445 746
445 770
445 878
445 967
446 448
446 449
446 450
446 512
446 558
446 560
446 641
446 746
446 776
446 804
446 863
446 964
446 970
446 986
446 988
447 448
447 449
447 450
447 503
447 625
447 719
447 853
447 965
448 450
448 471
448 570
448 706
448 735
448 808
448 843
448 844
448 923
449 450
449 538
449 647
449 914
450 526
450 787
450 807
450 897
451 452
451 455
451 456
451 457
451 458
451 459
451 484
451 629
451 689
451 753
451 856
451 922
451 938
451 965
451 978
452 454
452 456
452 457
452 459
452 460
452 563
452 616
452 619
452 683
452 819
452 822
453 454
453 455
453 456
453 459
453 460
453 552
453 561
453 614
453 619
453 661
453 683
453 748
453 766
453 977
454 455
454 456
454 458
454 459
454 460
454 473
454 474
454 521
454 667
454 692
454 977
455 456
455 458
455 459
455 460
455 671
455 756
455 781
455 789
455 876
455 977
456 457
456 459
456 460
456 498
456 598
456 693
456 734
456 908
457 458
457 460
457 720
457 853
457 860
457 863
458 459
458 460
458 595
458 640
458 804
458 858
459 460
459 674
459 832
460 685
460 775
460 889
461 464
461 465
461 467
461 468
461 469
461 470
461 669
461 726
461 938
462 463
462 464
462 465
462 467
462 470
462 519
462 539
462 581
462 626
462 898
462 966
463 464
463 465
463 466
463 468
463 469
463 470
463 497
463 675
463 715
463 737
463 763
463 831
463 940
464 466
464 467
464 468
464 469
464 470
464 476
464 494
464 518
464 526
464 553
464 578
464 630
464 659
464 686
464 944
465 466
465 468
465 469
465 470
465 512
465 715
465 812
466 467
466 468
466 469
466 659
466 717
467 468
467 469
467 470
467 561
467 693
467 870
468 469
468 470
468 820
468 981
469 470
469 567
469 612
469 680
469 815
469 981
469 996
470 525
470 557
470 713
470 897
471 473
471 475
471 476
471 478
471 479
471 480
471 603
471 660
471 693
471 728
471 761
471 773
471 800
471 803
471 854
471 857
471 902
471 991
472 474
472 475
472 476
472 477
472 479
472 613
473 474
473 475
473 476
473 477
473 479
473 484
473 872
473 982
474 475
474 476
474 477
474 478
474 480
474 673
474 956
475 476
475 477
475 479
475 480
475 507
475 516
475 652
475 868
475 900
476 478
476 479
476 480
476 621
476 643
476 660
476 685
476 796
477 478
477 479
477 480
477 558
477 592
477 620
477 748
477 845
477 898
478 479
478 480
478 518
478 551
478 567
478 601
478 786
478 948
479 480
479 623
479 936
479 959
480 485
480 578
480 696
480 704
480 720
480 784
480 937
481 482
481 483
481 484
481 485
481 486
481 488
481 490
481 512
481 566
481 609
481 649
481 688
481 882
482 483
482 485
482 487
482 488
482 489
482 516
482 812
482 841
482 895
483 484
483 485
483 486
483 487
483 488
483 489
483 490
483 613
483 896
483 921
483 954
484 485
484 486
484 487
484 489
484 660
484 813
484 895
484 923
485 486
485 487
485 488
485 490
485 537
485 600
485 867
485 936
486 487
486 488
486 869
486 949
487 490
487 511
487 695
487 782
487 884
487 923
488 489
488 490
488 573
488 824
488 847
488 906
489 490
489 572
489 577
489 635
489 683
489 746
489 816
489 851
489 970
490 677
490 701
490 755
490 760
490 800
490 802
491 492
491 494
491 495
491 496
491 497
491 498
491 499
491 541
491 547
491 620
491 655
491 699
491 797
492 493
492 494
492 495
492 496
492 498
492 499
492 500
492 610
492 637
492 658
492 703
492 785
492 791
492 957
493 494
493 495
493 496
493 499
493 500
493 569
493 631
493 690
493 730
494 495
494 497
494 498
494 500
494 505
494 569
494 626
494 648
495 496
495 497
495 498
495 515
495 523
495 848
495 949
495 950
496 497
496 498
496 499
496 500
496 533
496 566
496 612
496 792
496 986
497 498
497 499
497 500
497 504
497 746
498 499
498 634
498 744
498 858
498 945
499 500
499 724
499 730
499 736
499 751
499 867
499 888
499 914
499 987
499 1000
500 774
500 944
501 502
501 506
501 507
501 508
501 509
501 510
501 537
501 624
501 700
501 753
501 793
501 797
501 819
501 922
501 951
502 504
502 506
502 507
502 508
502 509
502 510
502 655
503 504
503 505
503 506
503 508
503 509
503 510
503 530
503 568
503 709
503 862
503 984
503 992
504 505
504 506
504 507
504 508
504 509
504 510
504 521
504 583
504 989
505 506
505 507
505 508
505 509
505 510
505 553
505 690
505 720
505 829
505 836
505 867
505 889
506 507
506 508
506 510
506 943
506 947
507 509
507 710
507 810
507 848
507 849
508 510
508 574
508 647
508 669
508 935
509 510
509 567
509 678
509 718
509 792
510 615
510 792
510 847
510 944
511 512
511 513
511 514
511 515
511 516
511 517
511 518
511 519
511 545
511 614
511 618
511 681
511 833
511 946
511 979
512 515
512 517
512 518
512 520
512 625
512 659
512 756
512 774
512 798
512 827
512 928
513 514
513 515
513 516
513 518
513 520
513 642
513 646
513 847
513 899
514 515
514 516
514 517
514 518
514 519
514 520
514 809
514 904
514 906
514 928
515 516
515 517
515 519
515 528
515 597
515 695
515 732
515 766
516 517
516 518
516 520
516 601
516 639
516 724
516 800
516 899
517 519
517 520
517 575
517 597
517 649
517 792
517 830
517 838
517 904
517 950
518 519
518 540
518 761
518 796
518 853
519 520
519 651
519 709
519 785
520 788
520 814
520 835
520 851
520 864
520 888
521 522
521 523
521 525
521 526
521 527
521 529
521 530
521 581
521 906
521 958
522 524
522 525
522 526
522 527
522 529
522 662
522 702
522 738
522 741
522 743
522 861
522 892
522 971
522 981
523 524
523 525
523 526
523 528
523 529
523 716
523 742
523 753
523 820
523 872
524 525
524 526
524 527
524 528
524 529
524 530
524 614
524 677
524 857
525 526
525 527
525 528
525 529
525 530
525 699
525 711
525 922
526 527
526 528
526 529
526 530
526 610
526 642
526 785
526 793
526 839
526 940
526 973
527 528
527 529
527 530
527 620
527 622
527 653
527 858
528 529
528 530
528 550
528 712
528 736
528 767
528 817
528 907
528 925
528 985
529 530
529 571
529 595
529 661
529 835
529 846
530 537
530 660
530 727
530 800
530 822
530 836
530 909
531 532
531 533
531 534
531 535
531 536
531 537
531 538
531 539
531 571
531 635
531 660
531 920
531 958
531 962
532 533
532 534
532 535
532 537
532 539
532 540
532 767
533 534
533 537
533 538
533 540
533 580
533 710
533 863
533 892
533 920
534 535
534 536
534 537
534 538
534 540
534 621
534 684
534 784
535 536
535 537
535 538
535 539
535 540
535 543
535 585
535 665
535 766
535 807
536 537
536 538
536 539
536 540
536 623
536 689
536 748
536 886
536 988
537 538
537 540
537 547
537 853
537 859
537 910
537 937
538 539
538 540
538 704
538 896
538 925
538 976
539 540
539 560
539 633
539 677
539 709
539 788
539 815
539 860
539 918
539 938
540 693
540 778
540 855
540 955
541 542
541 543
541 547
541 548
541 550
541 573
541 616
541 744
541 831
541 851
541 890
541 917
542 543
542 544
542 545
542 546
542 547
542 548
542 549
542 550
542 561
542 881
542 920
542 974
543 544
543 545
543 546
543 547
543 548
543 549
543 550
543 764
543 806
543 875
544 545
544 546
544 547
544 549
544 650
544 784
544 793
544 918
544 973
544 976
545 546
545 549
545 550
545 620
545 668
545 688
545 779
545 861
545 960
546 547
546 548
546 549
546 550
546 613
546 767
546 785
546 946
546 978
547 548
547 688
547 790
548 549
548 550
548 778
548 798
548 890
548 934
549 550
549 552
549 607
549 737
549 844
549 848
549 876
549 916
549 989
550 659
550 930
551 552
551 553
551 554
551 555
551 556
551 557
551 558
551 559
551 594
551 608
552 553
552 554
552 555
552 556
552 557
552 559
552 560
552 620
552 734
553 554
553 555
553 556
553 557
553 559
553 560
553 755
553 901
554 556
554 557
554 558
554 559
554 560
554 606
554 611
554 613
554 743
554 752
554 929
554 944
554 972
555 556
555 557
555 558
555 579
555 862
555 877
555 993
556 558
556 560
556 963
557 558
557 559
557 560
557 983
558 560
558 692
558 726
558 941
559 560
559 742
559 776
559 867
559 893
559 944
559 969
560 579
560 611
560 638
560 853
560 869
560 906
560 927
561 562
561 563
561 564
561 565
561 566
561 567
561 568
561 569
561 570
561 869
561 891
561 944
562 564
562 565
562 567
562 568
562 569
562 570
562 616
562 752
563 564
563 565
563 569
563 570
563 573
564 565
564 566
564 567
564 568
564 569
564 570
564 593
564 682
564 776
564 786
564 939
565 566
565 567
565 568
565 569
565 570
565 575
565 694
565 757
565 864
566 567
566 569
566 570
566 809
566 864
566 883
566 917
566 992
567 568
567 569
567 570
567 590
567 682
567 801
567 994
568 570
568 664
568 905
569 570
569 578
569 667
569 671
569 837
570 674
570 789
570 870
570 960
570 978
571 573
571 574
571 576
571 577
571 578
571 579
571 580
571 769
571 811
571 841
571 857
571 867
571 915
571 931
571 965
572 573
572 574
572 575
572 576
572 577
572 578
572 579
572 584
572 664
572 854
572 880
573 575
573 576
573 577
573 578
573 579
573 617
573 650
573 727
573 811
573 855
574 575
574 576
574 577
574 578
574 579
574 583
574 805
574 870
574 874
574 997
575 576
575 577
575 578
575 579
575 580
576 577
576 578
576 579
576 580
576 629
576 817
576 954
577 578
577 580
577 664
577 672
577 679
577 723
578 579
578 580
578 594
578 602
578 607
578 843
578 957
579 638
579 718
579 739
579 746
579 773
579 940
580 672
580 774
581 582
581 583
581 584
581 585
581 586
581 587
581 588
581 589
581 590
581 804
582 583
582 584
582 585
582 586
582 587
582 588
582 589
582 597
582 649
582 725
582 729
582 787
582 850
582 905
582 927
583 584
583 585
583 587
583 588
583 589
583 966
584 585
584 586
584 588
584 589
584 720
584 727
584 783
584 800
584 831
585 587
585 588
585 589
585 590
585 621
585 887
585 916
586 587
586 589
586 590
586 591
586 618
586 662
586 672
586 754
586 833
587 588
587 589
587 590
587 640
587 672
587 716
587 928
587 941
587 944
587 975
587 998
588 590
588 646
588 765
588 769
588 860
588 967
589 639
589 846
590 944
590 967
591 592
591 593
591 594
591 595
591 596
591 597
591 598
591 599
591 600
591 648
591 781
591 785
591 839
591 865
591 973
592 593
592 594
592 595
592 597
592 598
592 599
592 600
592 603
592 642
592 647
592 673
592 785
593 594
593 595
593 596
593 597
593 598
593 599
593 600
593 694
593 771
593 959
594 595
594 596
594 597
594 598
594 599
594 600
594 756
594 991
595 599
595 600
595 736
595 746
595 748
595 757
595 799
595 961
596 597
596 598
596 599
596 600
596 747
596 828
596 864
596 944
596 999
597 598
597 599
597 646
597 748
597 755
597 852
598 599
598 600
598 692
598 733
598 810
598 967
599 770
599 980
600 856
600 899
600 997
601 602
601 603
601 604
601 606
601 607
601 610
601 647
601 676
601 732
601 733
601 775
601 843
602 604
602 605
602 606
602 607
602 608
602 609
602 610
602 809
602 844
602 897
603 605
603 606
603 607
603 608
603 609
603 610
603 737
603 958
604 605
604 606
604 609
604 610
604 742
604 743
604 800
604 807
604 823
604 948
605 606
605 607
605 608
605 609
605 610
605 634
605 660
605 787
605 794
605 886
605 890
606 607
606 609
606 610
606 617
606 709
606 799
606 886
606 939
606 957
607 608
607 610
607 624
607 642
607 653
607 802
607 853
607 899
608 610
608 622
608 650
608 722
608 847
608 869
608 918
609 610
609 804
610 641
610 709
610 714
610 769
610 876
610 940
610 998
611 612
611 613
611 615
611 616
611 617
611 618
611 619
611 620
611 659
611 830
611 863
611 995
612 614
612 617
612 618
612 619
612 620
612 625
612 747
612 770
612 800
612 863
612 882
613 614
613 615
613 616
613 618
613 679
613 682
613 718
613 754
613 855
613 922
613 963
614 616
614 617
614 618
614 619
614 620
614 702
614 801
614 946
615 616
615 618
615 619
615 666
615 798
616 617
616 618
616 619
616 620
616 681
616 716
616 912
616 938
616 990
617 618
617 619
617 620
617 669
617 719
617 785
617 871
617 876
617 962
618 619
618 620
618 631
618 888
619 620
619 639
619 739
619 756
619 830
619 867
619 899
619 927
619 979
620 643
620 689
620 693
620 780
620 826
620 830
620 835
620 899
621 622
621 623
621 624
621 625
621 627
621 628
621 629
621 754
622 623
622 624
622 625
622 627
622 628
622 629
622 630
622 634
622 728
622 770
622 786
623 624
623 625
623 626
623 627
623 628
623 630
623 667
623 669
623 708
623 716
623 728
623 855
623 974
624 627
624 628
624 629
624 630
624 738
624 780
624 836
624 901
624 999
625 627
625 628
625 629
625 630
625 650
625 682
625 762
625 804
625 864
625 905
626 628
626 630
626 675
626 686
626 726
626 942
627 628
627 629
627 667
627 692
627 726
627 829
627 874
628 629
628 630
628 691
628 834
628 891
628 989
629 630
629 893
629 897
629 988
630 848
630 927
630 984
631 632
631 633
631 634
631 635
631 636
631 637
631 638
631 639
631 640
631 801
631 909
631 986
632 633
632 634
632 635
632 636
632 637
632 638
632 639
632 640
632 736
632 832
633 634
633 636
633 637
633 638
633 640
633 670
633 728
633 746
633 836
633 910
633 939
633 1000
634 635
634 637
634 639
634 640
634 770
634 870
634 874
634 901
634 954
634 1000
635 636
635 637
635 639
635 640
635 747
635 810
635 815
635 833
636 637
636 638
636 653
636 670
636 895
636 950
637 638
637 639
637 640
637 877
637 930
638 660
638 916
638 981
639 640
639 918
639 926
639 999
640 716
640 718
640 791
640 832
640 989
641 642
641 643
641 644
641 647
641 648
641 649
641 780
641 826
641 944
642 643
642 644
642 645
642 646
642 647
642 648
642 649
642 650
642 677
642 840
642 850
642 916
642 978
643 646
643 647
643 650
643 873
644 645
644 647
644 649
644 650
644 678
644 925
645 646
645 647
645 648
645 649
645 650
645 749
645 775
646 647
646 649
646 650
646 771
647 648
647 650
647 772
647 782
647 824
647 862
647 887
647 909
648 650
648 676
648 938
648 940
649 650
649 665
649 846
649 989
650 799
651 652
651 653
651 654
651 656
651 657
651 658
651 659
651 660
651 677
651 684
651 689
651 769
651 774
651 822
651 837
652 653
652 654
652 655
652 656
652 658
652 659
652 660
652 778
652 823
652 889
652 949
653 654
653 655
653 656
653 658
653 659
653 660
653 824
653 912
654 656
654 657
654 659
654 660
654 676
654 910
654 926
655 656
655 657
655 658
655 659
655 660
655 755
655 767
655 869
655 919
655 962
655 998
656 658
656 659
656 660
656 825
656 955
657 659
657 660
657 774
657 869
658 659
659 660
659 882
660 707
660 867
660 886
660 909
660 971
660 987
661 662
661 663
661 664
661 665
661 666
661 669
661 670
661 713
661 719
661 846
661 964
662 663
662 664
662 665
662 667
662 668
662 669
662 670
662 708
662 733
662 806
662 852
662 949
663 664
663 667
663 668
663 669
663 670
663 742
663 769
663 783
663 844
664 665
664 666
664 667
664 668
664 669
664 670
664 947
665 666
665 668
665 669
665 670
665 837
666 667
666 668
666 669
666 670
666 699
666 865
666 876
666 960
667 668
667 669
667 670
667 711
668 669
668 670
668 687
668 760
669 670
669 672
669 980
670 851
670 859
670 911
670 918
670 964
671 672
671 674
671 675
671 676
671 677
671 678
671 679
671 680
671 710
671 733
671 737
672 673
672 674
672 675
672 676
672 677
672 678
672 679
672 680
672 802
673 674
673 676
673 677
673 678
673 680
673 845
673 890
673 922
673 937
674 675
674 676
674 677
674 678
674 679
674 680
674 816
674 983
675 676
675 678
675 679
675 680
675 767
675 777
675 902
675 906
676 677
676 678
676 681
676 884
677 678
677 679
677 680
677 721
677 738
677 769
677 813
677 894
678 679
678 680
679 680
679 688
679 709
679 771
679 832
681 682
681 683
681 684
681 685
681 686
681 687
681 689
681 690
681 703
681 918
681 988
682 683
682 684
682 685
682 686
682 687
682 690
682 896
682 972
683 684
683 685
683 687
683 688
683 689
683 690
683 769
683 872
683 879
684 685
684 687
684 688
684 689
684 690
684 752
684 762
685 686
685 687
685 688
685 690
685 845
685 877
685 940
686 687
686 688
686 689
686 690
686 751
686 951
686 965
686 982
687 689
687 690
687 747
687 974
687 990
688 689
688 690
688 847
688 901
688 981
689 690
689 691
689 716
689 894
689 902
689 940
690 708
690 782
690 838
690 874
691 692
691 693
691 694
691 696
691 697
691 698
691 699
691 700
691 821
691 827
692 694
692 695
692 696
692 697
692 698
692 699
692 700
692 781
692 913
693 695
693 698
693 699
693 700
693 783
693 809
693 837
694 695
694 697
694 699
694 700
694 828
694 949
694 964
694 968
695 696
695 697
695 698
695 700
695 764
696 697
696 698
696 699
696 700
696 727
696 790
696 839
696 927
697 698
697 699
697 700
697 719
697 817
697 970
698 699
698 700
698 789
699 700
699 823
699 960
700 709
700 787
700 858
700 920
700 942
701 702
701 703
701 704
701 705
701 706
701 707
701 708
701 709
701 710
701 850
702 703
702 704
702 705
702 707
702 708
702 709
702 860
702 958
703 704
703 705
703 706
703 707
703 708
703 709
703 710
703 973
704 705
704 706
704 707
704 708
704 710
704 764
704 837
704 850
704 863
704 954
705 706
705 707
705 708
705 710
705 725
705 828
705 965
705 1000
706 707
706 708
706 709
706 710
707 708
707 709
707 710
707 741
707 775
707 850
708 709
708 710
708 739
708 753
708 911
709 710
709 946
711 713
711 714
711 717
711 719
711 720
711 724
711 818
711 869
711 968
712 713
712 714
712 715
712 718
712 719
712 720
713 714
713 715
713 716
713 717
713 718
713 719
713 720
713 778
713 947
714 715
714 718
714 719
714 829
714 846
714 945
715 716
715 717
715 718
715 719
715 720
715 809
715 902
715 977
716 717
716 718
716 719
716 720
716 851
716 852
717 718
717 719
717 745
718 719
718 720
718 749
718 797
719 811
719 815
719 920
719 951
720 745
720 797
720 803
720 972
720 985
721 722
721 723
721 724
721 726
721 728
721 729
722 723
722 724
722 725
722 726
722 729
722 730
722 857
722 865
723 724
723 725
723 726
723 727
723 730
723 819
724 725
724 726
724 727
724 729
724 730
724 897
725 726
725 727
725 728
725 729
725 730
725 743
725 857
725 945
726 728
726 730
726 848
726 882
726 911
726 977
727 728
727 729
727 730
727 764
727 973
727 980
728 729
728 780
728 789
728 840
728 892
728 968
729 730
729 753
729 883
729 994
730 774
730 927
731 732
731 733
731 734
731 735
731 736
731 737
731 739
731 787
731 837
731 875
732 733
732 734
732 735
732 736
732 737
732 738
732 739
732 740
732 745
733 735
733 736
733 739
733 740
733 804
733 810
733 837
733 974
734 736
734 738
734 739
734 740
734 748
734 842
734 883
734 884
735 736
735 737
735 738
735 739
735 740
735 751
735 768
735 800
736 737
736 738
736 739
736 740
736 767
736 796
737 738
737 964
738 739
738 740
738 769
738 998
739 740
739 763
739 787
739 962
740 774
740 775
740 777
740 781
741 742
741 743
741 744
741 745
741 747
741 748
741 749
741 750
741 768
741 897
741 966
742 743
742 745
742 747
742 748
742 749
743 744
743 745
743 746
743 748
743 749
743 750
743 790
743 795
743 799
743 962
744 745
744 746
744 747
744 749
744 750
744 774
744 946
745 746
745 747
745 748
745 749
745 750
745 761
745 819
745 942
746 747
746 748
746 749
746 750
746 881
746 927
746 962
746 967
747 748
747 885
747 941
747 971
747 995
747 998
748 749
748 750
748 751
748 792
748 807
748 813
748 816
748 844
748 923
748 952
749 750
749 918
749 977
750 753
750 771
751 752
751 753
751 754
751 755
751 757
751 758
751 759
751 914
752 753
752 754
752 755
752 756
752 757
752 758
752 759
752 867
752 944
752 967
753 754
753 755
753 756
753 757
753 758
753 759
753 760
753 895
753 936
753 984
754 755
754 756
754 757
754 758
754 759
754 760
754 850
754 857
754 903
755 757
755 758
755 759
755 760
755 777
755 813
755 859
755 862
755 930
755 992
755 995
756 759
756 760
756 987
757 758
757 791
757 903
757 964
758 759
758 760
758 860
758 907
759 760
759 927
759 977
760 898
760 980
761 763
761 764
761 766
761 767
761 768
761 770
761 880
761 900
761 903
761 920
761 931
761 994
762 763
762 764
762 765
762 767
762 768
762 831
762 902
763 764
763 765
763 766
763 767
763 769
763 770
763 773
764 765
764 767
764 768
764 770
764 836
764 935
764 940
765 767
765 768
765 769
765 770
765 802
765 913
766 767
766 768
766 769
766 770
766 861
766 901
766 920
766 979
767 768
767 769
767 770
768 769
768 774
769 770
769 962
771 772
771 773
771 774
771 775
771 776
771 778
771 779
771 780
772 773
772 774
772 775
772 777
772 779
772 780
772 920
773 774
773 775
773 776
773 777
773 778
773 792
773 848
773 871
773 943
773 945
773 957
773 997
774 775
774 776
774 777
774 779
774 780
774 816
775 777
775 779
775 780
775 860
776 777
776 778
776 780
777 778
777 779
777 780
777 790
777 801
778 779
778 780
778 913
778 978
778 983
778 984
779 780
779 826
780 795
780 800
780 978
781 782
781 783
781 784
781 785
781 786
781 787
781 788
781 789
781 790
781 848
781 867
781 913
782 783
782 784
782 785
782 786
782 788
782 789
782 790
783 786
783 789
783 790
784 785
784 788
784 789
784 790
784 804
784 816
785 786
785 787
785 788
785 789
785 790
785 836
785 876
785 923
785 988
786 787
786 788
786 789
786 790
786 875
786 891
786 938
786 954
786 979
787 789
787 790
787 815
787 825
788 789
788 790
789 790
789 883
791 792
791 793
791 794
791 795
791 796
791 798
791 799
791 800
791 854
791 913
791 950
792 794
792 795
792 796
792 797
792 798
792 799
793 794
793 795
793 796
793 797
793 798
793 799
793 800
793 928
793 980
793 994
794 795
794 796
794 797
794 798
794 799
794 800
795 796
795 797
795 799
795 800
795 939
796 797
796 798
796 799
796 800
796 818
796 874
797 798
797 799
797 800
797 828
798 799
798 859
798 890
798 997
799 800
799 816
799 822
800 831
800 876
800 892
800 965
800 987
801 802
801 805
801 806
801 807
801 808
801 809
801 832
801 919
801 945
802 807
802 808
802 809
802 810
802 900
803 804
803 805
803 806
803 807
803 808
803 809
803 810
804 806
804 807
804 808
804 809
804 810
804 953
804 989
805 806
805 807
805 808
805 809
805 827
805 864
806 807
806 808
806 809
806 810
806 994
807 809
807 810
807 895
808 809
809 810
809 815
809 896
809 979
810 895
811 812
811 814
811 815
811 816
811 817
811 867
811 883
811 904
811 940
811 944
812 813
812 814
812 815
812 817
812 818
812 819
812 820
812 920
812 940
812 968
813 814
813 816
813 817
813 818
813 819
814 815
814 816
814 817
814 818
814 820
814 910
814 923
815 816
815 817
815 818
815 820
815 926
816 817
816 818
816 819
816 886
816 910
817 820
817 919
817 969
817 978
818 819
818 820
818 831
818 947
818 976
818 990
819 820
819 893
819 921
819 929
819 981
820 847
821 822
821 824
821 825
821 826
821 827
821 830
822 825
822 826
822 829
822 830
822 871
822 872
822 908
822 990
822 994
822 999
823 825
823 826
823 827
823 828
823 829
823 830
823 841
823 852
824 825
824 826
824 827
824 829
824 830
824 848
824 868
824 909
824 920
824 989
825 826
825 827
825 828
825 829
825 830
825 834
825 986
826 827
826 828
826 829
826 830
826 856
826 971
827 828
827 829
827 830
828 829
828 830
828 860
828 864
828 980
829 830
829 919
830 882
830 889
830 920
830 970
831 832
831 835
831 836
831 837
831 982
832 833
832 834
832 835
832 836
832 837
832 838
832 839
832 840
832 881
833 834
833 836
833 837
833 839
833 840
833 869
833 875
833 903
833 920
834 835
834 836
834 837
834 839
834 840
834 851
834 957
834 970
835 837
835 838
835 839
835 840
835 972
836 837
836 838
836 839
836 840
836 888
837 838
837 839
837 840
838 839
838 840
838 873
839 840
839 891
840 978
841 842
841 843
841 844
841 845
841 846
841 847
841 848
841 849
841 965
842 843
842 844
842 846
842 847
842 848
842 849
842 850
842 881
842 954
842 985
842 989
843 844
843 845
843 846
843 847
843 848
843 849
843 864
843 890
843 924
844 845
844 846
844 848
844 849
844 850
844 988
844 997
844 1000
845 846
845 847
845 873
845 888
845 901
845 935
845 960
845 977
846 847
846 849
846 850
847 848
847 849
847 850
848 849
848 935
848 936
848 949
849 850
849 858
849 920
849 992
850 916
851 852
851 853
851 854
851 855
851 857
851 858
851 859
851 860
852 853
852 854
852 855
852 856
852 857
852 858
852 860
852 956
853 854
853 855
853 856
853 857
853 858
853 860
853 867
853 937
854 855
854 856
854 857
854 858
854 859
854 871
854 879
855 856
855 857
855 858
855 859
855 860
855 879
855 981
856 857
856 858
856 860
857 858
857 859
857 860
857 908
857 936
857 977
858 859
858 860
858 892
859 860
860 999
861 862
861 863
861 864
861 866
861 867
861 868
861 869
861 870
861 934
862 865
862 867
862 868
862 869
862 870
862 886
862 978
863 865
863 866
863 867
863 868
863 869
863 870
863 923
863 980
863 992
863 999
864 865
864 866
864 867
864 868
864 869
864 870
865 866
865 867
865 868
865 869
865 870
865 961
866 867
866 868
866 870
866 896
866 916
867 868
867 870
868 869
868 912
868 973
869 870
870 915
870 934
870 985
871 872
871 873
871 874
871 875
871 876
871 878
871 879
871 880
871 972
872 873
872 874
872 875
872 876
872 877
872 880
872 941
873 874
873 876
873 877
873 878
873 880
873 935
873 972
874 875
874 876
874 877
874 879
874 880
874 932
874 957
875 876
875 877
875 878
876 877
876 878
876 879
876 883
876 930
876 952
877 878
877 879
877 880
877 926
878 880
878 934
878 981
879 880
880 988
881 883
881 885
881 886
881 887
881 889
881 890
882 883
882 884
882 885
882 887
882 890
882 933
882 934
882 941
882 957
883 885
883 886
883 887
883 888
883 889
883 890
884 885
884 886
884 887
884 888
884 889
884 890
885 887
885 888
885 889
885 890
885 986
886 887
886 888
886 890
886 960
887 888
887 913
888 971
891 892
891 893
891 894
891 895
891 899
891 906
891 978
892 895
892 897
892 898
892 899
892 900
893 894
893 895
893 897
893 898
893 900
894 895
894 896
894 897
894 898
894 899
894 900
894 954
894 982
895 896
895 897
895 898
895 899
895 900
895 905
895 922
896 897
896 898
896 899
896 907
897 898
897 899
897 900
898 899
898 900
898 939
899 900
899 914
899 980
899 985
901 902
901 903
901 904
901 905
901 906
901 907
902 903
902 904
902 906
902 910
902 925
903 904
903 906
903 907
903 910
904 905
904 906
904 907
904 910
905 906
905 907
905 908
905 966
906 907
906 908
906 909
906 910
906 958
907 910
907 931
907 946
907 985
907 991
908 909
908 910
909 910
909 935
909 976
910 914
910 926
910 951
911 912
911 913
911 916
911 919
911 920
911 930
911 963
911 966
911 998
912 913
912 915
912 916
912 919
912 920
912 924
912 952
912 984
913 914
913 915
913 916
913 918
913 920
913 976
914 915
914 916
914 918
915 916
915 919
915 920
916 917
916 920
917 920
917 940
917 987
918 919
918 996
920 937
920 946
921 923
921 924
921 925
921 926
921 927
921 930
922 923
922 924
922 925
922 926
922 927
922 928
922 929
922 930
923 924
923 926
923 927
923 929
923 930
923 971
923 1000
924 925
924 926
924 927
924 929
924 930
925 927
925 928
925 929
925 930
926 927
926 928
926 929
926 930
927 928
927 929
927 930
927 966
928 929
929 967
930 936
931 934
931 935
931 936
931 937
931 938
931 939
931 940
932 933
932 934
932 935
932 938
932 939
933 935
933 936
933 937
933 938
933 940
933 961
934 936
934 938
934 939
934 940
934 975
935 937
935 938
935 939
935 940
936 937
936 938
936 939
936 940
937 938
937 939
937 940
937 965
937 993
938 939
938 940
938 975
939 940
941 942
941 943
941 944
941 945
941 946
941 948
941 949
941 950
942 943
942 945
942 946
942 947
942 948
942 949
942 950
942 967
943 944
943 946
943 948
943 949
943 950
943 975
944 945
944 946
944 947
944 950
945 946
945 947
945 948
945 949
945 950
946 947
946 948
946 949
946 950
946 986
947 948
947 949
947 950
948 949
948 950
948 998
949 950
949 958
950 993
951 952
951 953
951 954
951 955
951 956
951 957
951 958
951 959
951 960
952 953
952 954
952 955
952 956
952 958
952 959
952 960
953 954
953 955
953 956
953 957
953 958
953 997
954 955
954 956
954 957
954 958
954 959
954 992
955 956
955 958
955 959
955 960
955 964
956 958
956 959
957 959
957 960
958 959
958 960
958 970
959 960
959 996
960 983
961 964
961 966
961 967
961 968
961 969
961 970
962 963
962 964
962 965
962 966
962 967
962 968
962 969
962 970
963 964
963 965
963 966
963 967
963 968
964 965
964 966
964 967
964 968
964 969
964 970
965 966
965 967
965 968
965 969
965 970
966 967
966 968
966 969
967 969
967 970
968 969
969 970
971 972
971 973
971 974
971 975
971 976
971 977
971 978
971 979
971 980
972 975
972 976
972 979
972 980
973 974
973 975
973 976
973 977
973 978
973 979
973 980
974 975
974 976
974 977
974 978
974 979
974 980
975 976
975 978
975 979
975 983
976 977
976 978
976 979
976 980
977 978
977 979
977 980
977 995
978 979
978 980
979 980
981 982
981 983
981 984
981 985
981 986
981 987
981 988
981 989
982 983
982 984
982 985
982 986
982 988
982 990
983 984
983 985
983 987
983 988
983 990
984 985
984 986
984 988
984 989
985 986
985 987
985 988
985 989
985 990
987 988
987 989
987 990
988 989
989 990
990 995
991 992
991 993
991 994
991 995
991 996
991 997
991 998
991 999
992 997
992 998
992 999
992 1000
993 995
993 996
993 997
993 998
994 995
994 996
994 997
994 998
994 999
995 996
995 997
995 998
995 999
995 1000
996 997
996 998
996 999
996 1000
997 998
997 999
997 1000
998 999
998 1000
999 1000
