1000 7003
1 61
1 181
1 235
1 388
1 480
1 502
1 532
1 630
1 720
1 742
1 745
1 896
1 913
1 940
2 8
2 22
2 223
2 237
2 310
2 342
2 496
2 531
2 606
2 738
2 776
2 863
2 958
3 4
3 7
3 68
3 138
3 257
3 355
3 389
3 500
3 702
3 722
3 739
3 962
4 27
4 53
4 232
4 254
4 274
4 344
4 352
4 361
4 425
4 493
4 495
4 704
4 714
4 722
4 739
4 785
4 851
5 63
5 66
5 99
5 196
5 299
5 461
5 521
5 597
5 835
5 878
5 880
5 942
6 21
6 57
6 82
6 180
6 392
6 478
6 574
6 602
6 820
6 890
7 217
7 303
7 497
7 680
7 733
7 930
8 159
8 194
8 218
8 264
8 269
8 393
8 575
8 615
8 695
8 949
8 971
9 44
9 153
9 250
9 286
9 385
9 407
9 410
9 536
9 609
9 618
9 685
9 724
9 771
9 796
9 821
9 828
9 925
9 926
10 56
10 148
10 223
10 334
10 339
10 368
10 410
10 585
10 621
10 723
10 838
10 900
10 960
11 30
11 139
11 152
11 306
11 468
11 475
11 513
11 610
11 651
11 672
11 696
11 698
11 717
11 742
11 802
11 933
12 46
12 78
12 114
12 250
12 283
12 299
12 358
12 367
12 414
12 540
12 546
12 623
12 699
12 838
13 181
13 260
13 334
13 437
13 461
13 508
13 544
13 581
13 585
13 586
13 619
13 691
13 716
13 742
13 754
13 759
13 897
13 978
14 166
14 185
14 351
14 387
14 440
14 577
14 909
14 980
15 67
15 192
15 316
15 592
15 653
15 817
15 831
15 836
15 896
15 901
16 25
16 190
16 195
16 230
16 254
16 325
16 343
16 378
16 423
16 515
16 588
16 644
16 709
16 783
16 818
16 922
16 930
16 937
17 91
17 180
17 235
17 261
17 668
17 761
17 868
17 913
17 932
18 68
18 119
18 164
18 208
18 270
18 287
18 466
18 515
18 535
18 555
18 567
18 577
18 652
18 736
18 849
18 923
18 952
19 78
19 204
19 268
19 284
19 346
19 366
19 402
19 508
19 522
19 584
19 623
19 628
19 926
20 43
20 53
20 126
20 243
20 264
20 317
20 343
20 476
20 500
20 515
20 593
20 603
20 637
20 718
20 778
20 788
20 889
20 1000
21 84
21 154
21 424
21 443
21 476
21 489
21 563
21 708
21 837
21 839
21 878
21 978
22 235
22 313
22 330
22 353
22 355
22 357
22 435
22 647
22 870
22 944
22 957
23 78
23 149
23 156
23 203
23 214
23 356
23 382
23 551
23 563
23 655
23 686
23 760
23 807
23 890
23 993
24 37
24 43
24 50
24 149
24 416
24 437
24 523
24 530
24 715
24 733
25 165
25 202
25 210
25 274
25 285
25 333
25 340
25 379
25 478
25 768
25 827
25 938
25 943
25 990
26 90
26 134
26 163
26 202
26 358
26 403
26 404
26 557
26 633
26 747
26 999
27 175
27 318
27 483
27 512
27 536
27 561
27 644
27 664
27 709
27 731
27 907
28 31
28 154
28 218
28 268
28 373
28 598
28 615
28 953
29 59
29 149
29 180
29 350
29 388
29 488
29 517
29 518
29 613
29 619
29 723
29 864
29 866
29 910
29 985
30 297
30 350
30 553
30 609
30 684
30 756
30 900
31 163
31 224
31 366
31 488
31 519
31 539
31 543
31 589
31 715
31 809
31 870
31 941
31 951
32 34
32 36
32 42
32 91
32 244
32 266
32 309
32 712
32 897
32 999
33 36
33 325
33 414
33 530
33 793
33 858
34 66
34 75
34 181
34 240
34 255
34 389
34 454
34 499
34 695
34 699
34 827
34 865
35 126
35 200
35 236
35 268
35 341
35 411
35 525
35 586
35 643
35 882
35 908
35 949
36 64
36 90
36 165
36 559
36 561
36 573
36 606
36 638
36 671
36 754
36 827
36 838
36 906
36 947
36 969
37 87
37 112
37 128
37 195
37 337
37 495
37 517
37 550
37 601
37 613
37 648
37 795
37 856
37 864
37 865
37 888
37 943
38 248
38 527
38 605
38 616
38 679
38 789
38 861
38 948
38 960
38 990
39 44
39 81
39 114
39 126
39 161
39 216
39 222
39 255
39 346
39 362
39 364
39 381
39 402
39 411
39 528
39 551
39 577
39 634
39 738
39 778
40 45
40 90
40 107
40 169
40 181
40 218
40 335
40 343
40 433
40 629
40 645
40 684
40 779
40 837
40 899
40 920
41 58
41 77
41 213
41 262
41 328
41 352
41 442
41 508
41 575
41 869
41 892
41 900
41 913
42 60
42 81
42 170
42 206
42 531
42 532
42 537
42 635
42 795
42 837
42 935
42 977
43 148
43 172
43 191
43 199
43 421
43 455
43 461
43 472
43 535
43 617
43 813
44 66
44 82
44 99
44 122
44 135
44 266
44 271
44 308
44 424
44 440
44 474
44 566
44 617
44 975
45 83
45 98
45 152
45 293
45 497
45 633
45 634
45 922
46 52
46 331
46 411
46 457
46 479
46 547
46 610
46 677
46 704
46 736
46 742
46 773
46 870
47 171
47 179
47 315
47 361
47 366
47 496
47 517
47 521
47 552
47 592
47 637
47 648
47 665
47 776
47 863
47 909
47 931
47 964
47 969
47 974
48 144
48 303
48 307
48 332
48 347
48 471
48 520
48 539
48 727
48 827
48 867
49 81
49 152
49 229
49 242
49 243
49 246
49 256
49 274
49 307
49 328
49 358
49 375
49 669
49 704
49 787
49 855
49 886
49 905
50 274
50 420
50 465
50 507
50 678
50 706
50 919
50 947
50 994
51 95
51 117
51 158
51 179
51 265
51 330
51 360
51 363
51 373
51 388
51 509
51 514
51 600
51 645
51 654
51 670
51 697
51 766
51 796
51 799
51 870
51 998
52 138
52 155
52 171
52 217
52 264
52 269
52 375
52 481
52 556
52 584
52 760
52 819
52 834
52 939
53 82
53 90
53 102
53 189
53 243
53 277
53 308
53 327
53 349
53 384
53 481
53 564
53 732
53 758
53 774
53 780
53 835
54 135
54 153
54 160
54 321
54 427
54 651
54 676
54 697
54 798
54 832
54 905
54 923
54 981
54 999
55 99
55 187
55 271
55 413
55 441
55 544
55 635
55 656
55 685
55 691
55 718
55 733
55 743
55 847
56 287
56 354
56 388
56 405
56 417
56 459
56 478
56 487
56 686
56 729
56 824
56 935
57 158
57 235
57 248
57 308
57 351
57 392
57 485
57 500
57 520
57 524
57 627
57 636
57 639
57 652
57 744
57 805
57 912
57 924
58 134
58 188
58 295
58 309
58 362
58 439
58 488
58 631
58 749
58 911
58 922
59 102
59 145
59 219
59 238
59 262
59 285
59 317
59 459
59 483
59 501
59 549
59 662
59 668
59 724
59 737
59 904
60 66
60 136
60 192
60 283
60 416
60 726
60 731
60 738
60 759
60 779
60 969
61 86
61 266
61 322
61 323
61 386
61 437
61 441
61 470
61 495
61 505
61 547
61 773
61 879
62 135
62 321
62 385
62 468
62 508
62 566
62 776
62 818
62 839
62 853
63 68
63 88
63 117
63 150
63 214
63 364
63 387
63 402
63 581
63 703
63 806
63 887
63 921
63 965
63 979
64 172
64 190
64 225
64 316
64 340
64 344
64 381
64 405
64 460
64 518
64 593
64 596
64 639
64 744
64 894
64 988
65 103
65 107
65 124
65 130
65 175
65 298
65 300
65 552
65 592
65 627
65 727
65 858
66 81
66 84
66 95
66 122
66 137
66 183
66 255
66 306
66 349
66 359
66 379
66 465
66 494
66 520
66 665
66 680
66 848
66 922
66 935
66 982
67 145
67 160
67 170
67 183
67 217
67 244
67 251
67 299
67 329
67 334
67 374
67 651
67 685
67 794
67 796
67 909
68 105
68 107
68 268
68 271
68 454
68 506
68 699
68 756
68 760
68 807
68 865
68 934
69 224
69 263
69 337
69 389
69 489
69 528
69 541
69 551
69 632
69 691
69 972
69 974
70 140
70 146
70 203
70 274
70 291
70 331
70 399
70 405
70 448
70 505
70 577
70 669
70 777
70 833
70 849
70 865
70 907
71 119
71 138
71 149
71 175
71 313
71 391
71 434
71 511
71 554
71 563
71 589
71 603
71 635
71 776
71 791
71 812
71 902
71 982
72 111
72 165
72 224
72 281
72 320
72 329
72 419
72 470
72 506
72 826
72 883
72 915
72 976
73 136
73 297
73 316
73 347
73 421
73 472
73 534
73 617
73 623
73 669
73 746
73 807
73 904
74 164
74 174
74 227
74 323
74 567
74 735
74 928
74 998
75 107
75 143
75 148
75 271
75 284
75 407
75 422
75 463
75 714
75 740
75 858
75 951
75 965
76 100
76 152
76 252
76 346
76 374
76 564
76 674
76 760
76 791
76 811
76 922
76 942
76 974
77 116
77 189
77 222
77 233
77 346
77 424
77 593
77 648
77 655
77 657
77 700
77 707
77 709
77 989
78 90
78 116
78 181
78 216
78 304
78 321
78 486
78 615
78 711
78 782
78 885
78 914
78 920
78 921
78 975
78 981
79 105
79 163
79 204
79 215
79 268
79 306
79 319
79 394
79 488
79 554
79 625
79 742
79 756
79 830
79 901
79 908
79 919
79 929
79 965
80 98
80 164
80 238
80 343
80 370
80 451
80 577
80 633
80 720
80 772
80 844
80 897
80 921
81 83
81 209
81 226
81 246
81 315
81 322
81 374
81 432
81 452
81 462
81 484
81 571
81 601
81 641
81 712
81 754
81 776
81 849
81 911
81 928
81 964
82 240
82 259
82 305
82 406
82 416
82 427
82 429
82 437
82 456
82 473
82 489
82 558
82 655
82 663
82 722
82 823
83 108
83 258
83 307
83 420
83 508
83 564
83 726
83 771
83 819
83 988
84 101
84 161
84 225
84 235
84 238
84 256
84 365
84 491
84 552
84 603
84 855
85 108
85 191
85 210
85 368
85 390
85 481
85 558
85 564
85 572
85 666
85 694
85 818
85 864
85 878
85 921
85 996
86 173
86 543
86 892
87 110
87 242
87 249
87 471
87 521
87 717
87 798
87 911
87 939
88 98
88 170
88 240
88 317
88 333
88 358
88 383
88 398
88 419
88 487
88 580
88 702
88 745
88 891
88 930
88 936
89 92
89 133
89 213
89 236
89 275
89 367
89 761
89 829
89 950
89 955
90 141
90 196
90 342
90 565
90 591
90 657
90 728
90 794
90 813
90 843
90 947
91 92
91 283
91 309
91 355
91 356
91 481
91 559
91 627
91 799
92 107
92 299
92 340
92 377
92 579
92 693
92 697
92 705
92 742
92 822
92 914
92 938
92 977
93 112
93 160
93 188
93 199
93 205
93 242
93 280
93 349
93 494
93 534
93 610
93 660
93 718
93 797
93 822
93 895
93 897
93 946
94 153
94 188
94 200
94 225
94 360
94 416
94 605
94 776
94 799
94 929
94 931
95 165
95 512
95 534
95 657
95 883
95 910
95 923
95 941
96 103
96 168
96 230
96 239
96 292
96 345
96 557
96 585
96 647
96 745
96 819
96 939
96 980
97 158
97 215
97 504
97 651
97 659
97 678
97 679
97 705
97 734
97 845
97 893
97 907
97 985
98 173
98 180
98 238
98 255
98 345
98 404
98 572
98 703
98 876
98 889
99 128
99 210
99 453
99 466
99 480
99 633
99 680
99 692
99 706
99 710
99 782
99 972
100 134
100 238
100 346
100 388
100 416
100 433
100 456
100 471
100 601
100 673
100 687
100 881
100 937
101 125
101 305
101 503
101 648
101 661
101 676
101 882
101 899
101 929
101 953
101 975
102 254
102 264
102 283
102 309
102 355
102 435
102 608
102 663
102 686
102 897
102 979
103 131
103 218
103 393
103 479
103 528
103 557
103 601
103 643
103 706
103 732
103 734
103 786
103 803
103 982
103 987
104 234
104 267
104 318
104 377
104 451
104 518
104 679
105 120
105 250
105 292
105 312
105 557
105 560
105 679
105 754
105 794
105 849
105 909
105 910
105 918
106 172
106 257
106 326
106 337
106 363
106 504
106 531
106 542
106 945
107 122
107 372
107 389
107 416
107 493
107 506
107 519
107 545
107 548
107 581
107 647
107 696
107 756
107 787
107 891
108 149
108 152
108 175
108 194
108 235
108 375
108 434
108 464
108 563
108 715
108 843
108 963
108 972
108 975
109 185
109 305
109 531
109 553
109 579
109 611
109 629
109 653
109 815
109 898
110 141
110 153
110 316
110 449
110 637
110 673
110 745
110 834
111 168
111 393
111 426
111 594
111 658
111 709
111 743
111 924
111 999
112 426
112 495
112 590
112 691
112 819
112 937
113 156
113 162
113 282
113 437
113 507
113 559
113 624
113 646
113 752
113 862
113 964
113 975
114 122
114 135
114 197
114 205
114 221
114 249
114 274
114 395
114 458
114 473
114 482
114 648
114 707
114 859
115 126
115 147
115 164
115 170
115 234
115 321
115 322
115 328
115 427
115 485
115 653
115 683
115 835
115 955
115 979
115 1000
116 226
116 243
116 244
116 592
116 694
116 812
116 883
117 226
117 372
117 510
117 539
117 591
117 633
117 719
117 807
118 190
118 214
118 261
118 283
118 299
118 318
118 386
118 493
118 588
118 591
118 649
118 666
118 896
118 900
118 986
119 210
119 214
119 364
119 390
119 585
119 744
119 927
119 972
120 164
120 170
120 225
120 269
120 334
120 545
120 681
120 692
120 777
120 849
120 995
121 144
121 223
121 261
121 274
121 351
121 551
121 611
121 820
121 900
122 213
122 342
122 489
122 495
122 830
122 899
122 957
122 969
123 135
123 204
123 294
123 475
123 483
123 633
123 639
123 719
123 760
123 821
123 842
123 929
123 976
124 305
124 373
124 381
124 504
124 596
124 679
124 807
124 858
124 865
124 972
124 980
125 178
125 387
125 404
125 453
125 465
125 514
125 524
125 570
125 697
125 727
125 758
125 877
126 154
126 183
126 428
126 429
126 492
126 497
126 517
126 557
126 607
126 656
126 696
126 701
126 731
126 778
126 822
127 145
127 161
127 664
127 812
127 962
128 176
128 211
128 244
128 283
128 321
128 358
128 389
128 449
128 552
128 605
128 610
128 615
128 648
128 695
128 762
128 810
128 851
128 974
129 242
129 300
129 377
129 501
129 611
129 648
129 664
129 677
129 804
129 979
130 214
130 295
130 762
130 817
130 874
130 886
130 937
130 962
130 990
131 138
131 147
131 226
131 357
131 518
131 548
131 646
131 790
131 929
131 935
132 146
132 151
132 239
132 286
132 306
132 345
132 402
132 442
132 485
132 517
132 557
132 584
132 842
132 922
133 249
133 371
133 381
133 412
133 489
133 540
133 565
133 611
133 737
133 756
133 817
133 845
133 885
133 889
133 932
134 184
134 228
134 242
134 373
134 487
134 491
134 521
134 603
134 631
134 698
134 699
134 863
134 921
134 965
135 178
135 273
135 336
135 377
135 413
135 435
135 494
135 597
135 682
135 743
135 746
135 888
135 909
135 956
135 1000
136 164
136 300
136 313
136 342
136 352
136 441
136 539
136 585
136 769
136 908
136 914
136 990
137 159
137 189
137 441
137 459
137 759
137 959
137 982
137 991
138 392
138 494
138 529
138 573
138 650
138 662
138 773
138 823
139 146
139 161
139 185
139 227
139 235
139 237
139 247
139 335
139 336
139 478
139 537
139 602
139 623
139 646
139 669
139 766
139 849
139 860
139 883
139 906
139 985
140 201
140 203
140 252
140 271
140 275
140 330
140 386
140 452
140 586
140 686
140 793
140 872
140 919
140 927
140 980
140 1000
141 294
141 307
141 486
141 501
141 733
141 738
141 771
141 914
141 969
141 974
141 984
142 144
142 360
142 364
142 420
142 659
142 671
142 943
143 283
143 425
143 502
143 707
143 734
144 155
144 222
144 229
144 237
144 245
144 306
144 401
144 454
144 484
144 634
144 667
144 701
144 710
144 779
144 790
144 903
144 966
145 184
145 208
145 378
145 398
145 399
145 412
145 431
145 509
145 595
145 627
145 657
145 681
145 918
146 164
146 281
146 419
146 442
146 510
146 569
146 655
146 773
146 801
146 831
146 858
146 947
147 154
147 179
147 182
147 223
147 332
147 409
147 477
147 493
147 500
147 545
147 567
147 621
147 832
147 849
147 905
147 946
148 157
148 176
148 203
148 306
148 308
148 319
148 410
148 438
148 479
148 495
148 531
148 532
148 812
148 859
148 970
149 158
149 181
149 184
149 187
149 190
149 233
149 245
149 253
149 284
149 418
149 419
149 492
149 672
149 828
149 907
149 931
149 985
149 988
150 180
150 356
150 415
150 553
150 693
150 727
150 737
150 770
150 944
150 961
150 982
151 215
151 244
151 338
151 429
151 513
151 680
151 802
152 161
152 218
152 322
152 401
152 554
152 563
152 589
152 619
152 654
152 918
152 929
153 227
153 346
153 406
153 508
153 549
153 590
153 634
153 644
153 720
154 177
154 332
154 415
154 454
154 477
154 560
154 564
154 601
154 639
154 732
154 887
154 915
154 929
155 175
155 281
155 329
155 419
155 472
155 490
155 739
155 838
155 845
155 912
155 917
155 959
155 981
155 998
156 171
156 193
156 200
156 245
156 282
156 297
156 524
156 671
156 698
156 720
156 733
156 773
156 782
156 805
156 836
156 968
157 185
157 210
157 272
157 405
157 548
157 689
158 209
158 240
158 260
158 312
158 355
158 367
158 387
158 406
158 470
158 516
158 584
158 638
158 747
158 785
158 811
158 944
158 962
158 977
158 998
159 195
159 300
159 392
159 414
159 515
159 632
159 641
159 663
159 728
159 739
159 785
159 847
159 913
160 171
160 175
160 198
160 215
160 237
160 245
160 255
160 346
160 365
160 366
160 384
160 394
160 516
160 580
160 668
160 756
160 758
160 767
160 774
160 828
160 929
161 288
161 393
161 440
161 443
161 444
161 539
161 548
161 552
161 588
161 627
161 662
161 699
161 857
161 925
161 989
161 995
162 187
162 190
162 210
162 223
162 227
162 373
162 397
162 502
162 577
162 746
163 228
163 391
163 504
163 609
163 621
163 943
163 990
164 172
164 212
164 348
164 407
164 476
164 503
164 666
164 734
165 182
165 247
165 407
165 437
165 568
165 651
165 764
165 808
165 833
165 950
165 994
166 182
166 209
166 259
166 361
166 388
166 468
166 475
166 500
166 641
166 708
166 720
166 831
166 881
166 918
166 949
167 260
167 390
167 440
167 485
167 524
167 569
167 572
167 584
167 587
167 640
167 698
167 802
167 812
167 966
168 193
168 273
168 386
168 387
168 487
168 509
168 538
168 597
168 806
168 816
168 964
169 195
169 205
169 522
169 543
169 567
169 594
169 600
169 761
169 874
169 880
169 909
170 271
170 273
170 363
170 428
170 492
170 611
170 629
170 687
170 834
171 188
171 272
171 387
171 399
171 559
171 588
171 621
171 693
171 866
171 991
171 995
172 185
172 350
172 423
172 462
172 531
172 532
172 820
173 280
173 305
173 407
173 657
173 661
173 695
173 725
173 848
173 916
173 925
174 241
174 308
174 395
174 445
174 463
174 474
174 547
174 577
174 598
174 614
174 641
174 703
174 840
175 219
175 231
175 358
175 386
175 425
175 454
175 594
175 685
175 690
175 921
175 928
175 989
176 184
176 204
176 214
176 247
176 435
176 508
176 537
176 579
176 651
176 685
176 790
176 834
176 853
176 858
176 886
176 990
177 245
177 295
177 360
177 402
177 577
177 614
177 695
177 735
177 749
177 894
177 917
178 310
178 453
178 595
178 640
178 700
178 849
178 947
178 984
179 244
179 319
179 439
179 574
179 597
179 612
179 628
179 669
179 682
179 686
179 730
179 801
179 808
179 928
179 999
180 211
180 254
180 345
180 346
180 437
180 571
180 638
180 682
180 770
180 774
180 820
180 932
180 942
181 268
181 305
181 324
181 348
181 416
181 418
181 431
181 562
181 658
181 728
181 764
181 807
181 871
181 934
182 231
182 287
182 493
182 619
182 773
182 895
182 950
182 951
183 262
183 268
183 323
183 336
183 498
183 561
183 696
183 781
183 793
183 828
184 195
184 354
184 371
184 434
184 479
184 496
184 563
184 636
184 740
184 819
184 824
184 827
184 864
184 976
184 979
184 998
185 190
185 268
185 622
185 675
185 702
185 856
185 910
185 981
186 265
186 309
186 376
186 483
186 721
186 782
186 793
186 823
186 838
186 839
186 938
187 214
187 237
187 243
187 314
187 467
187 479
187 576
187 615
187 617
187 686
187 693
187 704
187 740
187 752
187 770
187 881
187 998
188 235
188 442
188 443
188 536
188 560
188 571
188 592
188 608
188 650
188 751
188 788
188 961
189 616
189 804
189 871
189 979
189 994
190 255
190 264
190 267
190 332
190 355
190 608
190 622
190 632
190 679
190 711
190 747
190 881
190 909
190 918
191 223
191 278
191 303
191 424
191 530
191 630
191 659
191 959
191 984
191 990
192 202
192 213
192 258
192 389
192 402
192 418
192 448
192 469
192 494
192 507
192 575
192 602
192 736
192 808
192 883
192 995
193 194
193 348
193 453
193 506
193 534
193 580
193 598
193 674
193 746
193 781
193 800
193 900
193 967
193 985
194 292
194 321
194 428
194 469
194 547
194 612
194 667
194 773
194 783
194 876
194 984
195 254
195 342
195 346
195 366
195 417
195 432
195 532
195 552
195 574
195 590
195 802
195 885
195 908
196 280
196 340
196 359
196 594
196 637
196 690
196 765
196 799
197 223
197 225
197 244
197 326
197 438
197 462
197 544
197 566
197 783
197 788
197 823
197 882
197 894
197 962
197 977
198 304
198 363
198 460
198 462
198 477
198 741
198 852
198 906
198 935
198 948
198 973
199 304
199 583
199 738
199 803
199 881
199 906
200 203
200 252
200 264
200 342
200 429
200 430
200 457
200 463
200 595
200 608
200 610
200 636
200 864
200 899
200 946
201 214
201 245
201 253
201 288
201 325
201 337
201 363
201 463
201 464
201 483
201 484
201 493
201 531
201 535
201 582
201 797
201 802
201 869
201 870
201 933
201 987
202 241
202 486
202 711
202 762
202 865
202 942
202 943
203 370
203 417
203 423
203 496
203 537
203 580
203 679
203 687
203 871
203 880
203 904
203 924
203 953
203 991
203 997
204 349
204 548
204 651
204 672
204 985
204 997
205 240
205 270
205 322
205 508
205 601
205 603
205 635
205 654
205 675
205 731
205 732
205 740
205 754
205 795
205 902
205 913
206 211
206 254
206 296
206 314
206 335
206 367
206 392
206 458
206 561
206 565
206 574
206 619
206 804
206 935
206 955
207 212
207 214
207 361
207 427
207 471
207 542
207 583
207 639
207 695
207 718
207 723
207 780
207 797
207 802
207 811
207 852
208 239
208 283
208 450
208 543
208 695
208 828
208 830
208 910
208 982
209 246
209 680
209 695
209 717
209 817
209 885
209 955
209 977
210 229
210 326
210 403
210 655
210 667
210 763
210 819
210 879
210 963
211 320
211 524
211 578
211 666
211 772
211 798
211 834
211 882
211 968
212 282
212 363
212 434
212 676
212 680
212 693
212 764
212 773
212 825
212 904
213 236
213 419
213 458
213 497
213 547
213 666
213 678
214 246
214 249
214 435
214 511
214 666
215 259
215 369
215 373
215 452
215 507
215 512
215 578
215 618
215 815
215 834
215 886
215 913
216 241
216 371
216 425
216 475
216 477
216 556
216 603
216 660
216 720
216 797
216 909
216 924
217 221
217 246
217 349
217 601
217 643
217 650
217 732
217 848
217 864
218 250
218 298
218 302
218 307
218 317
218 440
218 469
218 474
218 542
218 609
218 627
218 642
218 688
218 796
218 958
219 273
219 295
219 392
219 450
219 552
219 652
219 701
219 794
219 814
219 869
219 879
219 921
219 944
220 271
220 313
220 318
220 412
220 576
220 600
220 761
220 765
220 833
220 884
220 945
221 226
221 300
221 330
221 415
221 780
221 964
222 390
222 402
222 481
222 521
222 650
222 788
222 854
222 880
223 238
223 355
223 391
223 551
223 754
223 758
223 944
224 267
224 302
224 318
224 324
224 449
224 516
224 550
224 553
224 682
224 754
224 788
224 816
224 863
224 873
224 885
224 902
224 933
224 941
225 231
225 392
225 419
225 431
225 512
225 538
225 562
225 630
225 656
225 757
225 798
225 810
225 876
226 327
226 425
226 459
226 462
226 473
226 678
226 681
226 743
226 766
226 891
227 259
227 303
227 371
227 388
227 455
227 499
227 635
227 700
227 788
227 841
227 942
227 974
227 1000
228 249
228 301
228 376
228 391
228 509
228 526
228 600
228 601
228 641
228 735
228 756
228 757
228 764
228 777
228 832
228 911
229 266
229 320
229 338
229 420
229 432
229 445
229 576
229 687
229 785
229 934
230 250
230 454
230 503
230 509
230 537
230 547
230 566
230 619
230 649
230 713
230 717
230 766
230 826
230 896
231 299
231 324
231 366
231 368
231 445
231 466
231 476
231 549
231 677
231 709
231 859
231 953
232 287
232 296
232 322
232 362
232 374
232 520
232 591
232 675
232 765
232 855
232 950
233 298
233 306
233 560
233 597
233 639
233 690
233 709
233 717
233 817
233 828
233 834
233 853
233 985
234 249
234 284
234 377
234 383
234 548
234 570
234 618
234 878
234 936
234 966
235 274
235 339
235 464
235 481
235 746
235 764
235 811
235 837
235 857
236 322
236 324
236 498
237 242
237 248
237 369
237 403
237 506
237 553
237 600
237 678
237 679
237 738
237 815
237 873
237 920
237 940
237 976
237 977
238 286
238 296
238 469
238 538
238 543
238 571
238 673
238 686
238 695
238 779
238 785
238 792
238 797
238 940
238 994
239 250
239 286
239 335
239 368
239 434
239 504
239 572
239 590
239 885
239 903
239 916
239 991
240 295
240 313
240 376
240 481
240 485
240 538
240 559
240 607
240 629
240 662
240 710
240 747
240 755
240 948
240 995
241 290
241 343
241 631
241 724
241 765
241 974
241 976
242 276
242 376
242 530
242 594
242 597
242 742
242 755
242 803
242 814
242 941
242 976
243 562
243 681
243 855
243 915
243 933
244 272
244 291
244 469
244 477
244 562
244 599
244 657
244 704
244 723
244 769
244 925
245 278
245 294
245 328
245 334
245 484
245 565
245 572
245 611
245 639
245 643
245 659
245 786
245 896
245 958
246 271
246 367
246 628
246 645
246 737
246 931
247 265
247 313
247 333
247 486
247 492
247 793
247 829
247 882
247 979
248 307
248 346
248 525
248 611
248 685
248 717
248 858
248 945
248 987
249 279
249 453
249 524
249 735
249 777
250 259
250 498
250 504
250 506
250 520
250 564
250 593
250 600
250 607
250 611
250 625
250 664
250 696
250 707
250 764
250 905
250 936
251 255
251 278
251 308
251 386
251 410
251 494
251 543
251 554
251 562
251 582
252 282
252 395
252 458
252 481
252 536
252 541
252 595
252 621
252 751
252 813
252 901
253 352
253 385
253 512
253 605
253 673
253 771
253 855
253 931
254 424
254 459
254 630
254 696
254 744
254 773
254 793
255 283
255 328
255 530
255 581
255 618
255 650
255 762
255 786
255 823
255 956
255 965
255 986
256 296
256 361
256 598
256 656
256 863
256 991
256 996
257 293
257 381
257 591
257 598
257 702
258 317
258 366
258 373
258 398
258 415
258 440
258 521
258 686
258 713
258 741
258 872
258 948
259 359
259 651
259 683
259 808
259 960
260 313
260 348
260 356
260 933
260 973
260 982
261 380
261 456
261 559
261 805
261 905
261 932
262 410
262 422
262 432
262 511
262 528
262 563
262 632
262 713
262 747
262 775
262 905
263 293
263 299
263 366
263 486
263 531
263 675
263 816
263 817
263 820
263 831
263 836
263 865
263 958
264 286
264 322
264 362
264 394
264 518
264 658
264 873
264 940
264 976
265 353
265 381
265 398
265 475
265 505
265 577
265 768
265 790
265 826
265 861
265 945
265 969
265 974
266 282
266 367
266 422
266 458
266 628
266 732
266 790
266 802
266 814
266 945
266 974
267 353
267 354
267 430
267 488
267 504
267 513
267 574
267 616
267 677
267 699
267 801
267 823
267 876
267 897
267 927
267 952
267 988
268 271
268 307
268 481
268 628
268 728
268 746
268 793
268 896
268 902
268 919
268 1000
269 295
269 363
269 376
269 448
269 472
269 481
269 529
269 595
269 644
269 666
269 752
269 913
269 962
270 456
270 500
270 518
270 579
270 621
270 677
270 734
270 888
270 931
271 277
271 293
271 335
271 360
271 364
271 387
271 388
271 444
271 480
271 585
271 655
271 763
271 804
271 833
271 994
272 290
272 328
272 425
272 721
272 724
272 799
272 897
272 907
273 298
273 331
273 336
273 340
273 493
273 520
273 545
273 551
273 626
273 767
273 776
273 823
273 899
274 617
274 654
274 670
275 290
275 323
275 377
275 455
275 529
275 604
275 618
275 680
275 719
275 788
275 820
275 823
275 889
275 916
276 296
276 323
276 398
276 458
276 497
276 665
276 782
276 856
276 953
276 980
276 991
277 299
277 348
277 373
277 424
277 469
277 527
277 724
277 731
277 791
277 951
277 976
278 347
278 353
278 565
278 628
278 689
278 867
278 949
278 984
279 490
279 498
279 635
279 691
279 729
279 748
279 769
279 776
279 790
279 805
280 301
280 312
280 357
280 464
280 524
280 553
280 573
280 614
280 628
280 655
280 729
280 782
280 806
280 943
280 979
281 303
281 356
281 420
281 443
281 487
281 496
281 521
281 724
281 906
281 918
282 292
282 407
282 455
282 501
282 565
282 591
282 738
282 760
282 788
282 830
282 936
283 323
283 440
283 489
283 502
283 569
283 621
283 779
283 869
283 981
284 306
284 416
284 435
284 498
284 670
284 693
284 722
284 810
284 853
285 491
285 513
285 560
285 834
285 895
285 921
285 977
286 316
286 617
286 727
286 753
286 801
286 813
287 306
287 412
287 548
287 576
287 637
287 663
287 673
287 702
287 727
287 884
287 944
287 997
288 351
288 751
288 780
288 857
288 862
288 882
288 905
288 952
289 301
289 432
289 446
289 475
289 546
289 602
289 605
289 774
289 783
289 792
289 833
289 836
289 866
289 926
290 388
290 429
290 501
290 518
290 548
290 550
290 555
290 631
290 708
290 801
290 956
290 964
291 347
291 506
291 658
291 704
291 866
291 880
291 919
292 367
292 410
292 598
292 698
292 789
292 797
292 964
293 294
293 433
293 439
293 555
293 582
293 588
293 689
293 817
293 857
293 1000
294 326
294 349
294 365
294 554
294 559
294 838
294 913
294 977
294 978
295 357
295 432
295 510
295 604
295 624
295 626
295 637
295 638
295 642
295 648
295 704
295 764
296 338
296 341
296 525
296 570
296 620
296 771
296 885
296 887
296 888
296 895
296 947
296 948
297 337
297 447
297 570
297 617
297 688
297 705
297 728
297 774
297 840
297 852
297 880
297 885
297 895
298 371
298 397
298 496
298 586
298 588
298 730
298 759
298 781
298 853
298 902
298 914
299 324
299 355
299 403
299 482
299 504
299 522
299 540
299 549
299 595
299 632
299 670
299 788
299 976
300 372
300 379
300 405
300 430
300 515
300 706
300 709
300 769
300 853
300 980
301 348
301 891
301 896
301 933
301 971
302 336
302 359
302 496
302 626
302 640
302 896
302 961
303 312
303 393
303 427
303 466
303 478
303 854
303 858
303 970
304 311
304 444
304 495
304 506
304 543
304 577
304 615
304 809
304 902
304 938
305 446
305 518
305 521
305 561
305 644
305 677
305 832
305 900
305 948
305 969
305 980
306 424
306 568
306 615
306 639
306 712
306 756
306 807
306 819
306 896
306 907
307 494
307 514
307 688
307 713
307 714
307 758
307 776
307 812
307 947
307 962
307 986
308 366
308 421
308 590
308 608
308 645
308 675
308 679
308 721
308 763
308 772
308 891
308 910
308 939
309 341
309 456
309 552
309 669
309 687
309 863
309 939
309 940
309 975
310 319
310 343
310 363
310 417
310 430
310 463
310 467
310 469
310 560
310 567
310 664
310 725
310 775
310 852
310 915
311 349
311 402
311 446
311 490
311 596
311 615
311 764
311 845
312 378
312 381
312 442
312 449
312 666
312 804
312 859
312 975
313 449
313 579
313 694
313 813
313 922
314 329
314 360
314 390
314 399
314 479
314 732
314 885
314 965
315 472
315 490
315 621
315 652
315 749
315 830
315 929
315 948
316 416
316 439
316 541
316 623
316 809
316 855
316 893
316 925
316 927
316 938
316 943
316 980
316 995
316 997
317 352
317 366
317 390
317 402
317 493
317 570
317 598
317 689
318 413
318 430
318 575
318 624
318 843
318 866
318 926
318 981
319 322
319 323
319 462
319 464
319 513
319 728
319 761
319 780
319 867
319 917
319 959
320 327
320 343
320 380
320 493
320 496
320 516
320 623
320 644
320 687
320 696
320 756
320 868
320 910
320 913
320 922
320 970
321 362
321 421
321 541
321 643
321 686
321 696
321 721
321 845
321 851
321 907
321 941
321 988
321 996
322 381
322 396
322 416
322 446
322 523
322 611
322 623
322 717
322 723
322 731
322 768
322 922
322 952
322 977
323 338
323 616
323 654
323 681
323 832
323 969
324 371
324 397
324 472
324 557
324 624
324 645
324 716
324 942
324 977
325 357
325 445
325 665
325 679
325 734
325 790
325 874
325 893
325 910
325 943
325 997
326 343
326 457
326 575
326 632
326 667
326 709
326 739
326 841
326 864
326 941
326 993
327 578
327 635
327 643
327 668
327 690
327 862
328 373
328 586
328 717
328 952
329 342
329 379
329 409
329 468
329 511
329 754
329 816
329 848
329 864
329 967
329 976
329 1000
330 356
330 415
330 424
330 438
330 502
330 514
330 611
330 718
330 756
330 819
330 881
330 942
330 968
331 346
331 378
331 387
331 397
331 588
331 716
331 761
331 805
331 821
331 998
332 371
332 510
332 684
332 716
332 738
332 888
332 965
333 397
333 589
333 721
333 858
333 984
333 987
334 372
334 381
334 486
334 600
334 614
334 725
334 823
334 884
334 917
334 963
335 357
335 389
335 498
335 514
335 567
335 618
335 636
335 687
335 704
335 768
335 775
335 790
335 839
335 909
335 1000
336 405
336 424
336 566
336 580
336 700
336 732
336 778
336 825
336 841
336 854
336 926
336 947
336 962
337 605
337 946
337 990
338 660
338 789
338 845
338 898
338 994
339 352
339 384
339 413
339 536
339 542
339 569
339 609
339 613
339 679
339 694
339 724
339 745
339 797
339 913
339 990
340 363
340 500
340 527
340 538
340 801
340 860
340 959
340 986
341 345
341 380
341 412
341 419
341 440
341 504
341 606
341 633
341 722
341 794
341 810
341 881
341 927
341 934
341 1000
342 358
342 394
342 573
342 625
342 712
342 982
343 367
343 424
343 464
343 532
343 641
343 649
343 702
343 831
343 872
344 441
344 447
344 698
344 788
344 831
344 843
344 880
344 918
344 995
345 442
345 460
345 496
345 535
345 635
345 666
345 882
345 902
345 905
345 972
346 389
346 435
346 572
346 636
346 679
346 718
346 737
346 745
346 783
346 882
346 941
347 373
347 415
347 417
347 487
347 548
347 577
347 615
347 638
347 661
347 702
347 733
347 764
347 791
347 909
348 354
348 404
348 410
348 760
348 884
348 934
348 963
349 425
349 503
349 574
349 626
349 627
349 861
349 917
349 949
349 964
349 971
350 400
350 497
350 504
350 531
350 742
350 749
350 790
350 811
350 828
350 866
350 881
350 917
350 936
350 968
351 406
351 417
351 496
351 530
351 630
351 841
351 887
351 907
351 936
352 530
352 646
352 696
352 736
352 800
352 863
353 518
353 712
353 887
353 952
353 998
354 514
354 537
354 616
354 623
354 691
354 811
354 867
354 963
355 401
355 408
355 432
355 526
355 748
355 762
355 780
356 515
356 579
356 607
356 702
356 720
356 723
356 868
357 471
357 509
357 542
357 556
357 576
357 609
357 660
357 689
357 705
357 752
357 773
357 855
357 861
357 928
358 377
358 647
358 653
359 456
359 531
359 602
359 636
359 660
359 678
359 692
359 717
359 740
359 891
359 922
359 924
360 409
360 429
360 557
360 746
360 768
360 781
360 782
360 803
360 819
360 844
360 919
360 928
360 955
360 961
360 981
361 420
361 505
361 514
361 558
361 747
361 782
361 835
361 947
362 497
362 586
362 667
362 721
362 781
362 831
362 837
362 846
362 849
362 872
363 510
363 658
363 840
363 880
363 955
363 988
363 999
364 432
364 449
364 529
364 578
364 676
364 752
365 375
365 385
365 471
365 658
365 706
365 709
365 771
365 788
365 791
365 812
366 377
366 414
366 419
366 435
366 484
366 555
366 562
366 767
366 883
366 928
366 944
366 999
367 369
367 403
367 462
367 644
367 685
367 697
367 798
367 813
367 904
367 961
368 414
368 634
368 642
368 655
368 697
368 840
369 472
369 626
369 685
369 695
369 759
369 867
369 907
369 929
369 937
370 399
370 429
370 439
370 525
370 632
370 686
370 752
370 791
370 950
371 486
371 730
371 894
371 950
371 978
372 543
372 596
372 642
372 750
372 858
372 869
372 978
373 507
373 568
373 634
373 817
373 861
373 886
373 913
373 914
373 918
374 495
374 687
374 715
374 758
374 872
374 883
375 414
375 645
375 662
375 668
375 716
375 975
375 994
376 458
376 674
376 700
376 784
377 567
377 583
377 631
377 668
377 748
377 779
377 881
377 896
378 427
378 488
378 670
378 725
378 870
378 974
379 387
379 524
379 553
379 672
379 741
379 767
379 895
379 915
379 958
380 410
380 429
380 561
380 660
380 723
380 750
380 876
380 886
380 925
381 475
381 572
381 594
381 597
381 656
381 775
381 790
381 982
381 985
382 397
382 424
382 480
382 520
382 599
382 675
382 685
382 781
382 890
382 924
383 663
383 959
383 982
384 392
384 403
384 444
384 486
384 505
384 604
384 661
384 670
384 695
384 698
384 908
384 918
384 958
384 973
384 987
385 462
385 611
385 624
385 640
385 645
385 676
385 774
385 859
385 861
385 879
386 420
386 449
386 503
386 516
386 678
386 756
386 981
387 720
387 756
387 823
387 891
388 425
388 531
388 550
388 647
388 656
388 725
388 761
388 803
388 883
388 952
388 972
389 448
389 477
389 552
389 560
389 585
389 612
389 661
389 874
389 985
390 416
390 519
390 576
390 680
390 687
390 717
390 748
390 796
390 814
390 939
390 940
391 452
391 475
391 487
391 741
391 817
391 928
391 985
392 426
392 431
392 551
392 835
392 895
393 450
393 479
393 623
393 757
393 788
393 792
393 804
393 824
393 893
394 498
394 601
394 626
394 650
394 863
394 913
394 914
394 976
395 397
395 489
395 541
395 554
395 602
395 639
395 783
395 838
395 912
395 991
396 417
396 502
396 551
396 570
396 686
396 762
397 431
397 478
397 485
397 664
397 843
397 901
397 964
397 982
398 455
398 526
398 695
398 799
399 496
399 540
399 674
399 725
399 815
399 979
399 992
400 427
400 499
400 553
400 633
400 764
400 832
400 840
400 860
400 874
400 985
401 454
401 483
401 494
401 615
401 674
401 691
401 701
401 857
401 895
401 914
402 477
402 506
402 557
402 559
402 709
402 724
402 770
402 806
402 943
403 446
403 461
403 499
403 530
403 611
403 622
403 757
403 830
403 851
403 866
403 902
403 904
404 412
404 458
404 513
404 514
404 515
404 637
404 646
404 662
404 823
404 888
405 441
405 453
405 484
405 498
405 539
405 617
405 620
405 673
405 681
405 961
406 699
406 719
406 791
407 470
407 498
407 555
407 637
407 687
407 779
407 784
407 887
407 973
408 573
408 587
408 739
408 806
408 889
408 955
409 446
409 451
409 593
409 601
409 694
409 801
410 517
410 567
410 769
410 793
411 442
411 543
411 602
411 623
411 626
411 672
411 771
411 805
411 855
411 880
411 898
412 713
412 812
412 833
412 977
412 998
413 449
413 537
413 724
413 732
413 750
413 841
413 973
414 550
414 590
414 616
414 644
414 737
414 785
414 981
415 416
415 463
415 469
415 531
415 577
415 649
415 708
415 750
415 827
415 843
416 460
416 570
416 576
416 591
416 628
416 635
416 648
416 682
416 749
416 765
416 787
416 970
417 426
417 443
417 466
417 566
417 617
417 697
417 814
418 495
418 648
418 654
418 683
418 696
418 814
418 828
418 989
419 422
419 424
419 495
419 664
419 681
419 742
419 753
419 783
419 785
419 837
419 850
419 917
419 918
419 919
420 454
420 510
420 526
420 573
420 593
420 688
420 716
420 842
420 846
421 683
421 849
421 907
421 998
422 472
422 481
422 517
422 665
422 870
422 953
422 988
423 424
423 484
423 516
423 566
423 674
423 775
423 834
423 840
424 525
424 557
424 798
424 854
425 436
425 479
425 489
425 572
425 783
425 785
425 795
425 803
425 822
425 826
425 897
425 943
425 955
426 433
426 547
426 577
426 659
426 670
426 711
426 762
426 902
426 924
426 981
427 428
427 453
427 510
427 588
427 604
427 655
427 707
427 754
427 763
427 832
427 915
427 992
428 472
428 493
428 602
428 619
428 685
428 803
428 824
428 846
428 888
428 896
428 958
429 487
429 622
429 693
429 703
429 725
429 751
429 757
429 761
429 832
429 901
429 985
430 616
430 680
430 748
430 769
430 826
430 843
430 847
430 959
431 541
431 686
431 697
431 764
431 818
431 842
431 927
432 586
432 602
432 666
432 683
432 750
432 887
432 951
433 493
433 535
433 624
433 687
433 702
433 876
433 884
433 925
434 590
434 656
434 659
434 672
434 938
434 985
435 605
435 615
435 715
435 750
435 826
435 837
435 864
435 909
435 915
436 463
436 464
436 491
436 534
436 550
436 619
436 683
436 735
436 762
436 824
436 842
436 862
437 657
437 698
437 836
437 932
437 987
438 564
438 621
438 664
438 669
438 681
438 801
438 841
438 852
438 890
438 945
438 979
439 472
439 576
439 680
439 691
439 754
439 792
439 828
439 842
439 855
439 871
439 924
440 483
440 573
440 588
440 682
440 810
440 944
441 494
441 540
441 804
441 812
441 855
441 933
441 959
441 973
441 1000
442 636
442 720
442 728
442 755
442 860
442 929
442 965
443 655
443 752
443 783
443 811
443 812
444 478
444 544
444 660
444 661
444 733
444 783
444 909
444 933
445 453
445 473
445 607
445 687
445 739
445 804
445 806
445 987
446 500
446 618
446 628
446 665
446 696
446 713
446 738
446 752
446 804
446 925
447 492
447 511
447 665
447 683
447 853
447 875
447 926
447 943
448 504
448 569
448 892
448 965
448 986
449 531
449 590
449 768
449 836
449 843
449 965
449 993
449 996
450 586
450 589
450 785
450 948
450 971
450 980
450 981
451 564
451 593
451 621
451 864
451 887
452 480
452 519
452 538
452 561
452 615
452 669
452 822
452 912
452 935
452 966
452 991
453 514
453 528
453 564
453 615
453 676
453 724
453 764
453 780
453 782
453 915
453 929
454 620
454 626
455 598
455 627
455 765
455 794
455 967
455 969
456 532
456 555
456 563
456 612
456 615
456 651
456 659
456 692
456 703
456 757
456 769
456 881
457 478
457 549
457 652
457 698
457 712
457 758
457 759
457 777
457 785
457 840
457 987
458 460
458 468
458 503
458 579
458 589
458 608
458 632
458 750
458 819
458 896
458 918
459 473
459 523
459 546
459 560
459 567
459 626
459 630
459 711
459 721
459 733
459 740
459 837
459 838
459 866
459 986
460 472
460 517
460 577
460 706
460 775
460 888
460 912
460 945
461 653
461 685
461 751
461 758
461 869
461 872
461 882
462 491
462 522
462 560
462 604
462 622
462 676
462 726
462 850
462 879
462 969
462 990
463 788
463 861
464 593
464 640
464 707
464 819
464 928
464 982
464 986
465 471
465 587
465 692
465 815
465 881
465 925
465 959
466 573
466 613
466 657
466 680
466 799
466 813
466 923
466 950
467 522
467 655
467 669
467 699
467 748
467 907
468 525
468 536
468 550
468 646
468 808
469 544
469 579
469 728
469 737
469 775
469 966
469 987
470 617
470 742
470 753
470 781
470 838
470 907
471 530
471 556
471 618
471 763
471 774
471 777
471 805
471 815
471 910
471 944
472 545
472 546
472 842
473 518
473 606
473 652
473 669
473 723
473 864
473 891
473 930
473 973
474 496
474 533
474 574
474 585
474 619
474 698
474 736
474 807
474 857
474 865
474 887
474 960
475 542
475 591
475 851
475 870
475 892
475 910
475 920
476 536
476 856
476 857
476 927
476 939
476 976
477 545
477 636
477 696
477 806
477 830
477 882
477 912
477 918
477 920
477 943
478 484
478 503
478 727
478 798
478 853
478 916
478 921
478 933
479 499
479 517
479 643
479 787
479 829
479 846
479 942
480 487
480 492
480 508
480 669
480 827
480 902
480 911
481 497
481 602
481 637
481 705
481 727
481 785
481 913
481 988
481 1000
482 625
482 658
482 671
482 695
482 750
482 780
482 890
482 899
482 948
482 976
483 595
483 761
483 820
483 857
483 872
483 930
483 984
484 801
485 518
485 520
485 550
485 675
485 677
485 696
485 715
485 882
485 981
486 504
486 611
486 677
486 763
486 819
486 833
486 848
486 868
486 876
486 893
487 755
487 780
487 925
488 513
488 530
488 537
488 544
488 601
488 604
488 741
488 814
488 967
489 503
489 517
489 519
489 529
489 815
489 871
490 688
490 708
490 759
490 794
490 805
490 826
490 936
490 940
490 995
491 673
491 733
491 750
492 518
492 526
492 567
492 647
492 687
492 764
492 782
492 816
492 905
493 502
493 768
493 891
493 927
494 581
494 606
494 663
494 681
494 692
494 698
494 931
494 932
494 979
494 989
495 539
495 580
495 623
495 700
495 744
495 779
495 804
495 844
495 959
496 510
496 523
496 638
496 682
496 750
496 769
496 775
496 853
496 915
496 946
497 678
497 683
497 694
497 744
497 802
497 833
498 593
498 646
498 895
499 629
500 558
500 593
500 658
500 666
500 703
500 743
500 755
500 758
500 793
500 827
500 843
501 711
501 832
501 846
501 922
501 951
501 952
501 980
502 510
502 573
502 580
502 655
502 727
502 735
502 875
503 579
503 595
503 638
503 640
503 773
503 785
503 842
503 916
503 940
504 705
504 731
504 772
504 895
504 981
505 575
505 632
505 634
505 743
505 921
505 993
506 694
506 776
506 785
506 983
507 570
507 592
507 706
507 746
507 953
508 671
508 704
508 710
508 726
508 759
508 779
508 867
508 953
508 979
509 546
509 663
509 728
509 730
509 783
509 825
509 900
509 980
509 994
510 560
510 651
510 675
510 694
510 967
511 728
511 957
512 643
512 700
512 796
512 896
512 907
512 997
513 525
513 527
513 537
513 650
513 656
513 752
513 780
513 847
513 925
514 515
514 529
514 536
514 648
514 722
514 767
514 940
515 530
515 604
515 702
515 716
515 748
515 886
515 913
515 914
516 595
516 673
516 678
516 772
516 944
517 532
517 777
517 807
517 887
517 922
518 632
518 773
519 582
519 945
520 575
520 629
520 795
520 865
520 959
520 982
520 995
521 556
521 708
521 907
521 984
521 993
522 698
522 701
522 799
522 834
522 869
522 979
523 555
523 695
523 750
523 814
523 839
523 968
524 736
524 746
524 850
524 888
524 893
524 927
524 961
524 982
525 564
525 598
525 622
525 632
525 662
525 679
525 699
525 715
525 941
526 556
526 612
526 780
526 948
527 625
527 634
527 708
527 712
527 853
527 879
527 900
527 902
527 909
528 597
528 630
528 673
528 747
528 779
528 861
528 866
528 921
528 930
528 979
528 980
529 538
529 595
529 801
529 820
529 923
530 566
530 578
530 775
530 781
530 809
530 827
530 876
530 920
531 549
531 604
531 615
531 867
532 643
532 652
532 696
532 718
532 730
532 735
533 669
534 611
534 614
534 656
534 707
534 722
534 846
534 885
534 953
535 650
535 695
535 758
535 868
535 925
535 941
536 677
536 717
536 725
536 731
536 760
536 917
536 927
537 562
537 603
537 779
537 793
537 862
537 989
538 586
538 652
538 756
538 947
539 574
539 684
539 871
539 989
540 622
540 701
540 775
540 848
540 864
540 975
540 991
541 551
541 714
542 699
542 747
542 770
542 786
542 906
542 944
542 976
543 563
543 567
543 666
543 861
544 545
544 620
544 623
544 633
544 689
544 720
545 839
545 903
546 561
546 612
546 685
546 785
546 793
547 598
547 644
547 655
547 696
547 707
547 743
547 759
547 816
547 968
548 549
548 626
548 799
548 812
548 947
548 996
549 623
549 660
549 673
549 700
549 741
549 986
549 990
550 573
550 750
550 777
550 802
550 846
550 927
550 949
550 951
551 653
551 656
551 672
551 772
551 775
551 800
551 810
551 863
551 904
552 651
552 671
552 691
552 703
552 837
552 987
553 938
554 559
554 684
554 802
554 905
554 953
555 571
555 601
555 771
555 870
555 893
555 898
555 913
555 946
555 972
555 976
556 569
556 598
556 789
556 804
556 883
557 813
557 841
557 869
557 904
558 580
558 596
558 665
558 713
558 767
559 579
559 671
559 681
559 817
559 832
559 917
560 648
560 705
560 736
560 780
560 802
560 806
560 898
560 938
560 987
561 760
561 765
561 772
561 867
561 904
562 617
562 830
562 842
562 888
562 972
562 998
563 618
563 676
563 757
563 786
563 806
563 819
564 592
564 748
565 567
565 587
565 748
565 750
565 762
565 799
565 856
565 863
565 905
565 979
565 985
565 991
566 709
566 758
566 855
566 861
566 992
567 594
567 732
567 783
567 877
567 959
568 580
568 701
568 766
568 829
568 881
568 884
568 899
568 959
569 607
569 643
569 758
569 804
569 811
569 834
569 892
569 911
569 922
569 973
570 672
570 777
570 815
570 817
570 928
571 622
571 658
571 698
571 743
571 771
571 783
571 819
571 877
571 890
571 982
572 604
572 612
572 621
572 631
572 715
572 906
572 944
572 989
573 576
573 661
573 693
573 745
573 747
573 748
573 901
574 576
574 605
574 661
574 896
574 916
574 965
575 665
575 894
576 619
576 686
576 701
576 711
576 818
576 885
576 937
576 972
577 668
577 679
577 751
577 883
578 792
578 914
578 980
579 658
579 699
579 757
579 761
579 863
579 942
579 955
580 637
580 732
580 800
580 923
581 614
581 686
581 699
581 798
581 834
581 963
581 965
581 974
582 605
582 705
582 718
582 762
582 811
582 835
582 858
582 859
583 637
583 651
583 799
583 801
583 823
583 830
583 867
583 928
583 951
583 966
584 587
584 609
584 800
585 624
585 646
585 816
585 842
585 968
586 602
586 608
586 624
586 640
586 645
586 683
586 759
586 801
586 839
586 871
586 890
586 936
586 991
587 748
587 920
588 822
588 881
589 896
589 944
589 948
590 654
590 676
590 699
590 723
590 803
590 985
591 807
591 834
591 846
591 907
592 637
592 784
592 873
592 884
592 893
592 1000
593 675
593 711
593 734
593 767
593 787
593 832
593 845
593 867
593 909
594 680
594 751
594 774
594 840
594 971
595 724
595 874
595 905
595 973
596 607
596 628
596 691
596 692
596 808
596 837
596 846
596 873
596 967
596 969
597 618
597 654
597 685
597 945
598 639
598 641
598 683
598 684
598 848
599 761
599 822
599 934
599 971
600 603
600 640
600 690
600 779
600 883
601 622
601 758
601 768
601 817
601 914
602 696
603 813
603 823
603 897
603 936
603 942
603 961
603 990
603 998
604 626
604 716
604 808
604 828
604 865
604 931
605 764
605 792
605 878
605 893
605 953
605 965
605 981
606 728
606 765
606 807
606 828
606 840
606 937
606 941
607 631
607 730
607 768
607 814
607 848
607 985
607 991
608 654
608 707
608 720
608 738
608 799
608 827
608 930
609 628
609 702
609 741
609 844
609 852
610 626
610 725
610 746
610 896
610 933
610 951
610 996
611 659
611 688
611 699
611 751
611 767
611 800
612 624
612 811
613 718
613 769
613 822
613 827
613 887
613 907
613 950
613 969
613 973
614 742
614 799
614 826
614 922
614 1000
615 661
615 763
615 850
615 866
615 966
616 643
616 670
616 777
616 797
616 974
617 700
617 710
617 873
617 901
617 988
618 668
618 699
618 738
618 745
618 777
618 813
618 942
619 659
619 669
619 730
619 790
619 926
619 990
620 663
620 708
620 724
620 763
620 765
620 773
620 900
620 974
621 652
621 704
621 873
621 877
621 936
622 649
622 652
622 673
622 707
622 722
622 952
623 650
623 718
623 964
624 635
624 647
624 690
624 701
624 737
624 781
624 818
624 893
624 915
625 729
625 774
625 880
625 945
625 979
625 1000
626 653
626 774
626 786
626 823
627 671
627 721
627 853
627 965
628 636
628 735
628 746
628 767
628 815
628 834
628 910
628 954
629 661
629 705
629 816
629 819
629 866
629 879
629 951
629 959
629 980
629 992
630 796
631 766
631 815
631 911
631 921
631 939
632 854
632 930
632 935
632 972
633 683
633 918
633 949
634 733
634 754
634 813
634 822
634 823
634 844
634 845
634 861
635 812
635 839
635 866
635 955
635 963
635 988
636 695
636 906
636 911
636 964
636 968
637 643
637 676
637 680
637 770
637 782
637 813
637 901
638 777
638 786
638 808
638 874
638 915
639 695
639 703
639 746
639 771
639 787
639 966
640 643
640 859
640 967
641 715
641 801
641 848
641 880
641 890
641 952
642 784
642 820
643 660
643 730
643 799
643 863
644 746
644 921
645 674
645 698
645 712
645 921
646 781
646 987
647 786
647 824
647 933
647 946
647 971
648 779
648 841
648 848
648 862
648 876
648 891
648 919
649 735
649 785
649 812
649 863
649 989
650 653
650 692
650 699
650 741
650 867
651 673
651 686
651 729
651 757
651 781
651 968
652 679
652 680
652 751
652 776
652 789
652 842
652 951
652 954
653 661
653 671
653 791
653 799
653 907
653 938
653 958
654 668
654 690
654 737
654 780
654 789
654 866
654 869
654 948
654 952
654 988
655 727
655 732
655 773
655 889
655 899
656 720
656 721
656 726
656 788
656 839
656 921
656 930
656 995
657 731
657 756
657 823
657 864
657 886
657 939
657 987
658 768
658 872
658 977
659 788
659 841
659 858
659 964
659 977
660 663
660 826
660 833
661 745
661 789
661 848
661 864
661 910
661 994
662 666
662 709
662 811
662 867
662 932
662 959
662 985
663 679
663 758
663 949
664 700
664 730
664 761
664 820
664 880
664 981
664 990
665 731
665 745
665 751
665 787
665 806
665 909
665 940
665 941
666 972
666 983
667 689
667 715
667 754
667 905
667 941
668 670
668 835
668 841
668 861
668 880
668 951
668 962
668 980
669 842
669 872
669 892
669 937
669 968
669 973
670 768
670 819
670 910
670 978
671 696
671 714
671 896
672 702
672 720
672 788
672 882
672 912
672 975
673 710
673 715
673 757
673 867
673 875
673 906
673 925
673 954
674 759
674 764
674 772
674 965
675 788
675 849
675 885
675 936
675 953
676 694
676 775
676 782
676 889
676 943
676 1000
677 790
677 824
677 827
677 933
678 699
678 712
678 726
678 729
678 852
678 867
678 880
678 919
678 932
679 719
679 720
679 753
679 842
679 888
681 754
681 898
681 1000
682 814
682 865
682 876
682 879
682 977
683 879
683 882
683 915
683 937
683 984
684 726
684 826
684 974
684 988
685 742
685 824
685 850
685 907
685 969
685 990
686 705
686 773
686 813
686 892
686 968
687 725
687 762
687 871
687 978
688 725
688 774
688 825
688 905
688 913
688 918
688 985
689 725
689 889
690 701
690 898
690 933
692 716
692 749
692 951
692 995
693 714
693 715
693 753
693 755
693 809
693 819
693 831
693 976
694 724
694 746
694 764
694 788
694 914
694 941
696 702
696 707
696 724
696 740
696 797
696 803
696 882
696 909
696 982
697 743
697 752
697 753
697 789
697 812
697 817
697 900
697 947
698 724
698 852
698 862
698 930
699 735
699 836
699 915
699 923
700 796
700 874
700 893
701 959
701 988
702 736
702 800
702 807
702 834
702 862
702 963
703 779
703 851
703 931
704 753
704 786
704 859
704 882
704 903
705 739
705 849
705 900
705 930
705 946
706 729
706 734
706 790
706 857
707 778
707 855
708 808
708 851
708 991
709 720
709 783
709 886
709 893
709 903
709 986
709 997
710 810
710 826
710 890
711 859
711 916
711 944
712 720
712 903
713 862
713 922
714 717
714 835
714 949
714 957
714 979
714 990
715 778
715 780
715 806
716 861
716 928
716 951
716 986
717 783
717 790
717 894
717 902
717 956
718 727
718 752
718 865
718 942
718 974
719 724
719 733
719 756
719 782
719 783
720 726
720 761
721 786
721 811
721 935
722 814
722 898
722 975
722 995
723 794
723 796
723 807
723 858
724 886
724 949
725 915
725 986
726 836
726 911
726 993
727 733
727 802
727 968
728 769
728 820
728 869
728 889
729 739
729 773
729 915
729 962
730 774
730 833
730 959
730 967
730 970
731 849
731 855
731 859
731 978
731 985
732 797
732 804
732 851
732 899
732 911
733 772
734 773
734 803
734 817
734 899
734 994
735 742
735 780
735 783
735 860
736 753
736 809
736 847
736 889
736 906
736 934
736 955
737 751
737 767
737 826
737 927
737 934
737 975
737 978
738 856
738 881
738 884
738 907
738 932
738 954
739 755
739 907
739 958
739 969
739 992
740 849
740 850
740 927
741 766
741 775
741 919
741 939
742 900
742 913
742 921
743 860
743 963
744 821
744 831
744 928
744 954
745 787
745 861
745 894
745 988
746 929
747 751
747 761
747 834
747 850
747 855
747 892
747 977
748 755
748 926
748 975
749 790
749 814
749 839
749 845
749 895
749 937
749 979
749 987
750 812
750 833
750 950
751 757
751 900
751 938
751 968
752 946
752 953
753 758
753 816
753 878
753 914
753 956
754 830
754 863
754 939
754 988
755 791
755 800
755 838
755 946
755 991
756 855
756 870
756 928
756 980
756 983
757 968
758 759
758 780
758 885
758 980
759 796
759 997
760 921
760 950
760 958
761 767
761 784
762 795
762 816
763 804
763 829
763 864
763 964
764 773
764 810
764 811
764 856
764 924
764 946
764 986
765 770
765 814
766 808
766 910
767 802
767 994
768 834
768 920
768 983
769 880
769 919
769 927
770 781
770 861
770 918
770 954
770 980
771 828
771 960
772 806
772 856
772 967
772 999
773 806
773 827
773 863
773 882
773 905
773 946
774 805
774 857
774 884
774 938
775 818
775 821
775 936
776 805
776 892
776 961
776 993
777 786
777 858
777 967
778 826
778 957
779 798
779 884
779 907
780 912
780 949
780 956
781 910
781 966
782 866
783 818
783 891
784 798
784 963
785 788
785 796
785 840
785 854
785 881
785 891
785 919
785 979
785 995
785 996
786 813
786 902
786 944
786 972
787 810
787 997
788 998
789 888
789 918
790 837
790 877
791 948
791 995
792 912
793 857
793 872
793 875
794 821
794 971
794 974
795 808
795 825
795 990
796 818
796 844
796 853
796 912
797 873
797 900
797 965
797 979
797 987
798 817
799 987
800 811
800 819
800 866
800 906
800 994
801 891
802 868
802 920
802 933
803 805
803 836
804 939
804 957
805 846
805 973
805 996
806 898
807 844
807 930
808 812
808 864
808 901
808 974
809 821
809 899
809 932
811 835
811 863
811 872
811 886
811 965
812 830
812 937
812 973
812 998
813 816
814 817
814 877
814 885
814 891
814 992
815 836
815 883
815 935
815 937
815 973
816 838
816 940
816 957
817 832
817 921
818 854
818 891
818 962
819 934
819 988
820 853
820 946
820 989
821 948
821 962
821 995
821 996
822 869
822 876
823 832
823 847
823 858
823 882
823 898
823 946
823 982
823 999
824 910
824 987
825 838
825 851
825 876
825 958
825 962
825 970
826 827
826 829
826 844
826 904
826 951
826 962
827 857
828 906
828 991
829 857
829 886
829 905
829 958
829 998
830 889
830 921
830 924
830 961
830 965
831 843
831 858
832 846
833 844
833 868
833 887
833 946
833 959
833 961
833 982
835 928
836 861
836 928
836 942
837 863
837 916
837 944
838 859
838 994
839 901
839 915
839 926
841 927
842 905
842 923
842 997
843 848
843 946
843 989
844 847
846 907
846 930
847 870
847 880
847 933
848 880
848 925
849 902
849 936
850 883
851 856
851 868
851 875
851 973
851 991
851 995
852 862
852 966
853 863
853 921
854 857
854 860
854 989
855 880
855 975
856 950
857 905
857 974
857 985
857 988
858 924
859 892
859 919
859 940
859 946
861 884
862 961
864 876
864 975
864 990
865 902
865 942
866 895
866 937
866 942
868 915
868 920
868 979
869 875
869 940
869 971
870 985
872 938
872 968
873 935
875 931
875 942
875 945
875 965
876 909
876 926
876 991
878 952
878 981
880 963
880 995
881 994
882 898
885 937
885 973
886 920
886 966
887 973
888 899
889 902
889 926
891 906
891 913
891 967
892 971
892 981
893 908
893 975
894 949
894 971
895 947
896 947
896 973
898 932
898 961
898 970
899 910
899 917
901 938
902 936
902 949
903 912
903 972
903 992
904 985
904 991
905 917
905 962
905 999
906 968
906 982
907 944
907 1000
908 994
910 961
911 996
914 955
915 965
915 974
916 949
917 920
917 969
918 995
919 988
921 955
924 970
925 937
926 932
927 934
927 976
927 984
928 944
929 958
929 993
930 965
931 934
931 979
931 986
934 983
938 942
938 970
938 992
939 943
939 996
940 984
943 968
943 977
946 955
946 973
951 993
952 963
952 978
953 976
953 978
954 981
955 972
956 991
958 961
958 987
959 990
960 966
962 989
966 989
974 989
983 992
984 993
986 998
988 995
996 1000
