1000 6909
1 8
1 52
1 93
1 269
1 339
1 390
1 405
1 425
1 451
1 493
1 546
1 581
1 688
1 733
1 755
1 872
1 879
2 55
2 72
2 118
2 183
2 206
2 372
2 381
2 433
2 520
2 638
2 665
2 675
2 701
2 839
2 851
2 895
2 932
3 201
3 204
3 296
3 343
3 423
3 463
3 620
3 635
3 850
3 855
4 20
4 134
4 179
4 213
4 330
4 353
4 388
4 391
4 462
4 653
4 711
4 745
4 759
4 801
4 851
4 898
4 910
4 954
5 146
5 207
5 214
5 314
5 383
5 395
5 416
5 503
5 550
5 640
5 676
5 726
5 774
5 801
5 964
5 989
6 29
6 47
6 79
6 107
6 138
6 187
6 407
6 413
6 552
6 619
6 730
6 826
6 868
7 47
7 152
7 220
7 365
7 396
7 437
7 448
7 507
7 536
7 773
7 786
7 855
7 904
8 89
8 116
8 304
8 432
8 480
8 519
8 554
8 606
8 688
8 689
8 694
8 708
8 739
8 827
8 917
8 935
8 973
9 125
9 128
9 308
9 311
9 452
9 487
9 539
9 582
9 671
10 116
10 326
10 338
10 347
10 522
10 536
10 579
10 609
10 848
10 986
11 136
11 165
11 229
11 295
11 312
11 342
11 425
11 643
11 693
11 704
11 825
11 856
11 896
11 950
11 955
12 203
12 254
12 395
12 415
12 418
12 520
12 962
13 60
13 79
13 103
13 129
13 132
13 188
13 190
13 194
13 243
13 310
13 311
13 394
13 397
13 419
13 549
13 679
13 681
13 754
13 821
13 847
13 921
14 37
14 177
14 404
14 420
14 468
14 534
14 538
14 641
14 670
14 857
15 52
15 199
15 264
15 295
15 341
15 394
15 491
15 510
15 586
15 614
15 820
15 892
15 900
15 907
15 911
15 915
16 33
16 63
16 259
16 278
16 353
16 383
16 489
16 540
16 554
16 628
16 647
16 778
16 793
16 818
16 829
16 864
17 102
17 232
17 325
17 467
17 477
17 582
17 684
17 740
17 832
18 34
18 221
18 252
18 345
18 354
18 403
18 511
18 518
18 610
18 757
18 777
18 784
18 860
18 880
18 882
19 66
19 86
19 257
19 304
19 312
19 322
19 390
19 709
19 803
19 984
20 27
20 109
20 128
20 195
20 422
20 467
20 476
20 516
20 664
20 729
20 741
20 764
20 775
20 820
20 830
20 840
20 902
20 998
21 70
21 130
21 136
21 150
21 152
21 187
21 192
21 214
21 224
21 271
21 272
21 447
21 452
21 517
21 702
21 717
21 810
21 835
21 872
21 975
21 990
21 995
22 224
22 251
22 544
22 559
22 679
22 714
22 831
22 879
22 917
22 920
22 921
22 958
22 962
22 998
23 77
23 288
23 301
23 391
23 422
23 537
23 575
23 576
23 607
23 627
23 629
23 630
23 763
23 774
23 882
23 952
23 992
23 997
24 35
24 59
24 136
24 290
24 317
24 379
24 392
24 459
24 568
24 628
24 811
24 855
24 905
24 908
24 985
25 75
25 121
25 184
25 424
25 425
25 436
25 572
25 580
25 657
25 756
25 887
25 892
25 894
25 971
26 191
26 211
26 352
26 392
26 424
26 441
26 453
26 478
26 479
26 504
26 508
26 625
26 637
26 665
26 725
27 92
27 121
27 143
27 189
27 318
27 356
27 707
27 765
27 779
27 848
27 937
27 986
28 70
28 116
28 124
28 196
28 260
28 345
28 419
28 500
28 682
28 854
29 164
29 305
29 420
29 466
29 514
29 566
29 618
29 663
29 770
29 803
29 818
29 876
29 903
29 972
30 49
30 131
30 162
30 213
30 341
30 375
30 388
30 389
30 425
30 573
30 629
30 794
30 825
30 826
30 871
30 891
30 928
30 962
30 988
31 120
31 239
31 288
31 324
31 339
31 341
31 362
31 384
31 447
31 482
31 509
31 546
31 600
31 666
31 675
31 888
31 922
31 971
31 988
32 161
32 219
32 271
32 346
32 439
32 448
32 457
32 504
32 558
32 559
32 830
32 863
32 870
32 907
33 38
33 171
33 287
33 297
33 301
33 305
33 393
33 619
33 698
33 712
33 713
33 780
33 856
33 999
34 57
34 327
34 425
34 431
34 633
34 640
34 682
34 731
34 743
34 879
34 883
34 914
34 932
35 187
35 235
35 290
35 309
35 313
35 364
35 386
35 492
35 557
35 564
35 998
36 37
36 69
36 78
36 84
36 209
36 252
36 277
36 318
36 380
36 432
36 472
36 571
36 613
36 628
36 649
36 671
36 681
36 769
36 792
36 813
36 904
37 132
37 148
37 389
37 462
37 507
37 582
37 614
37 638
37 684
37 706
37 777
37 814
37 816
37 820
37 849
37 938
37 968
38 144
38 312
38 345
38 484
38 576
38 645
38 649
38 672
38 713
38 715
38 858
38 955
39 154
39 362
39 476
39 623
39 633
39 660
39 703
39 793
39 865
39 929
39 956
39 991
40 56
40 164
40 204
40 448
40 567
40 661
40 679
40 691
40 720
40 807
40 817
40 930
41 83
41 184
41 281
41 283
41 341
41 372
41 379
41 384
41 385
41 486
41 500
41 792
41 898
41 904
41 928
42 128
42 180
42 210
42 365
42 377
42 382
42 400
42 562
42 686
42 919
42 955
43 161
43 212
43 375
43 474
43 499
43 581
43 855
43 931
43 940
43 976
43 979
44 105
44 337
44 396
44 398
44 633
44 637
44 751
44 756
44 878
45 149
45 213
45 341
45 614
45 706
45 788
45 820
45 852
45 950
46 99
46 118
46 174
46 220
46 225
46 226
46 235
46 252
46 269
46 342
46 378
46 450
46 457
46 478
46 830
46 866
46 873
47 125
47 224
47 229
47 339
47 399
47 464
47 598
47 636
47 702
47 780
47 904
47 914
47 929
47 944
48 146
48 158
48 229
48 241
48 289
48 301
48 391
48 458
48 498
48 703
49 405
49 503
49 513
49 823
49 837
49 858
49 916
50 96
50 120
50 136
50 139
50 345
50 538
50 619
50 672
50 727
50 735
50 795
50 868
50 962
51 253
51 297
51 524
51 540
51 582
51 690
51 730
51 736
51 805
51 878
51 965
52 269
52 307
52 426
52 431
52 609
52 706
52 755
52 790
52 868
53 186
53 328
53 339
53 346
53 347
53 451
53 474
53 521
53 619
53 639
53 685
53 737
53 744
53 826
53 885
54 64
54 106
54 194
54 228
54 239
54 341
54 517
54 530
54 577
54 623
54 804
54 815
54 846
54 975
55 100
55 118
55 188
55 209
55 254
55 299
55 382
55 427
55 502
55 547
55 590
55 592
55 802
55 839
55 916
55 918
55 929
56 69
56 262
56 279
56 292
56 377
56 448
56 469
56 479
56 542
56 590
56 841
56 907
57 94
57 142
57 176
57 344
57 355
57 394
57 411
57 504
57 533
57 592
57 674
57 714
57 766
57 779
57 788
58 141
58 147
58 212
58 222
58 253
58 358
58 387
58 472
58 733
58 735
58 772
58 841
58 996
59 85
59 215
59 370
59 564
59 755
59 887
60 96
60 179
60 196
60 300
60 448
60 642
60 798
60 884
60 940
60 993
61 102
61 146
61 214
61 257
61 285
61 546
61 559
61 656
61 683
61 714
61 770
61 842
61 857
61 865
61 874
62 85
62 225
62 351
62 354
62 383
62 412
62 500
62 553
62 561
62 668
62 675
62 717
62 809
62 816
62 858
63 175
63 453
63 523
63 528
63 555
63 605
63 656
63 902
63 983
64 66
64 110
64 173
64 217
64 239
64 243
64 284
64 324
64 356
64 480
64 578
64 723
64 857
64 910
64 982
65 106
65 129
65 309
65 373
65 400
65 440
65 443
65 621
65 655
65 735
65 742
65 763
65 782
65 784
65 785
65 835
65 922
65 949
65 966
66 110
66 285
66 315
66 327
66 434
66 557
66 572
66 697
66 779
66 796
66 917
66 968
67 179
67 220
67 279
67 316
67 344
67 420
67 464
67 501
67 577
67 595
67 620
67 732
67 871
68 72
68 114
68 118
68 208
68 277
68 322
68 324
68 379
68 382
68 417
68 463
68 528
68 552
68 617
68 710
68 729
68 858
68 908
68 919
68 954
69 92
69 111
69 119
69 185
69 273
69 359
69 602
69 696
69 724
69 782
69 868
69 888
69 917
70 177
70 256
70 288
70 321
70 354
70 446
70 479
70 494
70 506
70 668
70 742
70 760
70 777
70 793
70 845
70 847
71 153
71 158
71 231
71 266
71 363
71 371
71 658
71 949
72 116
72 395
72 578
72 651
72 736
72 793
72 799
73 120
73 301
73 406
73 480
73 499
73 601
73 681
73 766
73 778
73 792
73 818
73 872
73 975
74 161
74 180
74 331
74 349
74 350
74 451
74 905
74 979
75 135
75 215
75 284
75 339
75 356
75 757
75 780
75 836
75 838
75 844
75 883
75 934
76 79
76 88
76 191
76 309
76 442
76 594
76 761
76 769
76 836
76 854
76 932
76 953
76 991
77 127
77 171
77 192
77 263
77 412
77 430
77 557
77 704
77 773
77 864
77 919
77 975
78 99
78 279
78 340
78 344
78 364
78 370
78 389
78 480
78 508
78 576
78 581
78 586
78 632
78 849
79 532
79 583
79 588
79 651
79 658
79 680
79 756
79 761
79 936
79 983
79 990
80 242
80 400
80 457
80 468
80 485
80 594
80 644
80 667
80 734
80 758
80 781
80 789
80 830
80 855
80 933
81 169
81 259
81 290
81 380
81 433
81 482
81 546
81 583
81 810
81 831
81 840
81 921
81 964
82 120
82 180
82 283
82 289
82 322
82 353
82 393
82 564
82 703
82 787
82 795
82 882
82 885
83 283
83 293
83 344
83 387
83 428
83 612
83 837
83 850
83 894
84 268
84 285
84 353
84 519
84 646
84 754
84 911
84 958
85 171
85 189
85 233
85 246
85 386
85 401
85 449
85 544
85 718
85 723
85 788
85 829
86 228
86 295
86 394
86 445
86 499
86 563
86 694
86 804
86 951
87 171
87 207
87 213
87 346
87 363
87 379
87 452
87 585
87 726
87 792
87 810
87 929
87 953
88 98
88 284
88 375
88 433
88 538
88 587
88 595
88 654
88 764
88 778
88 883
88 903
88 921
88 929
88 960
88 980
88 989
89 141
89 187
89 200
89 280
89 367
89 466
89 514
89 525
89 586
89 637
89 901
89 957
90 170
90 247
90 428
90 446
90 533
90 714
90 785
90 861
90 862
90 868
90 950
90 951
91 98
91 242
91 246
91 271
91 296
91 307
91 459
91 616
92 100
92 255
92 267
92 368
92 633
92 651
92 739
92 759
92 761
92 856
92 880
93 96
93 300
93 357
93 457
93 508
93 590
93 643
93 729
93 793
93 817
93 865
94 124
94 146
94 223
94 293
94 506
94 518
94 620
94 832
95 99
95 121
95 133
95 152
95 214
95 256
95 267
95 307
95 582
95 588
95 601
95 624
95 766
95 787
95 838
95 859
96 285
96 362
96 407
96 430
96 539
96 553
96 591
96 619
96 735
96 909
97 122
97 150
97 223
97 395
97 475
97 541
97 566
97 636
97 945
98 105
98 157
98 180
98 252
98 306
98 502
98 518
98 577
98 584
98 594
98 738
98 748
98 820
99 138
99 213
99 279
99 286
99 294
99 308
99 339
99 371
99 396
99 423
99 514
99 580
99 594
99 658
99 680
99 724
99 919
99 965
100 102
100 116
100 117
100 145
100 189
100 323
100 325
100 328
100 458
100 539
100 564
100 637
100 678
100 695
100 822
100 832
100 864
100 883
100 912
100 924
101 115
101 214
101 237
101 316
101 348
101 366
101 575
101 754
101 880
102 311
102 436
102 490
102 564
102 567
102 736
102 768
102 961
102 995
103 117
103 218
103 228
103 337
103 726
103 928
103 967
103 984
104 113
104 118
104 121
104 180
104 261
104 336
104 426
104 427
104 538
104 579
104 582
104 632
104 652
104 729
104 816
104 918
104 961
105 187
105 246
105 386
105 391
105 425
105 427
105 488
105 775
105 878
105 940
106 107
106 129
106 210
106 311
106 408
106 467
106 646
106 674
106 767
106 808
106 891
106 913
106 914
106 941
107 123
107 156
107 283
107 339
107 344
107 378
107 392
107 445
107 464
107 492
107 581
107 631
107 661
107 682
107 684
107 764
107 824
107 948
108 195
108 262
108 528
108 547
108 838
108 862
108 918
109 171
109 442
109 492
109 518
109 605
109 611
109 825
109 881
109 899
109 914
109 980
110 238
110 281
110 523
110 525
110 628
110 672
110 693
110 725
110 751
110 814
111 122
111 177
111 410
111 527
111 680
111 703
111 735
111 769
111 912
112 156
112 263
112 317
112 499
112 501
112 512
112 558
112 701
112 733
112 845
112 877
112 939
112 941
112 968
112 969
113 148
113 184
113 200
113 301
113 375
113 475
113 541
113 740
113 814
113 828
113 855
113 885
113 898
113 922
114 311
114 323
114 341
114 405
114 626
114 634
114 710
114 718
114 831
115 136
115 156
115 182
115 216
115 219
115 253
115 278
115 288
115 436
115 458
115 579
115 752
115 757
115 763
115 963
116 233
116 267
116 278
116 366
116 389
116 393
116 401
116 438
116 462
116 545
116 567
116 573
116 652
116 665
116 667
116 763
116 812
116 823
116 894
117 176
117 208
117 255
117 276
117 389
117 420
117 591
117 655
117 725
117 825
117 920
117 941
117 975
118 176
118 268
118 271
118 300
118 331
118 363
118 392
118 399
118 576
118 641
118 664
118 703
118 762
118 780
118 890
118 936
119 173
119 322
119 404
119 489
119 504
119 604
119 631
119 639
119 798
119 823
119 932
120 142
120 230
120 267
120 271
120 278
120 316
120 494
120 551
120 606
120 628
120 671
120 839
120 911
120 941
120 950
121 165
121 170
121 274
121 475
121 600
121 612
121 673
121 756
121 770
121 800
121 944
121 959
122 289
122 303
122 358
122 502
122 536
122 646
122 713
122 852
122 919
122 931
122 1000
123 124
123 169
123 216
123 229
123 453
123 498
123 596
123 766
123 863
123 894
123 905
123 920
123 921
123 969
124 148
124 197
124 199
124 270
124 357
124 562
124 614
124 774
124 838
124 940
124 961
124 966
125 173
125 204
125 221
125 273
125 330
125 372
125 376
125 457
125 507
125 682
125 728
125 779
125 821
125 891
125 895
125 910
126 192
126 212
126 250
126 560
126 604
126 657
126 705
126 730
126 803
127 280
127 290
127 626
127 642
127 714
127 779
128 155
128 170
128 206
128 516
128 607
128 646
128 752
128 755
128 847
128 861
128 943
129 249
129 346
129 368
129 481
129 513
129 533
129 538
129 700
129 703
129 832
129 897
129 953
130 152
130 232
130 297
130 489
130 570
130 635
130 679
130 768
130 779
130 794
130 892
131 142
131 301
131 344
131 382
131 435
131 448
131 806
131 871
131 951
132 217
132 291
132 330
132 418
132 545
132 653
132 674
132 699
132 718
132 763
133 256
133 295
133 362
133 416
133 557
133 790
133 820
133 847
133 996
134 140
134 173
134 318
134 358
134 409
134 434
134 447
134 533
134 592
134 597
134 846
134 911
134 925
134 930
134 945
134 976
135 164
135 169
135 175
135 189
135 467
135 521
135 531
135 581
135 605
135 682
135 862
135 864
135 950
135 951
136 171
136 174
136 231
136 237
136 247
136 264
136 437
136 621
136 763
136 848
136 893
137 143
137 147
137 163
137 233
137 329
137 392
137 430
137 464
137 471
137 522
137 578
137 676
137 765
137 802
137 813
137 846
137 884
137 896
137 898
137 1000
138 249
138 296
138 342
138 441
138 451
138 581
138 600
138 655
138 739
138 744
138 863
139 166
139 231
139 278
139 376
139 432
139 447
139 466
139 479
139 586
139 620
139 786
139 788
139 815
139 846
139 920
140 176
140 366
140 423
140 447
140 497
140 544
140 551
140 581
140 604
140 671
140 737
140 795
140 845
140 860
141 199
141 251
141 284
141 289
141 380
141 479
141 583
141 592
141 664
141 757
141 929
141 935
142 143
142 147
142 175
142 194
142 391
142 580
142 625
142 633
142 742
142 844
142 954
143 270
143 358
143 365
143 409
143 456
143 461
143 468
143 476
143 513
143 548
143 571
143 590
143 786
143 819
143 828
143 892
143 969
144 192
144 244
144 245
144 249
144 508
144 524
144 529
144 573
144 624
144 710
144 748
144 754
144 796
144 836
144 855
144 866
144 884
144 901
144 907
144 954
144 985
145 193
145 238
145 343
145 415
145 690
145 702
145 735
145 745
145 795
146 179
146 309
146 362
146 633
146 966
147 201
147 257
147 291
147 460
147 465
147 467
147 552
147 553
147 556
147 676
147 739
147 806
147 981
148 152
148 165
148 180
148 288
148 293
148 333
148 454
148 477
148 674
148 703
148 721
148 928
148 946
149 164
149 225
149 365
149 408
149 422
149 548
149 591
149 603
149 706
149 737
149 741
149 797
149 807
149 822
149 882
149 922
149 995
150 294
150 433
150 523
150 536
150 565
150 588
150 791
150 799
150 859
150 908
150 931
151 238
151 270
151 376
151 526
151 609
151 618
151 768
151 824
151 864
151 891
151 899
151 974
152 229
152 372
152 448
152 592
152 726
152 733
152 747
152 923
153 270
153 290
153 315
153 336
153 404
153 438
153 568
153 615
153 803
153 827
153 887
153 971
153 981
154 293
154 354
154 380
154 398
154 569
154 584
154 675
154 796
155 178
155 184
155 190
155 263
155 276
155 296
155 305
155 339
155 342
155 432
155 472
155 474
155 479
155 588
155 663
155 701
155 708
155 771
155 949
155 951
156 158
156 237
156 343
156 362
156 377
156 390
156 685
156 696
156 717
156 753
156 897
157 200
157 237
157 249
157 281
157 358
157 394
157 434
157 490
157 578
157 605
157 852
157 869
157 963
157 987
157 994
158 167
158 191
158 320
158 380
158 463
158 466
158 583
158 590
158 655
158 775
158 827
158 871
159 164
159 213
159 217
159 220
159 298
159 337
159 340
159 517
159 769
159 883
159 900
159 947
159 952
160 200
160 268
160 276
160 294
160 322
160 369
160 395
160 869
160 909
160 957
161 213
161 257
161 343
161 348
161 433
161 491
161 609
161 621
161 730
161 798
161 802
161 836
161 848
161 969
162 223
162 289
162 316
162 349
162 606
162 644
162 779
162 833
162 853
162 997
163 302
163 311
163 317
163 382
163 485
163 516
163 531
163 559
163 574
163 624
163 758
163 782
163 899
164 371
164 377
164 480
164 512
164 529
164 644
164 645
164 654
164 866
164 883
164 989
165 240
165 279
165 299
165 340
165 408
165 461
165 496
165 500
165 514
165 528
165 622
165 663
165 671
165 692
165 846
165 897
165 947
166 285
166 377
166 415
166 512
166 542
166 647
166 661
166 679
166 703
166 710
166 722
166 822
166 848
166 961
167 198
167 212
167 315
167 338
167 476
167 480
167 487
167 503
167 535
167 583
167 632
167 645
167 861
167 887
167 916
168 525
168 551
168 672
168 674
168 811
168 949
169 180
169 252
169 292
169 347
169 454
169 571
169 577
169 651
169 750
169 815
169 837
169 846
169 991
170 364
170 369
170 394
170 474
170 476
170 485
170 593
170 683
170 701
170 739
170 814
170 820
170 897
170 920
171 287
171 300
171 374
171 555
171 679
171 734
171 851
171 865
171 889
171 925
171 926
172 251
172 334
172 596
172 629
172 730
172 861
172 962
173 224
173 305
173 509
173 539
173 645
173 662
173 697
173 787
174 201
174 251
174 295
174 333
174 362
174 481
174 600
174 609
174 680
174 684
174 741
174 742
174 881
175 199
175 222
175 257
175 693
175 801
175 918
175 921
175 923
176 297
176 314
176 340
176 376
176 435
176 506
176 546
176 595
176 830
176 859
176 881
176 915
176 924
176 925
176 949
177 323
177 362
177 431
177 554
177 695
177 733
177 783
177 801
177 812
177 906
177 945
177 948
178 180
178 212
178 249
178 257
178 266
178 356
178 634
178 635
178 743
178 765
178 833
178 842
178 847
178 942
178 955
178 973
178 985
179 244
179 249
179 275
179 339
179 354
179 387
179 422
179 481
179 484
179 502
179 563
179 589
179 779
179 890
180 259
180 388
180 420
180 534
181 212
181 244
181 247
181 333
181 380
181 450
181 509
181 721
181 729
181 795
181 845
181 867
181 956
181 968
181 982
181 991
182 432
182 552
182 713
182 768
182 904
182 909
182 914
182 952
183 250
183 613
183 747
183 853
183 999
183 1000
184 442
184 456
184 567
184 724
184 870
184 914
185 257
185 302
185 310
185 433
185 436
185 893
186 365
186 376
186 474
186 679
186 697
186 826
186 841
186 883
186 951
187 199
187 274
187 366
187 408
187 430
187 828
187 866
187 901
187 928
187 961
188 191
188 206
188 236
188 285
188 459
188 545
188 583
188 600
188 676
188 681
188 852
188 868
189 249
189 374
189 546
189 610
189 643
189 727
189 834
189 938
190 256
190 275
190 453
190 484
190 617
190 689
190 723
190 772
190 822
190 893
190 896
190 913
190 933
191 250
191 381
191 383
191 402
191 522
191 593
191 613
191 615
191 734
191 746
191 867
191 886
191 905
192 278
192 400
192 413
192 504
192 598
192 614
192 676
192 716
192 857
192 925
192 937
193 210
193 234
193 282
193 297
193 326
193 334
193 428
193 441
193 508
193 603
193 613
193 646
193 653
193 751
193 973
194 196
194 416
194 556
194 730
194 761
194 904
194 910
194 924
194 988
195 237
195 482
195 623
195 847
195 892
195 910
196 261
196 273
196 305
196 383
196 402
196 411
196 440
196 445
196 541
196 588
196 599
196 745
196 765
197 225
197 245
197 441
197 443
197 561
197 582
197 745
197 759
198 218
198 366
198 578
198 633
198 635
198 808
198 809
198 859
198 871
198 905
198 920
198 958
199 230
199 272
199 299
199 340
199 490
199 494
199 536
199 578
199 583
199 599
199 637
199 674
199 741
199 790
200 227
200 232
200 453
200 502
200 574
200 588
200 660
200 663
200 683
200 720
200 751
201 307
201 362
201 377
201 505
201 555
201 760
201 763
201 851
201 852
201 868
201 898
201 947
202 233
202 334
202 376
202 387
202 501
202 573
202 580
202 622
202 647
202 752
202 812
202 836
202 884
203 263
203 459
203 504
203 632
203 658
203 699
203 796
203 810
203 820
203 923
204 235
204 258
204 291
204 358
204 418
204 543
204 580
204 610
204 776
204 784
204 811
204 829
204 898
204 988
205 384
205 567
205 578
205 590
205 660
205 683
205 820
205 873
205 945
206 219
206 328
206 555
206 712
206 750
206 763
206 986
206 990
207 233
207 359
207 383
207 451
207 454
207 462
207 465
207 535
207 559
207 659
207 846
207 850
207 865
207 956
207 993
208 212
208 234
208 259
208 277
208 312
208 399
208 448
208 547
208 600
208 624
208 726
208 790
208 861
208 885
208 891
208 932
209 296
209 312
209 320
209 353
209 496
209 593
209 744
209 745
209 930
209 932
209 955
209 957
209 981
209 991
210 263
210 339
210 383
210 533
210 680
210 694
210 713
210 962
211 286
211 313
211 434
211 452
211 502
211 545
211 590
211 785
211 824
211 917
211 950
212 219
212 225
212 236
212 242
212 354
212 387
212 602
212 613
212 681
212 719
212 868
212 967
213 379
213 420
213 500
213 515
213 567
213 597
213 619
213 632
213 658
213 805
213 890
213 957
213 968
213 985
214 287
214 375
214 383
214 477
214 611
214 731
214 797
214 964
215 236
215 279
215 403
215 449
215 487
215 544
215 595
215 601
215 652
215 869
215 882
215 965
216 231
216 290
216 407
216 421
216 545
216 587
216 621
216 829
217 306
217 469
217 593
217 686
217 693
217 718
217 727
217 756
217 822
217 825
217 903
218 291
218 305
218 368
218 373
218 408
218 432
218 526
218 845
218 945
218 984
219 304
219 336
219 337
219 554
219 698
219 742
219 899
219 915
219 951
219 973
220 226
220 266
220 339
220 540
220 638
220 741
220 772
220 811
220 839
220 868
220 907
220 912
220 932
220 967
221 367
221 442
221 454
221 470
221 528
221 591
221 668
221 682
221 684
221 776
221 920
221 928
222 407
222 549
222 674
222 752
222 841
222 844
222 890
223 349
223 393
223 422
223 498
223 574
223 576
223 648
223 684
223 739
223 804
223 876
223 889
223 987
223 999
224 234
224 284
224 295
224 459
224 562
224 572
224 583
224 692
224 764
224 869
224 974
224 993
225 249
225 351
225 435
225 527
225 830
225 846
226 412
226 452
226 455
226 485
226 587
226 626
226 631
226 689
226 736
226 816
226 845
226 945
227 295
227 385
227 419
227 437
227 465
227 577
227 624
227 639
227 684
227 740
227 984
227 998
228 532
228 537
228 544
228 550
228 608
228 613
228 779
228 843
228 945
228 946
229 296
229 506
229 546
229 599
229 692
229 770
229 854
229 902
230 360
230 534
230 541
230 627
230 631
230 633
230 886
230 904
230 905
231 271
231 421
231 489
231 567
231 586
231 639
231 651
231 688
231 697
231 770
231 776
231 829
231 836
231 944
232 269
232 292
232 396
232 428
232 560
232 698
232 766
232 790
232 835
232 842
232 909
232 920
232 936
233 251
233 314
233 337
233 681
233 815
233 915
234 280
234 375
234 379
234 388
234 434
234 442
234 512
234 602
234 721
234 877
235 373
235 421
235 436
235 486
235 515
235 526
235 635
235 665
235 827
235 881
235 915
236 271
236 539
236 559
236 702
236 766
236 858
236 880
237 328
237 343
237 352
237 661
237 715
237 837
237 844
237 876
237 977
238 284
238 288
238 493
238 501
238 576
238 628
238 677
238 681
238 704
238 820
238 875
238 903
239 251
239 274
239 354
239 459
239 466
239 671
239 681
239 740
239 779
239 826
239 858
239 922
240 250
240 330
240 398
240 399
240 416
240 453
240 683
240 815
240 864
240 923
241 246
241 268
241 321
241 451
241 505
241 676
241 831
241 941
241 943
241 948
242 310
242 346
242 451
242 489
242 553
242 563
242 580
242 674
242 771
242 824
242 943
242 960
243 302
243 340
243 370
243 426
243 456
243 515
243 885
243 946
243 947
244 325
244 431
244 488
244 541
244 621
244 696
244 738
244 958
244 999
245 607
245 658
245 662
245 746
245 762
245 853
245 863
245 894
245 921
245 932
245 988
246 269
246 302
246 381
246 525
246 543
246 585
246 626
246 718
246 850
247 266
247 326
247 428
247 566
247 576
247 646
247 684
247 689
247 713
247 805
247 886
247 916
247 958
247 977
247 985
248 444
248 468
248 741
248 858
248 940
248 987
249 329
249 368
249 529
249 534
249 864
250 433
250 639
250 659
250 679
250 685
250 715
250 737
250 852
250 876
251 374
251 417
251 458
251 539
251 828
251 840
251 850
251 892
252 267
252 276
252 297
252 321
252 330
252 447
252 451
252 463
252 547
252 591
252 602
252 713
252 834
252 859
253 266
253 346
253 532
253 616
253 712
253 835
253 979
254 255
254 404
254 416
254 443
254 493
254 548
254 562
254 741
254 829
255 262
255 280
255 319
255 493
255 516
255 590
255 622
255 723
255 924
255 938
255 992
256 269
256 299
256 322
256 331
256 424
256 598
256 687
256 709
256 899
257 509
257 514
257 573
257 636
257 679
257 892
257 957
257 999
258 297
258 372
258 449
258 463
258 501
258 547
258 550
258 563
258 591
258 698
258 723
258 749
258 765
259 442
259 644
259 655
259 720
259 721
259 734
259 887
260 353
260 456
260 460
260 528
260 535
260 550
260 587
260 705
260 887
260 928
260 957
261 443
261 448
261 479
261 643
261 767
261 786
261 905
261 973
262 283
262 299
262 432
262 622
262 668
262 719
262 942
262 960
262 974
262 981
262 983
263 281
263 283
263 823
263 827
263 841
263 931
264 341
264 469
264 626
264 655
264 664
264 717
264 742
264 756
264 878
264 893
264 982
265 286
265 362
265 493
265 518
265 575
265 586
265 649
265 685
265 811
265 890
265 928
265 945
266 269
266 412
266 441
266 784
266 833
266 933
266 948
266 980
267 272
267 323
267 330
267 390
267 488
267 565
267 578
267 586
267 650
267 694
267 738
267 864
267 969
267 988
268 288
268 311
268 379
268 383
268 386
268 444
268 560
268 631
268 785
268 786
268 801
268 854
268 893
269 346
269 457
269 463
269 528
269 607
269 650
269 719
269 941
270 404
270 650
270 694
270 763
270 775
270 815
270 831
270 838
270 919
270 990
271 298
271 360
271 397
271 506
271 521
271 532
271 663
271 692
271 698
271 842
271 851
271 872
271 904
272 296
272 383
272 391
272 569
272 580
272 612
272 638
272 656
272 658
272 988
273 347
273 368
273 372
273 381
273 509
273 565
273 602
273 639
273 668
273 767
273 857
273 859
273 1000
274 280
274 345
274 371
274 436
274 448
274 609
274 611
274 641
274 648
274 721
274 863
274 941
275 353
275 395
275 520
275 553
275 615
275 849
275 923
276 331
276 396
276 404
276 414
276 497
276 525
276 605
276 749
276 769
276 879
277 356
277 439
277 481
277 560
277 597
277 674
277 683
277 715
277 752
277 810
278 315
278 344
278 460
278 535
278 588
278 672
278 752
278 779
278 804
278 850
278 906
279 360
279 444
279 471
279 501
279 513
279 604
279 630
279 643
279 645
279 729
279 833
279 856
279 896
279 919
280 298
280 322
280 399
280 581
280 620
280 661
280 750
280 817
280 853
280 874
280 877
280 892
280 899
280 962
281 409
281 769
281 820
281 853
281 975
282 294
282 508
282 644
282 673
282 745
282 756
282 762
282 789
282 817
282 846
282 955
283 378
283 408
283 443
283 504
283 557
283 611
283 853
283 878
283 880
283 893
283 977
283 981
283 991
284 358
284 393
284 526
284 646
284 682
284 751
284 864
284 957
284 996
285 651
285 714
285 838
285 896
285 934
286 406
286 431
286 578
286 762
286 772
286 813
286 914
286 915
287 422
287 570
287 590
287 631
287 643
287 870
287 888
287 893
287 927
288 393
288 526
288 558
288 600
288 676
288 850
288 942
289 293
289 389
289 519
289 537
289 659
289 711
289 729
289 742
289 792
289 809
289 963
290 390
290 431
290 483
290 537
290 592
290 626
290 787
290 793
290 797
290 843
290 899
290 988
291 382
291 478
291 496
291 505
291 589
291 751
291 926
291 963
292 317
292 498
292 501
292 609
292 660
292 690
292 736
292 749
292 763
292 765
292 776
292 948
292 951
293 374
293 380
293 409
293 480
293 510
293 655
293 674
293 729
293 773
293 912
293 920
293 952
294 640
294 683
294 707
294 718
294 824
294 851
294 878
294 929
295 422
295 605
295 686
295 837
295 911
295 925
296 329
296 378
296 465
296 488
296 513
296 527
296 723
296 732
296 749
296 763
296 795
296 818
296 848
296 852
296 992
297 391
297 423
297 456
297 501
297 529
297 593
297 613
297 753
297 793
297 858
297 896
298 314
298 367
298 373
298 435
298 540
298 575
298 768
298 784
298 803
298 834
298 871
298 896
298 914
298 949
299 417
299 524
299 573
299 639
299 649
299 811
300 311
300 410
300 412
300 445
300 450
300 539
300 602
300 656
300 787
300 839
300 889
301 333
301 390
301 475
301 497
301 539
301 577
301 602
301 634
301 737
301 831
301 848
301 932
302 310
302 365
302 411
302 459
302 495
302 519
302 540
302 554
302 611
302 616
302 671
302 707
302 757
302 958
303 417
303 552
303 585
303 619
303 622
303 625
303 696
303 785
303 837
304 598
304 611
304 669
304 675
304 684
304 685
304 805
304 855
304 931
305 377
305 432
305 577
305 861
305 903
305 919
305 954
306 396
306 427
306 442
306 473
306 566
306 913
306 915
307 312
307 414
307 431
307 717
307 831
307 845
307 893
307 959
308 325
308 478
308 519
308 521
308 638
308 776
308 792
308 864
308 973
309 373
309 481
309 484
309 624
309 652
309 768
309 824
309 852
309 871
309 941
310 408
310 462
310 693
310 718
310 882
311 354
311 384
311 518
311 546
311 697
311 726
311 928
311 955
312 326
312 372
312 423
312 499
312 534
312 545
312 602
312 656
312 889
312 941
313 369
313 414
313 624
313 627
313 748
313 920
314 571
314 677
314 782
314 788
314 863
314 893
315 416
315 513
315 556
315 610
315 974
316 338
316 594
316 607
316 619
316 640
316 662
316 791
316 823
316 843
316 944
316 995
317 364
317 435
317 483
317 484
317 493
317 539
317 543
317 643
317 654
317 705
317 715
317 890
317 900
317 912
318 343
318 462
318 487
318 492
318 536
318 549
318 607
318 737
318 742
318 792
318 887
318 993
319 463
319 607
319 625
319 632
319 633
319 671
319 687
319 743
319 832
319 889
319 891
320 438
320 546
320 569
320 586
320 794
320 945
321 343
321 624
321 637
321 657
321 822
321 953
321 963
322 323
322 376
322 451
322 601
322 628
322 873
322 883
322 920
322 928
323 446
323 464
323 485
323 568
323 577
323 642
323 892
323 985
323 986
324 424
324 509
324 516
324 522
324 525
324 552
324 958
325 401
325 429
325 491
325 514
325 656
325 671
325 686
325 731
325 844
325 926
325 1000
326 457
326 464
326 614
326 680
326 711
326 736
327 460
327 470
327 481
327 708
327 768
327 823
327 875
327 974
328 353
328 769
328 774
328 870
328 979
329 369
329 371
329 544
329 574
329 666
329 732
329 770
329 794
329 830
329 876
329 995
329 997
330 419
330 426
330 611
330 630
330 723
330 737
330 863
330 864
330 870
330 935
330 941
330 947
331 412
331 441
331 595
331 654
331 670
331 759
331 873
331 892
331 986
331 990
332 452
332 580
332 692
332 697
332 747
332 764
332 893
332 905
333 465
333 612
333 676
333 900
333 945
333 952
333 992
333 996
334 444
334 504
334 552
334 597
334 619
334 800
334 833
334 842
334 907
334 949
334 999
335 411
335 537
335 585
335 625
335 836
335 905
335 950
335 974
335 996
336 346
336 502
336 503
336 527
336 567
336 650
336 776
336 800
336 912
336 968
337 381
337 492
337 561
337 578
337 678
337 695
337 725
337 739
337 765
337 816
337 827
337 921
337 998
338 659
338 738
338 768
338 864
338 982
338 994
338 998
339 349
339 459
339 460
339 818
339 819
339 831
339 894
339 949
339 994
340 364
340 567
340 599
340 618
340 683
340 822
340 867
340 886
341 785
341 853
341 867
341 908
341 921
341 941
342 469
342 486
342 567
342 589
342 609
342 683
342 694
342 774
342 946
343 597
343 640
343 685
343 776
343 829
343 892
343 938
344 460
344 537
344 575
344 577
344 706
344 777
344 784
344 815
344 829
344 884
345 369
345 399
345 545
345 572
345 637
345 665
345 702
345 804
345 993
345 997
346 374
346 411
346 553
346 600
346 637
346 709
346 757
346 861
347 355
347 386
347 440
347 569
347 668
347 704
347 751
347 783
347 814
347 866
347 955
347 988
348 385
348 425
348 473
348 909
348 914
349 457
349 492
349 638
349 642
349 730
349 743
349 882
349 975
350 418
350 535
350 604
350 708
350 865
350 904
351 398
351 440
351 476
351 502
351 579
351 640
351 728
351 753
351 824
351 827
351 855
351 984
352 357
352 526
352 554
352 646
352 660
352 809
352 956
352 964
352 992
353 570
353 596
353 717
353 731
353 956
354 369
354 376
354 382
354 417
354 471
354 556
354 608
354 693
354 781
354 799
354 800
354 884
354 899
354 908
355 508
355 521
355 633
355 680
355 835
355 886
355 902
355 954
356 383
356 539
356 550
356 560
356 695
356 803
356 891
356 917
356 924
356 995
357 409
357 538
357 581
357 619
357 704
357 708
357 862
357 924
358 444
358 494
358 517
358 564
358 674
358 688
358 811
358 841
358 844
358 862
358 953
359 366
359 479
359 614
359 640
359 724
359 773
359 858
359 871
360 364
360 397
360 503
360 537
360 538
360 565
360 648
360 661
360 795
360 810
360 837
360 847
360 894
361 391
361 489
361 514
361 678
362 384
362 401
362 443
362 462
362 539
362 585
362 591
362 629
362 682
362 695
362 711
362 745
362 770
362 810
363 367
363 500
363 627
363 643
363 718
363 854
363 913
363 983
364 599
364 601
364 603
364 765
364 776
364 779
364 856
364 870
365 506
365 691
365 703
365 804
365 829
365 885
365 923
366 506
366 522
366 668
366 672
366 719
366 764
366 801
366 841
366 957
367 454
367 476
367 636
367 789
367 811
367 825
367 844
367 891
367 901
367 984
367 998
368 419
368 432
368 543
368 546
368 632
368 636
368 730
368 751
368 909
369 406
369 438
369 535
369 543
369 597
369 740
369 751
369 769
369 842
369 980
370 386
370 428
370 493
370 504
370 528
370 600
370 704
370 794
370 863
370 978
371 470
371 713
371 786
371 803
371 819
371 823
371 868
371 869
371 969
372 468
372 492
372 578
372 856
372 937
372 944
373 400
373 497
373 543
373 620
373 633
373 698
373 875
373 899
373 901
373 922
373 974
373 989
373 993
374 401
374 471
374 559
374 631
374 789
374 878
374 943
375 542
375 561
375 617
375 711
375 728
375 741
375 750
375 754
375 776
375 867
375 914
375 983
376 434
376 474
376 621
376 663
377 541
377 578
377 585
377 619
377 623
377 698
377 705
377 779
377 924
377 947
377 963
377 984
378 385
378 461
378 485
378 490
378 503
378 645
378 715
378 805
378 851
378 1000
379 585
379 615
379 686
380 384
380 489
380 509
380 647
380 650
380 671
380 698
380 703
380 739
380 795
380 835
380 844
380 977
381 443
381 522
381 597
381 690
381 691
381 770
381 814
381 968
381 989
382 400
382 494
382 589
383 507
383 693
383 767
383 811
383 819
383 823
383 884
383 897
383 972
383 996
384 510
384 557
384 589
384 629
384 720
384 775
384 883
384 920
384 939
384 947
384 981
385 436
385 536
385 553
385 696
385 749
385 799
385 810
385 906
385 935
385 986
386 429
386 541
386 640
386 641
386 791
386 799
386 810
386 825
387 416
387 474
387 558
387 604
387 790
387 831
387 911
387 931
387 974
388 404
388 442
388 631
388 756
388 819
388 828
388 909
388 974
389 394
389 450
389 475
389 500
389 635
389 712
389 922
390 477
390 497
390 499
390 628
390 721
390 801
390 921
391 684
391 851
391 886
391 898
392 415
392 454
392 480
392 522
392 621
392 698
392 699
392 797
392 814
392 837
392 883
392 958
393 407
393 409
393 411
393 422
393 555
393 580
393 641
393 672
393 691
394 524
394 555
394 630
394 674
394 682
394 731
394 740
394 867
394 922
394 923
394 932
394 977
394 979
395 445
395 450
395 470
395 474
395 500
395 554
395 609
395 621
395 679
395 864
395 913
395 984
395 987
396 440
396 479
396 525
396 588
396 591
396 596
396 611
396 795
397 458
397 610
397 659
397 733
397 776
397 847
398 418
398 423
398 431
398 484
398 613
398 675
398 697
398 719
398 870
398 879
398 918
399 416
399 580
399 659
399 674
399 707
399 729
399 915
399 946
399 949
399 967
400 402
400 517
400 556
400 565
400 569
400 645
400 646
400 687
400 773
401 458
401 486
401 520
401 528
401 581
401 627
401 655
401 753
401 759
401 810
401 914
401 934
401 967
402 442
402 494
402 540
402 600
402 863
403 418
403 567
403 575
403 617
403 732
404 411
404 484
404 488
404 514
404 749
405 470
405 524
405 613
405 712
405 819
405 933
405 977
406 536
406 546
406 583
406 809
406 889
406 974
406 994
407 436
407 488
407 564
407 598
407 613
407 724
407 728
407 733
407 777
407 813
407 817
407 825
407 878
407 882
407 916
407 951
407 961
407 999
408 413
408 466
408 594
408 731
408 764
408 769
409 418
409 613
409 677
409 751
409 762
409 839
409 880
410 427
410 513
410 713
410 715
410 749
410 853
410 908
410 975
411 586
411 810
412 447
412 456
412 464
412 634
412 687
412 697
412 798
412 891
413 498
413 673
413 682
413 802
413 851
413 995
414 515
414 571
414 693
414 727
414 953
414 978
415 433
415 463
415 613
415 825
415 879
415 935
415 959
416 433
416 488
416 661
416 690
416 751
416 844
416 876
416 878
416 900
417 545
417 583
417 594
417 628
417 638
417 674
417 800
417 874
417 896
417 928
418 432
418 456
418 491
418 507
418 508
418 529
418 582
418 672
418 774
418 776
418 964
419 562
419 583
419 586
419 598
419 702
419 738
419 750
419 996
420 441
420 521
420 610
420 632
420 687
420 716
420 743
420 836
420 892
420 926
421 481
421 576
421 622
421 862
421 950
422 433
422 499
422 516
422 690
422 773
422 800
422 836
422 842
422 908
423 445
423 489
423 520
423 554
423 640
423 816
423 836
423 855
423 904
423 905
423 906
423 987
424 523
424 536
424 749
424 755
424 923
424 947
425 784
425 941
426 446
426 510
426 554
426 605
426 703
426 722
426 723
426 748
426 769
427 443
427 495
427 514
427 529
427 668
427 733
427 871
427 905
427 930
427 939
427 978
428 541
428 647
428 657
428 704
428 729
428 749
428 857
428 862
428 915
428 947
429 474
429 477
429 485
429 524
429 542
429 560
429 837
429 979
430 456
430 472
430 475
430 499
430 516
430 550
430 606
430 721
430 783
430 879
431 470
431 594
431 627
431 676
431 682
431 702
431 749
431 964
431 972
432 784
432 794
432 849
432 865
432 877
432 997
433 453
433 484
433 681
433 724
433 762
433 812
433 823
433 858
433 958
434 546
434 563
434 574
434 641
434 831
434 900
434 918
435 544
435 655
435 691
435 775
435 796
435 863
435 987
436 550
436 618
436 764
436 766
436 899
436 927
436 979
437 470
437 605
437 729
437 894
437 941
438 640
438 645
438 690
438 793
438 897
438 979
439 442
439 493
439 500
439 781
439 821
439 841
440 475
440 482
440 492
440 638
440 696
440 719
440 790
440 799
440 933
440 998
441 512
441 555
441 600
441 618
441 667
441 797
441 856
441 859
441 909
441 919
441 948
442 524
442 531
442 644
442 675
442 679
442 688
442 717
442 796
442 874
443 476
443 559
443 679
443 719
443 804
443 833
443 974
443 995
443 999
444 455
444 490
444 508
444 580
444 587
444 628
444 643
444 670
444 676
444 730
444 847
444 868
445 583
445 623
445 752
445 789
446 589
446 790
446 792
446 799
446 843
446 907
446 950
446 973
447 506
447 705
447 707
447 731
447 740
447 776
447 830
447 954
448 663
448 707
448 712
448 814
448 892
448 931
449 488
449 492
449 577
449 605
449 650
449 677
449 791
449 795
449 839
449 899
449 901
449 979
450 516
450 518
450 839
450 886
450 935
450 949
450 976
451 516
451 556
451 600
451 627
451 650
451 662
451 717
451 805
451 835
451 876
451 907
451 970
451 988
452 457
452 509
452 577
452 596
452 617
452 641
452 649
452 653
452 679
452 830
452 836
452 839
453 485
453 487
453 493
453 638
453 651
453 656
453 727
453 817
453 820
453 867
453 874
453 911
453 940
454 461
454 508
454 585
454 611
454 724
454 761
454 906
454 934
455 506
455 515
455 548
455 606
455 608
455 628
455 634
455 767
455 839
455 883
455 954
456 518
456 593
456 607
456 772
456 806
456 814
456 893
456 924
456 947
456 966
457 646
457 656
457 666
457 682
457 709
457 724
457 832
458 604
458 627
458 642
458 675
458 767
458 797
458 831
458 903
458 907
458 910
458 921
459 496
459 540
459 659
459 888
459 906
460 474
460 517
460 523
460 627
460 750
460 867
460 882
460 959
461 497
461 541
461 635
461 651
461 698
461 723
461 777
461 812
461 856
461 894
461 942
461 962
462 590
462 674
462 683
462 722
462 765
462 772
462 803
462 811
462 883
462 953
462 973
463 626
463 648
463 656
463 729
463 907
464 503
464 675
464 813
464 872
464 952
465 742
465 753
465 778
465 938
466 531
466 542
466 883
466 886
466 977
466 997
467 624
467 633
467 648
467 779
467 813
467 827
467 877
467 916
468 496
468 629
468 678
468 796
468 797
468 957
468 979
469 479
469 489
469 545
469 563
469 661
469 762
469 763
469 766
469 785
469 856
470 682
470 695
470 721
471 790
471 866
471 878
471 901
471 914
471 968
472 649
472 788
472 813
472 825
472 942
473 500
473 608
473 674
473 703
473 706
473 898
473 920
473 931
474 532
474 626
474 664
474 715
474 731
474 758
474 759
474 766
474 788
474 908
474 987
475 496
475 530
475 559
475 586
475 685
475 825
475 855
476 594
476 677
476 812
476 816
476 875
476 915
477 483
477 497
477 501
477 519
477 541
477 568
477 830
477 846
477 850
477 852
477 855
478 488
478 504
478 536
478 597
478 652
478 654
478 995
478 996
479 499
479 548
479 675
479 707
479 969
480 484
480 604
480 675
480 722
480 777
480 786
480 819
480 838
480 966
481 551
481 556
481 702
481 818
481 845
481 909
481 945
481 952
482 484
482 547
482 629
482 703
482 846
482 903
482 964
483 584
483 655
483 680
483 750
483 751
483 780
483 784
483 826
484 502
484 693
484 736
484 738
484 744
484 806
484 837
484 882
484 888
484 903
484 987
485 513
485 523
485 902
485 962
485 969
485 990
486 529
486 596
486 612
486 615
486 710
486 740
486 911
486 938
487 493
487 557
487 629
487 708
487 723
487 774
487 802
487 822
487 847
487 865
487 873
487 920
487 951
487 998
488 566
488 571
488 660
488 670
488 695
488 711
488 779
488 841
488 968
489 559
489 598
489 600
489 615
489 630
489 631
489 683
489 831
489 850
490 502
490 584
490 588
490 636
490 675
490 685
490 719
490 774
490 804
490 841
490 908
490 962
490 995
491 664
491 712
491 728
491 825
491 996
492 544
492 608
492 693
492 765
492 870
492 885
492 891
492 915
492 925
493 494
493 564
493 574
493 584
493 677
493 728
493 965
494 515
494 634
494 736
494 768
494 796
494 946
494 970
495 553
495 569
495 611
495 773
495 848
495 858
496 704
496 854
496 934
496 955
497 564
497 618
497 732
497 808
497 814
498 559
498 632
498 663
498 713
498 717
498 765
498 820
498 879
498 880
498 950
498 984
499 689
499 758
499 763
499 778
499 834
500 517
500 850
500 926
500 959
501 516
501 587
501 611
501 637
501 935
502 531
502 536
502 654
502 739
502 772
502 839
502 902
502 951
503 554
503 563
503 689
503 742
503 752
503 761
503 837
503 955
504 536
504 585
504 589
504 628
504 683
504 940
504 983
504 987
505 538
505 541
505 661
505 739
505 779
505 812
505 912
505 984
506 572
506 579
506 593
506 875
506 954
506 970
507 532
507 696
507 745
507 757
507 758
507 807
507 884
507 959
507 973
508 514
508 555
508 561
508 625
508 667
508 673
508 681
508 819
508 827
508 915
508 943
508 954
509 568
509 686
509 769
509 788
509 844
509 987
510 577
510 589
510 827
510 969
510 985
511 545
511 671
511 748
511 965
512 591
512 603
512 639
512 985
513 629
513 694
513 721
513 750
513 872
513 885
513 908
514 676
514 706
514 860
514 882
514 915
514 998
515 550
515 666
515 729
515 880
515 941
515 984
516 527
516 617
516 691
516 819
516 960
517 532
517 552
517 586
517 694
517 739
517 777
518 545
518 697
518 770
518 859
519 525
519 566
519 681
519 807
519 836
519 916
519 926
520 542
520 691
520 783
521 767
521 879
521 929
522 544
522 711
522 717
522 749
522 756
522 786
522 976
522 982
522 988
523 582
523 799
523 800
523 871
524 562
524 580
524 641
524 659
524 677
524 715
524 729
524 741
524 772
524 783
524 800
524 806
524 833
524 881
525 541
525 680
525 762
525 963
526 582
526 686
526 792
527 547
527 594
527 597
527 615
527 624
527 689
527 932
527 950
527 966
527 987
528 643
528 698
528 755
528 759
529 626
529 682
529 685
529 856
530 759
530 802
530 804
530 817
530 878
531 550
531 553
531 658
531 663
531 698
531 751
531 759
531 817
532 637
532 638
532 710
532 793
532 803
533 595
533 611
533 696
533 726
533 751
533 777
533 789
533 813
533 859
533 862
533 974
533 995
534 538
534 653
534 711
534 824
535 665
535 822
535 851
536 576
536 707
536 712
536 740
536 878
536 914
537 575
537 860
537 914
537 988
538 543
538 659
538 703
538 722
538 730
538 773
538 797
538 835
538 871
538 957
538 971
539 615
539 633
539 650
539 654
539 664
539 669
539 916
540 806
540 825
540 941
541 543
541 553
541 579
541 615
541 653
541 657
541 768
541 988
542 556
542 568
542 573
542 577
542 590
542 593
542 795
543 606
543 638
543 870
543 917
543 996
544 562
544 565
544 668
544 679
544 745
544 837
544 856
544 857
544 955
545 579
545 595
545 648
545 734
545 789
545 806
545 818
545 956
545 990
546 657
546 898
547 717
547 728
547 815
547 874
547 908
547 938
547 966
548 550
548 569
548 570
548 576
548 747
548 827
548 894
549 588
549 601
549 665
549 835
549 992
550 579
550 593
550 727
550 825
550 882
550 992
551 557
551 596
551 671
551 800
551 944
551 969
551 990
551 998
552 566
552 737
552 780
552 789
552 794
552 830
552 900
552 904
552 912
553 564
553 647
553 760
553 841
553 868
553 991
553 997
554 748
554 836
554 864
555 651
555 670
555 685
555 708
555 774
556 574
556 658
556 675
556 756
556 798
556 800
556 829
556 845
557 613
557 737
557 782
557 821
557 904
557 950
558 601
559 654
559 771
559 883
559 965
559 978
560 732
560 755
560 802
560 866
560 911
561 731
561 774
562 755
562 955
562 959
563 639
563 746
563 821
563 842
563 850
563 872
563 944
563 959
564 714
564 715
564 797
565 646
565 902
565 978
566 660
566 696
566 837
566 908
566 944
566 976
566 1000
567 665
567 711
567 718
567 720
567 765
567 952
567 962
568 663
568 679
568 720
568 736
568 781
568 790
568 803
568 829
569 609
569 633
569 866
569 904
570 602
570 758
570 796
570 870
570 874
570 887
570 910
570 914
570 929
570 965
570 984
571 575
571 600
571 618
571 676
571 708
571 891
571 966
572 589
572 613
572 792
572 815
572 861
572 873
573 630
573 647
573 842
573 855
573 866
573 975
574 760
574 872
574 975
574 999
575 581
575 660
575 662
575 702
575 713
575 761
575 773
575 881
575 947
575 949
576 584
576 711
576 714
576 784
576 805
576 816
576 837
576 959
577 622
577 626
577 679
577 699
577 722
578 633
578 726
578 786
578 831
578 847
578 858
578 862
578 926
578 939
578 951
579 663
579 730
579 882
579 938
579 977
580 633
580 950
580 984
581 701
581 787
581 836
581 844
581 898
581 951
582 916
583 654
583 748
583 828
584 626
584 649
584 696
584 832
584 989
585 611
585 613
585 642
585 847
585 877
586 626
586 713
586 716
586 893
587 764
587 770
587 791
587 875
587 908
587 991
588 595
588 791
589 697
589 713
589 722
589 854
589 927
590 859
590 993
591 610
591 638
591 685
591 869
591 938
592 640
592 802
592 848
592 885
592 969
593 609
593 649
593 754
593 923
593 936
594 638
594 686
594 749
594 809
594 895
594 917
594 979
594 997
595 680
595 847
595 889
595 908
595 949
595 986
596 708
596 888
596 954
596 976
597 640
597 641
597 820
597 884
597 911
597 957
598 685
598 819
598 925
598 944
599 641
599 705
599 727
599 824
599 905
599 982
600 618
600 739
600 773
600 779
600 864
600 906
600 960
600 988
601 741
601 871
601 945
601 969
601 972
602 648
602 747
602 767
602 885
602 913
602 943
602 953
603 619
603 621
603 677
603 686
603 715
603 761
603 821
603 835
603 925
603 944
604 920
605 796
605 806
605 962
606 759
606 867
606 897
607 613
607 639
607 648
607 667
607 748
607 772
607 880
607 905
607 909
607 948
608 633
608 919
609 622
609 756
609 786
609 857
609 873
609 911
609 937
609 992
610 635
610 821
610 846
610 865
610 881
610 971
610 972
611 619
611 757
611 758
611 830
611 861
611 882
611 987
612 623
612 637
612 674
612 861
612 917
612 931
612 941
613 616
613 620
613 638
613 653
613 755
613 792
613 883
614 685
614 703
614 891
614 945
614 951
615 687
615 785
615 820
615 826
615 888
616 647
616 703
616 712
616 898
617 728
617 886
617 921
617 962
617 978
618 682
618 686
618 712
618 770
618 793
618 860
618 879
618 958
619 647
619 648
619 792
619 826
619 957
619 981
619 985
620 662
620 669
620 756
620 797
620 919
620 953
620 961
620 991
621 786
621 843
621 920
622 854
622 877
622 948
623 712
623 745
623 770
624 891
624 966
624 973
625 629
625 759
625 912
625 953
626 631
626 780
626 825
626 863
626 998
627 721
627 751
627 949
627 953
628 693
628 980
629 692
629 803
629 962
629 990
630 827
630 888
630 977
630 997
631 658
631 710
631 825
631 851
632 669
632 712
632 767
632 870
633 766
633 818
633 827
633 859
633 871
633 873
633 877
633 882
633 956
633 959
634 645
634 730
634 927
635 690
635 728
635 880
635 979
636 645
636 758
636 762
636 822
636 830
636 983
636 996
637 736
637 975
638 675
638 721
638 788
638 888
639 662
639 731
639 758
639 957
640 792
640 800
640 806
640 820
640 824
640 856
640 915
640 937
640 949
640 964
640 988
641 720
641 746
641 936
641 972
642 649
642 659
642 737
642 752
642 823
643 653
643 691
643 745
643 758
643 803
643 816
643 958
644 716
644 769
644 787
644 877
644 959
645 678
645 808
645 833
645 849
645 960
646 651
646 784
646 791
646 952
647 673
647 690
647 786
647 859
647 886
647 900
648 650
648 726
648 825
648 836
648 876
648 888
648 898
648 959
649 765
649 840
649 911
649 929
649 950
649 953
649 978
650 748
650 755
650 785
650 823
650 903
650 913
650 994
651 730
651 794
651 871
651 976
652 659
652 771
652 853
652 922
652 928
652 939
653 772
653 812
653 822
653 971
654 837
654 861
654 905
654 917
654 940
655 708
655 763
655 859
655 964
656 707
656 779
656 827
656 860
656 878
656 890
656 948
657 871
657 981
658 671
658 998
659 796
659 847
659 891
659 899
659 918
659 923
659 981
660 698
660 833
660 972
660 988
661 703
661 712
661 816
661 857
661 948
662 741
662 845
662 870
662 908
662 979
662 981
663 679
663 717
663 723
664 774
664 793
664 897
664 973
664 982
665 788
665 869
665 890
665 987
666 690
666 697
666 778
666 805
666 871
666 927
667 674
667 766
667 793
667 803
667 870
667 919
667 927
667 945
667 959
668 719
668 773
668 929
669 878
669 943
669 980
670 734
670 757
670 792
670 915
670 974
671 869
672 750
672 795
672 853
672 926
672 965
673 794
673 835
674 726
674 827
674 831
674 874
674 911
674 988
675 886
675 900
675 980
676 956
677 695
677 733
677 750
677 900
677 918
678 765
678 798
678 807
678 838
678 859
678 869
680 700
680 840
680 867
680 919
681 705
681 923
681 943
682 823
682 828
682 850
682 971
682 975
682 994
683 700
683 852
683 894
683 961
684 806
684 823
684 955
684 979
685 699
685 705
685 781
685 810
685 932
685 949
685 960
686 804
686 902
686 938
686 977
686 979
686 997
686 1000
687 710
687 722
687 870
687 917
687 924
687 954
687 998
688 782
688 989
689 695
689 705
689 719
689 769
689 822
689 828
689 849
689 855
690 728
690 830
690 900
690 950
690 979
690 990
691 694
691 729
691 933
691 994
692 807
692 823
692 832
692 845
693 722
693 801
693 816
693 846
693 915
694 764
694 786
694 810
694 823
694 957
694 992
695 712
695 764
696 715
696 718
697 760
697 832
697 841
697 911
698 766
698 799
698 901
699 702
699 717
699 731
699 793
699 903
699 911
700 703
700 795
700 825
700 900
700 950
701 762
701 785
701 837
701 954
702 828
702 896
702 908
703 728
703 735
703 748
703 792
703 794
703 998
704 762
704 786
704 788
705 926
706 878
706 907
706 918
707 756
707 840
707 894
707 943
708 744
708 856
708 950
708 959
708 988
709 868
710 731
710 753
710 758
710 826
710 832
710 849
710 879
711 827
711 851
711 857
711 880
711 915
711 933
711 949
712 724
712 727
712 729
712 809
712 874
712 946
713 745
713 782
713 875
713 876
714 773
714 824
714 958
714 990
715 722
715 724
715 912
715 925
715 933
715 958
715 972
715 974
716 850
716 851
716 885
716 942
716 969
717 725
717 789
717 843
717 878
718 750
718 886
718 951
718 967
719 815
719 857
719 885
719 894
719 910
720 752
720 818
720 867
720 908
721 798
721 863
721 877
721 921
722 762
722 821
722 841
722 882
722 902
722 932
722 947
723 762
723 776
723 882
723 993
724 753
724 812
724 827
724 927
725 745
725 746
725 797
725 945
726 921
726 950
726 987
727 770
727 837
727 861
727 920
727 934
727 990
728 792
728 835
728 884
728 943
728 988
728 990
729 909
730 775
730 813
730 822
730 834
730 912
730 998
731 772
731 788
731 881
732 756
732 790
732 800
732 858
732 893
732 990
732 994
733 740
733 743
733 816
733 899
733 943
733 985
734 826
734 846
734 939
735 838
735 920
736 770
736 778
736 792
736 795
736 883
736 912
736 944
736 974
736 986
737 771
737 818
737 819
737 854
738 766
738 789
738 866
739 776
739 793
739 821
741 874
741 909
741 954
742 791
742 796
742 814
742 821
742 863
743 837
743 852
743 896
744 751
744 761
744 825
744 898
745 755
745 895
746 793
746 827
746 885
747 860
747 871
747 946
748 817
748 892
748 899
748 965
749 904
749 982
750 820
750 911
751 868
751 937
752 799
752 891
753 943
754 790
754 895
755 791
756 855
757 858
757 911
757 983
758 834
758 852
758 927
759 879
759 943
760 764
760 777
760 804
760 845
760 958
761 788
761 887
761 990
762 792
762 866
762 941
762 988
763 821
764 849
764 1000
765 767
765 802
765 817
765 863
765 964
765 1000
766 838
766 884
766 955
766 960
767 955
768 809
768 813
768 826
768 911
768 990
769 883
769 971
771 779
771 880
772 825
772 845
773 961
774 872
774 914
774 956
775 845
775 926
776 797
776 825
776 877
776 895
776 959
776 961
777 828
777 927
778 878
778 911
778 940
779 900
779 906
780 850
780 931
781 788
781 839
781 849
781 878
781 964
782 871
782 897
782 949
782 980
783 799
783 947
783 984
783 998
784 880
784 914
784 937
784 975
785 847
785 863
785 866
785 917
785 928
785 936
786 808
786 874
786 916
786 937
786 999
787 874
787 896
787 901
787 991
787 994
788 805
788 861
788 895
788 902
788 908
788 910
788 992
789 890
789 903
789 978
790 845
790 862
790 966
790 984
791 810
791 811
791 843
791 939
791 992
792 796
792 799
792 804
792 935
793 802
793 813
793 941
793 944
794 884
795 826
795 883
795 892
796 870
796 970
797 811
798 860
798 865
798 870
798 913
798 949
799 821
799 873
799 905
800 875
800 893
800 988
802 897
802 979
802 992
803 821
803 949
804 833
804 852
805 868
805 906
806 864
806 876
806 967
807 862
807 868
807 990
808 877
808 964
808 999
809 897
810 936
811 851
811 859
811 909
811 966
812 843
812 905
813 827
813 861
814 828
814 844
814 875
814 932
814 951
814 1000
815 850
815 859
815 866
815 894
815 929
816 863
817 830
818 872
818 958
819 870
819 923
819 950
819 961
820 865
820 921
821 855
821 866
821 941
821 981
822 840
822 923
822 962
822 986
823 965
824 903
824 923
825 830
826 850
826 923
826 944
826 957
827 881
827 969
827 981
828 888
828 918
829 844
829 862
829 903
829 931
830 999
831 838
831 983
832 858
833 867
833 877
833 893
834 886
835 849
835 912
835 978
836 884
836 994
837 904
837 990
838 871
838 995
839 891
842 997
845 931
845 955
847 848
847 854
847 975
848 881
848 895
849 976
850 882
850 974
850 982
851 883
851 907
851 934
851 952
851 965
852 917
852 972
852 981
853 931
853 976
855 924
855 948
856 941
856 957
857 922
859 952
859 961
860 914
860 943
860 981
861 923
861 929
861 934
861 959
861 972
863 888
864 959
865 902
865 978
866 984
867 882
867 886
867 930
867 949
869 958
869 968
869 990
869 996
870 871
870 875
871 880
872 920
872 983
873 928
874 967
874 972
874 980
876 878
876 912
876 983
876 985
877 901
877 934
877 999
878 995
879 978
880 930
880 968
880 995
881 910
881 984
882 960
883 963
885 920
885 956
887 942
887 979
889 890
889 903
889 986
890 900
890 917
891 960
893 894
893 916
895 896
895 954
896 931
896 964
897 903
897 930
898 951
898 964
900 905
900 960
900 963
900 1000
903 964
905 974
907 923
907 953
909 933
909 958
910 950
912 995
913 944
913 965
914 943
915 988
918 919
918 940
918 988
919 953
920 940
921 961
921 965
924 926
924 958
924 968
924 979
925 942
925 988
926 961
926 994
927 983
929 966
929 971
930 946
938 962
939 986
939 995
940 941
940 958
940 968
941 992
941 1000
943 958
946 950
946 968
947 985
950 988
952 987
952 999
953 985
954 961
956 978
957 978
960 962
961 985
962 967
970 998
971 998
976 987
983 998
997 998
