100 414
1 2
1 3
1 4
1 5
1 6
1 7
1 8
1 9
1 10
1 74
2 3
2 4
2 5
2 6
2 7
2 8
2 10
3 4
3 5
3 6
3 8
3 9
3 10
3 64
4 5
4 6
4 7
4 8
4 10
5 6
5 7
5 8
5 9
5 10
6 7
6 10
7 8
7 9
7 10
7 54
7 94
8 9
8 10
9 10
9 93
10 38
11 12
11 13
11 14
11 15
11 16
11 17
11 19
11 20
11 22
12 13
12 15
12 16
12 17
12 18
12 19
12 20
13 14
13 15
13 16
13 17
13 19
13 20
14 15
14 16
14 17
14 18
14 19
14 20
15 16
15 17
15 18
15 19
15 20
15 38
16 17
16 18
16 19
16 20
16 90
16 97
17 18
17 19
17 20
18 19
18 20
19 20
19 29
19 57
20 41
20 91
21 23
21 24
21 25
21 26
21 27
21 28
21 29
21 30
22 23
22 24
22 25
22 26
22 27
22 28
22 29
22 30
23 24
23 25
23 26
23 27
23 28
23 29
23 30
23 40
23 81
24 25
24 26
24 27
24 29
25 26
25 27
25 28
25 30
26 27
26 28
26 29
27 28
27 29
27 59
28 29
28 30
28 41
29 30
30 68
31 32
31 33
31 34
31 35
31 36
31 37
31 38
31 39
31 40
31 55
32 33
32 34
32 35
32 36
32 37
32 38
32 39
32 40
32 53
33 34
33 35
33 36
33 37
33 38
33 39
33 52
33 69
33 71
34 35
34 36
34 37
34 38
34 39
34 40
34 67
34 83
35 36
35 37
35 40
36 37
36 38
36 39
36 40
37 38
37 39
37 40
37 50
38 39
38 40
39 40
40 45
41 42
41 44
41 45
41 46
41 47
41 49
41 50
42 44
42 45
42 46
42 47
42 48
42 50
42 69
43 44
43 45
43 46
43 47
43 48
43 49
43 50
43 54
43 77
44 45
44 46
44 48
44 50
44 84
45 46
45 47
45 49
45 88
46 47
46 48
46 50
46 68
47 48
47 49
47 50
47 78
48 49
48 50
51 54
51 55
51 56
51 58
51 59
51 60
52 53
52 55
52 57
52 58
52 59
52 60
52 70
53 54
53 55
53 56
53 57
53 58
53 59
53 60
54 55
54 56
54 57
54 59
55 57
55 58
55 59
55 66
55 96
56 57
56 58
56 59
56 60
56 68
57 58
57 59
57 60
58 60
59 60
61 62
61 63
61 65
61 66
61 69
61 70
62 63
62 65
62 66
62 67
62 69
62 70
63 65
63 66
63 68
63 69
63 70
64 65
64 66
64 67
64 68
64 69
64 70
65 66
65 68
65 69
65 70
65 76
66 67
66 69
66 70
67 69
67 70
68 69
68 70
68 85
69 70
71 74
71 75
71 76
71 77
71 79
71 80
72 73
72 74
72 75
72 76
72 77
72 78
72 79
73 74
73 75
73 76
73 77
73 78
73 80
73 91
74 75
74 77
74 79
75 76
75 78
75 80
76 77
76 79
77 78
77 79
77 80
78 79
78 80
79 80
81 83
81 85
81 86
81 87
81 88
81 90
82 83
82 84
82 85
82 86
82 89
82 90
83 84
83 85
83 87
83 88
83 90
83 99
84 85
84 86
84 87
84 88
84 89
84 90
85 86
85 87
85 88
85 89
85 90
85 96
86 87
86 90
87 88
87 89
88 89
88 90
89 90
90 99
91 93
91 96
91 97
91 98
91 99
92 93
92 94
92 95
92 96
92 99
93 94
93 95
93 96
93 99
93 100
94 95
94 96
94 97
94 98
94 99
94 100
95 96
95 97
95 98
95 99
96 97
96 98
96 99
96 100
97 98
98 99
98 100
99 100
