100 390
1 2
1 4
1 7
1 8
1 10
1 78
2 3
2 5
2 6
2 7
2 9
2 10
2 91
3 4
3 6
3 7
3 8
3 9
3 10
3 25
3 30
3 85
4 5
4 6
4 7
4 8
4 9
4 10
5 6
5 9
5 10
6 7
6 8
6 9
6 10
7 9
7 87
8 9
8 10
9 10
11 13
11 14
11 15
11 16
11 17
11 18
11 19
11 20
12 14
12 15
12 16
12 18
12 19
12 20
12 62
12 76
13 14
13 16
13 18
13 20
13 24
13 89
14 16
14 17
14 18
14 19
15 16
15 17
15 18
15 20
16 19
16 20
17 18
17 19
17 20
17 51
17 54
17 75
18 19
18 20
19 20
19 46
19 100
21 23
21 24
21 25
21 26
21 27
21 28
21 29
21 30
21 78
22 23
22 24
22 25
22 26
22 27
22 28
22 29
23 25
23 26
23 27
23 28
23 29
23 30
23 63
24 25
24 26
24 28
24 29
24 30
25 26
25 28
25 29
25 30
26 27
26 28
26 29
26 30
27 28
27 29
27 30
28 30
28 91
29 30
29 35
29 47
31 32
31 33
31 34
31 35
31 36
31 38
31 39
32 33
32 34
32 35
32 37
32 39
32 40
33 35
33 36
33 37
33 38
33 82
34 35
34 37
34 39
34 40
34 81
35 37
35 39
35 40
36 37
36 39
36 40
37 38
37 39
37 40
37 52
38 40
39 40
41 42
41 43
41 44
41 45
41 46
41 47
41 48
41 49
41 50
42 43
42 44
42 45
42 46
42 48
42 49
42 50
43 44
43 45
43 47
43 48
43 49
43 50
44 45
44 46
44 47
44 48
44 49
45 46
45 48
45 49
46 47
46 48
46 49
46 78
47 49
47 50
48 49
48 50
49 50
49 60
50 79
51 52
51 53
51 56
51 58
51 59
51 60
51 95
52 54
52 56
52 57
52 58
52 59
52 60
53 54
53 56
53 57
53 58
53 59
53 60
53 69
54 55
54 56
54 57
54 58
54 59
54 60
55 56
55 57
55 78
56 57
56 58
56 59
56 60
57 59
57 60
58 59
59 60
60 73
61 62
61 63
61 64
61 65
61 66
61 67
61 68
61 69
61 70
62 64
62 65
62 67
62 68
62 69
62 70
63 64
63 65
63 66
63 67
63 70
64 65
64 66
64 67
64 68
64 69
64 70
65 66
65 67
65 68
65 69
65 70
66 67
66 68
66 69
66 70
67 68
67 69
67 70
67 71
67 95
68 69
68 93
69 70
71 72
71 74
71 75
71 76
71 77
71 78
71 79
72 73
72 74
72 75
72 76
72 77
72 78
72 79
72 80
73 74
73 76
73 78
73 80
73 90
74 75
74 76
74 77
74 78
74 79
74 80
74 96
75 76
75 77
75 78
75 80
75 92
76 77
76 78
76 79
76 80
77 78
77 79
78 79
81 82
81 83
81 84
81 87
81 88
81 89
81 90
82 83
82 84
82 85
82 86
82 87
82 88
83 84
83 86
83 87
83 88
83 89
83 90
83 93
84 85
84 88
84 90
85 87
85 89
85 90
86 87
86 88
86 89
86 90
87 88
87 90
88 90
89 90
91 92
91 93
91 95
91 96
91 97
91 100
92 93
92 95
92 96
92 98
92 99
92 100
93 94
93 96
93 97
93 98
93 99
93 100
94 95
94 96
94 97
95 97
95 98
95 99
95 100
96 98
96 99
96 100
97 98
97 99
97 100
98 99
99 100
