100 409
1 2
1 3
1 4
1 5
1 7
1 8
1 9
2 3
2 4
2 5
2 7
2 8
2 9
2 10
2 33
3 4
3 6
3 7
3 10
4 5
4 6
4 7
4 8
4 9
4 10
5 6
5 7
5 8
5 9
5 10
5 84
6 7
6 8
6 9
6 10
6 21
7 8
7 9
8 9
8 10
8 33
8 86
9 15
9 47
11 12
11 13
11 14
11 16
11 17
11 18
11 19
12 14
12 15
12 16
12 17
12 18
12 19
12 20
12 42
12 50
12 51
12 65
13 14
13 16
13 17
13 19
13 20
14 15
14 16
14 17
14 19
14 20
14 84
14 98
15 16
15 17
15 18
15 19
15 29
16 20
16 57
17 18
17 19
17 20
18 19
19 20
21 22
21 23
21 24
21 25
21 26
21 27
21 28
21 29
21 30
21 76
22 23
22 24
22 25
22 26
22 27
22 28
22 29
22 30
22 32
23 24
23 25
23 26
23 27
23 28
23 29
23 30
23 57
24 25
24 26
24 28
24 29
24 30
24 31
25 26
25 29
25 30
25 68
26 27
26 28
26 29
26 30
26 90
27 28
27 29
27 30
28 29
28 30
28 44
29 69
30 60
31 33
31 34
31 35
31 36
31 37
31 38
31 39
32 35
32 36
32 37
32 38
33 34
33 35
33 36
33 38
33 39
33 40
34 35
34 36
34 37
34 39
34 40
35 36
35 38
35 39
35 40
35 88
36 37
36 38
37 38
37 40
38 39
38 40
39 40
39 41
41 42
41 43
41 44
41 45
41 46
41 48
41 50
42 43
42 45
42 46
42 47
42 48
42 49
42 50
42 67
42 68
43 44
43 45
43 46
43 47
43 48
43 50
44 45
44 48
44 49
44 50
44 74
45 46
45 48
45 49
45 50
46 47
46 48
46 49
46 50
47 48
47 49
47 50
48 49
48 50
48 51
49 50
49 53
51 52
51 53
51 54
51 55
51 56
51 57
51 58
51 100
52 53
52 54
52 55
52 56
52 57
52 58
52 59
52 60
53 54
53 56
53 57
53 58
53 59
53 60
54 55
54 57
54 58
54 59
54 60
55 56
55 59
55 60
55 82
56 57
56 58
56 59
56 60
56 94
56 99
57 59
57 60
58 59
58 60
58 86
59 60
61 62
61 63
61 64
61 65
61 66
61 69
61 70
61 93
62 63
62 64
62 65
62 66
62 67
62 68
62 69
62 70
62 87
63 66
63 67
63 69
63 70
64 65
64 66
64 68
64 70
65 67
65 69
66 67
66 68
66 69
66 70
67 68
67 69
67 70
68 69
68 70
69 70
70 76
71 72
71 74
71 75
71 76
71 77
71 78
71 79
71 80
71 89
72 73
72 74
72 75
72 76
72 77
72 78
72 79
72 80
73 75
73 76
73 77
73 78
73 79
74 75
74 76
74 77
74 78
74 80
75 76
75 77
75 78
75 79
75 80
76 77
76 78
76 80
77 78
77 79
77 80
78 79
79 80
81 82
81 84
81 86
81 87
81 88
81 90
82 83
82 84
82 87
82 88
82 90
83 85
83 86
83 87
83 88
83 89
83 90
84 86
84 87
84 88
84 90
85 86
85 87
85 88
85 89
85 90
85 96
86 87
86 88
86 89
86 90
86 94
87 88
87 90
88 89
88 90
89 90
91 93
91 95
91 96
91 97
91 98
91 100
92 93
92 94
92 95
92 96
92 97
92 98
92 100
93 95
93 96
93 97
93 98
93 99
93 100
94 95
94 96
94 99
94 100
95 96
95 97
95 98
95 99
95 100
96 97
96 98
96 99
96 100
97 98
97 99
98 99
98 100
99 100
