100 434
1 2
1 4
1 7
1 10
1 38
1 90
2 7
2 10
2 38
2 44
2 90
3 6
3 22
3 33
3 58
3 67
3 72
3 74
3 75
3 79
4 7
4 9
4 38
4 44
5 14
5 15
5 16
5 18
5 19
5 30
5 65
5 74
5 82
6 22
6 58
6 72
6 73
6 74
6 75
6 77
6 79
6 94
7 26
7 38
7 39
7 44
7 75
7 90
7 96
8 42
8 61
8 62
8 63
8 64
8 66
8 68
8 70
8 76
8 78
9 10
9 38
9 44
9 90
10 21
10 38
10 44
10 69
10 90
11 14
11 15
11 16
11 17
11 18
11 19
11 30
11 71
11 80
11 82
12 20
12 52
12 53
12 54
12 55
12 57
12 59
12 83
12 84
13 15
13 16
13 17
13 18
13 19
13 65
13 80
13 82
13 95
14 15
14 16
14 17
14 18
14 19
14 30
14 65
14 80
14 82
14 89
15 16
15 18
15 19
15 30
15 65
15 72
15 80
15 82
15 94
15 100
16 17
16 18
16 19
16 30
16 65
16 70
16 80
16 82
17 18
17 19
17 65
17 80
17 82
18 19
18 30
18 43
18 65
18 80
19 30
19 37
19 65
19 80
19 82
20 22
20 53
20 54
20 55
20 57
20 59
20 60
20 71
20 83
20 84
21 42
21 51
21 67
21 89
21 91
21 92
21 93
21 96
21 97
21 100
22 72
22 73
22 77
22 79
23 25
23 26
23 29
23 98
24 25
24 27
24 29
24 32
24 82
25 29
25 48
25 54
25 98
26 29
26 36
26 61
26 95
26 98
27 32
27 33
27 34
27 35
27 36
28 39
28 43
28 45
28 46
28 47
28 49
28 50
29 98
30 62
30 65
30 80
30 82
31 32
31 33
31 34
31 35
31 36
31 41
32 33
32 34
32 37
32 89
33 34
33 35
33 36
33 37
33 40
33 41
34 36
34 41
34 43
35 36
35 37
35 41
36 37
36 40
36 41
36 78
36 88
37 41
38 44
38 69
38 90
39 45
39 46
39 49
39 50
39 52
39 71
39 90
40 41
40 83
40 87
41 61
41 79
42 61
42 63
42 64
42 66
42 68
42 69
42 70
42 76
42 78
43 46
43 47
43 48
43 49
43 50
43 57
45 46
45 48
45 49
45 50
46 47
46 48
46 49
46 50
47 48
47 49
47 50
47 96
48 49
48 50
48 75
49 50
49 69
50 79
51 67
51 82
51 89
51 93
51 94
51 95
51 96
51 99
51 100
52 53
52 54
52 59
52 60
53 54
53 55
53 56
53 57
53 59
53 71
53 78
53 83
54 55
54 56
54 57
54 59
54 60
54 66
54 71
54 76
54 80
54 84
55 56
55 57
55 60
55 71
56 57
56 59
56 71
56 84
57 60
57 71
57 83
57 84
58 73
58 74
58 75
58 77
59 60
59 71
59 83
59 84
59 96
60 71
60 83
60 84
61 62
61 63
61 64
61 68
61 69
61 70
61 76
62 63
62 64
62 66
62 68
62 69
62 70
62 76
62 78
63 64
63 66
63 68
63 69
63 70
63 78
64 66
64 68
64 76
64 96
65 80
65 82
66 68
66 70
66 76
66 78
67 89
67 91
67 92
67 93
67 94
67 95
67 97
67 99
67 100
68 70
68 76
68 78
69 70
69 76
70 76
70 78
71 83
71 84
72 73
72 74
72 75
72 77
73 75
73 77
74 75
74 77
74 79
75 77
75 79
76 78
77 79
81 85
81 86
81 87
81 88
83 84
85 86
85 87
86 87
86 88
89 91
89 93
89 94
89 95
89 96
89 99
89 100
91 92
91 93
91 95
91 97
91 99
92 93
92 96
92 97
92 99
92 100
93 94
93 95
93 96
93 99
93 100
94 95
94 96
94 99
94 100
95 96
95 97
95 99
95 100
96 97
97 99
97 100
99 100
