100 436
1 9
1 11
1 21
1 23
1 25
1 26
1 30
2 4
2 5
2 6
2 7
2 8
2 18
2 68
3 10
3 14
3 48
3 52
3 65
3 71
3 72
3 73
3 74
3 76
3 79
3 80
3 84
4 5
4 6
4 7
4 8
4 15
5 7
5 8
5 68
5 73
6 7
6 8
6 68
7 25
7 68
8 30
8 68
8 70
9 11
9 25
9 26
9 27
9 30
9 32
9 95
10 14
10 44
10 48
10 52
10 64
10 71
10 72
10 73
10 75
10 76
10 77
10 79
10 80
10 84
11 21
11 23
11 26
11 27
11 30
11 89
12 13
12 15
12 17
12 19
12 40
13 17
13 19
13 35
14 48
14 52
14 71
14 72
14 73
14 74
14 75
14 76
14 77
14 78
14 79
15 17
15 19
15 35
16 24
16 28
16 31
16 33
16 34
16 36
16 37
16 39
16 40
16 41
16 92
16 94
16 99
17 19
17 35
18 35
18 45
18 91
18 93
18 95
18 96
18 100
19 51
20 22
20 32
20 53
20 54
20 55
20 56
20 57
20 58
20 60
21 23
21 27
21 30
21 69
22 32
22 53
22 54
22 55
22 56
22 57
22 58
22 59
22 60
23 25
23 26
23 30
24 28
24 34
24 36
24 39
24 40
24 41
24 67
24 92
24 94
24 99
25 26
25 27
25 30
26 30
27 30
27 94
28 31
28 33
28 36
28 37
28 39
28 41
28 66
28 67
28 91
28 92
28 94
28 99
29 42
29 49
29 50
29 51
30 34
30 44
30 80
31 33
31 34
31 40
31 67
31 92
31 94
31 99
32 53
32 55
32 56
32 57
32 58
32 59
32 60
33 36
33 37
33 39
33 40
33 41
33 67
33 92
33 94
34 36
34 37
34 39
34 40
34 41
34 67
34 92
34 94
34 99
36 37
36 39
36 40
36 41
36 67
36 82
36 92
36 94
37 39
37 41
37 67
37 92
37 94
37 99
38 62
38 64
38 69
38 70
38 89
39 40
39 92
39 94
39 99
40 41
40 67
40 92
40 94
40 99
41 92
41 94
41 99
42 43
42 44
42 47
42 49
42 51
42 95
43 44
43 47
43 49
43 51
44 47
44 49
44 50
44 51
45 91
45 93
45 95
45 96
45 97
45 100
46 81
46 82
46 83
46 87
47 49
47 50
47 51
48 52
48 71
48 72
48 73
48 74
48 75
48 76
48 77
48 78
48 79
48 80
49 50
49 66
50 51
52 71
52 72
52 73
52 74
52 75
52 76
52 77
52 78
52 79
52 84
53 54
53 55
53 57
53 59
54 55
54 58
54 59
54 87
55 56
55 58
55 59
55 60
56 57
56 58
56 59
56 60
56 74
57 58
57 59
58 59
58 60
58 64
59 60
59 72
60 77
61 62
61 63
61 64
61 65
61 66
61 69
61 70
61 89
62 63
62 65
62 66
62 69
62 70
62 93
63 66
63 69
63 70
63 89
64 65
64 66
64 69
64 89
65 66
65 69
65 70
65 72
65 89
65 96
65 97
66 69
66 70
66 89
67 94
67 99
69 89
70 89
71 72
71 74
71 75
71 76
71 79
71 84
72 73
72 74
72 75
72 76
72 78
72 79
72 94
73 74
73 75
73 76
73 78
73 79
73 80
74 78
74 79
74 80
74 97
75 76
75 77
75 78
75 79
75 80
75 82
75 84
75 98
76 77
76 78
76 79
76 80
76 84
77 78
77 79
77 80
77 84
78 79
78 80
78 84
79 84
81 82
81 85
81 86
81 87
81 88
81 90
82 83
82 85
82 86
82 90
82 98
83 85
83 86
83 87
83 88
83 90
83 98
85 87
85 90
85 98
86 87
86 88
86 90
87 88
87 90
87 94
88 98
90 98
91 93
91 95
91 97
91 100
92 94
92 99
93 95
93 97
93 100
94 99
95 96
95 97
96 100
97 100
